id,round,trial,version,timestamp,frame,relative_time,mouse_x,mouse_y,mouse_dx,mouse_dy,phase,event
6382,0,1,rld,14:13:05.320,1241,0.047,0.000,-0.100,0.000,0.000,waitingForTarget,middleTargetClick
6382,0,1,rld,14:13:05.607,1242,0.345,0.000,-0.100,0.000,0.000,waitingForTarget,noEvent
6382,0,1,rld,14:13:05.639,1243,0.382,0.000,-0.100,0.000,0.000,waitingForTarget,noEvent
6382,0,1,rld,14:13:05.666,1244,0.414,0.000,-0.100,0.000,0.000,waitingForTarget,noEvent
6382,0,1,rld,14:13:05.697,1245,0.439,0.000,-0.100,0.000,0.000,waitingForTarget,noEvent
6382,0,1,rld,14:13:05.729,1246,0.478,0.000,-0.100,0.000,0.000,waitingForTarget,noEvent
6382,0,1,rld,14:13:05.785,1247,0.057,0.000,-0.100,0.000,0.000,activeTracking,targetAppeared
6382,0,1,rld,14:13:05.835,1248,0.103,0.000,-0.100,0.000,0.000,activeTracking,noEvent
6382,0,1,rld,14:13:05.861,1249,0.130,0.000,-0.100,0.000,0.000,activeTracking,noEvent
6382,0,1,rld,14:13:05.880,1250,0.150,0.000,-0.100,0.000,0.000,activeTracking,noEvent
6382,0,1,rld,14:13:05.929,1251,0.198,0.000,-0.100,0.000,0.000,activeTracking,noEvent
6382,0,1,rld,14:13:05.969,1252,0.239,0.000,-0.100,0.000,0.000,activeTracking,noEvent
6382,0,1,rld,14:13:06.014,1253,0.285,0.000,-0.100,0.000,0.000,activeTracking,noEvent
6382,0,1,rld,14:13:06.064,1254,0.334,0.000,-0.100,0.000,0.000,activeTracking,noEvent
6382,0,1,rld,14:13:06.110,1255,0.380,0.000,-0.100,0.000,0.000,activeTracking,noEvent
6382,0,1,rld,14:13:06.160,1256,0.431,0.000,-0.100,0.000,0.000,activeTracking,noEvent
6382,0,1,rld,14:13:06.201,1257,0.471,0.000,-0.100,0.000,0.000,activeTracking,noEvent
6382,0,1,rld,14:13:06.248,1258,0.518,0.000,-0.100,0.000,0.000,activeTracking,noEvent
6382,0,1,rld,14:13:06.294,1259,0.564,0.000,-0.100,0.000,0.000,activeTracking,noEvent
6382,0,1,rld,14:13:06.339,1260,0.608,0.000,-0.100,0.000,0.000,activeTracking,noEvent
6382,0,1,rld,14:13:06.383,1261,0.654,0.000,-0.100,0.000,0.000,activeTracking,noEvent
6382,0,1,rld,14:13:06.429,1262,0.699,0.000,-0.100,0.000,0.000,activeTracking,noEvent
6382,0,1,rld,14:13:06.478,1263,0.748,0.000,-0.100,0.000,0.000,activeTracking,noEvent
6382,0,1,rld,14:13:06.518,1264,0.790,0.000,-0.100,0.000,0.000,activeTracking,noEvent
6382,0,1,rld,14:13:06.568,1265,0.838,0.000,-0.100,0.000,0.000,activeTracking,noEvent
6382,0,1,rld,14:13:06.609,1266,0.880,0.000,-0.100,0.000,0.000,activeTracking,noEvent
6382,0,1,rld,14:13:06.660,1267,0.931,0.000,-0.100,0.000,0.000,activeTracking,noEvent
6382,0,1,rld,14:13:06.700,1268,0.971,0.000,-0.100,0.000,0.000,activeTracking,noEvent
6382,0,1,rld,14:13:06.749,1269,1.018,0.000,-0.100,0.000,0.000,activeTracking,noEvent
6382,0,1,rld,14:13:06.796,1270,1.067,0.000,-0.100,0.000,0.000,activeTracking,noEvent
6382,0,1,rld,14:13:06.838,1271,1.108,0.000,-0.100,0.000,0.000,activeTracking,noEvent
6382,0,1,rld,14:13:06.883,1272,1.153,0.000,-0.100,0.000,0.000,activeTracking,noEvent
6382,0,1,rld,14:13:06.929,1273,1.199,0.000,-0.100,0.000,0.000,activeTracking,noEvent
6382,0,1,rld,14:13:06.977,1274,1.248,0.000,-0.100,0.000,0.000,activeTracking,noEvent
6382,0,1,rld,14:13:07.024,1275,1.289,0.000,-0.100,0.000,0.000,activeTracking,noEvent
6382,0,1,rld,14:13:07.066,1276,1.337,0.000,-0.100,0.000,0.000,activeTracking,noEvent
6382,0,1,rld,14:13:07.111,1277,1.380,0.000,-0.100,0.000,0.000,activeTracking,noEvent
6382,0,1,rld,14:13:07.161,1278,1.431,0.000,-0.100,0.000,0.000,activeTracking,noEvent
6382,0,1,rld,14:13:07.200,1279,1.472,0.000,-0.100,0.000,0.000,activeTracking,noEvent
6382,0,1,rld,14:13:07.249,1280,1.519,0.000,-0.100,0.000,0.000,activeTracking,noEvent
6382,0,1,rld,14:13:07.294,1281,1.563,0.000,-0.100,0.000,0.000,activeTracking,noEvent
6382,0,1,rld,14:13:07.358,1282,1.618,0.000,-0.100,0.000,0.000,activeTracking,noEvent
6382,0,1,rld,14:13:07.431,1283,1.694,0.000,-0.100,0.000,0.000,activeTracking,noEvent
6382,0,1,rld,14:13:07.516,1284,1.773,0.000,-0.100,0.000,0.000,activeTracking,noEvent
6382,0,1,rld,14:13:07.540,1285,1.811,0.000,-0.100,0.000,0.000,activeTracking,noEvent
6382,0,1,rld,14:13:07.596,1286,1.859,0.000,-0.100,0.000,0.000,activeTracking,noEvent
6382,0,1,rld,14:13:07.614,1287,1.882,0.000,-0.100,0.000,0.000,activeTracking,noEvent
6382,0,1,rld,14:13:07.712,1288,1.967,0.000,-0.100,0.000,0.000,activeTracking,noEvent
6382,0,1,rld,14:13:07.761,1289,2.019,0.000,-0.100,0.000,0.000,activeTracking,noEvent
6382,0,1,rld,14:13:07.816,1290,2.073,0.000,-0.100,0.000,0.000,activeTracking,noEvent
6382,0,1,rld,14:13:07.865,1291,2.136,0.000,-0.100,0.000,0.000,activeTracking,noEvent
6382,0,1,rld,14:13:07.905,1292,2.174,0.000,-0.100,0.000,0.000,activeTracking,noEvent
6382,0,1,rld,14:13:07.931,1293,2.202,0.000,-0.100,0.000,0.000,activeTracking,noEvent
6382,0,1,rld,14:13:07.969,1294,2.232,0.000,-0.100,0.000,0.000,activeTracking,noEvent
6382,0,1,rld,14:13:08.009,1295,2.275,0.000,-0.100,0.000,0.000,activeTracking,noEvent
6382,0,1,rld,14:13:08.050,1296,2.319,0.000,-0.100,0.000,0.000,activeTracking,noEvent
6382,0,1,rld,14:13:08.072,1297,2.341,0.000,-0.100,0.000,0.000,activeTracking,noEvent
6382,0,1,rld,14:13:08.127,1298,2.396,0.000,-0.100,0.000,0.000,activeTracking,noEvent
6382,0,1,rld,14:13:08.166,1299,2.437,0.000,-0.100,0.000,0.000,activeTracking,noEvent
6382,0,1,rld,14:13:08.212,1300,2.482,0.000,-0.100,0.000,0.000,activeTracking,noEvent
6382,0,1,rld,14:13:08.259,1301,2.530,0.000,-0.100,0.000,0.000,activeTracking,noEvent
6382,0,1,rld,14:13:08.312,1302,2.582,0.000,-0.100,0.000,0.000,activeTracking,noEvent
6382,0,1,rld,14:13:08.359,1303,2.631,0.000,-0.100,0.000,0.000,activeTracking,noEvent
6382,0,1,rld,14:13:08.397,1304,2.668,0.000,-0.100,0.000,0.000,activeTracking,noEvent
6382,0,1,rld,14:13:08.448,1305,2.718,0.000,-0.100,0.000,0.000,activeTracking,noEvent
6382,0,1,rld,14:13:08.505,1306,2.771,0.000,-0.100,0.000,0.000,activeTracking,noEvent
6382,0,1,rld,14:13:08.579,1307,2.841,0.000,-0.100,0.000,0.000,activeTracking,noEvent
6382,0,1,rld,14:13:08.618,1308,2.887,0.000,-0.100,0.000,0.000,activeTracking,noEvent
6382,0,1,rld,14:13:08.729,1309,2.970,0.000,-0.100,0.000,0.000,activeTracking,failedClick
6382,0,2,rld,14:13:12.029,1379,3.030,0.000,-0.100,0.000,0.000,waitingForTarget,middleTargetClick
6382,0,2,rld,14:13:12.071,1380,3.073,0.000,-0.100,0.000,0.000,waitingForTarget,noEvent
6382,0,2,rld,14:13:12.127,1381,3.129,0.000,-0.100,0.000,0.000,waitingForTarget,noEvent
6382,0,2,rld,14:13:12.144,1382,3.153,0.000,-0.100,0.000,0.000,waitingForTarget,noEvent
6382,0,2,rld,14:13:12.160,1383,3.169,0.000,-0.100,0.000,0.000,waitingForTarget,noEvent
6382,0,2,rld,14:13:12.184,1384,3.192,0.000,-0.100,0.000,0.000,waitingForTarget,noEvent
6382,0,2,rld,14:13:12.219,1385,3.229,0.000,-0.100,0.000,0.000,waitingForTarget,noEvent
6382,0,2,rld,14:13:12.289,1386,3.280,0.000,-0.100,0.000,0.000,waitingForTarget,noEvent
6382,0,2,rld,14:13:12.379,1387,3.379,0.000,-0.100,0.000,0.000,waitingForTarget,noEvent
6382,0,2,rld,14:13:12.439,1388,3.447,0.000,-0.100,0.000,0.000,waitingForTarget,noEvent
6382,0,2,rld,14:13:12.458,1389,0.020,0.000,-0.100,0.000,0.000,activeTracking,targetAppeared
6382,0,2,rld,14:13:12.522,1390,0.075,0.000,-0.100,0.000,0.000,activeTracking,noEvent
6382,0,2,rld,14:13:12.560,1391,0.122,0.000,-0.100,0.000,0.000,activeTracking,noEvent
6382,0,2,rld,14:13:12.608,1392,0.162,0.000,-0.100,0.000,0.000,activeTracking,noEvent
6382,0,2,rld,14:13:12.646,1393,0.199,0.000,-0.100,0.000,0.000,activeTracking,noEvent
6382,0,2,rld,14:13:12.713,1394,0.272,0.000,-0.100,0.000,0.000,activeTracking,noEvent
6382,0,2,rld,14:13:12.764,1395,0.327,0.000,-0.100,0.000,0.000,activeTracking,noEvent
6382,0,2,rld,14:13:12.827,1396,0.388,0.000,-0.100,0.000,0.000,activeTracking,noEvent
6382,0,2,rld,14:13:12.839,1397,0.403,0.000,-0.100,0.000,0.000,activeTracking,noEvent
6382,0,2,rld,14:13:12.866,1398,0.429,0.000,-0.100,0.000,0.000,activeTracking,noEvent
6382,0,2,rld,14:13:12.890,1399,0.452,0.000,-0.100,0.000,0.000,activeTracking,noEvent
6382,0,2,rld,14:13:12.900,1400,0.464,0.000,-0.100,0.000,0.000,activeTracking,noEvent
6382,0,2,rld,14:13:13.064,1401,0.615,0.000,-0.100,0.000,0.000,activeTracking,noEvent
6382,0,2,rld,14:13:13.115,1402,0.676,0.000,-0.100,0.000,0.000,activeTracking,noEvent
6382,0,2,rld,14:13:13.135,1403,0.699,0.000,-0.100,0.000,0.000,activeTracking,noEvent
6382,0,2,rld,14:13:13.159,1404,0.721,0.000,-0.100,0.000,0.000,activeTracking,noEvent
6382,0,2,rld,14:13:13.176,1405,0.739,0.000,-0.100,0.000,0.000,activeTracking,noEvent
6382,0,2,rld,14:13:13.217,1406,0.780,0.000,-0.100,0.000,0.000,activeTracking,noEvent
6382,0,2,rld,14:13:13.265,1407,0.826,0.000,-0.100,0.000,0.000,activeTracking,noEvent
6382,0,2,rld,14:13:13.310,1408,0.872,0.000,-0.100,0.000,0.000,activeTracking,noEvent
6382,0,2,rld,14:13:13.362,1409,0.924,0.000,-0.100,0.000,0.000,activeTracking,noEvent
6382,0,2,rld,14:13:13.412,1410,0.972,0.000,-0.100,0.000,0.000,activeTracking,noEvent
6382,0,2,rld,14:13:13.475,1411,1.030,0.000,-0.100,0.000,0.000,activeTracking,noEvent
6382,0,2,rld,14:13:13.532,1412,1.090,0.000,-0.100,0.000,0.000,activeTracking,noEvent
6382,0,2,rld,14:13:13.596,1413,1.154,0.000,-0.100,0.000,0.000,activeTracking,noEvent
6382,0,2,rld,14:13:13.680,1414,1.224,0.000,-0.100,0.000,0.000,activeTracking,noEvent
6382,0,2,rld,14:13:13.739,1415,1.294,0.000,-0.100,0.000,0.000,activeTracking,noEvent
6382,0,2,rld,14:13:13.778,1416,1.339,0.000,-0.100,0.000,0.000,activeTracking,noEvent
6382,0,2,rld,14:13:13.839,1417,1.396,0.000,-0.100,0.000,0.000,activeTracking,noEvent
6382,0,2,rld,14:13:13.861,1418,1.425,0.000,-0.100,0.000,0.000,activeTracking,noEvent
6382,0,2,rld,14:13:13.878,1419,1.437,0.000,-0.100,0.000,0.000,activeTracking,noEvent
6382,0,2,rld,14:13:13.898,1420,1.460,0.000,-0.100,0.000,0.000,activeTracking,noEvent
6382,0,2,rld,14:13:13.928,1421,1.491,0.000,-0.100,0.000,0.000,activeTracking,noEvent
6382,0,2,rld,14:13:13.981,1422,1.543,0.000,-0.100,0.000,0.000,activeTracking,noEvent
6382,0,2,rld,14:13:14.038,1423,1.598,0.000,-0.100,0.000,0.000,activeTracking,noEvent
6382,0,2,rld,14:13:14.135,1424,1.691,0.000,-0.100,0.000,0.000,activeTracking,failedClick
6382,0,3,rld,14:13:16.170,1467,1.775,0.000,-0.100,0.000,0.000,waitingForTarget,middleTargetClick
6382,0,3,rld,14:13:16.260,1468,1.874,0.000,-0.100,0.000,0.000,waitingForTarget,noEvent
6382,0,3,rld,14:13:16.301,1469,1.927,0.000,-0.100,0.000,0.000,waitingForTarget,noEvent
6382,0,3,rld,14:13:16.324,1470,1.949,0.000,-0.100,0.000,0.000,waitingForTarget,noEvent
6382,0,3,rld,14:13:16.356,1471,1.982,0.000,-0.100,0.000,0.000,waitingForTarget,noEvent
6382,0,3,rld,14:13:16.397,1472,2.018,0.000,-0.100,0.000,0.000,waitingForTarget,noEvent
6382,0,3,rld,14:13:16.431,1473,2.055,0.000,-0.100,0.000,0.000,waitingForTarget,noEvent
6382,0,3,rld,14:13:16.461,1474,2.088,0.000,-0.100,0.000,0.000,waitingForTarget,noEvent
6382,0,3,rld,14:13:16.494,1475,2.119,0.000,-0.100,0.000,0.000,waitingForTarget,noEvent
6382,0,3,rld,14:13:16.544,1476,2.169,0.000,-0.100,0.000,0.000,waitingForTarget,noEvent
6382,0,3,rld,14:13:16.590,1477,2.213,0.000,-0.100,0.000,0.000,waitingForTarget,noEvent
6382,0,3,rld,14:13:16.634,1478,0.047,0.000,-0.100,0.000,0.000,activeTracking,targetAppeared
6382,0,3,rld,14:13:16.681,1479,0.094,0.000,-0.100,0.000,0.000,activeTracking,noEvent
6382,0,3,rld,14:13:16.732,1480,0.142,0.000,-0.100,0.000,0.000,activeTracking,noEvent
6382,0,3,rld,14:13:16.779,1481,0.192,0.000,-0.100,0.000,0.000,activeTracking,noEvent
6382,0,3,rld,14:13:16.849,1482,0.255,0.000,-0.100,0.000,0.000,activeTracking,noEvent
6382,0,3,rld,14:13:16.916,1483,0.323,0.000,-0.100,0.000,0.000,activeTracking,noEvent
6382,0,3,rld,14:13:16.964,1484,0.376,0.000,-0.100,0.000,0.000,activeTracking,noEvent
6382,0,3,rld,14:13:17.009,1485,0.415,0.000,-0.100,0.000,0.000,activeTracking,noEvent
6382,0,3,rld,14:13:17.059,1486,0.465,0.000,-0.100,0.000,0.000,activeTracking,noEvent
6382,0,3,rld,14:13:17.095,1487,0.506,0.000,-0.100,0.000,0.000,activeTracking,noEvent
6382,0,3,rld,14:13:17.125,1488,0.537,0.000,-0.100,0.000,0.000,activeTracking,noEvent
6382,0,3,rld,14:13:17.166,1489,0.578,0.000,-0.100,0.000,0.000,activeTracking,noEvent
6382,0,3,rld,14:13:17.207,1490,0.617,0.000,-0.100,0.000,0.000,activeTracking,noEvent
6382,0,3,rld,14:13:17.246,1491,0.654,0.000,-0.100,0.000,0.000,activeTracking,noEvent
6382,0,3,rld,14:13:17.309,1492,0.711,0.000,-0.100,0.000,0.000,activeTracking,noEvent
6382,0,3,rld,14:13:17.390,1493,0.793,0.000,-0.100,0.000,0.000,activeTracking,failedClick
6382,0,4,rld,14:13:19.346,1533,0.855,0.000,-0.100,0.000,0.000,waitingForTarget,middleTargetClick
6382,0,4,rld,14:13:19.391,1534,0.910,0.000,-0.100,0.000,0.000,waitingForTarget,noEvent
6382,0,4,rld,14:13:19.415,1535,0.935,0.000,-0.100,0.000,0.000,waitingForTarget,noEvent
6382,0,4,rld,14:13:19.442,1536,0.957,0.000,-0.100,0.000,0.000,waitingForTarget,noEvent
6382,0,4,rld,14:13:19.500,1537,1.011,0.000,-0.100,0.000,0.000,waitingForTarget,noEvent
6382,0,4,rld,14:13:19.567,1538,1.089,0.000,-0.100,0.000,0.000,waitingForTarget,noEvent
6382,0,4,rld,14:13:19.622,1539,1.142,0.000,-0.100,0.000,0.000,waitingForTarget,noEvent
6382,0,4,rld,14:13:19.656,1540,1.174,0.000,-0.100,0.000,0.000,waitingForTarget,noEvent
6382,0,4,rld,14:13:19.718,1541,1.233,0.000,-0.100,0.000,0.000,waitingForTarget,noEvent
6382,0,4,rld,14:13:19.763,1542,1.283,0.000,-0.100,0.000,0.000,waitingForTarget,noEvent
6382,0,4,rld,14:13:19.782,1543,0.023,0.000,-0.100,0.000,0.000,activeTracking,targetAppeared
6382,0,4,rld,14:13:19.831,1544,0.040,0.000,-0.100,0.000,0.000,activeTracking,noEvent
6382,0,4,rld,14:13:19.882,1545,0.115,0.000,-0.100,0.000,0.000,activeTracking,noEvent
6382,0,4,rld,14:13:19.948,1546,0.178,0.000,-0.100,0.000,0.000,activeTracking,noEvent
6382,0,4,rld,14:13:19.998,1547,0.231,0.000,-0.100,0.000,0.000,activeTracking,noEvent
6382,0,4,rld,14:13:20.034,1548,0.272,0.000,-0.100,0.000,0.000,activeTracking,noEvent
6382,0,4,rld,14:13:20.073,1549,0.311,0.000,-0.100,0.000,0.000,activeTracking,noEvent
6382,0,4,rld,14:13:20.131,1550,0.360,0.000,-0.100,0.000,0.000,activeTracking,noEvent
6382,0,4,rld,14:13:20.171,1551,0.402,0.000,-0.100,0.000,0.000,activeTracking,noEvent
6382,0,4,rld,14:13:20.234,1552,0.451,0.000,-0.100,0.000,0.000,activeTracking,noEvent
6382,0,4,rld,14:13:20.262,1553,0.502,0.000,-0.100,0.000,0.000,activeTracking,noEvent
6382,0,4,rld,14:13:20.318,1554,0.557,0.000,-0.100,0.000,0.000,activeTracking,noEvent
6382,0,4,rld,14:13:20.340,1555,0.582,0.000,-0.100,0.000,0.000,activeTracking,noEvent
6382,0,4,rld,14:13:20.382,1556,0.619,0.000,-0.100,0.000,0.000,activeTracking,noEvent
6382,0,4,rld,14:13:20.427,1557,0.661,0.000,-0.100,0.000,0.000,activeTracking,noEvent
6382,0,4,rld,14:13:20.476,1558,0.706,0.000,-0.100,0.000,0.000,activeTracking,noEvent
6382,0,4,rld,14:13:20.540,1559,0.774,0.000,-0.100,0.000,0.000,activeTracking,noEvent
6382,0,4,rld,14:13:20.614,1560,0.844,0.000,-0.100,0.000,0.000,activeTracking,noEvent
6382,0,4,rld,14:13:20.668,1561,0.902,0.000,-0.100,0.000,0.000,activeTracking,failedClick
6382,0,5,rld,14:13:22.296,1595,0.983,0.000,-0.100,0.000,0.000,waitingForTarget,middleTargetClick
6382,0,5,rld,14:13:22.327,1596,1.022,0.000,-0.100,0.000,0.000,waitingForTarget,noEvent
6382,0,5,rld,14:13:22.349,1597,1.044,0.000,-0.100,0.000,0.000,waitingForTarget,noEvent
6382,0,5,rld,14:13:22.381,1598,1.077,0.000,-0.100,0.000,0.000,waitingForTarget,noEvent
6382,0,5,rld,14:13:22.398,1599,1.094,0.000,-0.100,0.000,0.000,waitingForTarget,noEvent
6382,0,5,rld,14:13:22.439,1600,1.127,0.000,-0.100,0.000,0.000,waitingForTarget,noEvent
6382,0,5,rld,14:13:22.511,1601,1.193,0.000,-0.100,0.000,0.000,waitingForTarget,noEvent
6382,0,5,rld,14:13:22.622,1602,1.296,0.000,-0.100,0.000,0.000,waitingForTarget,noEvent
6382,0,5,rld,14:13:22.668,1603,1.363,0.000,-0.100,0.000,0.000,waitingForTarget,noEvent
6382,0,5,rld,14:13:22.693,1604,1.384,0.000,-0.100,0.000,0.000,waitingForTarget,noEvent
6382,0,5,rld,14:13:22.709,1605,0.020,0.000,-0.100,0.000,0.000,activeTracking,targetAppeared
6382,0,5,rld,14:13:22.730,1606,0.040,0.000,-0.100,0.000,0.000,activeTracking,noEvent
6382,0,5,rld,14:13:22.759,1607,0.071,0.000,-0.100,0.000,0.000,activeTracking,noEvent
6382,0,5,rld,14:13:22.864,1608,0.140,0.000,-0.100,0.000,0.000,activeTracking,noEvent
6382,0,5,rld,14:13:22.916,1609,0.224,0.000,-0.100,0.000,0.000,activeTracking,noEvent
6382,0,5,rld,14:13:22.980,1610,0.291,0.000,-0.100,0.000,0.000,activeTracking,noEvent
6382,0,5,rld,14:13:23.001,1611,0.312,0.000,-0.100,0.000,0.000,activeTracking,noEvent
6382,0,5,rld,14:13:23.046,1612,0.353,0.000,-0.100,0.000,0.000,activeTracking,noEvent
6382,0,5,rld,14:13:23.062,1613,0.373,0.000,-0.100,0.000,0.000,activeTracking,noEvent
6382,0,5,rld,14:13:23.166,1614,0.472,0.000,-0.100,0.000,0.000,activeTracking,noEvent
6382,0,5,rld,14:13:23.208,1615,0.519,0.000,-0.100,0.000,0.000,activeTracking,noEvent
6382,0,5,rld,14:13:23.224,1616,0.536,0.000,-0.100,0.000,0.000,activeTracking,noEvent
6382,0,5,rld,14:13:23.251,1617,0.560,0.000,-0.100,0.000,0.000,activeTracking,noEvent
6382,0,5,rld,14:13:23.295,1618,0.602,0.000,-0.100,0.000,0.000,activeTracking,noEvent
6382,0,5,rld,14:13:23.349,1619,0.659,0.000,-0.100,0.000,0.000,activeTracking,noEvent
6382,0,5,rld,14:13:23.384,1620,0.693,0.000,-0.100,0.000,0.000,activeTracking,noEvent
6382,0,5,rld,14:13:23.430,1621,0.739,0.000,-0.100,0.000,0.000,activeTracking,noEvent
6382,0,5,rld,14:13:23.477,1622,0.789,0.000,-0.100,0.000,0.000,activeTracking,noEvent
6382,0,5,rld,14:13:23.531,1623,0.836,0.000,-0.100,0.000,0.000,activeTracking,noEvent
6382,0,5,rld,14:13:23.572,1624,0.878,0.000,-0.100,0.000,0.000,activeTracking,noEvent
6382,0,5,rld,14:13:23.618,1625,0.926,0.000,-0.100,0.000,0.000,activeTracking,noEvent
6382,0,5,rld,14:13:23.688,1626,0.983,0.000,-0.100,0.000,0.000,activeTracking,failedClick
6382,0,6,rld,14:13:25.195,1658,1.032,0.000,-0.100,0.000,0.000,waitingForTarget,middleTargetClick
6382,0,6,rld,14:13:25.245,1659,1.079,0.000,-0.100,0.000,0.000,waitingForTarget,noEvent
6382,0,6,rld,14:13:25.296,1660,1.128,0.000,-0.100,0.000,0.000,waitingForTarget,noEvent
6382,0,6,rld,14:13:25.395,1661,1.219,0.000,-0.100,0.000,0.000,waitingForTarget,noEvent
6382,0,6,rld,14:13:25.467,1662,1.305,0.000,-0.100,0.000,0.000,waitingForTarget,noEvent
6382,0,6,rld,14:13:25.483,1663,1.326,0.000,-0.100,0.000,0.000,waitingForTarget,noEvent
6382,0,6,rld,14:13:25.538,1664,1.375,0.000,-0.100,0.000,0.000,waitingForTarget,noEvent
6382,0,6,rld,14:13:25.608,1665,1.442,0.000,-0.100,0.000,0.000,waitingForTarget,noEvent
6382,0,6,rld,14:13:25.648,1666,0.049,0.000,-0.100,0.000,0.000,activeTracking,targetAppeared
6382,0,6,rld,14:13:25.674,1667,0.073,0.000,-0.100,0.000,0.000,activeTracking,noEvent
6382,0,6,rld,14:13:25.741,1668,0.130,0.000,-0.100,0.000,0.000,activeTracking,noEvent
6382,0,6,rld,14:13:25.790,1669,0.190,0.000,-0.100,0.000,0.000,activeTracking,noEvent
6382,0,6,rld,14:13:25.842,1670,0.242,0.000,-0.100,0.000,0.000,activeTracking,noEvent
6382,0,6,rld,14:13:25.857,1671,0.258,0.000,-0.100,0.000,0.000,activeTracking,noEvent
6382,0,6,rld,14:13:25.897,1672,0.298,0.000,-0.100,0.000,0.000,activeTracking,noEvent
6382,0,6,rld,14:13:25.921,1673,0.320,0.000,-0.100,0.000,0.000,activeTracking,noEvent
6382,0,6,rld,14:13:25.944,1674,0.345,0.000,-0.100,0.000,0.000,activeTracking,noEvent
6382,0,6,rld,14:13:25.986,1675,0.383,0.000,-0.100,0.000,0.000,activeTracking,noEvent
6382,0,6,rld,14:13:26.036,1676,0.434,0.000,-0.100,0.000,0.000,activeTracking,noEvent
6382,0,6,rld,14:13:26.078,1677,0.477,0.000,-0.100,0.000,0.000,activeTracking,noEvent
6382,0,6,rld,14:13:26.128,1678,0.526,0.000,-0.100,0.000,0.000,activeTracking,noEvent
6382,0,6,rld,14:13:26.180,1679,0.579,0.000,-0.100,0.000,0.000,activeTracking,noEvent
6382,0,6,rld,14:13:26.230,1680,0.629,0.000,-0.100,0.000,0.000,activeTracking,noEvent
6382,0,6,rld,14:13:26.326,1681,0.711,0.000,-0.100,0.000,0.000,activeTracking,noEvent
6382,0,6,rld,14:13:26.379,1682,0.773,0.000,-0.100,0.000,0.000,activeTracking,noEvent
6382,0,6,rld,14:13:26.460,1683,0.858,0.000,-0.100,0.000,0.000,activeTracking,failedClick
6382,0,7,rld,14:13:27.623,1708,0.939,0.000,-0.100,0.000,0.000,waitingForTarget,middleTargetClick
6382,0,7,rld,14:13:27.674,1709,0.995,0.000,-0.100,0.000,0.000,waitingForTarget,noEvent
6382,0,7,rld,14:13:27.713,1710,1.037,0.000,-0.100,0.000,0.000,waitingForTarget,noEvent
6382,0,7,rld,14:13:27.767,1711,1.085,0.000,-0.100,0.000,0.000,waitingForTarget,noEvent
6382,0,7,rld,14:13:27.837,1712,1.158,0.000,-0.100,0.000,0.000,waitingForTarget,noEvent
6382,0,7,rld,14:13:27.856,1713,1.183,0.000,-0.100,0.000,0.000,waitingForTarget,noEvent
6382,0,7,rld,14:13:27.867,1714,1.193,0.000,-0.100,0.000,0.000,waitingForTarget,noEvent
6382,0,7,rld,14:13:27.890,1715,1.215,0.000,-0.100,0.000,0.000,waitingForTarget,noEvent
6382,0,7,rld,14:13:27.927,1716,1.253,0.000,-0.100,0.000,0.000,waitingForTarget,noEvent
6382,0,7,rld,14:13:27.979,1717,1.303,0.000,-0.100,0.000,0.000,waitingForTarget,noEvent
6382,0,7,rld,14:13:28.027,1718,1.346,0.000,-0.100,0.000,0.000,waitingForTarget,noEvent
6382,0,7,rld,14:13:28.098,1719,0.070,0.000,-0.100,0.000,0.000,activeTracking,targetAppeared
6382,0,7,rld,14:13:28.189,1720,0.163,0.000,-0.100,0.000,0.000,activeTracking,noEvent
6382,0,7,rld,14:13:28.228,1721,0.204,0.000,-0.100,0.000,0.000,activeTracking,noEvent
6382,0,7,rld,14:13:28.242,1722,0.223,0.000,-0.100,0.000,0.000,activeTracking,noEvent
6382,0,7,rld,14:13:28.260,1723,0.240,0.000,-0.100,0.000,0.000,activeTracking,noEvent
6382,0,7,rld,14:13:28.311,1724,0.289,0.000,-0.100,0.000,0.000,activeTracking,noEvent
6382,0,7,rld,14:13:28.357,1725,0.331,0.000,-0.100,0.000,0.000,activeTracking,noEvent
6382,0,7,rld,14:13:28.401,1726,0.380,0.000,-0.100,0.000,0.000,activeTracking,noEvent
6382,0,7,rld,14:13:28.462,1727,0.439,0.000,-0.100,0.000,0.000,activeTracking,noEvent
6382,0,7,rld,14:13:28.506,1728,0.479,0.000,-0.100,0.000,0.000,activeTracking,noEvent
6382,0,7,rld,14:13:28.564,1729,0.531,0.000,-0.100,0.000,0.000,activeTracking,noEvent
6382,0,7,rld,14:13:28.661,1730,0.630,0.000,-0.100,0.000,0.000,activeTracking,noEvent
6382,0,7,rld,14:13:28.694,1731,0.670,0.000,-0.100,0.000,0.000,activeTracking,noEvent
6382,0,7,rld,14:13:28.750,1732,0.728,0.000,-0.100,0.000,0.000,activeTracking,noEvent
6382,0,7,rld,14:13:28.842,1733,0.817,-0.011,-0.100,-0.100,0.000,activeTracking,noEvent
6382,0,7,rld,14:13:28.873,1734,0.848,-0.026,-0.100,-0.100,0.000,activeTracking,noEvent
6382,0,7,rld,14:13:28.896,1735,0.874,-0.043,-0.100,-0.100,0.000,activeTracking,noEvent
6382,0,7,rld,14:13:28.915,1736,0.892,-0.048,-0.100,0.000,0.000,activeTracking,failedClick
6382,0,8,rld,14:13:30.541,1769,0.948,-0.067,-0.100,0.000,0.000,waitingForTarget,middleTargetClick
6382,0,8,rld,14:13:30.566,1770,0.976,-0.067,-0.100,0.000,0.000,waitingForTarget,noEvent
6382,0,8,rld,14:13:30.581,1771,0.995,-0.068,-0.100,0.000,0.000,waitingForTarget,noEvent
6382,0,8,rld,14:13:30.604,1772,1.016,-0.068,-0.100,0.000,0.000,waitingForTarget,noEvent
6382,0,8,rld,14:13:30.641,1773,1.045,-0.068,-0.100,0.000,0.000,waitingForTarget,noEvent
6382,0,8,rld,14:13:30.730,1774,1.129,-0.068,-0.100,0.000,0.000,waitingForTarget,noEvent
6382,0,8,rld,14:13:30.813,1775,1.216,-0.068,-0.100,0.000,0.000,waitingForTarget,noEvent
6382,0,8,rld,14:13:30.866,1776,1.278,-0.068,-0.100,0.000,0.000,waitingForTarget,noEvent
6382,0,8,rld,14:13:30.887,1777,1.300,-0.068,-0.100,0.000,0.000,waitingForTarget,noEvent
6382,0,8,rld,14:13:30.910,1778,1.323,-0.068,-0.100,0.000,0.000,waitingForTarget,noEvent
6382,0,8,rld,14:13:30.965,1779,1.375,-0.068,-0.100,0.000,0.000,waitingForTarget,noEvent
6382,0,8,rld,14:13:31.014,1780,0.050,-0.068,-0.100,0.000,0.000,activeTracking,targetAppeared
6382,0,8,rld,14:13:31.078,1781,0.104,-0.068,-0.100,0.000,0.000,activeTracking,noEvent
6382,0,8,rld,14:13:31.143,1782,0.164,-0.068,-0.100,0.000,0.000,activeTracking,noEvent
6382,0,8,rld,14:13:31.198,1783,0.231,-0.068,-0.100,0.000,0.000,activeTracking,noEvent
6382,0,8,rld,14:13:31.227,1784,0.257,-0.068,-0.100,0.000,0.000,activeTracking,noEvent
6382,0,8,rld,14:13:31.291,1785,0.323,-0.068,-0.100,0.000,0.000,activeTracking,noEvent
6382,0,8,rld,14:13:31.343,1786,0.375,-0.068,-0.100,0.000,0.000,activeTracking,noEvent
6382,0,8,rld,14:13:31.388,1787,0.420,-0.068,-0.100,0.000,0.000,activeTracking,noEvent
6382,0,8,rld,14:13:31.410,1788,0.446,-0.068,-0.100,0.000,0.000,activeTracking,noEvent
6382,0,8,rld,14:13:31.425,1789,0.463,-0.068,-0.100,0.000,0.000,activeTracking,noEvent
6382,0,8,rld,14:13:31.456,1790,0.492,-0.068,-0.100,0.000,0.000,activeTracking,noEvent
6382,0,8,rld,14:13:31.480,1791,0.520,-0.068,-0.100,0.000,0.000,activeTracking,noEvent
6382,0,8,rld,14:13:31.531,1792,0.570,-0.068,-0.100,0.000,0.000,activeTracking,noEvent
6382,0,8,rld,14:13:31.626,1793,0.652,-0.068,-0.100,0.000,0.000,activeTracking,noEvent
6382,0,8,rld,14:13:31.680,1794,0.708,-0.068,-0.100,0.000,0.000,activeTracking,noEvent
6382,0,8,rld,14:13:31.756,1795,0.782,-0.068,-0.100,0.000,0.000,activeTracking,noEvent
6382,0,8,rld,14:13:31.800,1796,0.822,-0.068,-0.100,0.000,0.000,activeTracking,noEvent
6382,0,8,rld,14:13:31.860,1797,0.891,-0.068,-0.100,0.000,0.000,activeTracking,noEvent
6382,0,8,rld,14:13:31.899,1798,0.926,-0.068,-0.100,0.000,0.000,activeTracking,noEvent
6382,0,8,rld,14:13:31.957,1799,0.983,-0.068,-0.100,0.000,0.000,activeTracking,noEvent
6382,0,8,rld,14:13:31.998,1800,1.036,-0.068,-0.100,0.000,0.000,activeTracking,noEvent
6382,0,8,rld,14:13:32.034,1801,1.067,-0.068,-0.100,0.000,0.000,activeTracking,noEvent
6382,0,8,rld,14:13:32.096,1802,1.120,-0.068,-0.100,0.000,0.000,activeTracking,noEvent
6382,0,8,rld,14:13:32.138,1803,1.174,-0.068,-0.100,0.000,0.000,activeTracking,noEvent
6382,0,8,rld,14:13:32.192,1804,1.231,-0.068,-0.100,0.000,0.000,activeTracking,noEvent
6382,0,8,rld,14:13:32.244,1805,1.270,-0.068,-0.100,0.000,0.000,activeTracking,failedClick
6382,0,9,rld,14:13:34.627,1857,1.302,-0.068,-0.100,0.000,0.000,waitingForTarget,middleTargetClick
6382,0,9,rld,14:13:34.698,1858,1.359,-0.068,-0.100,0.000,0.000,waitingForTarget,noEvent
6382,0,9,rld,14:13:34.759,1859,1.426,-0.068,-0.100,0.000,0.000,waitingForTarget,noEvent
6382,0,9,rld,14:13:34.850,1860,1.524,-0.068,-0.100,0.000,0.000,waitingForTarget,noEvent
6382,0,9,rld,14:13:34.893,1861,1.564,-0.068,-0.100,0.000,0.000,waitingForTarget,noEvent
6382,0,9,rld,14:13:34.917,1862,1.590,-0.068,-0.100,0.000,0.000,waitingForTarget,noEvent
6382,0,9,rld,14:13:34.943,1863,1.619,-0.068,-0.100,0.000,0.000,waitingForTarget,noEvent
6382,0,9,rld,14:13:34.956,1864,1.635,-0.068,-0.100,0.000,0.000,waitingForTarget,noEvent
6382,0,9,rld,14:13:34.977,1865,1.656,-0.068,-0.100,0.000,0.000,waitingForTarget,noEvent
6382,0,9,rld,14:13:35.027,1866,1.704,-0.068,-0.100,0.000,0.000,waitingForTarget,noEvent
6382,0,9,rld,14:13:35.071,1867,0.042,-0.068,-0.100,0.000,0.000,activeTracking,targetAppeared
6382,0,9,rld,14:13:35.126,1868,0.096,-0.068,-0.100,0.000,0.000,activeTracking,noEvent
6382,0,9,rld,14:13:35.170,1869,0.141,-0.068,-0.100,0.000,0.000,activeTracking,noEvent
6382,0,9,rld,14:13:35.214,1870,0.185,-0.068,-0.100,0.000,0.000,activeTracking,noEvent
6382,0,9,rld,14:13:35.265,1871,0.235,-0.068,-0.100,0.000,0.000,activeTracking,noEvent
6382,0,9,rld,14:13:35.307,1872,0.275,-0.068,-0.100,0.000,0.000,activeTracking,noEvent
6382,0,9,rld,14:13:35.360,1873,0.326,-0.068,-0.100,0.000,0.000,activeTracking,noEvent
6382,0,9,rld,14:13:35.399,1874,0.373,-0.068,-0.100,0.000,0.000,activeTracking,noEvent
6382,0,9,rld,14:13:35.455,1875,0.420,-0.068,-0.100,0.000,0.000,activeTracking,noEvent
6382,0,9,rld,14:13:35.496,1876,0.464,-0.068,-0.100,0.000,0.000,activeTracking,noEvent
6382,0,9,rld,14:13:35.559,1877,0.522,-0.068,-0.100,0.000,0.000,activeTracking,noEvent
6382,0,9,rld,14:13:35.682,1878,0.634,-0.068,-0.100,0.000,0.000,activeTracking,noEvent
6382,0,9,rld,14:13:35.727,1879,0.693,-0.068,-0.100,0.000,0.000,activeTracking,noEvent
6382,0,9,rld,14:13:35.750,1880,0.719,-0.068,-0.100,0.000,0.000,activeTracking,noEvent
6382,0,9,rld,14:13:35.829,1881,0.791,-0.068,-0.100,0.000,0.000,activeTracking,noEvent
6382,0,9,rld,14:13:35.900,1882,0.870,-0.068,-0.100,0.000,0.000,activeTracking,failedClick
6382,0,10,rld,14:13:37.881,1925,0.902,-0.068,-0.100,0.000,0.000,waitingForTarget,middleTargetClick
6382,0,10,rld,14:13:37.911,1926,0.932,-0.068,-0.100,0.000,0.000,waitingForTarget,noEvent
6382,0,10,rld,14:13:37.965,1927,0.983,-0.068,-0.100,0.000,0.000,waitingForTarget,noEvent
6382,0,10,rld,14:13:38.050,1928,1.069,-0.068,-0.100,0.000,0.000,waitingForTarget,noEvent
6382,0,10,rld,14:13:38.080,1929,1.102,-0.068,-0.100,0.000,0.000,waitingForTarget,noEvent
6382,0,10,rld,14:13:38.098,1930,1.119,-0.068,-0.100,0.000,0.000,waitingForTarget,noEvent
6382,0,10,rld,14:13:38.144,1931,1.166,-0.068,-0.100,0.000,0.000,waitingForTarget,noEvent
6382,0,10,rld,14:13:38.175,1932,1.194,-0.068,-0.100,0.000,0.000,waitingForTarget,noEvent
6382,0,10,rld,14:13:38.256,1933,1.272,-0.068,-0.100,0.000,0.000,waitingForTarget,noEvent
6382,0,10,rld,14:13:38.306,1934,1.325,-0.068,-0.100,0.000,0.000,waitingForTarget,noEvent
6382,0,10,rld,14:13:38.326,1935,0.024,-0.068,-0.100,0.000,0.000,activeTracking,targetAppeared
6382,0,10,rld,14:13:38.349,1936,0.047,-0.068,-0.100,0.000,0.000,activeTracking,noEvent
6382,0,10,rld,14:13:38.398,1937,0.095,-0.068,-0.100,0.000,0.000,activeTracking,noEvent
6382,0,10,rld,14:13:38.446,1938,0.143,-0.068,-0.100,0.000,0.000,activeTracking,noEvent
6382,0,10,rld,14:13:38.491,1939,0.188,-0.068,-0.100,0.000,0.000,activeTracking,noEvent
6382,0,10,rld,14:13:38.541,1940,0.237,-0.068,-0.100,0.000,0.000,activeTracking,noEvent
6382,0,10,rld,14:13:38.587,1941,0.280,-0.068,-0.100,0.000,0.000,activeTracking,noEvent
6382,0,10,rld,14:13:38.629,1942,0.326,-0.068,-0.100,0.000,0.000,activeTracking,noEvent
6382,0,10,rld,14:13:38.677,1943,0.374,-0.068,-0.100,0.000,0.000,activeTracking,noEvent
6382,0,10,rld,14:13:38.730,1944,0.426,-0.068,-0.100,0.000,0.000,activeTracking,noEvent
6382,0,10,rld,14:13:38.778,1945,0.474,-0.068,-0.100,0.000,0.000,activeTracking,noEvent
6382,0,10,rld,14:13:38.845,1946,0.537,-0.068,-0.100,0.000,0.000,activeTracking,noEvent
6382,0,10,rld,14:13:38.913,1947,0.604,-0.068,-0.100,0.000,0.000,activeTracking,noEvent
6382,0,10,rld,14:13:38.957,1948,0.646,-0.068,-0.100,0.000,0.000,activeTracking,noEvent
6382,0,10,rld,14:13:39.011,1949,0.706,-0.068,-0.100,0.000,0.000,activeTracking,noEvent
6382,0,10,rld,14:13:39.064,1950,0.758,-0.068,-0.100,0.000,0.000,activeTracking,noEvent
6382,0,10,rld,14:13:39.139,1951,0.812,-0.068,-0.100,0.000,0.000,activeTracking,noEvent
6382,0,10,rld,14:13:39.191,1952,0.878,-0.068,-0.100,0.000,0.000,activeTracking,noEvent
6382,0,10,rld,14:13:39.231,1953,0.927,-0.068,-0.100,0.000,0.000,activeTracking,noEvent
6382,0,10,rld,14:13:39.278,1954,0.959,-0.068,-0.100,0.000,0.000,activeTracking,noEvent
6382,0,10,rld,14:13:39.330,1955,1.022,-0.068,-0.100,0.000,0.000,activeTracking,noEvent
6382,0,10,rld,14:13:39.388,1956,1.079,-0.068,-0.100,0.000,0.000,activeTracking,failedClick;
6382,1,1,rld,14:14:12.664,2646,1.123,-0.068,-0.100,0.000,0.000,waitingForTarget,middleTargetClick
6382,1,1,rld,14:14:12.714,2647,1.178,-0.068,-0.100,0.000,0.000,waitingForTarget,noEvent
6382,1,1,rld,14:14:12.752,2648,1.215,-0.068,-0.100,0.000,0.000,waitingForTarget,noEvent
6382,1,1,rld,14:14:12.843,2649,1.291,-0.068,-0.100,0.000,0.000,waitingForTarget,noEvent
6382,1,1,rld,14:14:12.911,2650,1.364,-0.068,-0.100,0.000,0.000,waitingForTarget,noEvent
6382,1,1,rld,14:14:12.971,2651,1.427,-0.068,-0.100,0.000,0.000,waitingForTarget,noEvent
6382,1,1,rld,14:14:13.035,2652,1.489,-0.068,-0.100,0.000,0.000,waitingForTarget,noEvent
6382,1,1,rld,14:14:13.076,2653,1.542,-0.068,-0.100,0.000,0.000,waitingForTarget,noEvent
6382,1,1,rld,14:14:13.127,2654,0.051,-0.068,-0.100,0.000,0.000,activeTracking,targetAppeared
6382,1,1,rld,14:14:13.177,2655,0.097,-0.068,-0.100,0.000,0.000,activeTracking,noEvent
6382,1,1,rld,14:14:13.238,2656,0.149,-0.068,-0.100,0.000,0.000,activeTracking,noEvent
6382,1,1,rld,14:14:13.283,2657,0.201,-0.068,-0.100,0.000,0.000,activeTracking,noEvent
6382,1,1,rld,14:14:13.326,2658,0.250,-0.068,-0.100,0.000,0.000,activeTracking,noEvent
6382,1,1,rld,14:14:13.376,2659,0.299,-0.068,-0.100,0.000,0.000,activeTracking,noEvent
6382,1,1,rld,14:14:13.398,2660,0.322,-0.068,-0.100,0.000,0.000,activeTracking,noEvent
6382,1,1,rld,14:14:13.430,2661,0.354,-0.068,-0.100,0.000,0.000,activeTracking,noEvent
6382,1,1,rld,14:14:13.478,2662,0.402,-0.068,-0.100,0.000,0.000,activeTracking,noEvent
6382,1,1,rld,14:14:13.509,2663,0.432,-0.068,-0.100,0.000,0.000,activeTracking,noEvent
6382,1,1,rld,14:14:13.540,2664,0.464,-0.068,-0.100,0.000,0.000,activeTracking,noEvent
6382,1,1,rld,14:14:13.587,2665,0.505,-0.068,-0.100,0.000,0.000,activeTracking,noEvent
6382,1,1,rld,14:14:13.629,2666,0.552,-0.068,-0.100,0.000,0.000,activeTracking,noEvent
6382,1,1,rld,14:14:13.691,2667,0.615,-0.068,-0.100,0.000,0.000,activeTracking,noEvent
6382,1,1,rld,14:14:13.748,2668,0.671,-0.068,-0.100,0.000,0.000,activeTracking,failedClick
6382,1,2,rld,14:14:15.978,2713,0.743,-0.068,-0.100,0.000,0.000,waitingForTarget,middleTargetClick
6382,1,2,rld,14:14:16.023,2714,0.789,-0.068,-0.100,0.000,0.000,waitingForTarget,noEvent
6382,1,2,rld,14:14:16.054,2715,0.827,-0.068,-0.100,0.000,0.000,waitingForTarget,noEvent
6382,1,2,rld,14:14:16.109,2716,0.887,-0.068,-0.100,0.000,0.000,waitingForTarget,noEvent
6382,1,2,rld,14:14:16.144,2717,0.923,-0.068,-0.100,0.000,0.000,waitingForTarget,noEvent
6382,1,2,rld,14:14:16.196,2718,0.969,-0.068,-0.100,0.000,0.000,waitingForTarget,noEvent
6382,1,2,rld,14:14:16.256,2719,1.027,-0.068,-0.100,0.000,0.000,waitingForTarget,noEvent
6382,1,2,rld,14:14:16.296,2720,1.071,-0.068,-0.100,0.000,0.000,waitingForTarget,noEvent
6382,1,2,rld,14:14:16.327,2721,1.099,-0.068,-0.100,0.000,0.000,waitingForTarget,noEvent
6382,1,2,rld,14:14:16.381,2722,1.144,-0.068,-0.100,0.000,0.000,waitingForTarget,noEvent
6382,1,2,rld,14:14:16.440,2723,0.063,-0.068,-0.100,0.000,0.000,activeTracking,targetAppeared
6382,1,2,rld,14:14:16.479,2724,0.113,-0.068,-0.100,0.000,0.000,activeTracking,noEvent
6382,1,2,rld,14:14:16.538,2725,0.166,-0.068,-0.100,0.000,0.000,activeTracking,noEvent
6382,1,2,rld,14:14:16.563,2726,0.191,-0.068,-0.100,0.000,0.000,activeTracking,noEvent
6382,1,2,rld,14:14:16.614,2727,0.247,-0.068,-0.100,0.000,0.000,activeTracking,noEvent
6382,1,2,rld,14:14:16.672,2728,0.291,-0.068,-0.100,0.000,0.000,activeTracking,noEvent
6382,1,2,rld,14:14:16.725,2729,0.343,-0.068,-0.100,0.000,0.000,activeTracking,noEvent
6382,1,2,rld,14:14:16.767,2730,0.395,-0.068,-0.100,0.000,0.000,activeTracking,noEvent
6382,1,2,rld,14:14:16.824,2731,0.446,-0.068,-0.100,0.000,0.000,activeTracking,noEvent
6382,1,2,rld,14:14:16.860,2732,0.494,-0.068,-0.100,0.000,0.000,activeTracking,noEvent
6382,1,2,rld,14:14:16.875,2733,0.510,-0.068,-0.100,0.000,0.000,activeTracking,noEvent
6382,1,2,rld,14:14:16.909,2734,0.544,-0.068,-0.100,0.000,0.000,activeTracking,noEvent
6382,1,2,rld,14:14:16.938,2735,0.573,-0.068,-0.100,0.000,0.000,activeTracking,noEvent
6382,1,2,rld,14:14:16.961,2736,0.596,-0.068,-0.100,0.000,0.000,activeTracking,noEvent
6382,1,2,rld,14:14:17.014,2737,0.645,-0.068,-0.100,0.000,0.000,activeTracking,noEvent
6382,1,2,rld,14:14:17.069,2738,0.701,-0.068,-0.100,0.000,0.000,activeTracking,noEvent
6382,1,2,rld,14:14:17.123,2739,0.756,-0.068,-0.100,0.000,0.000,activeTracking,noEvent
6382,1,2,rld,14:14:17.187,2740,0.821,-0.068,-0.100,0.000,0.000,activeTracking,noEvent
6382,1,2,rld,14:14:17.264,2741,0.882,-0.068,-0.100,0.000,0.000,activeTracking,failedClick
6382,1,3,rld,14:14:18.621,2769,0.969,-0.068,-0.100,0.000,0.000,waitingForTarget,middleTargetClick
6382,1,3,rld,14:14:18.668,2770,1.023,-0.068,-0.100,0.000,0.000,waitingForTarget,noEvent
6382,1,3,rld,14:14:18.694,2771,1.047,-0.068,-0.100,0.000,0.000,waitingForTarget,noEvent
6382,1,3,rld,14:14:18.744,2772,1.099,-0.068,-0.100,0.000,0.000,waitingForTarget,noEvent
6382,1,3,rld,14:14:18.799,2773,1.146,-0.068,-0.100,0.000,0.000,waitingForTarget,noEvent
6382,1,3,rld,14:14:18.860,2774,1.217,-0.068,-0.100,0.000,0.000,waitingForTarget,noEvent
6382,1,3,rld,14:14:18.880,2775,1.237,-0.068,-0.100,0.000,0.000,waitingForTarget,noEvent
6382,1,3,rld,14:14:18.911,2776,1.266,-0.068,-0.100,0.000,0.000,waitingForTarget,noEvent
6382,1,3,rld,14:14:18.970,2777,1.316,-0.068,-0.100,0.000,0.000,waitingForTarget,noEvent
6382,1,3,rld,14:14:19.014,2778,1.368,-0.068,-0.100,0.000,0.000,waitingForTarget,noEvent
6382,1,3,rld,14:14:19.057,2779,1.414,-0.068,-0.100,0.000,0.000,waitingForTarget,noEvent
6382,1,3,rld,14:14:19.106,2780,0.043,-0.068,-0.100,0.000,0.000,activeTracking,targetAppeared
6382,1,3,rld,14:14:19.134,2781,0.072,-0.068,-0.100,0.000,0.000,activeTracking,noEvent
6382,1,3,rld,14:14:19.163,2782,0.106,-0.068,-0.100,0.000,0.000,activeTracking,noEvent
6382,1,3,rld,14:14:19.207,2783,0.150,-0.068,-0.100,0.000,0.000,activeTracking,noEvent
6382,1,3,rld,14:14:19.280,2784,0.222,-0.068,-0.100,0.000,0.000,activeTracking,noEvent
6382,1,3,rld,14:14:19.376,2785,0.316,-0.068,-0.100,0.000,0.000,activeTracking,noEvent
6382,1,3,rld,14:14:19.424,2786,0.366,-0.068,-0.100,0.000,0.000,activeTracking,noEvent
6382,1,3,rld,14:14:19.472,2787,0.403,-0.068,-0.100,0.000,0.000,activeTracking,noEvent
6382,1,3,rld,14:14:19.522,2788,0.450,-0.068,-0.100,0.000,0.000,activeTracking,noEvent
6382,1,3,rld,14:14:19.565,2789,0.503,-0.068,-0.100,0.000,0.000,activeTracking,noEvent
6382,1,3,rld,14:14:19.615,2790,0.552,-0.068,-0.100,0.000,0.000,activeTracking,noEvent
6382,1,3,rld,14:14:19.664,2791,0.602,-0.068,-0.100,0.000,0.000,activeTracking,noEvent
6382,1,3,rld,14:14:19.692,2792,0.630,-0.068,-0.100,0.000,0.000,activeTracking,noEvent
6382,1,3,rld,14:14:19.757,2793,0.683,-0.068,-0.100,0.000,0.000,activeTracking,noEvent
6382,1,3,rld,14:14:19.819,2794,0.759,-0.068,-0.100,0.000,0.000,activeTracking,noEvent
6382,1,3,rld,14:14:19.857,2795,0.797,-0.068,-0.100,0.000,0.000,activeTracking,failedClick
6382,1,4,rld,14:14:21.159,2822,0.851,-0.068,-0.100,0.000,0.000,waitingForTarget,middleTargetClick
6382,1,4,rld,14:14:21.197,2823,0.920,-0.068,-0.100,0.000,0.000,waitingForTarget,noEvent
6382,1,4,rld,14:14:21.214,2824,0.940,-0.068,-0.100,0.000,0.000,waitingForTarget,noEvent
6382,1,4,rld,14:14:21.241,2825,0.967,-0.068,-0.100,0.000,0.000,waitingForTarget,noEvent
6382,1,4,rld,14:14:21.276,2826,1.000,-0.068,-0.100,0.000,0.000,waitingForTarget,noEvent
6382,1,4,rld,14:14:21.320,2827,1.036,-0.068,-0.100,0.000,0.000,waitingForTarget,noEvent
6382,1,4,rld,14:14:21.386,2828,1.088,-0.068,-0.100,0.000,0.000,waitingForTarget,noEvent
6382,1,4,rld,14:14:21.473,2829,1.172,-0.068,-0.100,0.000,0.000,waitingForTarget,noEvent
6382,1,4,rld,14:14:21.522,2830,1.236,-0.068,-0.100,0.000,0.000,waitingForTarget,noEvent
6382,1,4,rld,14:14:21.564,2831,1.283,-0.068,-0.100,0.000,0.000,waitingForTarget,noEvent
6382,1,4,rld,14:14:21.618,2832,0.056,-0.068,-0.100,0.000,0.000,activeTracking,targetAppeared
6382,1,4,rld,14:14:21.667,2833,0.104,-0.068,-0.100,0.000,0.000,activeTracking,noEvent
6382,1,4,rld,14:14:21.695,2834,0.132,-0.068,-0.100,0.000,0.000,activeTracking,noEvent
6382,1,4,rld,14:14:21.757,2835,0.181,-0.068,-0.100,0.000,0.000,activeTracking,noEvent
6382,1,4,rld,14:14:21.819,2836,0.257,-0.068,-0.100,0.000,0.000,activeTracking,noEvent
6382,1,4,rld,14:14:21.843,2837,0.282,-0.068,-0.100,0.000,0.000,activeTracking,noEvent
6382,1,4,rld,14:14:21.869,2838,0.308,-0.068,-0.100,0.000,0.000,activeTracking,noEvent
6382,1,4,rld,14:14:21.879,2839,0.321,-0.068,-0.100,0.000,0.000,activeTracking,noEvent
6382,1,4,rld,14:14:21.905,2840,0.348,-0.068,-0.100,0.000,0.000,activeTracking,noEvent
6382,1,4,rld,14:14:21.957,2841,0.399,-0.068,-0.100,0.000,0.000,activeTracking,noEvent
6382,1,4,rld,14:14:22.020,2842,0.455,-0.068,-0.100,0.000,0.000,activeTracking,noEvent
6382,1,4,rld,14:14:22.107,2843,0.548,-0.068,-0.100,0.000,0.000,activeTracking,noEvent
6382,1,4,rld,14:14:22.188,2844,0.613,-0.068,-0.100,0.000,0.000,activeTracking,noEvent
6382,1,4,rld,14:14:22.244,2845,0.681,-0.068,-0.100,0.000,0.000,activeTracking,noEvent
6382,1,4,rld,14:14:22.264,2846,0.704,-0.068,-0.100,0.000,0.000,activeTracking,noEvent
6382,1,4,rld,14:14:22.278,2847,0.719,-0.068,-0.100,0.000,0.000,activeTracking,noEvent
6382,1,4,rld,14:14:22.302,2848,0.745,-0.068,-0.100,0.000,0.000,activeTracking,noEvent
6382,1,4,rld,14:14:22.336,2849,0.774,-0.068,-0.100,0.000,0.000,activeTracking,noEvent
6382,1,4,rld,14:14:22.380,2850,0.822,-0.068,-0.100,0.000,0.000,activeTracking,noEvent
6382,1,4,rld,14:14:22.458,2851,0.883,-0.068,-0.100,0.000,0.000,activeTracking,noEvent
6382,1,4,rld,14:14:22.522,2852,0.958,-0.068,-0.100,0.000,0.000,activeTracking,noEvent
6382,1,4,rld,14:14:22.544,2853,0.986,-0.068,-0.100,0.000,0.000,activeTracking,noEvent
6382,1,4,rld,14:14:22.587,2854,1.023,-0.068,-0.100,0.000,0.000,activeTracking,noEvent
6382,1,4,rld,14:14:22.665,2855,1.100,-0.068,-0.100,0.000,0.000,activeTracking,noEvent
6382,1,4,rld,14:14:22.728,2856,1.155,-0.068,-0.100,0.000,0.000,activeTracking,noEvent
6382,1,4,rld,14:14:22.796,2857,1.237,-0.068,-0.100,0.000,0.000,activeTracking,noEvent
6382,1,4,rld,14:14:22.848,2858,1.287,-0.068,-0.100,0.000,0.000,activeTracking,noEvent
6382,1,4,rld,14:14:22.894,2859,1.335,-0.068,-0.100,0.000,0.000,activeTracking,noEvent
6382,1,4,rld,14:14:22.946,2860,1.388,-0.068,-0.100,0.000,0.000,activeTracking,noEvent
6382,1,4,rld,14:14:22.997,2861,1.433,-0.068,-0.100,0.000,0.000,activeTracking,noEvent
6382,1,4,rld,14:14:23.039,2862,1.480,-0.068,-0.100,0.000,0.000,activeTracking,noEvent
6382,1,4,rld,14:14:23.095,2863,1.533,-0.068,-0.100,0.000,0.000,activeTracking,noEvent
6382,1,4,rld,14:14:23.138,2864,1.580,-0.068,-0.100,0.000,0.000,activeTracking,noEvent
6382,1,4,rld,14:14:23.164,2865,1.602,-0.068,-0.100,0.000,0.000,activeTracking,noEvent
6382,1,4,rld,14:14:23.178,2866,1.620,-0.068,-0.100,0.000,0.000,activeTracking,noEvent
6382,1,4,rld,14:14:23.203,2867,1.645,-0.068,-0.100,0.000,0.000,activeTracking,noEvent
6382,1,4,rld,14:14:23.250,2868,1.687,-0.068,-0.100,0.000,0.000,activeTracking,noEvent
6382,1,4,rld,14:14:23.308,2869,1.738,-0.068,-0.100,0.000,0.000,activeTracking,noEvent
6382,1,4,rld,14:14:23.390,2870,1.822,-0.068,-0.100,0.000,0.000,activeTracking,noEvent
6382,1,4,rld,14:14:23.436,2871,1.870,-0.068,-0.100,0.000,0.000,activeTracking,noEvent
6382,1,4,rld,14:14:23.498,2872,1.925,-0.068,-0.100,0.000,0.000,activeTracking,noEvent
6382,1,4,rld,14:14:23.562,2873,1.991,-0.068,-0.100,0.000,0.000,activeTracking,noEvent
6382,1,4,rld,14:14:23.612,2874,2.050,-0.068,-0.100,0.000,0.000,activeTracking,noEvent
6382,1,4,rld,14:14:23.638,2875,2.078,-0.068,-0.100,0.000,0.000,activeTracking,noEvent
6382,1,4,rld,14:14:23.657,2876,2.099,-0.068,-0.100,0.000,0.000,activeTracking,noEvent
6382,1,4,rld,14:14:23.740,2877,2.170,-0.068,-0.100,0.000,0.000,activeTracking,noEvent
6382,1,4,rld,14:14:23.797,2878,2.239,-0.068,-0.100,0.000,0.000,activeTracking,noEvent
6382,1,4,rld,14:14:23.855,2879,2.294,-0.068,-0.100,0.000,0.000,activeTracking,noEvent
6382,1,4,rld,14:14:23.873,2880,2.312,-0.068,-0.100,0.000,0.000,activeTracking,noEvent
6382,1,4,rld,14:14:23.919,2881,2.353,-0.068,-0.100,0.000,0.000,activeTracking,noEvent
6382,1,4,rld,14:14:23.990,2882,2.413,-0.068,-0.100,0.000,0.000,activeTracking,noEvent
6382,1,4,rld,14:14:24.019,2883,2.460,-0.068,-0.100,0.000,0.000,activeTracking,noEvent
6382,1,4,rld,14:14:24.064,2884,2.506,-0.068,-0.100,0.000,0.000,activeTracking,noEvent
6382,1,4,rld,14:14:24.076,2885,2.518,-0.068,-0.100,0.000,0.000,activeTracking,noEvent
6382,1,4,rld,14:14:24.095,2886,2.537,-0.068,-0.100,0.000,0.000,activeTracking,noEvent
6382,1,4,rld,14:14:24.140,2887,2.581,-0.068,-0.100,0.000,0.000,activeTracking,noEvent
6382,1,4,rld,14:14:24.192,2888,2.631,-0.068,-0.100,0.000,0.000,activeTracking,noEvent
6382,1,4,rld,14:14:24.238,2889,2.672,-0.068,-0.100,0.000,0.000,activeTracking,noEvent
6382,1,4,rld,14:14:24.290,2890,2.723,-0.068,-0.100,0.000,0.000,activeTracking,noEvent
6382,1,4,rld,14:14:24.327,2891,2.769,-0.068,-0.100,0.000,0.000,activeTracking,noEvent
6382,1,4,rld,14:14:24.377,2892,2.817,-0.068,-0.100,0.000,0.000,activeTracking,noEvent
6382,1,4,rld,14:14:24.427,2893,2.868,-0.068,-0.100,0.000,0.000,activeTracking,noEvent
6382,1,4,rld,14:14:24.476,2894,2.909,-0.068,-0.100,0.000,0.000,activeTracking,noEvent
6382,1,4,rld,14:14:24.517,2895,2.957,-0.068,-0.100,0.000,0.000,activeTracking,noEvent
6382,1,4,rld,14:14:24.571,2896,3.007,-0.068,-0.100,0.000,0.000,activeTracking,noEvent
6382,1,4,rld,14:14:24.627,2897,3.063,-0.068,-0.100,0.000,0.000,activeTracking,noEvent
6382,1,4,rld,14:14:24.681,2898,3.120,-0.068,-0.100,0.000,0.000,activeTracking,noEvent
6382,1,4,rld,14:14:24.729,2899,3.169,-0.068,-0.100,0.000,0.000,activeTracking,noEvent
6382,1,4,rld,14:14:24.775,2900,3.216,-0.068,-0.100,0.000,0.000,activeTracking,noEvent
6382,1,4,rld,14:14:24.863,2901,3.301,-0.068,-0.100,0.000,0.000,activeTracking,noEvent
6382,1,4,rld,14:14:24.930,2902,3.358,-0.068,-0.100,0.000,0.000,activeTracking,noEvent
6382,1,4,rld,14:14:24.978,2903,3.416,-0.068,-0.100,0.000,0.000,activeTracking,noEvent
6382,1,4,rld,14:14:25.020,2904,3.451,-0.068,-0.100,0.000,0.000,activeTracking,noEvent
6382,1,4,rld,14:14:25.076,2905,3.506,-0.068,-0.100,0.000,0.000,activeTracking,noEvent
6382,1,4,rld,14:14:25.124,2906,3.552,-0.068,-0.100,0.000,0.000,activeTracking,noEvent
6382,1,4,rld,14:14:25.175,2907,3.611,-0.068,-0.100,0.000,0.000,activeTracking,noEvent
6382,1,4,rld,14:14:25.196,2908,3.637,-0.068,-0.100,0.000,0.000,activeTracking,noEvent
6382,1,4,rld,14:14:25.209,2909,3.650,-0.068,-0.100,0.000,0.000,activeTracking,noEvent
6382,1,4,rld,14:14:25.228,2910,3.671,-0.068,-0.100,0.000,0.000,activeTracking,noEvent
6382,1,4,rld,14:14:25.277,2911,3.719,-0.068,-0.100,0.000,0.000,activeTracking,noEvent
6382,1,4,rld,14:14:25.327,2912,3.767,-0.068,-0.100,0.000,0.000,activeTracking,noEvent
6382,1,4,rld,14:14:25.376,2913,3.809,-0.068,-0.100,0.000,0.000,activeTracking,noEvent
6382,1,4,rld,14:14:25.414,2914,3.855,-0.068,-0.100,0.000,0.000,activeTracking,noEvent
6382,1,4,rld,14:14:25.462,2915,3.903,-0.068,-0.100,0.000,0.000,activeTracking,noEvent
6382,1,4,rld,14:14:25.511,2916,3.951,-0.068,-0.100,0.000,0.000,activeTracking,noEvent
6382,1,5,rld,14:14:47.676,3388,0.049,0.101,0.052,0.000,0.000,activeTracking,targetAppeared
6382,1,5,rld,14:14:47.722,3389,0.095,0.101,0.052,0.000,0.000,activeTracking,noEvent
6382,1,5,rld,14:14:47.776,3390,0.149,0.101,0.052,0.000,0.000,activeTracking,noEvent
6382,1,5,rld,14:14:47.835,3391,0.204,0.101,0.052,0.000,0.000,activeTracking,noEvent
6382,1,5,rld,14:14:47.885,3392,0.258,0.101,0.052,0.000,0.000,activeTracking,noEvent
6382,1,5,rld,14:14:47.926,3393,0.299,0.101,0.052,0.000,0.000,activeTracking,noEvent
6382,1,5,rld,14:14:48.006,3394,0.379,0.101,0.052,0.000,0.000,activeTracking,noEvent
6382,1,5,rld,14:14:48.073,3395,0.441,0.101,0.052,0.000,0.000,activeTracking,noEvent
6382,1,5,rld,14:14:48.111,3396,0.482,0.101,0.052,0.000,0.000,activeTracking,noEvent
6382,1,5,rld,14:14:48.175,3397,0.544,0.101,0.052,0.000,0.000,activeTracking,noEvent
6382,1,5,rld,14:14:48.229,3398,0.601,0.101,0.052,0.000,0.000,activeTracking,noEvent
6382,1,5,rld,14:14:48.277,3399,0.638,0.101,0.052,0.000,0.000,activeTracking,noEvent
6382,1,5,rld,14:14:48.330,3400,0.703,0.101,0.052,0.000,0.000,activeTracking,noEvent
6382,1,5,rld,14:14:48.359,3401,0.728,0.101,0.052,0.000,0.000,activeTracking,noEvent
6382,1,5,rld,14:14:48.408,3402,0.770,0.101,0.052,0.000,0.000,activeTracking,noEvent
6382,1,5,rld,14:14:48.476,3403,0.825,0.101,0.052,0.000,0.000,activeTracking,noEvent
6382,1,5,rld,14:14:48.526,3404,0.894,0.101,0.052,0.000,0.000,activeTracking,noEvent
6382,1,5,rld,14:14:48.577,3405,0.950,0.101,0.052,0.000,0.000,activeTracking,noEvent
6382,1,5,rld,14:14:48.629,3406,1.001,0.101,0.052,0.000,0.000,activeTracking,noEvent
6382,1,5,rld,14:14:48.652,3407,1.023,0.101,0.052,0.000,0.000,activeTracking,noEvent
6382,1,5,rld,14:14:48.665,3408,1.039,0.101,0.052,0.000,0.000,activeTracking,noEvent
6382,1,5,rld,14:14:48.695,3409,1.067,0.180,0.074,0.700,0.200,activeTracking,noEvent
6382,1,5,rld,14:14:48.744,3410,1.116,0.511,0.150,2.700,0.600,activeTracking,noEvent
6382,1,5,rld,14:14:48.818,3411,1.172,0.904,0.187,2.500,0.100,activeTracking,noEvent
6382,1,5,rld,14:14:48.862,3412,1.234,1.241,0.189,1.800,-0.100,activeTracking,noEvent
6382,1,5,rld,14:14:48.967,3413,1.334,1.665,0.214,2.700,0.200,activeTracking,noEvent
6382,1,5,rld,14:14:49.004,3414,1.377,1.995,0.258,1.600,0.300,activeTracking,noEvent
6382,1,5,rld,14:14:49.070,3415,1.433,2.426,0.322,2.700,0.400,activeTracking,noEvent
6382,1,5,rld,14:14:49.107,3416,1.480,2.742,0.346,1.400,0.000,onTarget,noEvent
6382,1,5,rld,14:14:49.145,3417,1.518,2.934,0.355,0.700,0.000,activeTracking,noEvent
6382,1,5,rld,14:14:49.206,3418,1.562,3.035,0.359,0.300,0.000,activeTracking,noEvent
6382,1,5,rld,14:14:49.253,3419,1.623,3.144,0.338,0.600,-0.200,activeTracking,noEvent
6382,1,5,rld,14:14:49.291,3420,1.661,3.217,0.307,0.300,-0.200,activeTracking,noEvent
6382,1,5,rld,14:14:49.324,3421,1.695,3.267,0.262,0.200,-0.300,activeTracking,noEvent
6382,1,5,rld,14:14:49.360,3422,1.731,3.296,0.223,0.100,-0.200,activeTracking,noEvent
6382,1,5,rld,14:14:49.390,3423,1.761,3.306,0.174,0.000,-0.300,activeTracking,noEvent
6382,1,5,rld,14:14:49.409,3424,1.781,3.309,0.146,0.000,-0.100,activeTracking,noEvent
6382,1,5,rld,14:14:49.440,3425,1.813,3.310,0.113,0.000,-0.200,activeTracking,noEvent
6382,1,5,rld,14:14:49.477,3426,1.848,3.248,0.042,-0.500,-0.500,activeTracking,noEvent
6382,1,5,rld,14:14:49.518,3427,1.887,3.152,-0.053,-0.600,-0.600,activeTracking,noEvent
6382,1,5,rld,14:14:49.685,3428,2.022,3.021,-0.179,-0.800,-0.800,activeTracking,noEvent
6382,1,5,rld,14:14:49.728,3429,2.089,2.892,-0.279,-0.700,-0.500,onTarget,noEvent
6382,1,5,rld,14:14:49.744,3430,2.117,2.837,-0.335,-0.100,-0.200,activeTracking,noEvent
6382,1,5,rld,14:14:49.786,3431,2.159,2.782,-0.366,-0.300,-0.100,activeTracking,noEvent
6382,1,5,rld,14:14:49.835,3432,2.205,2.715,-0.375,-0.400,0.000,activeTracking,noEvent
6382,1,5,rld,14:14:49.852,3433,2.226,2.681,-0.379,-0.100,0.000,activeTracking,noEvent
6382,1,5,rld,14:14:49.894,3434,2.267,2.633,-0.379,-0.300,0.000,activeTracking,noEvent
6382,1,5,rld,14:14:49.925,3435,2.299,2.605,-0.380,-0.100,0.000,activeTracking,noEvent
6382,1,5,rld,14:14:49.946,3436,2.320,2.572,-0.379,-0.200,0.000,activeTracking,noEvent
6382,1,5,rld,14:14:49.995,3437,2.368,2.548,-0.379,-0.100,0.000,activeTracking,noEvent
6382,1,5,rld,14:14:50.040,3438,2.412,2.529,-0.379,-0.100,0.000,activeTracking,noEvent
6382,1,5,rld,14:14:50.090,3439,2.463,2.510,-0.379,-0.100,0.000,activeTracking,noEvent
6382,1,5,rld,14:14:50.146,3440,2.504,2.516,-0.344,0.100,0.300,activeTracking,noEvent
6382,1,5,rld,14:14:50.188,3441,2.555,2.590,-0.228,0.600,0.900,onTarget,noEvent
6382,1,5,rld,14:14:50.225,3442,2.597,2.627,-0.154,0.100,0.300,onTarget,noEvent
6382,1,5,rld,14:14:50.273,3443,2.642,2.651,-0.118,0.100,0.100,onTarget,noEvent
6382,1,5,rld,14:14:50.309,3444,2.683,2.672,-0.094,0.100,0.100,onTarget,noEvent
6382,1,5,rld,14:14:50.374,3445,2.744,2.678,-0.075,0.000,0.100,onTarget,noEvent
6382,1,5,rld,14:14:50.425,3446,2.798,2.693,-0.068,0.100,0.000,onTarget,noEvent
6382,1,5,rld,14:14:50.455,3447,2.829,2.698,-0.066,0.000,0.000,onTarget,noEvent
6382,1,5,rld,14:14:50.508,3448,2.877,2.711,-0.054,0.100,0.100,onTarget,noEvent
6382,1,5,rld,14:14:50.554,3449,2.920,2.728,-0.038,0.100,0.100,onTarget,noEvent
6382,1,5,rld,14:14:50.592,3450,2.964,2.746,-0.032,0.100,0.000,onTarget,noEvent
6382,1,5,rld,14:14:50.647,3451,3.017,2.752,-0.019,0.000,0.100,onTarget,noEvent
6382,1,5,rld,14:14:50.745,3452,3.104,2.754,-0.015,0.000,0.000,onTarget,noEvent
6382,1,5,rld,14:14:50.811,3453,3.184,2.754,-0.013,0.000,0.000,onTarget,noEvent
6382,1,5,rld,14:14:50.837,3454,3.212,2.754,-0.013,0.000,0.000,onTarget,noEvent
6382,1,5,rld,14:14:50.859,3455,3.233,2.755,-0.012,0.000,0.000,onTarget,noEvent
6382,1,5,rld,14:14:50.925,3456,3.284,2.755,-0.012,0.000,0.000,onTarget,noEvent
6382,1,5,rld,14:14:50.963,3457,3.333,2.755,-0.012,0.000,0.000,onTarget,noEvent
6382,1,5,rld,14:14:51.013,3458,3.385,2.755,-0.012,0.000,0.000,onTarget,noEvent
6382,1,5,rld,14:14:51.068,3459,3.432,2.755,-0.012,0.000,0.000,onTarget,targetClick
6382,1,6,rld,14:14:54.371,3528,3.520,0.186,-0.083,0.000,0.000,waitingForTarget,middleTargetClick
6382,1,6,rld,14:14:54.395,3529,3.556,0.186,-0.083,0.000,0.000,waitingForTarget,noEvent
6382,1,6,rld,14:14:54.410,3530,3.572,0.186,-0.083,0.000,0.000,waitingForTarget,noEvent
6382,1,6,rld,14:14:54.436,3531,3.598,0.186,-0.083,0.000,0.000,waitingForTarget,noEvent
6382,1,6,rld,14:14:54.454,3532,3.616,0.186,-0.083,0.000,0.000,waitingForTarget,noEvent
6382,1,6,rld,14:14:54.485,3533,3.647,0.186,-0.083,0.000,0.000,waitingForTarget,noEvent
6382,1,6,rld,14:14:54.529,3534,3.691,0.186,-0.083,0.000,0.000,waitingForTarget,noEvent
6382,1,6,rld,14:14:54.577,3535,3.737,0.186,-0.083,0.000,0.000,waitingForTarget,noEvent
6382,1,6,rld,14:14:54.628,3536,3.788,0.186,-0.083,0.000,0.000,waitingForTarget,noEvent
6382,1,6,rld,14:14:54.672,3537,3.832,0.186,-0.083,0.000,0.000,waitingForTarget,noEvent
6382,1,6,rld,14:14:54.726,3538,3.886,0.186,-0.083,0.000,0.000,waitingForTarget,noEvent
6382,1,6,rld,14:14:54.770,3539,3.925,0.186,-0.083,0.000,0.000,waitingForTarget,noEvent
6382,1,6,rld,14:14:54.841,3540,0.075,0.186,-0.083,0.000,0.000,activeTracking,targetAppeared
6382,1,6,rld,14:14:54.909,3541,0.141,0.186,-0.083,0.000,0.000,activeTracking,noEvent
6382,1,6,rld,14:14:54.957,3542,0.192,0.186,-0.083,0.000,0.000,activeTracking,noEvent
6382,1,6,rld,14:14:54.993,3543,0.224,0.186,-0.083,0.000,0.000,activeTracking,noEvent
6382,1,6,rld,14:14:55.017,3544,0.253,0.186,-0.083,0.000,0.000,activeTracking,noEvent
6382,1,6,rld,14:14:55.044,3545,0.279,0.186,-0.083,0.000,0.000,activeTracking,noEvent
6382,1,6,rld,14:14:55.086,3546,0.317,0.186,-0.083,0.000,0.000,activeTracking,noEvent
6382,1,6,rld,14:14:55.128,3547,0.364,0.186,-0.083,0.000,0.000,activeTracking,noEvent
6382,1,6,rld,14:14:55.176,3548,0.411,0.186,-0.083,0.000,0.000,activeTracking,noEvent
6382,1,6,rld,14:14:55.226,3549,0.460,0.186,-0.083,0.000,0.000,activeTracking,noEvent
6382,1,6,rld,14:14:55.271,3550,0.507,0.186,-0.083,0.000,0.000,activeTracking,noEvent
6382,1,6,rld,14:14:55.318,3551,0.547,0.186,-0.083,0.000,0.000,activeTracking,noEvent
6382,1,6,rld,14:14:55.370,3552,0.599,0.186,-0.083,0.000,0.000,activeTracking,noEvent
6382,1,6,rld,14:14:55.415,3553,0.650,0.186,-0.083,0.000,0.000,activeTracking,noEvent
6382,1,6,rld,14:14:55.507,3554,0.709,0.422,-0.004,2.100,0.700,activeTracking,noEvent
6382,1,6,rld,14:14:55.655,3555,0.865,1.250,0.159,6.600,1.200,activeTracking,noEvent
6382,1,6,rld,14:14:55.687,3556,0.921,1.645,0.238,1.000,0.200,activeTracking,noEvent
6382,1,6,rld,14:14:55.733,3557,0.961,1.848,0.265,0.600,0.000,activeTracking,noEvent
6382,1,6,rld,14:14:55.760,3558,0.993,1.951,0.275,0.300,0.000,activeTracking,noEvent
6382,1,6,rld,14:14:55.803,3559,1.034,2.056,0.290,0.600,0.100,activeTracking,noEvent
6382,1,6,rld,14:14:55.846,3560,1.081,2.173,0.319,0.700,0.200,activeTracking,noEvent
6382,1,6,rld,14:14:55.867,3561,1.103,2.284,0.364,0.600,0.300,activeTracking,noEvent
6382,1,6,rld,14:14:55.917,3562,1.146,2.476,0.439,1.300,0.500,activeTracking,noEvent
6382,1,6,rld,14:14:55.993,3563,1.212,2.601,0.489,0.500,0.200,activeTracking,noEvent
6382,1,6,rld,14:14:56.034,3564,1.263,2.679,0.506,0.300,0.000,activeTracking,noEvent
6382,1,6,rld,14:14:56.068,3565,1.296,2.717,0.512,0.100,0.000,activeTracking,noEvent
6382,1,6,rld,14:14:56.085,3566,1.317,2.730,0.502,0.000,-0.100,activeTracking,noEvent
6382,1,6,rld,14:14:56.115,3567,1.346,2.734,0.475,0.000,-0.200,activeTracking,noEvent
6382,1,6,rld,14:14:56.149,3568,1.382,2.699,0.407,-0.300,-0.500,activeTracking,noEvent
6382,1,6,rld,14:14:56.203,3569,1.428,2.651,0.337,-0.300,-0.400,onTarget,noEvent
6382,1,6,rld,14:14:56.237,3570,1.472,2.635,0.291,0.000,-0.200,onTarget,noEvent
6382,1,6,rld,14:14:56.287,3571,1.514,2.630,0.228,0.000,-0.400,onTarget,noEvent
6382,1,6,rld,14:14:56.452,3572,1.675,2.616,0.044,-0.100,-1.400,onTarget,noEvent
6382,1,6,rld,14:14:56.489,3573,1.725,2.587,-0.122,-0.200,-0.900,onTarget,noEvent
6382,1,6,rld,14:14:56.524,3574,1.754,2.578,-0.212,0.000,-0.300,onTarget,noEvent
6382,1,6,rld,14:14:56.556,3575,1.787,2.575,-0.277,0.000,-0.300,onTarget,noEvent
6382,1,6,rld,14:14:56.582,3576,1.816,2.574,-0.310,0.000,-0.100,onTarget,noEvent
6382,1,6,rld,14:14:56.607,3577,1.842,2.573,-0.333,0.000,-0.100,activeTracking,noEvent
6382,1,6,rld,14:14:56.630,3578,1.865,2.573,-0.341,0.000,0.000,activeTracking,noEvent
6382,1,6,rld,14:14:56.684,3579,1.915,2.573,-0.355,0.000,-0.100,activeTracking,noEvent
6382,1,6,rld,14:14:56.705,3580,1.941,2.573,-0.360,0.000,0.000,activeTracking,noEvent
6382,1,6,rld,14:14:56.757,3581,1.990,2.573,-0.361,0.000,0.000,activeTracking,noEvent
6382,1,6,rld,14:14:56.813,3582,2.046,2.597,-0.374,0.200,-0.100,activeTracking,noEvent
6382,1,6,rld,14:14:56.853,3583,2.081,2.617,-0.389,0.100,-0.100,activeTracking,noEvent
6382,1,6,rld,14:14:56.891,3584,2.127,2.624,-0.395,0.000,0.000,activeTracking,noEvent
6382,1,6,rld,14:14:56.941,3585,2.176,2.626,-0.397,0.000,0.000,activeTracking,noEvent
6382,1,6,rld,14:14:57.080,3586,2.307,2.663,-0.351,0.300,0.400,activeTracking,noEvent
6382,1,6,rld,14:14:57.104,3587,2.341,2.688,-0.312,0.100,0.200,onTarget,noEvent
6382,1,6,rld,14:14:57.148,3588,2.382,2.696,-0.288,0.000,0.100,onTarget,noEvent
6382,1,6,rld,14:14:57.162,3589,2.396,2.699,-0.268,0.000,0.100,onTarget,noEvent
6382,1,6,rld,14:14:57.178,3590,2.414,2.699,-0.261,0.000,0.000,onTarget,noEvent
6382,1,6,rld,14:14:57.222,3591,2.455,2.700,-0.247,0.000,0.100,onTarget,noEvent
6382,1,6,rld,14:14:57.272,3592,2.503,2.700,-0.219,0.000,0.200,onTarget,noEvent
6382,1,6,rld,14:14:57.310,3593,2.546,2.700,-0.186,0.000,0.200,onTarget,noEvent
6382,1,6,rld,14:14:57.361,3594,2.595,2.700,-0.140,0.000,0.300,onTarget,noEvent
6382,1,6,rld,14:14:57.409,3595,2.645,2.700,-0.102,0.000,0.200,onTarget,noEvent
6382,1,6,rld,14:14:57.457,3596,2.692,2.700,-0.066,0.000,0.200,onTarget,noEvent
6382,1,6,rld,14:14:57.511,3597,2.734,2.700,-0.030,0.000,0.200,onTarget,noEvent
6382,1,6,rld,14:14:57.638,3598,2.843,2.700,-0.018,0.000,0.000,onTarget,noEvent
6382,1,6,rld,14:14:57.688,3599,2.917,2.700,-0.003,0.000,0.100,onTarget,noEvent
6382,1,6,rld,14:14:57.716,3600,2.945,2.700,0.003,0.000,0.000,onTarget,noEvent
6382,1,6,rld,14:14:57.736,3601,2.967,2.700,0.004,0.000,0.000,onTarget,noEvent
6382,1,6,rld,14:14:57.751,3602,2.987,2.700,0.005,0.000,0.000,onTarget,noEvent
6382,1,6,rld,14:14:57.773,3603,3.010,2.700,0.005,0.000,0.000,onTarget,noEvent
6382,1,6,rld,14:14:57.822,3604,3.057,2.700,0.005,0.000,0.000,onTarget,noEvent
6382,1,6,rld,14:14:57.868,3605,3.101,2.700,0.005,0.000,0.000,onTarget,noEvent
6382,1,6,rld,14:14:57.923,3606,3.147,2.700,0.005,0.000,0.000,onTarget,noEvent
6382,1,6,rld,14:14:58.024,3607,3.247,2.700,0.005,0.000,0.000,onTarget,noEvent
6382,1,6,rld,14:14:58.094,3608,3.324,2.700,0.005,0.000,0.000,onTarget,noEvent
6382,1,6,rld,14:14:58.152,3609,3.381,2.700,0.005,0.000,0.000,onTarget,targetClick
6382,1,7,rld,14:15:01.705,3685,3.429,0.118,0.069,0.000,0.000,waitingForTarget,middleTargetClick
6382,1,7,rld,14:15:01.746,3686,3.483,0.118,0.069,0.000,0.000,waitingForTarget,noEvent
6382,1,7,rld,14:15:01.764,3687,3.503,0.118,0.069,0.000,0.000,waitingForTarget,noEvent
6382,1,7,rld,14:15:01.868,3688,3.597,0.118,0.069,0.000,0.000,waitingForTarget,noEvent
6382,1,7,rld,14:15:01.898,3689,3.635,0.118,0.069,0.000,0.000,waitingForTarget,noEvent
6382,1,7,rld,14:15:01.924,3690,3.664,0.118,0.069,0.000,0.000,waitingForTarget,noEvent
6382,1,7,rld,14:15:01.945,3691,3.685,0.118,0.069,0.000,0.000,waitingForTarget,noEvent
6382,1,7,rld,14:15:01.968,3692,3.707,0.118,0.069,0.000,0.000,waitingForTarget,noEvent
6382,1,7,rld,14:15:01.988,3693,3.728,0.118,0.069,0.000,0.000,waitingForTarget,noEvent
6382,1,7,rld,14:15:02.037,3694,3.776,0.118,0.069,0.000,0.000,waitingForTarget,noEvent
6382,1,7,rld,14:15:02.085,3695,3.819,0.118,0.069,0.000,0.000,waitingForTarget,noEvent
6382,1,7,rld,14:15:02.137,3696,3.868,0.118,0.069,0.000,0.000,waitingForTarget,noEvent
6382,1,7,rld,14:15:02.188,3697,0.052,0.118,0.069,0.000,0.000,activeTracking,targetAppeared
6382,1,7,rld,14:15:02.237,3698,0.106,0.118,0.069,0.000,0.000,activeTracking,noEvent
6382,1,7,rld,14:15:02.285,3699,0.150,0.118,0.069,0.000,0.000,activeTracking,noEvent
6382,1,7,rld,14:15:02.326,3700,0.184,0.118,0.069,0.000,0.000,activeTracking,noEvent
6382,1,7,rld,14:15:02.371,3701,0.240,0.118,0.069,0.000,0.000,activeTracking,noEvent
6382,1,7,rld,14:15:02.411,3702,0.282,0.118,0.069,0.000,0.000,activeTracking,noEvent
6382,1,7,rld,14:15:02.462,3703,0.327,0.118,0.069,0.000,0.000,activeTracking,noEvent
6382,1,7,rld,14:15:02.493,3704,0.361,0.118,0.069,0.000,0.000,activeTracking,noEvent
6382,1,7,rld,14:15:02.540,3705,0.411,0.118,0.069,0.000,0.000,activeTracking,noEvent
6382,1,7,rld,14:15:02.587,3706,0.452,0.118,0.069,0.000,0.000,activeTracking,noEvent
6382,1,7,rld,14:15:02.637,3707,0.502,0.118,0.069,0.000,0.000,activeTracking,noEvent
6382,1,7,rld,14:15:02.677,3708,0.547,0.118,0.069,0.000,0.000,activeTracking,noEvent
6382,1,7,rld,14:15:02.727,3709,0.596,0.118,0.069,0.000,0.000,activeTracking,noEvent
6382,1,7,rld,14:15:02.775,3710,0.644,0.118,0.069,0.000,0.000,activeTracking,noEvent
6382,1,7,rld,14:15:02.943,3711,0.811,0.580,0.261,4.100,1.700,activeTracking,noEvent
6382,1,7,rld,14:15:02.987,3712,0.847,0.859,0.348,1.100,0.200,activeTracking,noEvent
6382,1,7,rld,14:15:03.041,3713,0.910,1.169,0.379,1.900,0.000,activeTracking,noEvent
6382,1,7,rld,14:15:03.078,3714,0.950,1.376,0.390,0.900,0.000,activeTracking,noEvent
6382,1,7,rld,14:15:03.126,3715,0.982,1.572,0.383,1.100,-0.100,activeTracking,noEvent
6382,1,7,rld,14:15:03.210,3716,1.072,1.870,0.383,2.000,0.000,activeTracking,noEvent
6382,1,7,rld,14:15:03.242,3717,1.106,2.052,0.384,0.700,0.000,activeTracking,noEvent
6382,1,7,rld,14:15:03.268,3718,1.140,2.149,0.385,0.300,0.000,activeTracking,noEvent
6382,1,7,rld,14:15:03.295,3719,1.167,2.204,0.385,0.200,0.000,activeTracking,noEvent
6382,1,7,rld,14:15:03.312,3720,1.184,2.235,0.385,0.100,0.000,activeTracking,noEvent
6382,1,7,rld,14:15:03.341,3721,1.212,2.269,0.374,0.200,-0.100,activeTracking,noEvent
6382,1,7,rld,14:15:03.373,3722,1.241,2.280,0.359,0.000,-0.100,activeTracking,noEvent
6382,1,7,rld,14:15:03.417,3723,1.285,2.284,0.331,0.000,-0.200,activeTracking,noEvent
6382,1,7,rld,14:15:03.467,3724,1.330,2.285,0.310,0.000,-0.100,activeTracking,noEvent
6382,1,7,rld,14:15:03.516,3725,1.376,2.298,0.233,0.100,-0.600,activeTracking,noEvent
6382,1,7,rld,14:15:03.566,3726,1.429,2.349,0.104,0.400,-0.900,activeTracking,noEvent
6382,1,7,rld,14:15:03.607,3727,1.474,2.390,0.003,0.200,-0.500,onTarget,noEvent
6382,1,7,rld,14:15:03.642,3728,1.513,2.404,-0.066,0.000,-0.300,onTarget,noEvent
6382,1,7,rld,14:15:03.699,3729,1.563,2.409,-0.123,0.000,-0.300,onTarget,noEvent
6382,1,7,rld,14:15:03.834,3730,1.650,2.434,-0.201,0.200,-0.500,onTarget,noEvent
6382,1,7,rld,14:15:03.874,3731,1.735,2.479,-0.285,0.300,-0.500,activeTracking,noEvent
6382,1,7,rld,14:15:03.903,3732,1.770,2.529,-0.336,0.300,-0.200,activeTracking,noEvent
6382,1,7,rld,14:15:03.934,3733,1.800,2.558,-0.365,0.100,-0.100,activeTracking,noEvent
6382,1,7,rld,14:15:03.995,3734,1.852,2.592,-0.398,0.200,-0.200,activeTracking,noEvent
6382,1,7,rld,14:15:04.065,3735,1.932,2.664,-0.410,0.500,0.000,activeTracking,noEvent
6382,1,7,rld,14:15:04.117,3736,1.982,2.700,-0.414,0.100,0.000,activeTracking,noEvent
6382,1,7,rld,14:15:04.136,3737,2.008,2.712,-0.415,0.000,0.000,activeTracking,noEvent
6382,1,7,rld,14:15:04.171,3738,2.041,2.740,-0.392,0.200,0.200,activeTracking,noEvent
6382,1,7,rld,14:15:04.188,3739,2.059,2.762,-0.373,0.100,0.100,activeTracking,noEvent
6382,1,7,rld,14:15:04.221,3740,2.090,2.781,-0.343,0.100,0.200,activeTracking,noEvent
6382,1,7,rld,14:15:04.267,3741,2.131,2.800,-0.310,0.100,0.200,onTarget,noEvent
6382,1,7,rld,14:15:04.357,3742,2.223,2.818,-0.264,0.100,0.300,onTarget,noEvent
6382,1,7,rld,14:15:04.429,3743,2.298,2.825,-0.178,0.000,0.600,onTarget,noEvent
6382,1,7,rld,14:15:04.457,3744,2.329,2.827,-0.126,0.000,0.200,onTarget,noEvent
6382,1,7,rld,14:15:04.482,3745,2.353,2.815,-0.097,-0.100,0.100,onTarget,noEvent
6382,1,7,rld,14:15:04.522,3746,2.385,2.799,-0.064,-0.100,0.200,onTarget,noEvent
6382,1,7,rld,14:15:04.553,3747,2.422,2.782,-0.041,-0.100,0.100,onTarget,noEvent
6382,1,7,rld,14:15:04.603,3748,2.471,2.764,-0.022,-0.100,0.100,onTarget,noEvent
6382,1,7,rld,14:15:04.703,3749,2.550,2.733,0.020,-0.200,0.300,onTarget,noEvent
6382,1,7,rld,14:15:04.764,3750,2.632,2.723,0.045,0.000,0.100,onTarget,noEvent
6382,1,7,rld,14:15:04.786,3751,2.657,2.720,0.054,0.000,0.000,onTarget,noEvent
6382,1,7,rld,14:15:04.817,3752,2.686,2.719,0.056,0.000,0.000,onTarget,noEvent
6382,1,7,rld,14:15:04.835,3753,2.702,2.718,0.057,0.000,0.000,onTarget,noEvent
6382,1,7,rld,14:15:04.905,3754,2.769,2.706,0.058,-0.100,0.000,onTarget,noEvent
6382,1,7,rld,14:15:04.923,3755,2.795,2.702,0.058,0.000,0.000,onTarget,noEvent
6382,1,7,rld,14:15:04.953,3756,2.817,2.701,0.058,0.000,0.000,onTarget,noEvent
6382,1,7,rld,14:15:04.994,3757,2.865,2.700,0.058,0.000,0.000,onTarget,noEvent
6382,1,7,rld,14:15:05.042,3758,2.913,2.700,0.058,0.000,0.000,onTarget,noEvent
6382,1,7,rld,14:15:05.149,3759,2.999,2.700,0.058,0.000,0.000,onTarget,noEvent
6382,1,7,rld,14:15:05.198,3760,3.066,2.700,0.058,0.000,0.000,onTarget,targetClick
6382,1,8,rld,14:15:08.845,3837,3.177,-0.017,-0.032,0.000,0.000,waitingForTarget,middleTargetClick
6382,1,8,rld,14:15:08.885,3838,3.218,-0.017,-0.032,0.000,0.000,waitingForTarget,noEvent
6382,1,8,rld,14:15:08.906,3839,3.243,-0.017,-0.032,0.000,0.000,waitingForTarget,noEvent
6382,1,8,rld,14:15:08.936,3840,3.265,-0.017,-0.032,0.000,0.000,waitingForTarget,noEvent
6382,1,8,rld,14:15:08.944,3841,3.282,-0.017,-0.032,0.000,0.000,waitingForTarget,noEvent
6382,1,8,rld,14:15:08.978,3842,3.313,-0.017,-0.032,0.000,0.000,waitingForTarget,noEvent
6382,1,8,rld,14:15:09.029,3843,3.364,-0.017,-0.032,0.000,0.000,waitingForTarget,noEvent
6382,1,8,rld,14:15:09.088,3844,3.423,-0.017,-0.032,0.000,0.000,waitingForTarget,noEvent
6382,1,8,rld,14:15:09.162,3845,3.497,-0.017,-0.032,0.000,0.000,waitingForTarget,noEvent
6382,1,8,rld,14:15:09.217,3846,3.544,-0.017,-0.032,0.000,0.000,waitingForTarget,noEvent
6382,1,8,rld,14:15:09.260,3847,3.593,-0.017,-0.032,0.000,0.000,waitingForTarget,noEvent
6382,1,8,rld,14:15:09.309,3848,0.052,-0.017,-0.032,0.000,0.000,activeTracking,targetAppeared
6382,1,8,rld,14:15:09.358,3849,0.091,-0.017,-0.032,0.000,0.000,activeTracking,noEvent
6382,1,8,rld,14:15:09.415,3850,0.142,-0.017,-0.032,0.000,0.000,activeTracking,noEvent
6382,1,8,rld,14:15:09.451,3851,0.191,-0.017,-0.032,0.000,0.000,activeTracking,noEvent
6382,1,8,rld,14:15:09.491,3852,0.233,-0.017,-0.032,0.000,0.000,activeTracking,noEvent
6382,1,8,rld,14:15:09.523,3853,0.259,-0.017,-0.032,0.000,0.000,activeTracking,noEvent
6382,1,8,rld,14:15:09.554,3854,0.298,-0.017,-0.032,0.000,0.000,activeTracking,noEvent
6382,1,8,rld,14:15:09.595,3855,0.332,-0.017,-0.032,0.000,0.000,activeTracking,noEvent
6382,1,8,rld,14:15:09.628,3856,0.370,-0.017,-0.032,0.000,0.000,activeTracking,noEvent
6382,1,8,rld,14:15:09.661,3857,0.406,-0.017,-0.032,0.000,0.000,activeTracking,noEvent
6382,1,8,rld,14:15:09.711,3858,0.453,-0.017,-0.032,0.000,0.000,activeTracking,noEvent
6382,1,8,rld,14:15:09.758,3859,0.502,-0.017,-0.032,0.000,0.000,activeTracking,noEvent
6382,1,8,rld,14:15:09.857,3860,0.589,-0.017,-0.032,0.000,0.000,activeTracking,noEvent
6382,1,8,rld,14:15:09.991,3861,0.704,0.264,0.001,2.500,0.300,activeTracking,noEvent
6382,1,8,rld,14:15:10.035,3862,0.774,0.663,0.047,2.700,0.300,activeTracking,noEvent
6382,1,8,rld,14:15:10.075,3863,0.811,0.944,0.062,1.300,0.000,activeTracking,noEvent
6382,1,8,rld,14:15:10.117,3864,0.851,1.163,0.079,1.100,0.100,activeTracking,noEvent
6382,1,8,rld,14:15:10.155,3865,0.894,1.339,0.085,0.900,0.000,activeTracking,noEvent
6382,1,8,rld,14:15:10.189,3866,0.928,1.525,0.087,1.100,0.000,activeTracking,noEvent
6382,1,8,rld,14:15:10.217,3867,0.952,1.610,0.088,0.200,0.000,activeTracking,noEvent
6382,1,8,rld,14:15:10.253,3868,0.984,1.685,0.088,0.400,0.000,activeTracking,noEvent
6382,1,8,rld,14:15:10.361,3869,1.104,1.908,0.089,1.700,0.000,activeTracking,noEvent
6382,1,8,rld,14:15:10.394,3870,1.135,2.006,0.090,0.200,0.000,activeTracking,noEvent
6382,1,8,rld,14:15:10.409,3871,1.154,2.051,0.090,0.100,0.000,activeTracking,noEvent
6382,1,8,rld,14:15:10.443,3872,1.183,2.077,0.078,0.100,-0.100,activeTracking,noEvent
6382,1,8,rld,14:15:10.505,3873,1.240,2.098,0.063,0.100,-0.100,activeTracking,noEvent
6382,1,8,rld,14:15:10.557,3874,1.295,2.105,0.035,0.000,-0.200,activeTracking,noEvent
6382,1,8,rld,14:15:10.574,3875,1.318,2.119,0.014,0.100,-0.100,activeTracking,noEvent
6382,1,8,rld,14:15:10.604,3876,1.345,2.124,-0.004,0.000,-0.100,activeTracking,noEvent
6382,1,8,rld,14:15:10.642,3877,1.382,2.149,-0.034,0.200,-0.200,activeTracking,noEvent
6382,1,8,rld,14:15:10.693,3878,1.436,2.205,-0.089,0.400,-0.400,activeTracking,noEvent
6382,1,8,rld,14:15:10.736,3879,1.473,2.259,-0.131,0.300,-0.200,activeTracking,noEvent
6382,1,8,rld,14:15:10.784,3880,1.523,2.313,-0.168,0.300,-0.200,activeTracking,noEvent
6382,1,8,rld,14:15:10.827,3881,1.570,2.342,-0.192,0.100,-0.100,activeTracking,noEvent
6382,1,8,rld,14:15:10.874,3882,1.613,2.364,-0.200,0.100,0.000,activeTracking,noEvent
6382,1,8,rld,14:15:10.923,3883,1.664,2.395,-0.215,0.200,-0.100,activeTracking,noEvent
6382,1,8,rld,14:15:10.969,3884,1.706,2.418,-0.219,0.100,0.000,activeTracking,noEvent
6382,1,8,rld,14:15:11.124,3885,1.850,2.569,-0.221,1.200,0.000,onTarget,noEvent
6382,1,8,rld,14:15:11.159,3886,1.902,2.656,-0.222,0.300,0.000,onTarget,noEvent
6382,1,8,rld,14:15:11.184,3887,1.927,2.685,-0.223,0.000,0.000,onTarget,noEvent
6382,1,8,rld,14:15:11.209,3888,1.953,2.707,-0.223,0.100,0.000,onTarget,noEvent
6382,1,8,rld,14:15:11.221,3889,1.966,2.714,-0.223,0.000,0.000,onTarget,noEvent
6382,1,8,rld,14:15:11.244,3890,1.989,2.717,-0.223,0.000,0.000,onTarget,noEvent
6382,1,8,rld,14:15:11.288,3891,2.031,2.718,-0.223,0.000,0.000,onTarget,noEvent
6382,1,8,rld,14:15:11.336,3892,2.080,2.718,-0.223,0.000,0.000,onTarget,noEvent
6382,1,8,rld,14:15:11.378,3893,2.122,2.718,-0.223,0.000,0.000,onTarget,noEvent
6382,1,8,rld,14:15:11.440,3894,2.175,2.718,-0.223,0.000,0.000,onTarget,noEvent
6382,1,8,rld,14:15:11.495,3895,2.234,2.730,-0.199,0.100,0.200,onTarget,noEvent
6382,1,8,rld,14:15:11.539,3896,2.273,2.734,-0.180,0.000,0.100,onTarget,noEvent
6382,1,8,rld,14:15:11.618,3897,2.350,2.736,-0.173,0.000,0.000,onTarget,noEvent
6382,1,8,rld,14:15:11.706,3898,2.436,2.736,-0.148,0.000,0.200,onTarget,noEvent
6382,1,8,rld,14:15:11.760,3899,2.500,2.712,-0.116,-0.200,0.200,onTarget,noEvent
6382,1,8,rld,14:15:11.787,3900,2.528,2.692,-0.094,-0.100,0.100,onTarget,noEvent
6382,1,8,rld,14:15:11.823,3901,2.566,2.685,-0.086,0.000,0.000,onTarget,noEvent
6382,1,8,rld,14:15:11.843,3902,2.588,2.683,-0.084,0.000,0.000,onTarget,noEvent
6382,1,8,rld,14:15:11.895,3903,2.634,2.682,-0.071,0.000,0.100,onTarget,noEvent
6382,1,8,rld,14:15:11.956,3904,2.696,2.682,-0.055,0.000,0.100,onTarget,noEvent
6382,1,8,rld,14:15:12.027,3905,2.770,2.670,-0.050,-0.100,0.000,onTarget,noEvent
6382,1,8,rld,14:15:12.053,3906,2.798,2.666,-0.048,0.000,0.000,onTarget,noEvent
6382,1,8,rld,14:15:12.077,3907,2.821,2.664,-0.048,0.000,0.000,onTarget,noEvent
6382,1,8,rld,14:15:12.140,3908,2.880,2.664,-0.048,0.000,0.000,onTarget,noEvent
6382,1,8,rld,14:15:12.223,3909,2.963,2.664,-0.048,0.000,0.000,onTarget,noEvent
6382,1,8,rld,14:15:12.253,3910,2.989,2.664,-0.047,0.000,0.000,onTarget,noEvent
6382,1,8,rld,14:15:12.273,3911,3.013,2.664,-0.047,0.000,0.000,onTarget,noEvent
6382,1,8,rld,14:15:12.289,3912,3.033,2.664,-0.047,0.000,0.000,onTarget,noEvent
6382,1,8,rld,14:15:12.322,3913,3.064,2.664,-0.047,0.000,0.000,onTarget,noEvent
6382,1,8,rld,14:15:12.372,3914,3.113,2.664,-0.047,0.000,0.000,onTarget,targetClick
6382,1,9,rld,14:15:16.755,4006,3.210,0.203,0.136,0.000,0.000,waitingForTarget,middleTargetClick
6382,1,9,rld,14:15:16.824,4007,3.289,0.203,0.136,0.000,0.000,waitingForTarget,noEvent
6382,1,9,rld,14:15:16.875,4008,3.346,0.203,0.136,0.000,0.000,waitingForTarget,noEvent
6382,1,9,rld,14:15:16.915,4009,3.384,0.203,0.136,0.000,0.000,waitingForTarget,noEvent
6382,1,9,rld,14:15:16.941,4010,3.411,0.203,0.136,0.000,0.000,waitingForTarget,noEvent
6382,1,9,rld,14:15:16.960,4011,3.431,0.203,0.136,0.000,0.000,waitingForTarget,noEvent
6382,1,9,rld,14:15:16.997,4012,3.465,0.203,0.136,0.000,0.000,waitingForTarget,noEvent
6382,1,9,rld,14:15:17.078,4013,3.546,0.203,0.136,0.000,0.000,waitingForTarget,noEvent
6382,1,9,rld,14:15:17.143,4014,3.602,0.203,0.136,0.000,0.000,waitingForTarget,noEvent
6382,1,9,rld,14:15:17.193,4015,3.661,0.203,0.136,0.000,0.000,waitingForTarget,noEvent
6382,1,9,rld,14:15:17.259,4016,0.070,0.203,0.136,0.000,0.000,activeTracking,targetAppeared
6382,1,9,rld,14:15:17.301,4017,0.105,0.203,0.136,0.000,0.000,activeTracking,noEvent
6382,1,9,rld,14:15:17.341,4018,0.138,0.203,0.136,0.000,0.000,activeTracking,noEvent
6382,1,9,rld,14:15:17.387,4019,0.190,0.203,0.136,0.000,0.000,activeTracking,noEvent
6382,1,9,rld,14:15:17.442,4020,0.250,0.203,0.136,0.000,0.000,activeTracking,noEvent
6382,1,9,rld,14:15:17.485,4021,0.286,0.203,0.136,0.000,0.000,activeTracking,noEvent
6382,1,9,rld,14:15:17.518,4022,0.329,0.203,0.136,0.000,0.000,activeTracking,noEvent
6382,1,9,rld,14:15:17.570,4023,0.378,0.203,0.136,0.000,0.000,activeTracking,noEvent
6382,1,9,rld,14:15:17.608,4024,0.411,0.203,0.136,0.000,0.000,activeTracking,noEvent
6382,1,9,rld,14:15:17.648,4025,0.450,0.203,0.136,0.000,0.000,activeTracking,noEvent
6382,1,9,rld,14:15:17.688,4026,0.492,0.203,0.136,0.000,0.000,activeTracking,noEvent
6382,1,9,rld,14:15:17.725,4027,0.531,0.203,0.136,0.000,0.000,activeTracking,noEvent
6382,1,9,rld,14:15:17.753,4028,0.557,0.203,0.136,0.000,0.000,activeTracking,noEvent
6382,1,9,rld,14:15:17.787,4029,0.597,0.203,0.136,0.000,0.000,activeTracking,noEvent
6382,1,9,rld,14:15:17.867,4030,0.674,0.203,0.136,0.000,0.000,activeTracking,noEvent
6382,1,9,rld,14:15:17.921,4031,0.729,0.203,0.136,0.000,0.000,activeTracking,noEvent
6382,1,9,rld,14:15:17.965,4032,0.769,0.203,0.136,0.000,0.000,activeTracking,noEvent
6382,1,9,rld,14:15:17.999,4033,0.801,0.203,0.136,0.000,0.000,activeTracking,noEvent
6382,1,9,rld,14:15:18.017,4034,0.828,0.203,0.136,0.000,0.000,activeTracking,noEvent
6382,1,9,rld,14:15:18.078,4035,0.887,0.203,0.136,0.000,0.000,activeTracking,noEvent
6382,1,9,rld,14:15:18.105,4036,0.917,0.203,0.136,0.000,0.000,activeTracking,noEvent
6382,1,9,rld,14:15:18.146,4037,0.951,0.203,0.136,0.000,0.000,activeTracking,noEvent
6382,1,9,rld,14:15:18.183,4038,0.988,0.203,0.136,0.000,0.000,activeTracking,noEvent
6382,1,9,rld,14:15:18.218,4039,1.023,0.203,0.136,0.000,0.000,activeTracking,noEvent
6382,1,9,rld,14:15:18.260,4040,1.070,0.203,0.136,0.000,0.000,activeTracking,noEvent
6382,1,9,rld,14:15:18.306,4041,1.118,0.203,0.136,0.000,0.000,activeTracking,noEvent
6382,1,9,rld,14:15:18.360,4042,1.167,0.203,0.136,0.000,0.000,activeTracking,noEvent
6382,1,9,rld,14:15:18.406,4043,1.217,0.203,0.136,0.000,0.000,activeTracking,noEvent
6382,1,9,rld,14:15:18.448,4044,1.254,0.203,0.136,0.000,0.000,activeTracking,noEvent
6382,1,9,rld,14:15:18.491,4045,1.300,0.203,0.136,0.000,0.000,activeTracking,noEvent
6382,1,9,rld,14:15:18.538,4046,1.350,0.203,0.136,0.000,0.000,activeTracking,noEvent
6382,1,9,rld,14:15:18.585,4047,1.391,0.203,0.136,0.000,0.000,activeTracking,noEvent
6382,1,9,rld,14:15:18.627,4048,1.437,0.203,0.136,0.000,0.000,activeTracking,noEvent
6382,1,9,rld,14:15:18.672,4049,1.482,0.203,0.136,0.000,0.000,activeTracking,noEvent
6382,1,9,rld,14:15:18.722,4050,1.532,0.203,0.136,0.000,0.000,activeTracking,noEvent
6382,1,9,rld,14:15:18.770,4051,1.572,0.203,0.136,0.000,0.000,activeTracking,noEvent
6382,1,9,rld,14:15:18.856,4052,1.662,0.203,0.136,0.000,0.000,activeTracking,noEvent
6382,1,9,rld,14:15:18.903,4053,1.714,0.203,0.136,0.000,0.000,activeTracking,noEvent
6382,1,9,rld,14:15:18.953,4054,1.758,0.203,0.136,0.000,0.000,activeTracking,noEvent
6382,1,9,rld,14:15:19.001,4055,1.800,0.203,0.136,0.000,0.000,activeTracking,noEvent
6382,1,9,rld,14:15:19.044,4056,1.851,0.203,0.136,0.000,0.000,activeTracking,noEvent
6382,1,9,rld,14:15:19.103,4057,1.912,0.203,0.136,0.000,0.000,activeTracking,noEvent
6382,1,9,rld,14:15:19.175,4058,1.970,0.203,0.136,0.000,0.000,activeTracking,noEvent
6382,1,9,rld,14:15:19.253,4059,2.057,0.349,0.125,1.300,-0.100,activeTracking,noEvent
6382,1,9,rld,14:15:19.336,4060,2.121,0.454,0.110,0.500,-0.100,activeTracking,noEvent
6382,1,9,rld,14:15:19.363,4061,2.170,0.647,0.083,1.400,-0.200,activeTracking,noEvent
6382,1,9,rld,14:15:19.378,4062,2.190,0.757,0.074,0.400,0.000,activeTracking,noEvent
6382,1,9,rld,14:15:19.415,4063,2.219,0.907,0.048,1.000,-0.200,activeTracking,noEvent
6382,1,9,rld,14:15:19.454,4064,2.263,1.037,0.040,0.700,0.000,activeTracking,noEvent
6382,1,9,rld,14:15:19.505,4065,2.305,1.171,0.015,0.800,-0.200,activeTracking,noEvent
6382,1,9,rld,14:15:19.568,4066,2.373,1.308,-0.016,0.800,-0.200,activeTracking,noEvent
6382,1,9,rld,14:15:19.609,4067,2.415,1.411,-0.038,0.500,-0.100,activeTracking,noEvent
6382,1,9,rld,14:15:19.626,4068,2.437,1.468,-0.057,0.200,-0.100,activeTracking,noEvent
6382,1,9,rld,14:15:19.664,4069,2.467,1.510,-0.074,0.200,-0.100,activeTracking,noEvent
6382,1,9,rld,14:15:19.709,4070,2.517,1.582,-0.114,0.500,-0.300,activeTracking,noEvent
6382,1,9,rld,14:15:19.751,4071,2.556,1.629,-0.162,0.200,-0.300,activeTracking,noEvent
6382,1,9,rld,14:15:19.824,4072,2.625,1.691,-0.223,0.400,-0.400,activeTracking,noEvent
6382,1,9,rld,14:15:19.899,4073,2.698,1.770,-0.278,0.500,-0.300,activeTracking,noEvent
6382,1,9,rld,14:15:19.936,4074,2.740,1.843,-0.309,0.400,-0.100,activeTracking,noEvent
6382,1,9,rld,14:15:19.978,4075,2.788,1.914,-0.330,0.400,-0.100,activeTracking,noEvent
6382,1,9,rld,14:15:20.003,4076,2.814,1.950,-0.349,0.100,-0.100,activeTracking,noEvent
6382,1,9,rld,14:15:20.120,4077,2.899,1.997,-0.355,0.300,0.000,activeTracking,noEvent
6382,1,9,rld,14:15:20.177,4078,2.987,2.118,-0.347,0.900,0.100,activeTracking,noEvent
6382,1,9,rld,14:15:20.205,4079,3.014,2.183,-0.344,0.200,0.000,activeTracking,noEvent
6382,1,9,rld,14:15:20.234,4080,3.045,2.216,-0.343,0.100,0.000,activeTracking,noEvent
6382,1,9,rld,14:15:20.267,4081,3.072,2.239,-0.343,0.100,0.000,activeTracking,noEvent
6382,1,9,rld,14:15:20.325,4082,3.135,2.258,-0.320,0.100,0.200,activeTracking,noEvent
6382,1,9,rld,14:15:20.373,4083,3.179,2.277,-0.289,0.100,0.200,activeTracking,noEvent
6382,1,9,rld,14:15:20.390,4084,3.201,2.307,-0.256,0.200,0.200,activeTracking,noEvent
6382,1,9,rld,14:15:20.423,4085,3.231,2.317,-0.221,0.000,0.200,activeTracking,noEvent
6382,1,9,rld,14:15:20.461,4086,3.271,2.332,-0.187,0.100,0.200,activeTracking,noEvent
6382,1,9,rld,14:15:20.510,4087,3.319,2.349,-0.141,0.100,0.300,activeTracking,noEvent
6382,1,9,rld,14:15:20.555,4088,3.362,2.378,-0.090,0.200,0.300,onTarget,noEvent
6382,1,9,rld,14:15:20.605,4089,3.415,2.400,-0.050,0.100,0.200,onTarget,noEvent
6382,1,9,rld,14:15:20.655,4090,3.462,2.419,-0.014,0.100,0.200,onTarget,noEvent
6382,1,9,rld,14:15:20.700,4091,3.506,2.438,0.010,0.100,0.100,onTarget,noEvent
6382,1,9,rld,14:15:20.743,4092,3.551,2.456,0.041,0.100,0.200,onTarget,noEvent
6382,1,9,rld,14:15:20.797,4093,3.606,2.474,0.063,0.100,0.100,onTarget,noEvent
6382,1,9,rld,14:15:20.848,4094,3.660,2.516,0.094,0.300,0.200,onTarget,noEvent
6382,1,9,rld,14:15:20.878,4095,3.689,2.542,0.128,0.100,0.200,onTarget,noEvent
6382,1,9,rld,14:15:20.955,4096,3.746,2.563,0.162,0.100,0.200,onTarget,noEvent
6382,1,9,rld,14:15:21.056,4097,3.859,2.606,0.174,0.300,0.000,onTarget,noEvent
6382,1,9,rld,14:15:21.110,4098,3.919,2.656,0.178,0.300,0.000,onTarget,noEvent
6382,1,9,rld,14:15:21.125,4099,3.937,2.673,0.180,0.000,0.000,onTarget,noEvent
6382,1,9,rld,14:15:21.159,4100,3.966,2.691,0.180,0.100,0.000,onTarget,noEvent
6382,1,10,rld,14:15:25.554,4194,0.033,0.135,-0.184,0.000,0.000,activeTracking,targetAppeared
6382,1,10,rld,14:15:25.594,4195,0.067,0.135,-0.184,0.000,0.000,activeTracking,noEvent
6382,1,10,rld,14:15:25.622,4196,0.101,0.135,-0.184,0.000,0.000,activeTracking,noEvent
6382,1,10,rld,14:15:25.640,4197,0.122,0.135,-0.184,0.000,0.000,activeTracking,noEvent
6382,1,10,rld,14:15:25.674,4198,0.152,0.135,-0.184,0.000,0.000,activeTracking,failedClick
6382,1,11,rld,14:15:27.166,4228,0.218,0.135,-0.184,0.000,0.000,waitingForTarget,middleTargetClick
6382,1,11,rld,14:15:27.203,4229,0.263,0.135,-0.184,0.000,0.000,waitingForTarget,noEvent
6382,1,11,rld,14:15:27.244,4230,0.300,0.135,-0.184,0.000,0.000,waitingForTarget,noEvent
6382,1,11,rld,14:15:27.305,4231,0.357,0.135,-0.184,0.000,0.000,waitingForTarget,noEvent
6382,1,11,rld,14:15:27.356,4232,0.416,0.135,-0.184,0.000,0.000,waitingForTarget,noEvent
6382,1,11,rld,14:15:27.395,4233,0.455,0.135,-0.184,0.000,0.000,waitingForTarget,noEvent
6382,1,11,rld,14:15:27.437,4234,0.498,0.135,-0.184,0.000,0.000,waitingForTarget,noEvent
6382,1,11,rld,14:15:27.476,4235,0.530,0.135,-0.184,0.000,0.000,waitingForTarget,noEvent
6382,1,11,rld,14:15:27.521,4236,0.569,0.135,-0.184,0.000,0.000,waitingForTarget,noEvent
6382,1,11,rld,14:15:27.557,4237,0.607,0.135,-0.184,0.000,0.000,waitingForTarget,noEvent
6382,1,11,rld,14:15:27.597,4238,0.649,0.135,-0.184,0.000,0.000,waitingForTarget,noEvent
6382,1,11,rld,14:15:27.628,4239,0.039,0.135,-0.184,0.000,0.000,activeTracking,targetAppeared
6382,1,11,rld,14:15:27.680,4240,0.090,0.135,-0.184,0.000,0.000,activeTracking,noEvent
6382,1,11,rld,14:15:27.720,4241,0.123,0.135,-0.184,0.000,0.000,activeTracking,noEvent
6382,1,11,rld,14:15:27.740,4242,0.153,0.135,-0.184,0.000,0.000,activeTracking,noEvent
6382,1,11,rld,14:15:27.777,4243,0.188,0.135,-0.184,0.000,0.000,activeTracking,noEvent
6382,1,11,rld,14:15:27.836,4244,0.246,0.135,-0.184,0.000,0.000,activeTracking,noEvent
6382,1,11,rld,14:15:27.906,4245,0.317,0.135,-0.184,0.000,0.000,activeTracking,noEvent
6382,1,11,rld,14:15:27.941,4246,0.353,0.135,-0.184,0.000,0.000,activeTracking,noEvent
6382,1,11,rld,14:15:27.997,4247,0.403,0.135,-0.184,0.000,0.000,activeTracking,noEvent
6382,1,11,rld,14:15:28.049,4248,0.457,0.135,-0.184,0.000,0.000,activeTracking,noEvent
6382,1,11,rld,14:15:28.108,4249,0.517,0.135,-0.184,0.000,0.000,activeTracking,noEvent
6382,1,11,rld,14:15:28.156,4250,0.567,0.135,-0.184,0.000,0.000,activeTracking,noEvent
6382,1,11,rld,14:15:28.209,4251,0.608,0.135,-0.184,0.000,0.000,activeTracking,noEvent
6382,1,11,rld,14:15:28.265,4252,0.663,0.135,-0.184,0.000,0.000,activeTracking,noEvent
6382,1,11,rld,14:15:28.307,4253,0.712,0.135,-0.184,0.000,0.000,activeTracking,noEvent
6382,1,11,rld,14:15:28.357,4254,0.764,0.135,-0.184,0.000,0.000,activeTracking,noEvent
6382,1,11,rld,14:15:28.405,4255,0.808,0.135,-0.184,0.000,0.000,activeTracking,noEvent
6382,1,11,rld,14:15:28.465,4256,0.871,0.135,-0.184,0.000,0.000,activeTracking,failedClick
6382,1,12,rld,14:15:31.947,4331,0.899,0.405,0.069,0.000,0.000,waitingForTarget,middleTargetClick
6382,1,12,rld,14:15:31.999,4332,0.955,0.405,0.069,0.000,0.000,waitingForTarget,noEvent
6382,1,12,rld,14:15:32.038,4333,0.995,0.405,0.069,0.000,0.000,waitingForTarget,noEvent
6382,1,12,rld,14:15:32.097,4334,1.046,0.405,0.069,0.000,0.000,waitingForTarget,noEvent
6382,1,12,rld,14:15:32.138,4335,1.095,0.405,0.069,0.000,0.000,waitingForTarget,noEvent
6382,1,12,rld,14:15:32.196,4336,1.145,0.405,0.069,0.000,0.000,waitingForTarget,noEvent
6382,1,12,rld,14:15:32.265,4337,1.215,0.405,0.069,0.000,0.000,waitingForTarget,noEvent
6382,1,12,rld,14:15:32.335,4338,1.285,0.405,0.069,0.000,0.000,waitingForTarget,noEvent
6382,1,12,rld,14:15:32.361,4339,1.317,0.405,0.069,0.000,0.000,waitingForTarget,noEvent
6382,1,12,rld,14:15:32.398,4340,0.036,0.405,0.069,0.000,0.000,activeTracking,targetAppeared
6382,1,12,rld,14:15:32.494,4341,0.123,0.405,0.069,0.000,0.000,activeTracking,noEvent
6382,1,12,rld,14:15:32.565,4342,0.191,0.405,0.069,0.000,0.000,activeTracking,noEvent
6382,1,12,rld,14:15:32.606,4343,0.245,0.405,0.069,0.000,0.000,activeTracking,noEvent
6382,1,12,rld,14:15:32.653,4344,0.280,0.405,0.069,0.000,0.000,activeTracking,noEvent
6382,1,12,rld,14:15:32.698,4345,0.335,0.405,0.069,0.000,0.000,activeTracking,noEvent
6382,1,12,rld,14:15:32.735,4346,0.365,0.405,0.069,0.000,0.000,activeTracking,noEvent
6382,1,12,rld,14:15:32.775,4347,0.410,0.405,0.069,0.000,0.000,activeTracking,noEvent
6382,1,12,rld,14:15:32.837,4348,0.475,0.405,0.069,0.000,0.000,activeTracking,noEvent
6382,1,12,rld,14:15:32.861,4349,0.496,0.405,0.069,0.000,0.000,activeTracking,noEvent
6382,1,12,rld,14:15:32.883,4350,0.516,0.405,0.069,0.000,0.000,activeTracking,noEvent
6382,1,12,rld,14:15:32.920,4351,0.559,0.405,0.069,0.000,0.000,activeTracking,noEvent
6382,1,12,rld,14:15:32.969,4352,0.607,0.405,0.069,0.000,0.000,activeTracking,noEvent
6382,1,12,rld,14:15:33.035,4353,0.659,0.405,0.069,0.000,0.000,activeTracking,noEvent
6382,1,12,rld,14:15:33.109,4354,0.735,0.405,0.069,0.000,0.000,activeTracking,noEvent
6382,1,12,rld,14:15:33.169,4355,0.798,0.405,0.069,0.000,0.000,activeTracking,noEvent
6382,1,12,rld,14:15:33.219,4356,0.849,0.405,0.069,0.000,0.000,activeTracking,noEvent
6382,1,12,rld,14:15:33.292,4357,0.929,0.496,0.069,0.800,0.000,activeTracking,noEvent
6382,1,12,rld,14:15:33.334,4358,0.974,0.661,0.069,1.200,0.000,activeTracking,noEvent
6382,1,12,rld,14:15:33.369,4359,1.008,0.773,0.069,0.500,0.000,activeTracking,noEvent
6382,1,12,rld,14:15:33.407,4360,1.044,0.844,0.069,0.300,0.000,activeTracking,noEvent
6382,1,12,rld,14:15:33.443,4361,1.081,0.948,0.070,0.700,0.000,activeTracking,noEvent
6382,1,12,rld,14:15:33.488,4362,1.124,1.039,0.070,0.500,0.000,activeTracking,noEvent
6382,1,12,rld,14:15:33.571,4363,1.208,1.172,0.047,0.900,-0.200,activeTracking,noEvent
6382,1,12,rld,14:15:33.604,4364,1.242,1.251,0.029,0.300,-0.100,activeTracking,noEvent
6382,1,12,rld,14:15:33.664,4365,1.294,1.311,0.011,0.300,-0.100,activeTracking,noEvent
6382,1,12,rld,14:15:33.716,4366,1.348,1.366,-0.018,0.300,-0.200,activeTracking,noEvent
6382,1,12,rld,14:15:33.742,4367,1.378,1.407,-0.038,0.200,-0.100,activeTracking,noEvent
6382,1,12,rld,14:15:33.772,4368,1.408,1.433,-0.045,0.100,0.000,activeTracking,noEvent
6382,1,12,rld,14:15:33.829,4369,1.465,1.487,-0.082,0.400,-0.300,activeTracking,noEvent
6382,1,12,rld,14:15:33.862,4370,1.500,1.551,-0.117,0.400,-0.200,activeTracking,noEvent
6382,1,12,rld,14:15:33.923,4371,1.550,1.631,-0.140,0.500,-0.100,activeTracking,noEvent
6382,1,12,rld,14:15:33.953,4372,1.589,1.680,-0.170,0.200,-0.200,activeTracking,noEvent
6382,1,12,rld,14:15:33.990,4373,1.627,1.732,-0.192,0.300,-0.100,activeTracking,noEvent
6382,1,12,rld,14:15:34.017,4374,1.655,1.760,-0.211,0.100,-0.100,activeTracking,noEvent
6382,1,12,rld,14:15:34.055,4375,1.690,1.805,-0.217,0.300,0.000,activeTracking,noEvent
6382,1,12,rld,14:15:34.086,4376,1.725,1.855,-0.219,0.300,0.000,activeTracking,noEvent
6382,1,12,rld,14:15:34.140,4377,1.775,1.930,-0.220,0.500,0.000,activeTracking,noEvent
6382,1,12,rld,14:15:34.287,4378,1.916,2.108,-0.198,1.300,0.200,activeTracking,noEvent
6382,1,12,rld,14:15:34.317,4379,1.949,2.191,-0.179,0.200,0.100,activeTracking,noEvent
6382,1,12,rld,14:15:34.373,4380,2.007,2.254,-0.161,0.300,0.100,activeTracking,noEvent
6382,1,12,rld,14:15:34.410,4381,2.043,2.311,-0.132,0.300,0.200,activeTracking,noEvent
6382,1,12,rld,14:15:34.480,4382,2.115,2.401,-0.087,0.600,0.300,onTarget,noEvent
6382,1,12,rld,14:15:34.515,4383,2.148,2.468,-0.049,0.300,0.200,onTarget,noEvent
6382,1,12,rld,14:15:34.550,4384,2.184,2.526,-0.013,0.300,0.200,onTarget,noEvent
6382,1,12,rld,14:15:34.601,4385,2.228,2.593,0.045,0.400,0.400,onTarget,noEvent
6382,1,12,rld,14:15:34.647,4386,2.268,2.664,0.077,0.400,0.100,onTarget,noEvent
6382,1,12,rld,14:15:34.705,4387,2.334,2.712,0.111,0.200,0.200,onTarget,noEvent
6382,1,12,rld,14:15:34.749,4388,2.384,2.753,0.134,0.200,0.100,onTarget,noEvent
6382,1,12,rld,14:15:34.774,4389,2.411,2.778,0.142,0.100,0.000,onTarget,noEvent
6382,1,12,rld,14:15:34.812,4390,2.450,2.787,0.145,0.000,0.000,onTarget,noEvent
6382,1,12,rld,14:15:34.837,4391,2.475,2.790,0.146,0.000,0.000,onTarget,noEvent
6382,1,12,rld,14:15:34.856,4392,2.496,2.791,0.146,0.000,0.000,onTarget,noEvent
6382,1,12,rld,14:15:34.927,4393,2.564,2.815,0.146,0.200,0.000,onTarget,noEvent
6382,1,12,rld,14:15:34.957,4394,2.595,2.824,0.146,0.000,0.000,onTarget,noEvent
6382,1,12,rld,14:15:34.982,4395,2.617,2.826,0.146,0.000,0.000,onTarget,noEvent
6382,1,12,rld,14:15:35.024,4396,2.661,2.827,0.146,0.000,0.000,onTarget,noEvent
6382,1,12,rld,14:15:35.068,4397,2.707,2.828,0.146,0.000,0.000,onTarget,noEvent
6382,1,12,rld,14:15:35.117,4398,2.756,2.828,0.146,0.000,0.000,onTarget,noEvent
6382,1,12,rld,14:15:35.173,4399,2.808,2.828,0.146,0.000,0.000,onTarget,noEvent
6382,1,12,rld,14:15:35.207,4400,2.847,2.828,0.146,0.000,0.000,onTarget,noEvent
6382,1,12,rld,14:15:35.268,4401,2.905,2.828,0.146,0.000,0.000,onTarget,noEvent
6382,1,12,rld,14:15:35.393,4402,3.012,2.828,0.146,0.000,0.000,onTarget,targetClick
6382,1,13,rld,14:15:39.623,4493,3.106,-0.135,0.052,0.000,0.000,waitingForTarget,middleTargetClick
6382,1,13,rld,14:15:39.669,4494,3.158,-0.135,0.052,0.000,0.000,waitingForTarget,noEvent
6382,1,13,rld,14:15:39.683,4495,3.174,-0.135,0.052,0.000,0.000,waitingForTarget,noEvent
6382,1,13,rld,14:15:39.709,4496,3.197,-0.135,0.052,0.000,0.000,waitingForTarget,noEvent
6382,1,13,rld,14:15:39.764,4497,3.247,-0.135,0.052,0.000,0.000,waitingForTarget,noEvent
6382,1,13,rld,14:15:39.900,4498,3.366,-0.135,0.052,0.000,0.000,waitingForTarget,noEvent
6382,1,13,rld,14:15:39.948,4499,3.430,-0.135,0.052,0.000,0.000,waitingForTarget,noEvent
6382,1,13,rld,14:15:39.975,4500,3.460,-0.135,0.052,0.000,0.000,waitingForTarget,noEvent
6382,1,13,rld,14:15:40.007,4501,3.497,-0.135,0.052,0.000,0.000,waitingForTarget,noEvent
6382,1,13,rld,14:15:40.019,4502,3.509,-0.135,0.052,0.000,0.000,waitingForTarget,noEvent
6382,1,13,rld,14:15:40.048,4503,0.024,-0.135,0.052,0.000,0.000,activeTracking,targetAppeared
6382,1,13,rld,14:15:40.086,4504,0.065,-0.135,0.052,0.000,0.000,activeTracking,noEvent
6382,1,13,rld,14:15:40.135,4505,0.109,-0.135,0.052,0.000,0.000,activeTracking,noEvent
6382,1,13,rld,14:15:40.193,4506,0.169,-0.135,0.052,0.000,0.000,activeTracking,noEvent
6382,1,13,rld,14:15:40.274,4507,0.250,-0.135,0.052,0.000,0.000,activeTracking,noEvent
6382,1,13,rld,14:15:40.335,4508,0.288,-0.135,0.052,0.000,0.000,activeTracking,noEvent
6382,1,13,rld,14:15:40.417,4509,0.385,-0.135,0.052,0.000,0.000,activeTracking,noEvent
6382,1,13,rld,14:15:40.460,4510,0.435,-0.135,0.052,0.000,0.000,activeTracking,noEvent
6382,1,13,rld,14:15:40.504,4511,0.471,-0.135,0.052,0.000,0.000,activeTracking,noEvent
6382,1,13,rld,14:15:40.552,4512,0.522,-0.135,0.052,0.000,0.000,activeTracking,noEvent
6382,1,13,rld,14:15:40.602,4513,0.570,-0.135,0.052,0.000,0.000,activeTracking,noEvent
6382,1,13,rld,14:15:40.647,4514,0.619,-0.135,0.052,0.000,0.000,activeTracking,noEvent
6382,1,13,rld,14:15:40.689,4515,0.668,-0.135,0.052,0.000,0.000,activeTracking,noEvent
6382,1,13,rld,14:15:40.743,4516,0.719,-0.135,0.052,0.000,0.000,activeTracking,noEvent
6382,1,13,rld,14:15:40.763,4517,0.741,-0.135,0.052,0.000,0.000,activeTracking,noEvent
6382,1,13,rld,14:15:40.781,4518,0.762,-0.135,0.052,0.000,0.000,activeTracking,noEvent
6382,1,13,rld,14:15:40.848,4519,0.821,-0.135,0.052,0.000,0.000,activeTracking,noEvent
6382,1,13,rld,14:15:40.863,4520,0.845,-0.135,0.052,0.000,0.000,activeTracking,noEvent
6382,1,13,rld,14:15:40.889,4521,0.869,-0.135,0.052,0.000,0.000,activeTracking,noEvent
6382,1,13,rld,14:15:40.947,4522,0.922,-0.135,0.052,0.000,0.000,activeTracking,noEvent
6382,1,13,rld,14:15:40.992,4523,0.973,-0.135,0.052,0.000,0.000,activeTracking,noEvent
6382,1,13,rld,14:15:41.038,4524,1.017,-0.135,0.052,0.000,0.000,activeTracking,noEvent
6382,1,13,rld,14:15:41.099,4525,1.075,-0.236,0.052,-0.900,0.000,activeTracking,noEvent
6382,1,13,rld,14:15:41.142,4526,1.118,-0.417,0.030,-1.300,-0.200,activeTracking,noEvent
6382,1,13,rld,14:15:41.197,4527,1.165,-0.612,0.011,-1.200,-0.100,activeTracking,noEvent
6382,1,13,rld,14:15:41.260,4528,1.230,-0.847,-0.040,-1.500,-0.400,activeTracking,noEvent
6382,1,13,rld,14:15:41.297,4529,1.274,-1.028,-0.080,-0.900,-0.200,activeTracking,noEvent
6382,1,13,rld,14:15:41.352,4530,1.320,-1.180,-0.093,-0.800,0.000,activeTracking,noEvent
6382,1,13,rld,14:15:41.396,4531,1.360,-1.322,-0.120,-0.800,-0.200,activeTracking,noEvent
6382,1,13,rld,14:15:41.437,4532,1.414,-1.473,-0.141,-0.900,-0.100,activeTracking,noEvent
6382,1,13,rld,14:15:41.492,4533,1.470,-1.593,-0.159,-0.600,-0.100,activeTracking,noEvent
6382,1,13,rld,14:15:41.531,4534,1.507,-1.691,-0.165,-0.500,0.000,activeTracking,noEvent
6382,1,13,rld,14:15:41.587,4535,1.549,-1.758,-0.168,-0.300,0.000,activeTracking,noEvent
6382,1,13,rld,14:15:41.633,4536,1.609,-1.804,-0.168,-0.200,0.000,activeTracking,noEvent
6382,1,13,rld,14:15:41.672,4537,1.650,-1.831,-0.169,-0.100,0.000,activeTracking,noEvent
6382,1,13,rld,14:15:41.715,4538,1.689,-1.852,-0.169,-0.100,0.000,activeTracking,noEvent
6382,1,13,rld,14:15:41.760,4539,1.739,-1.859,-0.169,0.000,0.000,activeTracking,noEvent
6382,1,13,rld,14:15:41.815,4540,1.788,-1.873,-0.169,-0.100,0.000,activeTracking,noEvent
6382,1,13,rld,14:15:41.859,4541,1.838,-1.901,-0.169,-0.200,0.000,activeTracking,noEvent
6382,1,13,rld,14:15:41.906,4542,1.882,-1.922,-0.169,-0.100,0.000,activeTracking,noEvent
6382,1,13,rld,14:15:41.977,4543,1.938,-1.952,-0.169,-0.200,0.000,activeTracking,noEvent
6382,1,13,rld,14:15:42.101,4544,2.079,-2.056,-0.169,-0.800,0.000,activeTracking,noEvent
6382,1,13,rld,14:15:42.129,4545,2.107,-2.103,-0.169,-0.100,0.000,activeTracking,noEvent
6382,1,13,rld,14:15:42.186,4546,2.156,-2.142,-0.158,-0.200,0.100,activeTracking,noEvent
6382,1,13,rld,14:15:42.223,4547,2.198,-2.190,-0.154,-0.300,0.000,activeTracking,noEvent
6382,1,13,rld,14:15:42.256,4548,2.232,-2.218,-0.153,-0.100,0.000,activeTracking,noEvent
6382,1,13,rld,14:15:42.273,4549,2.254,-2.240,-0.152,-0.100,0.000,activeTracking,noEvent
6382,1,13,rld,14:15:42.348,4550,2.319,-2.282,-0.152,-0.300,0.000,activeTracking,noEvent
6382,1,13,rld,14:15:42.438,4551,2.415,-2.368,-0.141,-0.600,0.100,activeTracking,noEvent
6382,1,13,rld,14:15:42.483,4552,2.457,-2.433,-0.137,-0.300,0.000,onTarget,noEvent
6382,1,13,rld,14:15:42.516,4553,2.488,-2.466,-0.135,-0.100,0.000,onTarget,noEvent
6382,1,13,rld,14:15:42.539,4554,2.519,-2.501,-0.135,-0.200,0.000,onTarget,noEvent
6382,1,13,rld,14:15:42.568,4555,2.549,-2.525,-0.135,-0.100,0.000,onTarget,noEvent
6382,1,13,rld,14:15:42.612,4556,2.592,-2.545,-0.135,-0.100,0.000,onTarget,noEvent
6382,1,13,rld,14:15:42.684,4557,2.658,-2.588,-0.135,-0.300,0.000,onTarget,noEvent
6382,1,13,rld,14:15:42.718,4558,2.696,-2.614,-0.135,-0.100,0.000,onTarget,noEvent
6382,1,13,rld,14:15:42.775,4559,2.750,-2.659,-0.135,-0.300,0.000,onTarget,noEvent
6382,1,13,rld,14:15:42.836,4560,2.816,-2.711,-0.135,-0.300,0.000,onTarget,noEvent
6382,1,13,rld,14:15:42.865,4561,2.841,-2.740,-0.135,-0.100,0.000,onTarget,noEvent
6382,1,13,rld,14:15:42.927,4562,2.906,-2.750,-0.135,0.000,0.000,onTarget,noEvent
6382,1,13,rld,14:15:42.951,4563,2.931,-2.753,-0.135,0.000,0.000,onTarget,noEvent
6382,1,13,rld,14:15:42.987,4564,2.968,-2.754,-0.135,0.000,0.000,onTarget,noEvent
6382,1,13,rld,14:15:43.018,4565,2.999,-2.754,-0.135,0.000,0.000,onTarget,noEvent
6382,1,13,rld,14:15:43.116,4566,3.091,-2.755,-0.135,0.000,0.000,onTarget,noEvent
6382,1,13,rld,14:15:43.156,4567,3.137,-2.755,-0.135,0.000,0.000,onTarget,noEvent
6382,1,13,rld,14:15:43.179,4568,3.160,-2.755,-0.135,0.000,0.000,onTarget,noEvent
6382,1,13,rld,14:15:43.210,4569,3.189,-2.755,-0.135,0.000,0.000,onTarget,noEvent
6382,1,13,rld,14:15:43.253,4570,3.234,-2.755,-0.135,0.000,0.000,onTarget,noEvent
6382,1,13,rld,14:15:43.298,4571,3.274,-2.755,-0.135,0.000,0.000,onTarget,noEvent
6382,1,13,rld,14:15:43.340,4572,3.321,-2.755,-0.135,0.000,0.000,onTarget,noEvent
6382,1,13,rld,14:15:43.387,4573,3.367,-2.755,-0.135,0.000,0.000,onTarget,noEvent
6382,1,13,rld,14:15:43.440,4574,3.416,-2.755,-0.135,0.000,0.000,onTarget,noEvent
6382,1,13,rld,14:15:43.483,4575,3.457,-2.755,-0.135,0.000,0.000,onTarget,targetClick
6382,1,14,rld,14:15:46.966,4648,3.520,-0.051,0.170,0.000,0.000,waitingForTarget,middleTargetClick
6382,1,14,rld,14:15:47.038,4649,3.607,-0.051,0.170,0.000,0.000,waitingForTarget,noEvent
6382,1,14,rld,14:15:47.126,4650,3.679,-0.051,0.170,0.000,0.000,waitingForTarget,noEvent
6382,1,14,rld,14:15:47.176,4651,3.743,-0.051,0.170,0.000,0.000,waitingForTarget,noEvent
6382,1,14,rld,14:15:47.193,4652,3.764,-0.051,0.170,0.000,0.000,waitingForTarget,noEvent
6382,1,14,rld,14:15:47.204,4653,3.776,-0.051,0.170,0.000,0.000,waitingForTarget,noEvent
6382,1,14,rld,14:15:47.221,4654,3.791,-0.051,0.170,0.000,0.000,waitingForTarget,noEvent
6382,1,14,rld,14:15:47.271,4655,3.839,-0.051,0.170,0.000,0.000,waitingForTarget,noEvent
6382,1,14,rld,14:15:47.317,4656,3.886,-0.051,0.170,0.000,0.000,waitingForTarget,noEvent
6382,1,14,rld,14:15:47.364,4657,3.929,-0.051,0.170,0.000,0.000,waitingForTarget,noEvent
6382,1,14,rld,14:15:47.407,4658,0.048,-0.051,0.170,0.000,0.000,activeTracking,targetAppeared
6382,1,14,rld,14:15:47.453,4659,0.093,-0.051,0.170,0.000,0.000,activeTracking,noEvent
6382,1,14,rld,14:15:47.506,4660,0.147,-0.051,0.170,0.000,0.000,activeTracking,noEvent
6382,1,14,rld,14:15:47.566,4661,0.200,-0.051,0.170,0.000,0.000,activeTracking,noEvent
6382,1,14,rld,14:15:47.653,4662,0.290,-0.051,0.170,0.000,0.000,activeTracking,noEvent
6382,1,14,rld,14:15:47.723,4663,0.349,-0.051,0.170,0.000,0.000,activeTracking,noEvent
6382,1,14,rld,14:15:47.775,4664,0.409,-0.051,0.170,0.000,0.000,activeTracking,noEvent
6382,1,14,rld,14:15:47.837,4665,0.478,-0.051,0.170,0.000,0.000,activeTracking,noEvent
6382,1,14,rld,14:15:47.862,4666,0.502,-0.051,0.170,0.000,0.000,activeTracking,noEvent
6382,1,14,rld,14:15:47.885,4667,0.518,-0.051,0.170,0.000,0.000,activeTracking,noEvent
6382,1,14,rld,14:15:47.903,4668,0.544,-0.051,0.170,0.000,0.000,activeTracking,noEvent
6382,1,14,rld,14:15:47.926,4669,0.567,-0.051,0.170,0.000,0.000,activeTracking,noEvent
6382,1,14,rld,14:15:47.988,4670,0.617,-0.039,0.170,0.100,0.000,activeTracking,noEvent
6382,1,14,rld,14:15:48.092,4671,0.723,0.133,0.170,1.500,0.000,activeTracking,noEvent
6382,1,14,rld,14:15:48.157,4672,0.786,0.315,0.148,1.100,-0.200,activeTracking,noEvent
6382,1,14,rld,14:15:48.236,4673,0.876,0.567,0.095,1.700,-0.400,activeTracking,noEvent
6382,1,14,rld,14:15:48.272,4674,0.912,0.719,0.055,0.600,-0.200,activeTracking,noEvent
6382,1,14,rld,14:15:48.306,4675,0.947,0.849,0.031,0.700,-0.100,activeTracking,noEvent
6382,1,14,rld,14:15:48.350,4676,0.985,0.972,0.012,0.700,-0.100,activeTracking,noEvent
6382,1,14,rld,14:15:48.392,4677,1.028,1.070,-0.006,0.500,-0.100,activeTracking,noEvent
6382,1,14,rld,14:15:48.417,4678,1.057,1.148,-0.023,0.400,-0.100,activeTracking,noEvent
6382,1,14,rld,14:15:48.470,4679,1.110,1.243,-0.052,0.600,-0.200,activeTracking,noEvent
6382,1,14,rld,14:15:48.502,4680,1.142,1.309,-0.073,0.300,-0.100,activeTracking,noEvent
6382,1,14,rld,14:15:48.609,4681,1.246,1.446,-0.170,1.000,-0.800,activeTracking,noEvent
6382,1,14,rld,14:15:48.638,4682,1.279,1.514,-0.215,0.200,-0.100,activeTracking,noEvent
6382,1,14,rld,14:15:48.672,4683,1.310,1.549,-0.241,0.100,-0.100,activeTracking,noEvent
6382,1,14,rld,14:15:48.695,4684,1.335,1.572,-0.250,0.100,0.000,activeTracking,noEvent
6382,1,14,rld,14:15:48.730,4685,1.364,1.591,-0.264,0.100,-0.100,activeTracking,noEvent
6382,1,14,rld,14:15:48.758,4686,1.399,1.621,-0.280,0.200,-0.100,activeTracking,noEvent
6382,1,14,rld,14:15:48.833,4687,1.465,1.665,-0.309,0.300,-0.200,activeTracking,noEvent
6382,1,14,rld,14:15:48.854,4688,1.493,1.692,-0.318,0.100,0.000,activeTracking,noEvent
6382,1,14,rld,14:15:48.884,4689,1.522,1.724,-0.321,0.200,0.000,activeTracking,noEvent
6382,1,14,rld,14:15:48.938,4690,1.567,1.769,-0.323,0.300,0.000,activeTracking,noEvent
6382,1,14,rld,14:15:49.099,4691,1.736,1.960,-0.289,1.500,0.300,activeTracking,noEvent
6382,1,14,rld,14:15:49.126,4692,1.767,2.047,-0.267,0.200,0.100,activeTracking,noEvent
6382,1,14,rld,14:15:49.153,4693,1.794,2.088,-0.236,0.100,0.200,activeTracking,noEvent
6382,1,14,rld,14:15:49.174,4694,1.815,2.125,-0.215,0.200,0.100,activeTracking,noEvent
6382,1,14,rld,14:15:49.207,4695,1.848,2.149,-0.196,0.100,0.100,activeTracking,noEvent
6382,1,14,rld,14:15:49.246,4696,1.876,2.169,-0.155,0.100,0.300,activeTracking,noEvent
6382,1,14,rld,14:15:49.306,4697,1.945,2.211,-0.072,0.300,0.600,activeTracking,noEvent
6382,1,14,rld,14:15:49.355,4698,1.993,2.225,-0.045,0.000,0.000,activeTracking,noEvent
6382,1,14,rld,14:15:49.375,4699,2.017,2.230,-0.035,0.000,0.000,activeTracking,noEvent
6382,1,14,rld,14:15:49.404,4700,2.046,2.232,-0.032,0.000,0.000,activeTracking,noEvent
6382,1,14,rld,14:15:49.465,4701,2.101,2.232,-0.031,0.000,0.000,activeTracking,noEvent
6382,1,14,rld,14:15:49.519,4702,2.159,2.232,-0.031,0.000,0.000,activeTracking,noEvent
6382,1,14,rld,14:15:49.569,4703,2.208,2.232,-0.031,0.000,0.000,activeTracking,noEvent
6382,1,14,rld,14:15:49.606,4704,2.247,2.232,-0.031,0.000,0.000,activeTracking,noEvent
6382,1,14,rld,14:15:49.654,4705,2.292,2.232,-0.031,0.000,0.000,activeTracking,noEvent
6382,1,14,rld,14:15:49.705,4706,2.342,2.268,-0.008,0.300,0.200,activeTracking,noEvent
6382,1,14,rld,14:15:49.743,4707,2.380,2.363,0.035,0.700,0.300,onTarget,noEvent
6382,1,14,rld,14:15:49.805,4708,2.432,2.443,0.061,0.400,0.100,onTarget,noEvent
6382,1,14,rld,14:15:49.833,4709,2.469,2.482,0.070,0.100,0.000,onTarget,noEvent
6382,1,14,rld,14:15:49.883,4710,2.517,2.530,0.073,0.300,0.000,onTarget,noEvent
6382,1,14,rld,14:15:49.988,4711,2.602,2.595,0.063,0.400,-0.100,onTarget,noEvent
6382,1,14,rld,14:15:50.084,4712,2.722,2.725,0.036,0.900,-0.200,onTarget,noEvent
6382,1,14,rld,14:15:50.116,4713,2.752,2.781,0.016,0.100,-0.100,onTarget,noEvent
6382,1,14,rld,14:15:50.145,4714,2.785,2.824,0.009,0.200,0.000,onTarget,noEvent
6382,1,14,rld,14:15:50.180,4715,2.817,2.839,0.007,0.000,0.000,onTarget,noEvent
6382,1,14,rld,14:15:50.222,4716,2.851,2.856,0.006,0.100,0.000,onTarget,noEvent
6382,1,14,rld,14:15:50.251,4717,2.891,2.874,0.006,0.100,0.000,onTarget,noEvent
6382,1,14,rld,14:15:50.307,4718,2.948,2.880,0.006,0.000,0.000,onTarget,noEvent
6382,1,14,rld,14:15:50.337,4719,2.977,2.882,-0.006,0.000,-0.100,onTarget,noEvent
6382,1,14,rld,14:15:50.368,4720,3.008,2.882,-0.010,0.000,0.000,onTarget,noEvent
6382,1,14,rld,14:15:50.402,4721,3.043,2.883,-0.011,0.000,0.000,onTarget,noEvent
6382,1,14,rld,14:15:50.454,4722,3.095,2.883,-0.012,0.000,0.000,onTarget,noEvent
6382,1,14,rld,14:15:50.498,4723,3.136,2.883,-0.012,0.000,0.000,onTarget,noEvent
6382,1,14,rld,14:15:50.538,4724,3.179,2.883,-0.012,0.000,0.000,onTarget,noEvent
6382,1,14,rld,14:15:50.588,4725,3.229,2.883,-0.012,0.000,0.000,onTarget,noEvent
6382,1,14,rld,14:15:50.636,4726,3.277,2.883,-0.012,0.000,0.000,onTarget,noEvent
6382,1,14,rld,14:15:50.674,4727,3.315,2.883,-0.012,0.000,0.000,onTarget,noEvent
6382,1,14,rld,14:15:50.733,4728,3.369,2.883,-0.012,0.000,0.000,onTarget,targetClick
6382,1,15,rld,14:15:55.354,4826,3.397,0.084,0.069,0.000,0.000,waitingForTarget,middleTargetClick
6382,1,15,rld,14:15:55.408,4827,3.447,0.084,0.069,0.000,0.000,waitingForTarget,noEvent
6382,1,15,rld,14:15:55.485,4828,3.504,0.084,0.069,0.000,0.000,waitingForTarget,noEvent
6382,1,15,rld,14:15:55.526,4829,3.570,0.084,0.069,0.000,0.000,waitingForTarget,noEvent
6382,1,15,rld,14:15:55.541,4830,3.586,0.084,0.069,0.000,0.000,waitingForTarget,noEvent
6382,1,15,rld,14:15:55.553,4831,3.598,0.084,0.069,0.000,0.000,waitingForTarget,noEvent
6382,1,15,rld,14:15:55.567,4832,3.613,0.084,0.069,0.000,0.000,waitingForTarget,noEvent
6382,1,15,rld,14:15:55.617,4833,3.663,0.084,0.069,0.000,0.000,waitingForTarget,noEvent
6382,1,15,rld,14:15:55.669,4834,3.705,0.084,0.069,0.000,0.000,waitingForTarget,noEvent
6382,1,15,rld,14:15:55.758,4835,3.800,0.084,0.069,0.000,0.000,waitingForTarget,noEvent
6382,1,15,rld,14:15:55.843,4836,0.076,0.084,0.069,0.000,0.000,activeTracking,targetAppeared
6382,1,15,rld,14:15:55.892,4837,0.138,0.084,0.069,0.000,0.000,activeTracking,noEvent
6382,1,15,rld,14:15:55.919,4838,0.164,0.084,0.069,0.000,0.000,activeTracking,noEvent
6382,1,15,rld,14:15:55.954,4839,0.197,0.084,0.069,0.000,0.000,activeTracking,noEvent
6382,1,15,rld,14:15:55.989,4840,0.234,0.084,0.069,0.000,0.000,activeTracking,noEvent
6382,1,15,rld,14:15:56.016,4841,0.262,0.084,0.069,0.000,0.000,activeTracking,noEvent
6382,1,15,rld,14:15:56.043,4842,0.287,0.084,0.069,0.000,0.000,activeTracking,noEvent
6382,1,15,rld,14:15:56.085,4843,0.331,0.084,0.069,0.000,0.000,activeTracking,noEvent
6382,1,15,rld,14:15:56.134,4844,0.380,0.084,0.069,0.000,0.000,activeTracking,noEvent
6382,1,15,rld,14:15:56.181,4845,0.423,0.084,0.069,0.000,0.000,activeTracking,noEvent
6382,1,15,rld,14:15:56.225,4846,0.472,0.084,0.069,0.000,0.000,activeTracking,noEvent
6382,1,15,rld,14:15:56.273,4847,0.516,0.084,0.069,0.000,0.000,activeTracking,noEvent
6382,1,15,rld,14:15:56.324,4848,0.565,0.084,0.069,0.000,0.000,activeTracking,noEvent
6382,1,15,rld,14:15:56.373,4849,0.615,0.084,0.069,0.000,0.000,activeTracking,noEvent
6382,1,15,rld,14:15:56.417,4850,0.663,0.084,0.069,0.000,0.000,activeTracking,noEvent
6382,1,15,rld,14:15:56.467,4851,0.706,0.084,0.069,0.000,0.000,activeTracking,noEvent
6382,1,15,rld,14:15:56.517,4852,0.762,0.084,0.069,0.000,0.000,activeTracking,noEvent
6382,1,15,rld,14:15:56.574,4853,0.818,0.084,0.069,0.000,0.000,activeTracking,noEvent
6382,1,15,rld,14:15:56.659,4854,0.890,0.084,0.069,0.000,0.000,activeTracking,failedClick
6382,1,16,rld,14:15:57.868,4879,0.978,0.084,0.069,0.000,0.000,waitingForTarget,middleTargetClick
6382,1,16,rld,14:15:57.882,4880,0.997,0.084,0.069,0.000,0.000,waitingForTarget,noEvent
6382,1,16,rld,14:15:57.904,4881,1.018,0.084,0.069,0.000,0.000,waitingForTarget,noEvent
6382,1,16,rld,14:15:57.924,4882,1.037,0.084,0.069,0.000,0.000,waitingForTarget,noEvent
6382,1,16,rld,14:15:57.957,4883,1.068,0.084,0.069,0.000,0.000,waitingForTarget,noEvent
6382,1,16,rld,14:15:58.007,4884,1.119,0.084,0.069,0.000,0.000,waitingForTarget,noEvent
6382,1,16,rld,14:15:58.065,4885,1.171,0.084,0.069,0.000,0.000,waitingForTarget,noEvent
6382,1,16,rld,14:15:58.123,4886,1.229,0.084,0.069,0.000,0.000,waitingForTarget,noEvent
6382,1,16,rld,14:15:58.152,4887,1.258,0.084,0.069,0.000,0.000,waitingForTarget,noEvent
6382,1,16,rld,14:15:58.240,4888,1.342,0.084,0.069,0.000,0.000,waitingForTarget,noEvent
6382,1,16,rld,14:15:58.291,4889,1.400,0.084,0.069,0.000,0.000,waitingForTarget,noEvent
6382,1,16,rld,14:15:58.346,4890,0.056,0.084,0.069,0.000,0.000,activeTracking,targetAppeared
6382,1,16,rld,14:15:58.419,4891,0.122,0.084,0.069,0.000,0.000,activeTracking,noEvent
6382,1,16,rld,14:15:58.458,4892,0.171,0.084,0.069,0.000,0.000,activeTracking,noEvent
6382,1,16,rld,14:15:58.481,4893,0.190,0.084,0.069,0.000,0.000,activeTracking,noEvent
6382,1,16,rld,14:15:58.516,4894,0.225,0.084,0.069,0.000,0.000,activeTracking,noEvent
6382,1,16,rld,14:15:58.567,4895,0.273,0.084,0.069,0.000,0.000,activeTracking,noEvent
6382,1,16,rld,14:15:58.609,4896,0.323,0.084,0.069,0.000,0.000,activeTracking,noEvent
6382,1,16,rld,14:15:58.628,4897,0.342,0.084,0.069,0.000,0.000,activeTracking,noEvent
6382,1,16,rld,14:15:58.653,4898,0.367,0.084,0.069,0.000,0.000,activeTracking,noEvent
6382,1,16,rld,14:15:58.701,4899,0.415,0.084,0.069,0.000,0.000,activeTracking,noEvent
6382,1,16,rld,14:15:58.758,4900,0.469,0.084,0.069,0.000,0.000,activeTracking,noEvent
6382,1,16,rld,14:15:58.874,4901,0.579,0.084,0.069,0.000,0.000,activeTracking,noEvent
6382,1,16,rld,14:15:58.925,4902,0.635,0.084,0.069,0.000,0.000,activeTracking,noEvent
6382,1,16,rld,14:15:58.986,4903,0.687,0.084,0.069,0.000,0.000,activeTracking,noEvent
6382,1,16,rld,14:15:59.025,4904,0.737,0.084,0.069,0.000,0.000,activeTracking,noEvent
6382,1,16,rld,14:15:59.054,4905,0.766,0.084,0.069,0.000,0.000,activeTracking,failedClick
6382,1,17,rld,14:16:00.947,4946,0.880,0.084,0.069,0.000,0.000,waitingForTarget,middleTargetClick
6382,1,17,rld,14:16:00.987,4947,0.927,0.084,0.069,0.000,0.000,waitingForTarget,noEvent
6382,1,17,rld,14:16:01.035,4948,0.975,0.084,0.069,0.000,0.000,waitingForTarget,noEvent
6382,1,17,rld,14:16:01.082,4949,1.021,0.084,0.069,0.000,0.000,waitingForTarget,noEvent
6382,1,17,rld,14:16:01.129,4950,1.068,0.084,0.069,0.000,0.000,waitingForTarget,noEvent
6382,1,17,rld,14:16:01.169,4951,1.110,0.084,0.069,0.000,0.000,waitingForTarget,noEvent
6382,1,17,rld,14:16:01.218,4952,1.158,0.084,0.069,0.000,0.000,waitingForTarget,noEvent
6382,1,17,rld,14:16:01.266,4953,1.205,0.084,0.069,0.000,0.000,waitingForTarget,noEvent
6382,1,17,rld,14:16:01.306,4954,1.246,0.084,0.069,0.000,0.000,waitingForTarget,noEvent
6382,1,17,rld,14:16:01.354,4955,1.294,0.084,0.069,0.000,0.000,waitingForTarget,noEvent
6382,1,17,rld,14:16:01.400,4956,0.047,0.084,0.069,0.000,0.000,activeTracking,targetAppeared
6382,1,17,rld,14:16:01.448,4957,0.090,0.084,0.069,0.000,0.000,activeTracking,noEvent
6382,1,17,rld,14:16:01.489,4958,0.135,0.084,0.069,0.000,0.000,activeTracking,noEvent
6382,1,17,rld,14:16:01.535,4959,0.181,0.084,0.069,0.000,0.000,activeTracking,noEvent
6382,1,17,rld,14:16:01.585,4960,0.231,0.084,0.069,0.000,0.000,activeTracking,noEvent
6382,1,17,rld,14:16:01.629,4961,0.273,0.084,0.069,0.000,0.000,activeTracking,noEvent
6382,1,17,rld,14:16:01.673,4962,0.319,0.084,0.069,0.000,0.000,activeTracking,noEvent
6382,1,17,rld,14:16:01.721,4963,0.367,0.084,0.069,0.000,0.000,activeTracking,noEvent
6382,1,17,rld,14:16:01.769,4964,0.413,0.084,0.069,0.000,0.000,activeTracking,noEvent
6382,1,17,rld,14:16:01.839,4965,0.482,0.084,0.069,0.000,0.000,activeTracking,noEvent
6382,1,17,rld,14:16:01.880,4966,0.523,0.084,0.069,0.000,0.000,activeTracking,noEvent
6382,1,17,rld,14:16:01.908,4967,0.552,0.084,0.069,0.000,0.000,activeTracking,noEvent
6382,1,17,rld,14:16:01.954,4968,0.598,0.084,0.069,0.000,0.000,activeTracking,noEvent
6382,1,17,rld,14:16:01.992,4969,0.636,0.084,0.069,0.000,0.000,activeTracking,noEvent
6382,1,17,rld,14:16:02.036,4970,0.683,0.084,0.069,0.000,0.000,activeTracking,noEvent
6382,1,17,rld,14:16:02.096,4971,0.736,0.084,0.069,0.000,0.000,activeTracking,noEvent
6382,1,17,rld,14:16:02.135,4972,0.781,0.084,0.069,0.000,0.000,activeTracking,noEvent
6382,1,17,rld,14:16:02.188,4973,0.824,0.084,0.069,0.000,0.000,activeTracking,noEvent
6382,1,17,rld,14:16:02.244,4974,0.885,0.084,0.069,0.000,0.000,activeTracking,noEvent
6382,1,17,rld,14:16:02.286,4975,0.931,0.084,0.069,0.000,0.000,activeTracking,noEvent
6382,1,17,rld,14:16:02.335,4976,0.980,0.084,0.069,0.000,0.000,activeTracking,noEvent
6382,1,17,rld,14:16:02.404,4977,1.036,0.084,0.069,0.000,0.000,activeTracking,failedClick
6382,1,18,rld,14:16:03.809,5005,1.101,0.084,0.069,0.000,0.000,waitingForTarget,middleTargetClick
6382,1,18,rld,14:16:03.851,5006,1.146,0.084,0.069,0.000,0.000,waitingForTarget,noEvent
6382,1,18,rld,14:16:03.879,5007,1.174,0.084,0.069,0.000,0.000,waitingForTarget,noEvent
6382,1,18,rld,14:16:03.907,5008,1.196,0.084,0.069,0.000,0.000,waitingForTarget,noEvent
6382,1,18,rld,14:16:03.924,5009,1.219,0.084,0.069,0.000,0.000,waitingForTarget,noEvent
6382,1,18,rld,14:16:04.007,5010,1.291,0.084,0.069,0.000,0.000,waitingForTarget,noEvent
6382,1,18,rld,14:16:04.085,5011,1.374,0.084,0.069,0.000,0.000,waitingForTarget,noEvent
6382,1,18,rld,14:16:04.123,5012,1.419,0.084,0.069,0.000,0.000,waitingForTarget,noEvent
6382,1,18,rld,14:16:04.177,5013,1.467,0.084,0.069,0.000,0.000,waitingForTarget,noEvent
6382,1,18,rld,14:16:04.206,5014,1.503,0.084,0.069,0.000,0.000,waitingForTarget,noEvent
6382,1,18,rld,14:16:04.276,5015,0.068,0.084,0.069,0.000,0.000,activeTracking,targetAppeared
6382,1,18,rld,14:16:04.328,5016,0.119,0.084,0.069,0.000,0.000,activeTracking,noEvent
6382,1,18,rld,14:16:04.349,5017,0.140,0.084,0.069,0.000,0.000,activeTracking,noEvent
6382,1,18,rld,14:16:04.383,5018,0.166,0.084,0.069,0.000,0.000,activeTracking,noEvent
6382,1,18,rld,14:16:04.435,5019,0.215,0.084,0.069,0.000,0.000,activeTracking,noEvent
6382,1,18,rld,14:16:04.499,5020,0.279,0.084,0.069,0.000,0.000,activeTracking,noEvent
6382,1,18,rld,14:16:04.551,5021,0.332,0.084,0.069,0.000,0.000,activeTracking,noEvent
6382,1,18,rld,14:16:04.598,5022,0.382,0.084,0.069,0.000,0.000,activeTracking,noEvent
6382,1,18,rld,14:16:04.648,5023,0.435,0.084,0.069,0.000,0.000,activeTracking,noEvent
6382,1,18,rld,14:16:04.689,5024,0.472,0.084,0.069,0.000,0.000,activeTracking,noEvent
6382,1,18,rld,14:16:04.746,5025,0.525,0.084,0.069,0.000,0.000,activeTracking,noEvent
6382,1,18,rld,14:16:04.798,5026,0.579,0.084,0.069,0.000,0.000,activeTracking,noEvent
6382,1,18,rld,14:16:04.848,5027,0.637,0.084,0.069,0.000,0.000,activeTracking,noEvent
6382,1,18,rld,14:16:04.872,5028,0.661,0.084,0.069,0.000,0.000,activeTracking,noEvent
6382,1,18,rld,14:16:04.897,5029,0.688,0.084,0.069,0.000,0.000,activeTracking,noEvent
6382,1,18,rld,14:16:04.912,5030,0.704,0.084,0.069,0.000,0.000,activeTracking,noEvent
6382,1,18,rld,14:16:04.953,5031,0.742,0.084,0.069,0.000,0.000,activeTracking,noEvent
6382,1,18,rld,14:16:05.038,5032,0.812,0.084,0.069,0.000,0.000,activeTracking,failedClick
6382,1,19,rld,14:16:06.182,5056,0.853,0.084,0.069,0.000,0.000,waitingForTarget,middleTargetClick
6382,1,19,rld,14:16:06.230,5057,0.907,0.084,0.069,0.000,0.000,waitingForTarget,noEvent
6382,1,19,rld,14:16:06.273,5058,0.950,0.084,0.069,0.000,0.000,waitingForTarget,noEvent
6382,1,19,rld,14:16:06.288,5059,0.968,0.084,0.069,0.000,0.000,waitingForTarget,noEvent
6382,1,19,rld,14:16:06.318,5060,0.999,0.084,0.069,0.000,0.000,waitingForTarget,noEvent
6382,1,19,rld,14:16:06.374,5061,1.050,0.084,0.069,0.000,0.000,waitingForTarget,noEvent
6382,1,19,rld,14:16:06.419,5062,1.092,0.084,0.069,0.000,0.000,waitingForTarget,noEvent
6382,1,19,rld,14:16:06.506,5063,1.182,0.084,0.069,0.000,0.000,waitingForTarget,noEvent
6382,1,19,rld,14:16:06.558,5064,1.237,0.084,0.069,0.000,0.000,waitingForTarget,noEvent
6382,1,19,rld,14:16:06.607,5065,1.287,0.084,0.069,0.000,0.000,waitingForTarget,noEvent
6382,1,19,rld,14:16:06.685,5066,0.053,0.084,0.069,0.000,0.000,activeTracking,targetAppeared
6382,1,19,rld,14:16:06.747,5067,0.133,0.084,0.069,0.000,0.000,activeTracking,noEvent
6382,1,19,rld,14:16:06.786,5068,0.175,0.084,0.069,0.000,0.000,activeTracking,noEvent
6382,1,19,rld,14:16:06.837,5069,0.230,0.084,0.069,0.000,0.000,activeTracking,noEvent
6382,1,19,rld,14:16:06.883,5070,0.269,0.084,0.069,0.000,0.000,activeTracking,noEvent
6382,1,19,rld,14:16:06.930,5071,0.315,0.084,0.069,0.000,0.000,activeTracking,noEvent
6382,1,19,rld,14:16:06.954,5072,0.344,0.084,0.069,0.000,0.000,activeTracking,noEvent
6382,1,19,rld,14:16:06.974,5073,0.364,0.084,0.069,0.000,0.000,activeTracking,noEvent
6382,1,19,rld,14:16:07.024,5074,0.416,0.084,0.069,0.000,0.000,activeTracking,noEvent
6382,1,19,rld,14:16:07.076,5075,0.470,0.084,0.069,0.000,0.000,activeTracking,noEvent
6382,1,19,rld,14:16:07.157,5076,0.534,0.084,0.069,0.000,0.000,activeTracking,noEvent
6382,1,19,rld,14:16:07.217,5077,0.595,0.084,0.069,0.000,0.000,activeTracking,noEvent
6382,1,19,rld,14:16:07.262,5078,0.650,0.084,0.069,0.000,0.000,activeTracking,noEvent
6382,1,19,rld,14:16:07.281,5079,0.671,0.084,0.069,0.000,0.000,activeTracking,noEvent
6382,1,19,rld,14:16:07.300,5080,0.695,0.084,0.069,0.000,0.000,activeTracking,noEvent
6382,1,19,rld,14:16:07.324,5081,0.719,0.084,0.069,0.000,0.000,activeTracking,noEvent
6382,1,19,rld,14:16:07.358,5082,0.752,0.084,0.069,0.000,0.000,activeTracking,noEvent
6382,1,19,rld,14:16:07.407,5083,0.799,0.084,0.069,0.000,0.000,activeTracking,noEvent
6382,1,19,rld,14:16:07.452,5084,0.846,0.084,0.069,0.000,0.000,activeTracking,noEvent
6382,1,19,rld,14:16:07.515,5085,0.905,0.084,0.069,0.000,0.000,activeTracking,noEvent
6382,1,19,rld,14:16:07.555,5086,0.947,0.084,0.069,0.000,0.000,activeTracking,noEvent
6382,1,19,rld,14:16:07.621,5087,1.005,0.084,0.069,0.000,0.000,activeTracking,failedClick
6382,1,20,rld,14:16:08.823,5111,1.046,0.084,0.069,0.000,0.000,waitingForTarget,middleTargetClick
6382,1,20,rld,14:16:08.856,5112,1.078,0.084,0.069,0.000,0.000,waitingForTarget,noEvent
6382,1,20,rld,14:16:08.920,5113,1.139,0.084,0.069,0.000,0.000,waitingForTarget,noEvent
6382,1,20,rld,14:16:08.973,5114,1.199,0.084,0.069,0.000,0.000,waitingForTarget,noEvent
6382,1,20,rld,14:16:09.018,5115,1.241,0.084,0.069,0.000,0.000,waitingForTarget,noEvent
6382,1,20,rld,14:16:09.046,5116,1.275,0.084,0.069,0.000,0.000,waitingForTarget,noEvent
6382,1,20,rld,14:16:09.065,5117,1.297,0.084,0.069,0.000,0.000,waitingForTarget,noEvent
6382,1,20,rld,14:16:09.083,5118,1.315,0.084,0.069,0.000,0.000,waitingForTarget,noEvent
6382,1,20,rld,14:16:09.114,5119,1.340,0.084,0.069,0.000,0.000,waitingForTarget,noEvent
6382,1,20,rld,14:16:09.189,5120,1.408,0.084,0.069,0.000,0.000,waitingForTarget,noEvent
6382,1,20,rld,14:16:09.284,5121,1.499,0.084,0.069,0.000,0.000,waitingForTarget,noEvent
6382,1,20,rld,14:16:09.349,5122,0.075,0.084,0.069,0.000,0.000,activeTracking,targetAppeared
6382,1,20,rld,14:16:09.395,5123,0.119,0.084,0.069,0.000,0.000,activeTracking,noEvent
6382,1,20,rld,14:16:09.423,5124,0.151,0.084,0.069,0.000,0.000,activeTracking,noEvent
6382,1,20,rld,14:16:09.484,5125,0.200,0.084,0.069,0.000,0.000,activeTracking,noEvent
6382,1,20,rld,14:16:09.540,5126,0.263,0.084,0.069,0.000,0.000,activeTracking,noEvent
6382,1,20,rld,14:16:09.594,5127,0.322,0.084,0.069,0.000,0.000,activeTracking,noEvent
6382,1,20,rld,14:16:09.621,5128,0.348,0.084,0.069,0.000,0.000,activeTracking,noEvent
6382,1,20,rld,14:16:09.656,5129,0.381,0.084,0.069,0.000,0.000,activeTracking,noEvent
6382,1,20,rld,14:16:09.725,5130,0.450,0.084,0.069,0.000,0.000,activeTracking,noEvent
6382,1,20,rld,14:16:09.773,5131,0.504,0.084,0.069,0.000,0.000,activeTracking,noEvent
6382,1,20,rld,14:16:09.825,5132,0.557,0.084,0.069,0.000,0.000,activeTracking,noEvent
6382,1,20,rld,14:16:09.848,5133,0.580,0.084,0.069,0.000,0.000,activeTracking,noEvent
6382,1,20,rld,14:16:09.864,5134,0.596,0.084,0.069,0.000,0.000,activeTracking,noEvent
6382,1,20,rld,14:16:09.890,5135,0.621,0.084,0.069,0.000,0.000,activeTracking,noEvent
6382,1,20,rld,14:16:09.918,5136,0.650,0.084,0.069,0.000,0.000,activeTracking,noEvent
6382,1,20,rld,14:16:09.976,5137,0.703,0.084,0.069,0.000,0.000,activeTracking,noEvent
6382,1,20,rld,14:16:10.073,5138,0.787,0.084,0.069,0.000,0.000,activeTracking,noEvent
6382,1,20,rld,14:16:10.125,5139,0.856,0.084,0.069,0.000,0.000,activeTracking,noEvent
6382,1,20,rld,14:16:10.203,5140,0.920,0.084,0.069,0.000,0.000,activeTracking,noEvent
6382,1,20,rld,14:16:10.254,5141,0.985,0.084,0.069,0.000,0.000,activeTracking,failedClick
6382,1,21,rld,14:16:12.057,5180,1.056,0.084,0.069,0.000,0.000,waitingForTarget,middleTargetClick
6382,1,21,rld,14:16:12.109,5181,1.112,0.084,0.069,0.000,0.000,waitingForTarget,noEvent
6382,1,21,rld,14:16:12.167,5182,1.169,0.084,0.069,0.000,0.000,waitingForTarget,noEvent
6382,1,21,rld,14:16:12.216,5183,1.215,0.084,0.069,0.000,0.000,waitingForTarget,noEvent
6382,1,21,rld,14:16:12.259,5184,1.264,0.084,0.069,0.000,0.000,waitingForTarget,noEvent
6382,1,21,rld,14:16:12.317,5185,1.315,0.084,0.069,0.000,0.000,waitingForTarget,noEvent
6382,1,21,rld,14:16:12.357,5186,1.362,0.084,0.069,0.000,0.000,waitingForTarget,noEvent
6382,1,21,rld,14:16:12.374,5187,1.382,0.084,0.069,0.000,0.000,waitingForTarget,noEvent
6382,1,21,rld,14:16:12.382,5188,1.391,0.084,0.069,0.000,0.000,waitingForTarget,noEvent
6382,1,21,rld,14:16:12.403,5189,1.412,0.084,0.069,0.000,0.000,waitingForTarget,noEvent
6382,1,21,rld,14:16:12.455,5190,1.458,0.084,0.069,0.000,0.000,waitingForTarget,noEvent
6382,1,21,rld,14:16:12.507,5191,0.054,0.084,0.069,0.000,0.000,activeTracking,targetAppeared
6382,1,21,rld,14:16:12.567,5192,0.109,0.084,0.069,0.000,0.000,activeTracking,noEvent
6382,1,21,rld,14:16:12.607,5193,0.156,0.084,0.069,0.000,0.000,activeTracking,noEvent
6382,1,21,rld,14:16:12.637,5194,0.187,0.084,0.069,0.000,0.000,activeTracking,noEvent
6382,1,21,rld,14:16:12.690,5195,0.237,0.084,0.069,0.000,0.000,activeTracking,noEvent
6382,1,21,rld,14:16:12.741,5196,0.290,0.084,0.069,0.000,0.000,activeTracking,noEvent
6382,1,21,rld,14:16:12.856,5197,0.397,0.084,0.069,0.000,0.000,activeTracking,noEvent
6382,1,21,rld,14:16:12.909,5198,0.455,0.084,0.069,0.000,0.000,activeTracking,noEvent
6382,1,21,rld,14:16:12.952,5199,0.499,0.084,0.069,0.000,0.000,activeTracking,noEvent
6382,1,21,rld,14:16:13.008,5200,0.550,0.084,0.069,0.000,0.000,activeTracking,noEvent
6382,1,21,rld,14:16:13.054,5201,0.598,0.084,0.069,0.000,0.000,activeTracking,noEvent
6382,1,21,rld,14:16:13.101,5202,0.650,0.084,0.069,0.000,0.000,activeTracking,noEvent
6382,1,21,rld,14:16:13.150,5203,0.688,0.084,0.069,0.000,0.000,activeTracking,noEvent
6382,1,21,rld,14:16:13.200,5204,0.738,0.084,0.069,0.000,0.000,activeTracking,noEvent
6382,1,21,rld,14:16:13.237,5205,0.787,0.084,0.069,0.000,0.000,activeTracking,noEvent
6382,1,21,rld,14:16:13.259,5206,0.806,0.084,0.069,0.000,0.000,activeTracking,noEvent
6382,1,21,rld,14:16:13.270,5207,0.820,0.084,0.069,0.000,0.000,activeTracking,noEvent
6382,1,21,rld,14:16:13.307,5208,0.851,0.084,0.069,0.000,0.000,activeTracking,noEvent
6382,1,21,rld,14:16:13.348,5209,0.890,0.084,0.069,0.000,0.000,activeTracking,noEvent
6382,1,21,rld,14:16:13.398,5210,0.940,0.084,0.069,0.000,0.000,activeTracking,noEvent
6382,1,21,rld,14:16:13.446,5211,0.991,0.084,0.069,0.000,0.000,activeTracking,noEvent
6382,1,21,rld,14:16:13.520,5212,1.049,0.084,0.069,0.000,0.000,activeTracking,failedClick
6382,1,22,rld,14:16:15.098,5245,1.114,0.084,0.069,0.000,0.000,waitingForTarget,middleTargetClick
6382,1,22,rld,14:16:15.140,5246,1.169,0.084,0.069,0.000,0.000,waitingForTarget,noEvent
6382,1,22,rld,14:16:15.187,5247,1.218,0.084,0.069,0.000,0.000,waitingForTarget,noEvent
6382,1,22,rld,14:16:15.232,5248,1.262,0.084,0.069,0.000,0.000,waitingForTarget,noEvent
6382,1,22,rld,14:16:15.288,5249,1.307,0.084,0.069,0.000,0.000,waitingForTarget,noEvent
6382,1,22,rld,14:16:15.333,5250,1.363,0.084,0.069,0.000,0.000,waitingForTarget,noEvent
6382,1,22,rld,14:16:15.373,5251,1.403,0.084,0.069,0.000,0.000,waitingForTarget,noEvent
6382,1,22,rld,14:16:15.424,5252,1.452,0.084,0.069,0.000,0.000,waitingForTarget,noEvent
6382,1,22,rld,14:16:15.479,5253,1.505,0.084,0.069,0.000,0.000,waitingForTarget,noEvent
6382,1,22,rld,14:16:15.518,5254,1.545,0.084,0.069,0.000,0.000,waitingForTarget,noEvent
6382,1,22,rld,14:16:15.534,5255,0.020,0.084,0.069,0.000,0.000,activeTracking,targetAppeared
6382,1,22,rld,14:16:15.551,5256,0.035,0.084,0.069,0.000,0.000,activeTracking,noEvent
6382,1,22,rld,14:16:15.619,5257,0.094,0.084,0.069,0.000,0.000,activeTracking,noEvent
6382,1,22,rld,14:16:15.682,5258,0.155,0.084,0.069,0.000,0.000,activeTracking,noEvent
6382,1,22,rld,14:16:15.734,5259,0.207,0.084,0.069,0.000,0.000,activeTracking,noEvent
6382,1,22,rld,14:16:15.788,5260,0.255,0.084,0.069,0.000,0.000,activeTracking,noEvent
6382,1,22,rld,14:16:15.845,5261,0.326,0.084,0.069,0.000,0.000,activeTracking,noEvent
6382,1,22,rld,14:16:15.858,5262,0.344,0.084,0.069,0.000,0.000,activeTracking,noEvent
6382,1,22,rld,14:16:15.870,5263,0.355,0.084,0.069,0.000,0.000,activeTracking,noEvent
6382,1,22,rld,14:16:15.888,5264,0.375,0.084,0.069,0.000,0.000,activeTracking,noEvent
6382,1,22,rld,14:16:15.947,5265,0.425,0.084,0.069,0.000,0.000,activeTracking,noEvent
6382,1,22,rld,14:16:15.990,5266,0.475,0.084,0.069,0.000,0.000,activeTracking,noEvent
6382,1,22,rld,14:16:16.049,5267,0.526,0.084,0.069,0.000,0.000,activeTracking,noEvent
6382,1,22,rld,14:16:16.187,5268,0.671,0.084,0.069,0.000,0.000,activeTracking,noEvent
6382,1,22,rld,14:16:16.208,5269,0.693,0.084,0.069,0.000,0.000,activeTracking,noEvent
6382,1,22,rld,14:16:16.242,5270,0.726,0.084,0.069,0.000,0.000,activeTracking,noEvent
6382,1,22,rld,14:16:16.286,5271,0.772,0.084,0.069,0.000,0.000,activeTracking,noEvent
6382,1,22,rld,14:16:16.335,5272,0.819,0.084,0.069,0.000,0.000,activeTracking,noEvent
6382,1,22,rld,14:16:16.386,5273,0.869,0.084,0.069,0.000,0.000,activeTracking,failedClick
6382,1,23,rld,14:16:18.057,5307,0.934,0.084,0.069,0.000,0.000,waitingForTarget,middleTargetClick
6382,1,23,rld,14:16:18.107,5308,0.986,0.084,0.069,0.000,0.000,waitingForTarget,noEvent
6382,1,23,rld,14:16:18.135,5309,1.016,0.084,0.069,0.000,0.000,waitingForTarget,noEvent
6382,1,23,rld,14:16:18.179,5310,1.049,0.084,0.069,0.000,0.000,waitingForTarget,noEvent
6382,1,23,rld,14:16:18.248,5311,1.119,0.084,0.069,0.000,0.000,waitingForTarget,noEvent
6382,1,23,rld,14:16:18.294,5312,1.169,0.084,0.069,0.000,0.000,waitingForTarget,noEvent
6382,1,23,rld,14:16:18.331,5313,1.209,0.084,0.069,0.000,0.000,waitingForTarget,noEvent
6382,1,23,rld,14:16:18.367,5314,1.237,0.084,0.069,0.000,0.000,waitingForTarget,noEvent
6382,1,23,rld,14:16:18.416,5315,1.290,0.084,0.069,0.000,0.000,waitingForTarget,noEvent
6382,1,23,rld,14:16:18.488,5316,1.353,0.084,0.069,0.000,0.000,waitingForTarget,noEvent
6382,1,23,rld,14:16:18.527,5317,0.053,0.084,0.069,0.000,0.000,activeTracking,targetAppeared
6382,1,23,rld,14:16:18.545,5318,0.070,0.084,0.069,0.000,0.000,activeTracking,noEvent
6382,1,23,rld,14:16:18.560,5319,0.089,0.084,0.069,0.000,0.000,activeTracking,noEvent
6382,1,23,rld,14:16:18.625,5320,0.146,0.084,0.069,0.000,0.000,activeTracking,noEvent
6382,1,23,rld,14:16:18.671,5321,0.189,0.084,0.069,0.000,0.000,activeTracking,noEvent
6382,1,23,rld,14:16:18.738,5322,0.266,0.084,0.069,0.000,0.000,activeTracking,noEvent
6382,1,23,rld,14:16:18.805,5323,0.318,0.084,0.069,0.000,0.000,activeTracking,noEvent
6382,1,23,rld,14:16:18.863,5324,0.386,0.084,0.069,0.000,0.000,activeTracking,noEvent
6382,1,23,rld,14:16:18.880,5325,0.410,0.084,0.069,0.000,0.000,activeTracking,noEvent
6382,1,23,rld,14:16:18.898,5326,0.425,0.084,0.069,0.000,0.000,activeTracking,noEvent
6382,1,23,rld,14:16:18.921,5327,0.451,0.084,0.069,0.000,0.000,activeTracking,noEvent
6382,1,23,rld,14:16:18.963,5328,0.487,0.084,0.069,0.000,0.000,activeTracking,noEvent
6382,1,23,rld,14:16:19.014,5329,0.536,0.084,0.069,0.000,0.000,activeTracking,noEvent
6382,1,23,rld,14:16:19.064,5330,0.584,0.084,0.069,0.000,0.000,activeTracking,noEvent
6382,1,23,rld,14:16:19.119,5331,0.648,0.084,0.069,0.000,0.000,activeTracking,noEvent
6382,1,23,rld,14:16:19.191,5332,0.706,0.084,0.069,0.000,0.000,activeTracking,noEvent
6382,1,23,rld,14:16:19.253,5333,0.778,0.084,0.069,0.000,0.000,activeTracking,noEvent
6382,1,23,rld,14:16:19.307,5334,0.835,0.084,0.069,0.000,0.000,activeTracking,noEvent
6382,1,23,rld,14:16:19.348,5335,0.868,0.084,0.069,0.000,0.000,activeTracking,noEvent
6382,1,23,rld,14:16:19.386,5336,0.909,0.084,0.069,0.000,0.000,activeTracking,noEvent
6382,1,23,rld,14:16:19.423,5337,0.949,0.084,0.069,0.000,0.000,activeTracking,noEvent
6382,1,23,rld,14:16:19.487,5338,1.005,0.084,0.069,0.000,0.000,activeTracking,noEvent
6382,1,23,rld,14:16:19.548,5339,1.055,0.084,0.069,0.000,0.000,activeTracking,noEvent
6382,1,23,rld,14:16:19.602,5340,1.129,0.084,0.069,0.000,0.000,activeTracking,failedClick
6382,1,24,rld,14:16:20.978,5370,1.163,0.084,0.069,0.000,0.000,waitingForTarget,middleTargetClick
6382,1,24,rld,14:16:21.022,5371,1.201,0.084,0.069,0.000,0.000,waitingForTarget,noEvent
6382,1,24,rld,14:16:21.054,5372,1.245,0.084,0.069,0.000,0.000,waitingForTarget,noEvent
6382,1,24,rld,14:16:21.095,5373,1.281,0.084,0.069,0.000,0.000,waitingForTarget,noEvent
6382,1,24,rld,14:16:21.224,5374,1.327,0.084,0.069,0.000,0.000,waitingForTarget,noEvent
6382,1,24,rld,14:16:21.274,5375,1.465,0.084,0.069,0.000,0.000,waitingForTarget,noEvent
6382,1,24,rld,14:16:21.326,5376,1.510,0.084,0.069,0.000,0.000,waitingForTarget,noEvent
6382,1,24,rld,14:16:21.344,5377,1.535,0.084,0.069,0.000,0.000,waitingForTarget,noEvent
6382,1,24,rld,14:16:21.413,5378,1.603,0.084,0.069,0.000,0.000,waitingForTarget,noEvent
6382,1,24,rld,14:16:21.423,5379,0.013,0.084,0.069,0.000,0.000,activeTracking,targetAppeared
6382,1,24,rld,14:16:21.466,5380,0.046,0.084,0.069,0.000,0.000,activeTracking,noEvent
6382,1,24,rld,14:16:21.482,5381,0.071,0.084,0.069,0.000,0.000,activeTracking,noEvent
6382,1,24,rld,14:16:21.508,5382,0.097,0.084,0.069,0.000,0.000,activeTracking,noEvent
6382,1,24,rld,14:16:21.552,5383,0.140,0.084,0.069,0.000,0.000,activeTracking,noEvent
6382,1,24,rld,14:16:21.600,5384,0.188,0.084,0.069,0.000,0.000,activeTracking,noEvent
6382,1,24,rld,14:16:21.649,5385,0.237,0.084,0.069,0.000,0.000,activeTracking,noEvent
6382,1,24,rld,14:16:21.697,5386,0.284,0.084,0.069,0.000,0.000,activeTracking,noEvent
6382,1,24,rld,14:16:21.740,5387,0.328,0.084,0.069,0.000,0.000,activeTracking,noEvent
6382,1,24,rld,14:16:21.850,5388,0.426,0.084,0.069,0.000,0.000,activeTracking,noEvent
6382,1,24,rld,14:16:21.913,5389,0.489,0.084,0.069,0.000,0.000,activeTracking,noEvent
6382,1,24,rld,14:16:21.974,5390,0.558,0.084,0.069,0.000,0.000,activeTracking,noEvent
6382,1,24,rld,14:16:22.026,5391,0.613,0.084,0.069,0.000,0.000,activeTracking,noEvent
6382,1,24,rld,14:16:22.051,5392,0.635,0.084,0.069,0.000,0.000,activeTracking,noEvent
6382,1,24,rld,14:16:22.102,5393,0.678,0.084,0.069,0.000,0.000,activeTracking,noEvent
6382,1,24,rld,14:16:22.157,5394,0.745,0.084,0.069,0.000,0.000,activeTracking,noEvent
6382,1,24,rld,14:16:22.215,5395,0.797,0.084,0.069,0.000,0.000,activeTracking,noEvent
6382,1,24,rld,14:16:22.244,5396,0.829,0.084,0.069,0.000,0.000,activeTracking,noEvent
6382,1,24,rld,14:16:22.318,5397,0.905,0.084,0.069,0.000,0.000,activeTracking,failedClick
6382,1,25,rld,14:16:23.556,5423,0.987,0.084,0.069,0.000,0.000,waitingForTarget,middleTargetClick
6382,1,25,rld,14:16:23.597,5424,1.044,0.084,0.069,0.000,0.000,waitingForTarget,noEvent
6382,1,25,rld,14:16:23.618,5425,1.066,0.084,0.069,0.000,0.000,waitingForTarget,noEvent
6382,1,25,rld,14:16:23.645,5426,1.088,0.084,0.069,0.000,0.000,waitingForTarget,noEvent
6382,1,25,rld,14:16:23.671,5427,1.117,0.084,0.069,0.000,0.000,waitingForTarget,noEvent
6382,1,25,rld,14:16:23.699,5428,1.146,0.084,0.069,0.000,0.000,waitingForTarget,noEvent
6382,1,25,rld,14:16:23.748,5429,1.195,0.084,0.069,0.000,0.000,waitingForTarget,noEvent
6382,1,25,rld,14:16:23.788,5430,1.236,0.084,0.069,0.000,0.000,waitingForTarget,noEvent
6382,1,25,rld,14:16:23.833,5431,1.280,0.084,0.069,0.000,0.000,waitingForTarget,noEvent
6382,1,25,rld,14:16:23.884,5432,1.330,0.084,0.069,0.000,0.000,waitingForTarget,noEvent
6382,1,25,rld,14:16:23.927,5433,1.374,0.084,0.069,0.000,0.000,waitingForTarget,noEvent
6382,1,25,rld,14:16:23.978,5434,1.421,0.084,0.069,0.000,0.000,waitingForTarget,noEvent
6382,1,25,rld,14:16:24.074,5435,0.087,0.084,0.069,0.000,0.000,activeTracking,targetAppeared
6382,1,25,rld,14:16:24.134,5436,0.147,0.084,0.069,0.000,0.000,activeTracking,noEvent
6382,1,25,rld,14:16:24.213,5437,0.220,0.084,0.069,0.000,0.000,activeTracking,noEvent
6382,1,25,rld,14:16:24.257,5438,0.276,0.084,0.069,0.000,0.000,activeTracking,noEvent
6382,1,25,rld,14:16:24.283,5439,0.305,0.084,0.069,0.000,0.000,activeTracking,noEvent
6382,1,25,rld,14:16:24.324,5440,0.347,0.084,0.069,0.000,0.000,activeTracking,noEvent
6382,1,25,rld,14:16:24.373,5441,0.397,0.084,0.069,0.000,0.000,activeTracking,noEvent
6382,1,25,rld,14:16:24.436,5442,0.457,0.084,0.069,0.000,0.000,activeTracking,noEvent
6382,1,25,rld,14:16:24.487,5443,0.513,0.084,0.069,0.000,0.000,activeTracking,noEvent
6382,1,25,rld,14:16:24.537,5444,0.560,0.084,0.069,0.000,0.000,activeTracking,noEvent
6382,1,25,rld,14:16:24.565,5445,0.585,0.084,0.069,0.000,0.000,activeTracking,noEvent
6382,1,25,rld,14:16:24.605,5446,0.629,0.084,0.069,0.000,0.000,activeTracking,noEvent
6382,1,25,rld,14:16:24.670,5447,0.684,0.084,0.069,0.000,0.000,activeTracking,noEvent
6382,1,25,rld,14:16:24.728,5448,0.743,0.084,0.069,0.000,0.000,activeTracking,noEvent
6382,1,25,rld,14:16:24.777,5449,0.795,0.084,0.069,0.000,0.000,activeTracking,noEvent
6382,1,25,rld,14:16:24.827,5450,0.841,0.084,0.069,0.000,0.000,activeTracking,failedClick
6382,1,26,rld,14:16:26.165,5478,0.898,0.084,0.069,0.000,0.000,waitingForTarget,middleTargetClick
6382,1,26,rld,14:16:26.195,5479,0.927,0.084,0.069,0.000,0.000,waitingForTarget,noEvent
6382,1,26,rld,14:16:26.217,5480,0.951,0.084,0.069,0.000,0.000,waitingForTarget,noEvent
6382,1,26,rld,14:16:26.240,5481,0.974,0.084,0.069,0.000,0.000,waitingForTarget,noEvent
6382,1,26,rld,14:16:26.264,5482,0.999,0.084,0.069,0.000,0.000,waitingForTarget,noEvent
6382,1,26,rld,14:16:26.297,5483,1.033,0.084,0.069,0.000,0.000,waitingForTarget,noEvent
6382,1,26,rld,14:16:26.337,5484,1.072,0.084,0.069,0.000,0.000,waitingForTarget,noEvent
6382,1,26,rld,14:16:26.404,5485,1.125,0.084,0.069,0.000,0.000,waitingForTarget,noEvent
6382,1,26,rld,14:16:26.471,5486,1.204,0.084,0.069,0.000,0.000,waitingForTarget,noEvent
6382,1,26,rld,14:16:26.497,5487,1.232,0.084,0.069,0.000,0.000,waitingForTarget,noEvent
6382,1,26,rld,14:16:26.536,5488,1.267,0.084,0.069,0.000,0.000,waitingForTarget,noEvent
6382,1,26,rld,14:16:26.599,5489,1.323,0.084,0.069,0.000,0.000,waitingForTarget,noEvent
6382,1,26,rld,14:16:26.680,5490,0.081,0.084,0.069,0.000,0.000,activeTracking,targetAppeared
6382,1,26,rld,14:16:26.728,5491,0.136,0.084,0.069,0.000,0.000,activeTracking,noEvent
6382,1,26,rld,14:16:26.741,5492,0.154,0.084,0.069,0.000,0.000,activeTracking,noEvent
6382,1,26,rld,14:16:26.771,5493,0.183,0.084,0.069,0.000,0.000,activeTracking,noEvent
6382,1,26,rld,14:16:26.856,5494,0.260,0.084,0.069,0.000,0.000,activeTracking,noEvent
6382,1,26,rld,14:16:26.946,5495,0.351,0.084,0.069,0.000,0.000,activeTracking,noEvent
6382,1,26,rld,14:16:26.989,5496,0.400,0.084,0.069,0.000,0.000,activeTracking,noEvent
6382,1,26,rld,14:16:27.013,5497,0.421,0.084,0.069,0.000,0.000,activeTracking,noEvent
6382,1,26,rld,14:16:27.048,5498,0.454,0.084,0.069,0.000,0.000,activeTracking,noEvent
6382,1,26,rld,14:16:27.124,5499,0.522,0.084,0.069,0.000,0.000,activeTracking,noEvent
6382,1,26,rld,14:16:27.188,5500,0.599,0.084,0.069,0.000,0.000,activeTracking,noEvent
6382,1,26,rld,14:16:27.234,5501,0.636,0.084,0.069,0.000,0.000,activeTracking,noEvent
6382,1,26,rld,14:16:27.266,5502,0.667,0.084,0.069,0.000,0.000,activeTracking,noEvent
6382,1,26,rld,14:16:27.321,5503,0.719,0.084,0.069,0.000,0.000,activeTracking,noEvent
6382,1,26,rld,14:16:27.368,5504,0.772,0.084,0.069,0.000,0.000,activeTracking,noEvent
6382,1,26,rld,14:16:27.428,5505,0.829,0.084,0.069,0.000,0.000,activeTracking,noEvent
6382,1,26,rld,14:16:27.467,5506,0.873,0.084,0.069,0.000,0.000,activeTracking,failedClick
6382,1,27,rld,14:16:29.058,5540,0.922,0.084,0.069,0.000,0.000,waitingForTarget,middleTargetClick
6382,1,27,rld,14:16:29.097,5541,0.972,0.084,0.069,0.000,0.000,waitingForTarget,noEvent
6382,1,27,rld,14:16:29.130,5542,1.003,0.084,0.069,0.000,0.000,waitingForTarget,noEvent
6382,1,27,rld,14:16:29.194,5543,1.066,0.084,0.069,0.000,0.000,waitingForTarget,noEvent
6382,1,27,rld,14:16:29.233,5544,1.109,0.084,0.069,0.000,0.000,waitingForTarget,noEvent
6382,1,27,rld,14:16:29.288,5545,1.152,0.084,0.069,0.000,0.000,waitingForTarget,noEvent
6382,1,27,rld,14:16:29.334,5546,1.206,0.084,0.069,0.000,0.000,waitingForTarget,noEvent
6382,1,27,rld,14:16:29.363,5547,1.238,0.084,0.069,0.000,0.000,waitingForTarget,noEvent
6382,1,27,rld,14:16:29.414,5548,1.284,0.084,0.069,0.000,0.000,waitingForTarget,noEvent
6382,1,27,rld,14:16:29.466,5549,1.341,0.084,0.069,0.000,0.000,waitingForTarget,noEvent
6382,1,27,rld,14:16:29.520,5550,0.050,0.084,0.069,0.000,0.000,activeTracking,targetAppeared
6382,1,27,rld,14:16:29.547,5551,0.073,0.084,0.069,0.000,0.000,activeTracking,noEvent
6382,1,27,rld,14:16:29.599,5552,0.123,0.084,0.069,0.000,0.000,activeTracking,noEvent
6382,1,27,rld,14:16:29.653,5553,0.176,0.084,0.069,0.000,0.000,activeTracking,noEvent
6382,1,27,rld,14:16:29.711,5554,0.235,0.084,0.069,0.000,0.000,activeTracking,noEvent
6382,1,27,rld,14:16:29.746,5555,0.281,0.084,0.069,0.000,0.000,activeTracking,noEvent
6382,1,27,rld,14:16:29.785,5556,0.318,0.084,0.069,0.000,0.000,activeTracking,noEvent
6382,1,27,rld,14:16:29.847,5557,0.376,0.084,0.069,0.000,0.000,activeTracking,noEvent
6382,1,27,rld,14:16:29.872,5558,0.406,0.084,0.069,0.000,0.000,activeTracking,noEvent
6382,1,27,rld,14:16:29.919,5559,0.445,0.084,0.069,0.000,0.000,activeTracking,noEvent
6382,1,27,rld,14:16:29.973,5560,0.499,0.084,0.069,0.000,0.000,activeTracking,noEvent
6382,1,27,rld,14:16:30.031,5561,0.560,0.084,0.069,0.000,0.000,activeTracking,noEvent
6382,1,27,rld,14:16:30.078,5562,0.607,0.084,0.069,0.000,0.000,activeTracking,noEvent
6382,1,27,rld,14:16:30.117,5563,0.639,0.084,0.069,0.000,0.000,activeTracking,noEvent
6382,1,27,rld,14:16:30.169,5564,0.690,0.084,0.069,0.000,0.000,activeTracking,noEvent
6382,1,27,rld,14:16:30.213,5565,0.743,0.084,0.069,0.000,0.000,activeTracking,noEvent
6382,1,27,rld,14:16:30.269,5566,0.793,0.084,0.069,0.000,0.000,activeTracking,noEvent
6382,1,27,rld,14:16:30.306,5567,0.840,0.084,0.069,0.000,0.000,activeTracking,noEvent
6382,1,27,rld,14:16:30.333,5568,0.865,0.084,0.069,0.000,0.000,activeTracking,noEvent
6382,1,27,rld,14:16:30.393,5569,0.915,0.084,0.069,0.000,0.000,activeTracking,noEvent
6382,1,27,rld,14:16:30.455,5570,0.970,0.084,0.069,0.000,0.000,activeTracking,noEvent
6382,1,27,rld,14:16:30.504,5571,1.033,0.084,0.069,0.000,0.000,activeTracking,failedClick
6382,1,28,rld,14:16:31.658,5596,1.084,0.084,0.069,0.000,0.000,waitingForTarget,middleTargetClick
6382,1,28,rld,14:16:31.720,5597,1.151,0.084,0.069,0.000,0.000,waitingForTarget,noEvent
6382,1,28,rld,14:16:31.760,5598,1.191,0.084,0.069,0.000,0.000,waitingForTarget,noEvent
6382,1,28,rld,14:16:31.818,5599,1.253,0.084,0.069,0.000,0.000,waitingForTarget,noEvent
6382,1,28,rld,14:16:31.838,5600,1.272,0.084,0.069,0.000,0.000,waitingForTarget,noEvent
6382,1,28,rld,14:16:31.851,5601,1.284,0.084,0.069,0.000,0.000,waitingForTarget,noEvent
6382,1,28,rld,14:16:31.867,5602,1.300,0.084,0.069,0.000,0.000,waitingForTarget,noEvent
6382,1,28,rld,14:16:31.919,5603,1.353,0.084,0.069,0.000,0.000,waitingForTarget,noEvent
6382,1,28,rld,14:16:31.966,5604,1.390,0.084,0.069,0.000,0.000,waitingForTarget,noEvent
6382,1,28,rld,14:16:32.035,5605,1.453,0.084,0.069,0.000,0.000,waitingForTarget,noEvent
6382,1,28,rld,14:16:32.100,5606,1.532,0.084,0.069,0.000,0.000,waitingForTarget,noEvent
6382,1,28,rld,14:16:32.128,5607,0.027,0.084,0.069,0.000,0.000,activeTracking,targetAppeared
6382,1,28,rld,14:16:32.199,5608,0.090,0.084,0.069,0.000,0.000,activeTracking,noEvent
6382,1,28,rld,14:16:32.245,5609,0.144,0.084,0.069,0.000,0.000,activeTracking,noEvent
6382,1,28,rld,14:16:32.304,5610,0.202,0.084,0.069,0.000,0.000,activeTracking,noEvent
6382,1,28,rld,14:16:32.363,5611,0.250,0.084,0.069,0.000,0.000,activeTracking,noEvent
6382,1,28,rld,14:16:32.414,5612,0.302,0.084,0.069,0.000,0.000,activeTracking,noEvent
6382,1,28,rld,14:16:32.454,5613,0.353,0.084,0.069,0.000,0.000,activeTracking,noEvent
6382,1,28,rld,14:16:32.505,5614,0.402,0.084,0.069,0.000,0.000,activeTracking,noEvent
6382,1,28,rld,14:16:32.518,5615,0.419,0.084,0.069,0.000,0.000,activeTracking,noEvent
6382,1,28,rld,14:16:32.530,5616,0.432,0.084,0.069,0.000,0.000,activeTracking,noEvent
6382,1,28,rld,14:16:32.565,5617,0.466,0.084,0.069,0.000,0.000,activeTracking,noEvent
6382,1,28,rld,14:16:32.623,5618,0.517,0.084,0.069,0.000,0.000,activeTracking,noEvent
6382,1,28,rld,14:16:32.674,5619,0.569,0.084,0.069,0.000,0.000,activeTracking,noEvent
6382,1,28,rld,14:16:32.724,5620,0.620,0.084,0.069,0.000,0.000,activeTracking,noEvent
6382,1,28,rld,14:16:32.749,5621,0.650,0.084,0.069,0.000,0.000,activeTracking,noEvent
6382,1,28,rld,14:16:32.817,5622,0.719,0.084,0.069,0.000,0.000,activeTracking,noEvent
6382,1,28,rld,14:16:32.898,5623,0.791,0.084,0.069,0.000,0.000,activeTracking,noEvent
6382,1,28,rld,14:16:32.974,5624,0.852,0.084,0.069,0.000,0.000,activeTracking,failedClick
6382,1,29,rld,14:16:34.522,5658,0.908,0.084,0.069,0.000,0.000,waitingForTarget,middleTargetClick
6382,1,29,rld,14:16:34.613,5659,1.004,0.084,0.069,0.000,0.000,waitingForTarget,noEvent
6382,1,29,rld,14:16:34.663,5660,1.050,0.084,0.069,0.000,0.000,waitingForTarget,noEvent
6382,1,29,rld,14:16:34.729,5661,1.117,0.084,0.069,0.000,0.000,waitingForTarget,noEvent
6382,1,29,rld,14:16:34.762,5662,1.157,0.084,0.069,0.000,0.000,waitingForTarget,noEvent
6382,1,29,rld,14:16:34.818,5663,1.207,0.084,0.069,0.000,0.000,waitingForTarget,noEvent
6382,1,29,rld,14:16:34.866,5664,1.265,0.084,0.069,0.000,0.000,waitingForTarget,noEvent
6382,1,29,rld,14:16:34.886,5665,1.283,0.084,0.069,0.000,0.000,waitingForTarget,noEvent
6382,1,29,rld,14:16:34.902,5666,1.301,0.084,0.069,0.000,0.000,waitingForTarget,noEvent
6382,1,29,rld,14:16:34.929,5667,1.329,0.084,0.069,0.000,0.000,waitingForTarget,noEvent
6382,1,29,rld,14:16:34.972,5668,0.039,0.084,0.069,0.000,0.000,activeTracking,targetAppeared
6382,1,29,rld,14:16:35.023,5669,0.090,0.084,0.069,0.000,0.000,activeTracking,noEvent
6382,1,29,rld,14:16:35.103,5670,0.156,0.084,0.069,0.000,0.000,activeTracking,noEvent
6382,1,29,rld,14:16:35.163,5671,0.228,0.084,0.069,0.000,0.000,activeTracking,noEvent
6382,1,29,rld,14:16:35.216,5672,0.278,0.084,0.069,0.000,0.000,activeTracking,noEvent
6382,1,29,rld,14:16:35.272,5673,0.341,0.084,0.069,0.000,0.000,activeTracking,noEvent
6382,1,29,rld,14:16:35.336,5674,0.392,0.084,0.069,0.000,0.000,activeTracking,noEvent
6382,1,29,rld,14:16:35.381,5675,0.445,0.084,0.069,0.000,0.000,activeTracking,noEvent
6382,1,29,rld,14:16:35.430,5676,0.484,0.084,0.069,0.000,0.000,activeTracking,noEvent
6382,1,29,rld,14:16:35.480,5677,0.539,0.084,0.069,0.000,0.000,activeTracking,noEvent
6382,1,29,rld,14:16:35.527,5678,0.588,0.084,0.069,0.000,0.000,activeTracking,noEvent
6382,1,29,rld,14:16:35.570,5679,0.638,0.084,0.069,0.000,0.000,activeTracking,noEvent
6382,1,29,rld,14:16:35.618,5680,0.687,0.084,0.069,0.000,0.000,activeTracking,noEvent
6382,1,29,rld,14:16:35.665,5681,0.725,0.084,0.069,0.000,0.000,activeTracking,noEvent
6382,1,29,rld,14:16:35.703,5682,0.773,0.084,0.069,0.000,0.000,activeTracking,noEvent
6382,1,29,rld,14:16:35.751,5683,0.821,0.084,0.069,0.000,0.000,activeTracking,noEvent
6382,1,29,rld,14:16:35.806,5684,0.877,0.084,0.069,0.000,0.000,activeTracking,failedClick
6382,1,30,rld,14:16:37.400,5718,0.927,0.084,0.069,0.000,0.000,waitingForTarget,middleTargetClick
6382,1,30,rld,14:16:37.444,5719,0.984,0.084,0.069,0.000,0.000,waitingForTarget,noEvent
6382,1,30,rld,14:16:37.483,5720,1.022,0.084,0.069,0.000,0.000,waitingForTarget,noEvent
6382,1,30,rld,14:16:37.527,5721,1.069,0.084,0.069,0.000,0.000,waitingForTarget,noEvent
6382,1,30,rld,14:16:37.579,5722,1.118,0.084,0.069,0.000,0.000,waitingForTarget,noEvent
6382,1,30,rld,14:16:37.607,5723,1.149,0.084,0.069,0.000,0.000,waitingForTarget,noEvent
6382,1,30,rld,14:16:37.661,5724,1.205,0.084,0.069,0.000,0.000,waitingForTarget,noEvent
6382,1,30,rld,14:16:37.723,5725,1.251,0.084,0.069,0.000,0.000,waitingForTarget,noEvent
6382,1,30,rld,14:16:37.771,5726,1.312,0.084,0.069,0.000,0.000,waitingForTarget,noEvent
6382,1,30,rld,14:16:37.789,5727,1.334,0.084,0.069,0.000,0.000,waitingForTarget,noEvent
6382,1,30,rld,14:16:37.845,5728,0.047,0.084,0.069,0.000,0.000,activeTracking,targetAppeared
6382,1,30,rld,14:16:37.906,5729,0.111,0.084,0.069,0.000,0.000,activeTracking,noEvent
6382,1,30,rld,14:16:37.948,5730,0.150,0.084,0.069,0.000,0.000,activeTracking,noEvent
6382,1,30,rld,14:16:38.007,5731,0.202,0.084,0.069,0.000,0.000,activeTracking,noEvent
6382,1,30,rld,14:16:38.057,5732,0.265,0.084,0.069,0.000,0.000,activeTracking,noEvent
6382,1,30,rld,14:16:38.071,5733,0.282,0.084,0.069,0.000,0.000,activeTracking,noEvent
6382,1,30,rld,14:16:38.095,5734,0.306,0.084,0.069,0.000,0.000,activeTracking,noEvent
6382,1,30,rld,14:16:38.118,5735,0.328,0.084,0.069,0.000,0.000,activeTracking,noEvent
6382,1,30,rld,14:16:38.167,5736,0.374,0.084,0.069,0.000,0.000,activeTracking,noEvent
6382,1,30,rld,14:16:38.253,5737,0.450,0.084,0.069,0.000,0.000,activeTracking,noEvent
6382,1,30,rld,14:16:38.307,5738,0.514,0.084,0.069,0.000,0.000,activeTracking,noEvent
6382,1,30,rld,14:16:38.372,5739,0.566,0.084,0.069,0.000,0.000,activeTracking,noEvent
6382,1,30,rld,14:16:38.428,5740,0.632,0.084,0.069,0.000,0.000,activeTracking,noEvent
6382,1,30,rld,14:16:38.467,5741,0.677,0.084,0.069,0.000,0.000,activeTracking,noEvent
6382,1,30,rld,14:16:38.516,5742,0.725,0.084,0.069,0.000,0.000,activeTracking,noEvent
6382,1,30,rld,14:16:38.576,5743,0.784,0.084,0.069,0.000,0.000,activeTracking,failedClick
6382,1,31,rld,14:16:39.689,5767,0.858,0.084,0.069,0.000,0.000,waitingForTarget,middleTargetClick
6382,1,31,rld,14:16:39.738,5768,0.913,0.084,0.069,0.000,0.000,waitingForTarget,noEvent
6382,1,31,rld,14:16:39.764,5769,0.939,0.084,0.069,0.000,0.000,waitingForTarget,noEvent
6382,1,31,rld,14:16:39.836,5770,1.008,0.084,0.069,0.000,0.000,waitingForTarget,noEvent
6382,1,31,rld,14:16:39.874,5771,1.034,0.084,0.069,0.000,0.000,waitingForTarget,noEvent
6382,1,31,rld,14:16:39.934,5772,1.091,0.084,0.069,0.000,0.000,waitingForTarget,noEvent
6382,1,31,rld,14:16:39.973,5773,1.147,0.084,0.069,0.000,0.000,waitingForTarget,noEvent
6382,1,31,rld,14:16:40.003,5774,1.179,0.084,0.069,0.000,0.000,waitingForTarget,noEvent
6382,1,31,rld,14:16:40.037,5775,1.212,0.084,0.069,0.000,0.000,waitingForTarget,noEvent
6382,1,31,rld,14:16:40.086,5776,1.248,0.084,0.069,0.000,0.000,waitingForTarget,noEvent
6382,1,31,rld,14:16:40.139,5777,1.304,0.084,0.069,0.000,0.000,waitingForTarget,noEvent
6382,1,31,rld,14:16:40.197,5778,0.055,0.084,0.069,0.000,0.000,activeTracking,targetAppeared
6382,1,31,rld,14:16:40.250,5779,0.111,0.084,0.069,0.000,0.000,activeTracking,noEvent
6382,1,31,rld,14:16:40.302,5780,0.163,0.084,0.069,0.000,0.000,activeTracking,noEvent
6382,1,31,rld,14:16:40.353,5781,0.221,0.084,0.069,0.000,0.000,activeTracking,noEvent
6382,1,31,rld,14:16:40.395,5782,0.260,0.084,0.069,0.000,0.000,activeTracking,noEvent
6382,1,31,rld,14:16:40.430,5783,0.297,0.084,0.069,0.000,0.000,activeTracking,noEvent
6382,1,31,rld,14:16:40.486,5784,0.339,0.084,0.069,0.000,0.000,activeTracking,noEvent
6382,1,31,rld,14:16:40.537,5785,0.405,0.084,0.069,0.000,0.000,activeTracking,noEvent
6382,1,31,rld,14:16:40.582,5786,0.438,0.084,0.069,0.000,0.000,activeTracking,noEvent
6382,1,31,rld,14:16:40.624,5787,0.495,0.084,0.069,0.000,0.000,activeTracking,noEvent
6382,1,31,rld,14:16:40.686,5788,0.542,0.084,0.069,0.000,0.000,activeTracking,noEvent
6382,1,31,rld,14:16:40.727,5789,0.594,0.084,0.069,0.000,0.000,activeTracking,noEvent
6382,1,31,rld,14:16:40.739,5790,0.611,0.084,0.069,0.000,0.000,activeTracking,noEvent
6382,1,31,rld,14:16:40.763,5791,0.635,0.084,0.069,0.000,0.000,activeTracking,noEvent
6382,1,31,rld,14:16:40.780,5792,0.651,0.084,0.069,0.000,0.000,activeTracking,noEvent
6382,1,31,rld,14:16:40.836,5793,0.694,0.084,0.069,0.000,0.000,activeTracking,failedClick
6382,1,32,rld,14:16:42.511,5827,0.747,0.084,0.069,0.000,0.000,waitingForTarget,middleTargetClick
6382,1,32,rld,14:16:42.529,5828,0.771,0.084,0.069,0.000,0.000,waitingForTarget,noEvent
6382,1,32,rld,14:16:42.536,5829,0.779,0.084,0.069,0.000,0.000,waitingForTarget,noEvent
6382,1,32,rld,14:16:42.565,5830,0.797,0.084,0.069,0.000,0.000,waitingForTarget,noEvent
6382,1,32,rld,14:16:42.604,5831,0.844,0.084,0.069,0.000,0.000,waitingForTarget,noEvent
6382,1,32,rld,14:16:42.662,5832,0.899,0.084,0.069,0.000,0.000,waitingForTarget,noEvent
6382,1,32,rld,14:16:42.707,5833,0.946,0.084,0.069,0.000,0.000,waitingForTarget,noEvent
6382,1,32,rld,14:16:42.752,5834,0.993,0.084,0.069,0.000,0.000,waitingForTarget,noEvent
6382,1,32,rld,14:16:42.819,5835,1.056,0.084,0.069,0.000,0.000,waitingForTarget,noEvent
6382,1,32,rld,14:16:42.855,5836,1.094,0.084,0.069,0.000,0.000,waitingForTarget,noEvent
6382,1,32,rld,14:16:42.901,5837,1.134,0.084,0.069,0.000,0.000,waitingForTarget,noEvent
6382,1,32,rld,14:16:42.940,5838,1.180,0.084,0.069,0.000,0.000,waitingForTarget,noEvent
6382,1,32,rld,14:16:43.006,5839,0.059,0.084,0.069,0.000,0.000,activeTracking,targetAppeared
6382,1,32,rld,14:16:43.085,5840,0.132,0.084,0.069,0.000,0.000,activeTracking,noEvent
6382,1,32,rld,14:16:43.151,5841,0.201,0.084,0.069,0.000,0.000,activeTracking,noEvent
6382,1,32,rld,14:16:43.217,5842,0.261,0.084,0.069,0.000,0.000,activeTracking,noEvent
6382,1,32,rld,14:16:43.264,5843,0.317,0.084,0.069,0.000,0.000,activeTracking,noEvent
6382,1,32,rld,14:16:43.286,5844,0.347,0.084,0.069,0.000,0.000,activeTracking,noEvent
6382,1,32,rld,14:16:43.317,5845,0.379,0.084,0.069,0.000,0.000,activeTracking,noEvent
6382,1,32,rld,14:16:43.353,5846,0.414,0.084,0.069,0.000,0.000,activeTracking,noEvent
6382,1,32,rld,14:16:43.407,5847,0.467,0.084,0.069,0.000,0.000,activeTracking,noEvent
6382,1,32,rld,14:16:43.478,5848,0.520,0.084,0.069,0.000,0.000,activeTracking,noEvent
6382,1,32,rld,14:16:43.533,5849,0.579,0.084,0.069,0.000,0.000,activeTracking,noEvent
6382,1,32,rld,14:16:43.584,5850,0.632,0.084,0.069,0.000,0.000,activeTracking,noEvent
6382,1,32,rld,14:16:43.628,5851,0.690,0.084,0.069,0.000,0.000,activeTracking,noEvent
6382,1,32,rld,14:16:43.669,5852,0.731,0.084,0.069,0.000,0.000,activeTracking,noEvent
6382,1,32,rld,14:16:43.701,5853,0.763,0.084,0.069,0.000,0.000,activeTracking,noEvent
6382,1,32,rld,14:16:43.757,5854,0.818,0.084,0.069,0.000,0.000,activeTracking,failedClick
6382,1,33,rld,14:16:44.928,5878,0.868,0.084,0.069,0.000,0.000,waitingForTarget,middleTargetClick
6382,1,33,rld,14:16:44.963,5879,0.910,0.084,0.069,0.000,0.000,waitingForTarget,noEvent
6382,1,33,rld,14:16:44.987,5880,0.940,0.084,0.069,0.000,0.000,waitingForTarget,noEvent
6382,1,33,rld,14:16:45.007,5881,0.959,0.084,0.069,0.000,0.000,waitingForTarget,noEvent
6382,1,33,rld,14:16:45.062,5882,1.010,0.084,0.069,0.000,0.000,waitingForTarget,noEvent
6382,1,33,rld,14:16:45.081,5883,1.034,0.084,0.069,0.000,0.000,waitingForTarget,noEvent
6382,1,33,rld,14:16:45.107,5884,1.059,0.084,0.069,0.000,0.000,waitingForTarget,noEvent
6382,1,33,rld,14:16:45.165,5885,1.109,0.084,0.069,0.000,0.000,waitingForTarget,noEvent
6382,1,33,rld,14:16:45.217,5886,1.166,0.084,0.069,0.000,0.000,waitingForTarget,noEvent
6382,1,33,rld,14:16:45.266,5887,1.210,0.084,0.069,0.000,0.000,waitingForTarget,noEvent
6382,1,33,rld,14:16:45.314,5888,1.259,0.084,0.069,0.000,0.000,waitingForTarget,noEvent
6382,1,33,rld,14:16:45.352,5889,1.302,0.084,0.069,0.000,0.000,waitingForTarget,noEvent
6382,1,33,rld,14:16:45.424,5890,0.068,0.084,0.069,0.000,0.000,activeTracking,targetAppeared
6382,1,33,rld,14:16:45.470,5891,0.119,0.084,0.069,0.000,0.000,activeTracking,noEvent
6382,1,33,rld,14:16:45.520,5892,0.167,0.084,0.069,0.000,0.000,activeTracking,noEvent
6382,1,33,rld,14:16:45.547,5893,0.198,0.084,0.069,0.000,0.000,activeTracking,noEvent
6382,1,33,rld,14:16:45.588,5894,0.237,0.084,0.069,0.000,0.000,activeTracking,noEvent
6382,1,33,rld,14:16:45.636,5895,0.286,0.084,0.069,0.000,0.000,activeTracking,noEvent
6382,1,33,rld,14:16:45.694,5896,0.337,0.084,0.069,0.000,0.000,activeTracking,noEvent
6382,1,33,rld,14:16:45.776,5897,0.420,0.084,0.069,0.000,0.000,activeTracking,noEvent
6382,1,33,rld,14:16:45.835,5898,0.479,0.084,0.069,0.000,0.000,activeTracking,noEvent
6382,1,33,rld,14:16:45.906,5899,0.542,0.084,0.069,0.000,0.000,activeTracking,noEvent
6382,1,33,rld,14:16:45.963,5900,0.606,0.084,0.069,0.000,0.000,activeTracking,noEvent
6382,1,33,rld,14:16:46.006,5901,0.655,0.084,0.069,0.000,0.000,activeTracking,noEvent
6382,1,33,rld,14:16:46.046,5902,0.683,0.084,0.069,0.000,0.000,activeTracking,noEvent
6382,1,33,rld,14:16:46.105,5903,0.738,0.084,0.069,0.000,0.000,activeTracking,noEvent
6382,1,33,rld,14:16:46.153,5904,0.801,0.084,0.069,0.000,0.000,activeTracking,noEvent
6382,1,33,rld,14:16:46.187,5905,0.837,0.084,0.069,0.000,0.000,activeTracking,noEvent
6382,1,33,rld,14:16:46.199,5906,0.850,0.084,0.069,0.000,0.000,activeTracking,noEvent
6382,1,33,rld,14:16:46.240,5907,0.884,0.084,0.069,0.000,0.000,activeTracking,noEvent
6382,1,33,rld,14:16:46.272,5908,0.921,0.084,0.069,0.000,0.000,activeTracking,failedClick
6382,1,34,rld,14:16:47.269,5929,0.989,0.084,0.069,0.000,0.000,waitingForTarget,middleTargetClick
6382,1,34,rld,14:16:47.395,5930,1.117,0.084,0.069,0.000,0.000,waitingForTarget,noEvent
6382,1,34,rld,14:16:47.436,5931,1.167,0.084,0.069,0.000,0.000,waitingForTarget,noEvent
6382,1,34,rld,14:16:47.460,5932,1.192,0.084,0.069,0.000,0.000,waitingForTarget,noEvent
6382,1,34,rld,14:16:47.477,5933,1.208,0.084,0.069,0.000,0.000,waitingForTarget,noEvent
6382,1,34,rld,14:16:47.511,5934,1.238,0.084,0.069,0.000,0.000,waitingForTarget,noEvent
6382,1,34,rld,14:16:47.607,5935,1.319,0.084,0.069,0.000,0.000,waitingForTarget,noEvent
6382,1,34,rld,14:16:47.665,5936,1.377,0.084,0.069,0.000,0.000,waitingForTarget,noEvent
6382,1,34,rld,14:16:47.690,5937,1.417,0.084,0.069,0.000,0.000,waitingForTarget,noEvent
6382,1,34,rld,14:16:47.700,5938,0.014,0.084,0.069,0.000,0.000,activeTracking,targetAppeared
6382,1,34,rld,14:16:47.721,5939,0.035,0.084,0.069,0.000,0.000,activeTracking,noEvent
6382,1,34,rld,14:16:47.765,5940,0.079,0.084,0.069,0.000,0.000,activeTracking,noEvent
6382,1,34,rld,14:16:47.815,5941,0.128,0.084,0.069,0.000,0.000,activeTracking,noEvent
6382,1,34,rld,14:16:47.863,5942,0.171,0.084,0.069,0.000,0.000,activeTracking,noEvent
6382,1,34,rld,14:16:47.914,5943,0.221,0.084,0.069,0.000,0.000,activeTracking,noEvent
6382,1,34,rld,14:16:47.956,5944,0.269,0.084,0.069,0.000,0.000,activeTracking,noEvent
6382,1,34,rld,14:16:48.007,5945,0.319,0.084,0.069,0.000,0.000,activeTracking,noEvent
6382,1,34,rld,14:16:48.072,5946,0.379,0.084,0.069,0.000,0.000,activeTracking,noEvent
6382,1,34,rld,14:16:48.125,5947,0.434,0.084,0.069,0.000,0.000,activeTracking,noEvent
6382,1,34,rld,14:16:48.196,5948,0.503,0.084,0.069,0.000,0.000,activeTracking,noEvent
6382,1,34,rld,14:16:48.253,5949,0.554,0.084,0.069,0.000,0.000,activeTracking,noEvent
6382,1,34,rld,14:16:48.315,5950,0.612,0.084,0.069,0.000,0.000,activeTracking,noEvent
6382,1,34,rld,14:16:48.369,5951,0.667,0.084,0.069,0.000,0.000,activeTracking,noEvent
6382,1,34,rld,14:16:48.417,5952,0.722,0.084,0.069,0.000,0.000,activeTracking,noEvent
6382,1,34,rld,14:16:48.463,5953,0.774,0.084,0.069,0.000,0.000,activeTracking,failedClick
6382,1,35,rld,14:16:50.038,5988,0.822,0.084,0.069,0.000,0.000,waitingForTarget,middleTargetClick
6382,1,35,rld,14:16:50.083,5989,0.867,0.084,0.069,0.000,0.000,waitingForTarget,noEvent
6382,1,35,rld,14:16:50.138,5990,0.922,0.084,0.069,0.000,0.000,waitingForTarget,noEvent
6382,1,35,rld,14:16:50.183,5991,0.969,0.084,0.069,0.000,0.000,waitingForTarget,noEvent
6382,1,35,rld,14:16:50.254,5992,1.036,0.084,0.069,0.000,0.000,waitingForTarget,noEvent
6382,1,35,rld,14:16:50.319,5993,1.104,0.084,0.069,0.000,0.000,waitingForTarget,noEvent
6382,1,35,rld,14:16:50.373,5994,1.156,0.084,0.069,0.000,0.000,waitingForTarget,noEvent
6382,1,35,rld,14:16:50.430,5995,1.205,0.084,0.069,0.000,0.000,waitingForTarget,noEvent
6382,1,35,rld,14:16:50.478,5996,1.255,0.084,0.069,0.000,0.000,waitingForTarget,noEvent
6382,1,35,rld,14:16:50.528,5997,0.050,0.084,0.069,0.000,0.000,activeTracking,targetAppeared
6382,1,35,rld,14:16:50.596,5998,0.119,0.084,0.069,0.000,0.000,activeTracking,noEvent
6382,1,35,rld,14:16:50.642,5999,0.169,0.084,0.069,0.000,0.000,activeTracking,noEvent
6382,1,35,rld,14:16:50.666,6000,0.197,0.084,0.069,0.000,0.000,activeTracking,noEvent
6382,1,35,rld,14:16:50.700,6001,0.231,0.084,0.069,0.000,0.000,activeTracking,noEvent
6382,1,35,rld,14:16:50.755,6002,0.281,0.084,0.069,0.000,0.000,activeTracking,noEvent
6382,1,35,rld,14:16:50.831,6003,0.332,0.084,0.069,0.000,0.000,activeTracking,noEvent
6382,1,35,rld,14:16:50.869,6004,0.400,0.084,0.069,0.000,0.000,activeTracking,noEvent
6382,1,35,rld,14:16:50.914,6005,0.430,0.084,0.069,0.000,0.000,activeTracking,noEvent
6382,1,35,rld,14:16:50.954,6006,0.479,0.084,0.069,0.000,0.000,activeTracking,noEvent
6382,1,35,rld,14:16:51.019,6007,0.539,0.084,0.069,0.000,0.000,activeTracking,noEvent
6382,1,35,rld,14:16:51.066,6008,0.597,0.084,0.069,0.000,0.000,activeTracking,noEvent
6382,1,35,rld,14:16:51.115,6009,0.633,0.084,0.069,0.000,0.000,activeTracking,noEvent
6382,1,35,rld,14:16:51.164,6010,0.686,0.084,0.069,0.000,0.000,activeTracking,noEvent
6382,1,35,rld,14:16:51.215,6011,0.746,0.084,0.069,0.000,0.000,activeTracking,failedClick
6382,1,36,rld,14:16:52.723,6044,0.758,0.084,0.069,0.000,0.000,waitingForTarget,middleTargetClick
6382,1,36,rld,14:16:52.746,6045,0.781,0.084,0.069,0.000,0.000,waitingForTarget,noEvent
6382,1,36,rld,14:16:52.779,6046,0.814,0.084,0.069,0.000,0.000,waitingForTarget,noEvent
6382,1,36,rld,14:16:52.832,6047,0.856,0.084,0.069,0.000,0.000,waitingForTarget,noEvent
6382,1,36,rld,14:16:52.877,6048,0.906,0.084,0.069,0.000,0.000,waitingForTarget,noEvent
6382,1,36,rld,14:16:52.938,6049,0.970,0.084,0.069,0.000,0.000,waitingForTarget,noEvent
6382,1,36,rld,14:16:53.019,6050,1.043,0.084,0.069,0.000,0.000,waitingForTarget,noEvent
6382,1,36,rld,14:16:53.086,6051,1.110,0.084,0.069,0.000,0.000,waitingForTarget,noEvent
6382,1,36,rld,14:16:53.146,6052,1.164,0.084,0.069,0.000,0.000,waitingForTarget,noEvent
6382,1,36,rld,14:16:53.188,6053,0.055,0.084,0.069,0.000,0.000,activeTracking,targetAppeared
6382,1,36,rld,14:16:53.246,6054,0.109,0.084,0.069,0.000,0.000,activeTracking,noEvent
6382,1,36,rld,14:16:53.293,6055,0.162,0.084,0.069,0.000,0.000,activeTracking,noEvent
6382,1,36,rld,14:16:53.333,6056,0.190,0.084,0.069,0.000,0.000,activeTracking,noEvent
6382,1,36,rld,14:16:53.383,6057,0.240,0.084,0.069,0.000,0.000,activeTracking,noEvent
6382,1,36,rld,14:16:53.429,6058,0.301,0.084,0.069,0.000,0.000,activeTracking,noEvent
6382,1,36,rld,14:16:53.469,6059,0.336,0.084,0.069,0.000,0.000,activeTracking,noEvent
6382,1,36,rld,14:16:53.527,6060,0.380,0.084,0.069,0.000,0.000,activeTracking,noEvent
6382,1,36,rld,14:16:53.572,6061,0.438,0.084,0.069,0.000,0.000,activeTracking,noEvent
6382,1,36,rld,14:16:53.617,6062,0.476,0.084,0.069,0.000,0.000,activeTracking,noEvent
6382,1,36,rld,14:16:53.666,6063,0.529,0.084,0.069,0.000,0.000,activeTracking,noEvent
6382,1,36,rld,14:16:53.705,6064,0.576,0.084,0.069,0.000,0.000,activeTracking,noEvent
6382,1,36,rld,14:16:53.764,6065,0.627,0.084,0.069,0.000,0.000,activeTracking,noEvent
6382,1,36,rld,14:16:53.805,6066,0.676,0.084,0.069,0.000,0.000,activeTracking,noEvent
6382,1,36,rld,14:16:53.862,6067,0.733,0.084,0.069,0.000,0.000,activeTracking,noEvent
6382,1,36,rld,14:16:53.913,6068,0.777,0.084,0.069,0.000,0.000,activeTracking,failedClick
6382,1,37,rld,14:16:55.333,6098,0.856,0.084,0.069,0.000,0.000,waitingForTarget,middleTargetClick
6382,1,37,rld,14:16:55.380,6099,0.918,0.084,0.069,0.000,0.000,waitingForTarget,noEvent
6382,1,37,rld,14:16:55.403,6100,0.939,0.084,0.069,0.000,0.000,waitingForTarget,noEvent
6382,1,37,rld,14:16:55.446,6101,0.978,0.084,0.069,0.000,0.000,waitingForTarget,noEvent
6382,1,37,rld,14:16:55.485,6102,1.020,0.084,0.069,0.000,0.000,waitingForTarget,noEvent
6382,1,37,rld,14:16:55.552,6103,1.074,0.084,0.069,0.000,0.000,waitingForTarget,noEvent
6382,1,37,rld,14:16:55.608,6104,1.138,0.084,0.069,0.000,0.000,waitingForTarget,noEvent
6382,1,37,rld,14:16:55.661,6105,1.196,0.084,0.069,0.000,0.000,waitingForTarget,noEvent
6382,1,37,rld,14:16:55.686,6106,1.224,0.084,0.069,0.000,0.000,waitingForTarget,noEvent
6382,1,37,rld,14:16:55.747,6107,1.277,0.084,0.069,0.000,0.000,waitingForTarget,noEvent
6382,1,37,rld,14:16:55.789,6108,0.047,0.084,0.069,0.000,0.000,activeTracking,targetAppeared
6382,1,37,rld,14:16:55.853,6109,0.109,0.084,0.069,0.000,0.000,activeTracking,noEvent
6382,1,37,rld,14:16:55.873,6110,0.130,0.084,0.069,0.000,0.000,activeTracking,noEvent
6382,1,37,rld,14:16:55.883,6111,0.145,0.084,0.069,0.000,0.000,activeTracking,noEvent
6382,1,37,rld,14:16:55.904,6112,0.162,0.084,0.069,0.000,0.000,activeTracking,noEvent
6382,1,37,rld,14:16:55.939,6113,0.201,0.084,0.069,0.000,0.000,activeTracking,noEvent
6382,1,37,rld,14:16:55.989,6114,0.249,0.084,0.069,0.000,0.000,activeTracking,noEvent
6382,1,37,rld,14:16:56.047,6115,0.298,0.084,0.069,0.000,0.000,activeTracking,noEvent
6382,1,37,rld,14:16:56.163,6116,0.401,0.084,0.069,0.000,0.000,activeTracking,noEvent
6382,1,37,rld,14:16:56.230,6117,0.479,0.084,0.069,0.000,0.000,activeTracking,noEvent
6382,1,37,rld,14:16:56.277,6118,0.535,0.084,0.069,0.000,0.000,activeTracking,noEvent
6382,1,37,rld,14:16:56.297,6119,0.557,0.084,0.069,0.000,0.000,activeTracking,noEvent
6382,1,37,rld,14:16:56.335,6120,0.583,0.084,0.069,0.000,0.000,activeTracking,noEvent
6382,1,37,rld,14:16:56.364,6121,0.619,0.084,0.069,0.000,0.000,activeTracking,noEvent
6382,1,37,rld,14:16:56.425,6122,0.683,0.084,0.069,0.000,0.000,activeTracking,noEvent
6382,1,37,rld,14:16:56.471,6123,0.731,0.084,0.069,0.000,0.000,activeTracking,noEvent
6382,1,37,rld,14:16:56.555,6124,0.802,0.084,0.069,0.000,0.000,activeTracking,failedClick
6382,1,38,rld,14:16:57.685,6148,0.859,0.084,0.069,0.000,0.000,waitingForTarget,middleTargetClick
6382,1,38,rld,14:16:57.732,6149,0.908,0.084,0.069,0.000,0.000,waitingForTarget,noEvent
6382,1,38,rld,14:16:57.754,6150,0.929,0.084,0.069,0.000,0.000,waitingForTarget,noEvent
6382,1,38,rld,14:16:57.768,6151,0.945,0.084,0.069,0.000,0.000,waitingForTarget,noEvent
6382,1,38,rld,14:16:57.816,6152,0.994,0.084,0.069,0.000,0.000,waitingForTarget,noEvent
6382,1,38,rld,14:16:57.864,6153,1.041,0.084,0.069,0.000,0.000,waitingForTarget,noEvent
6382,1,38,rld,14:16:57.936,6154,1.111,0.084,0.069,0.000,0.000,waitingForTarget,noEvent
6382,1,38,rld,14:16:57.982,6155,1.161,0.084,0.069,0.000,0.000,waitingForTarget,noEvent
6382,1,38,rld,14:16:58.054,6156,1.227,0.084,0.069,0.000,0.000,waitingForTarget,noEvent
6382,1,38,rld,14:16:58.113,6157,1.285,0.084,0.069,0.000,0.000,waitingForTarget,noEvent
6382,1,38,rld,14:16:58.159,6158,0.043,0.084,0.069,0.000,0.000,activeTracking,targetAppeared
6382,1,38,rld,14:16:58.209,6159,0.085,0.084,0.069,0.000,0.000,activeTracking,noEvent
6382,1,38,rld,14:16:58.259,6160,0.145,0.084,0.069,0.000,0.000,activeTracking,noEvent
6382,1,38,rld,14:16:58.299,6161,0.191,0.084,0.069,0.000,0.000,activeTracking,noEvent
6382,1,38,rld,14:16:58.355,6162,0.243,0.084,0.069,0.000,0.000,activeTracking,noEvent
6382,1,38,rld,14:16:58.399,6163,0.291,0.084,0.069,0.000,0.000,activeTracking,noEvent
6382,1,38,rld,14:16:58.417,6164,0.310,0.084,0.069,0.000,0.000,activeTracking,noEvent
6382,1,38,rld,14:16:58.463,6165,0.344,0.084,0.069,0.000,0.000,activeTracking,noEvent
6382,1,38,rld,14:16:58.528,6166,0.408,0.084,0.069,0.000,0.000,activeTracking,noEvent
6382,1,38,rld,14:16:58.582,6167,0.463,0.084,0.069,0.000,0.000,activeTracking,noEvent
6382,1,38,rld,14:16:58.637,6168,0.517,0.084,0.069,0.000,0.000,activeTracking,noEvent
6382,1,38,rld,14:16:58.678,6169,0.572,0.084,0.069,0.000,0.000,activeTracking,noEvent
6382,1,38,rld,14:16:58.705,6170,0.600,0.084,0.069,0.000,0.000,activeTracking,noEvent
6382,1,38,rld,14:16:58.766,6171,0.642,0.084,0.069,0.000,0.000,activeTracking,noEvent
6382,1,38,rld,14:16:58.830,6172,0.718,0.084,0.069,0.000,0.000,activeTracking,noEvent
6382,1,38,rld,14:16:58.849,6173,0.742,0.084,0.069,0.000,0.000,activeTracking,noEvent
6382,1,38,rld,14:16:58.863,6174,0.756,0.084,0.069,0.000,0.000,activeTracking,noEvent
6382,1,38,rld,14:16:58.894,6175,0.783,0.084,0.069,0.000,0.000,activeTracking,noEvent
6382,1,38,rld,14:16:58.936,6176,0.824,0.084,0.069,0.000,0.000,activeTracking,noEvent
6382,1,38,rld,14:16:59.015,6177,0.899,0.084,0.069,0.000,0.000,activeTracking,failedClick
6382,1,39,rld,14:17:00.225,6202,0.962,0.084,0.069,0.000,0.000,waitingForTarget,middleTargetClick
6382,1,39,rld,14:17:00.268,6203,1.008,0.084,0.069,0.000,0.000,waitingForTarget,noEvent
6382,1,39,rld,14:17:00.315,6204,1.054,0.084,0.069,0.000,0.000,waitingForTarget,noEvent
6382,1,39,rld,14:17:00.360,6205,1.089,0.084,0.069,0.000,0.000,waitingForTarget,noEvent
6382,1,39,rld,14:17:00.415,6206,1.143,0.084,0.069,0.000,0.000,waitingForTarget,noEvent
6382,1,39,rld,14:17:00.450,6207,1.192,0.084,0.069,0.000,0.000,waitingForTarget,noEvent
6382,1,39,rld,14:17:00.479,6208,1.218,0.084,0.069,0.000,0.000,waitingForTarget,noEvent
6382,1,39,rld,14:17:00.549,6209,1.289,0.084,0.069,0.000,0.000,waitingForTarget,noEvent
6382,1,39,rld,14:17:00.594,6210,1.335,0.084,0.069,0.000,0.000,waitingForTarget,noEvent
6382,1,39,rld,14:17:00.629,6211,1.370,0.084,0.069,0.000,0.000,waitingForTarget,noEvent
6382,1,39,rld,14:17:00.662,6212,0.034,0.084,0.069,0.000,0.000,activeTracking,targetAppeared
6382,1,39,rld,14:17:00.699,6213,0.071,0.084,0.069,0.000,0.000,activeTracking,noEvent
6382,1,39,rld,14:17:00.726,6214,0.099,0.084,0.069,0.000,0.000,activeTracking,noEvent
6382,1,39,rld,14:17:00.781,6215,0.153,0.084,0.069,0.000,0.000,activeTracking,noEvent
6382,1,39,rld,14:17:00.847,6216,0.219,0.084,0.069,0.000,0.000,activeTracking,noEvent
6382,1,39,rld,14:17:00.862,6217,0.236,0.084,0.069,0.000,0.000,activeTracking,noEvent
6382,1,39,rld,14:17:00.876,6218,0.248,0.084,0.069,0.000,0.000,activeTracking,noEvent
6382,1,39,rld,14:17:00.894,6219,0.267,0.084,0.069,0.000,0.000,activeTracking,noEvent
6382,1,39,rld,14:17:00.967,6220,0.339,0.084,0.069,0.000,0.000,activeTracking,noEvent
6382,1,39,rld,14:17:01.022,6221,0.392,0.084,0.069,0.000,0.000,activeTracking,noEvent
6382,1,39,rld,14:17:01.066,6222,0.439,0.084,0.069,0.000,0.000,activeTracking,noEvent
6382,1,39,rld,14:17:01.114,6223,0.486,0.084,0.069,0.000,0.000,activeTracking,noEvent
6382,1,39,rld,14:17:01.168,6224,0.538,0.084,0.069,0.000,0.000,activeTracking,noEvent
6382,1,39,rld,14:17:01.222,6225,0.590,0.084,0.069,0.000,0.000,activeTracking,noEvent
6382,1,39,rld,14:17:01.279,6226,0.651,0.084,0.069,0.000,0.000,activeTracking,noEvent
6382,1,39,rld,14:17:01.336,6227,0.696,0.084,0.069,0.000,0.000,activeTracking,noEvent
6382,1,39,rld,14:17:01.413,6228,0.777,0.084,0.069,0.000,0.000,activeTracking,noEvent
6382,1,39,rld,14:17:01.469,6229,0.838,0.084,0.069,0.000,0.000,activeTracking,noEvent
6382,1,39,rld,14:17:01.533,6230,0.885,0.084,0.069,0.000,0.000,activeTracking,noEvent
6382,1,39,rld,14:17:01.575,6231,0.943,0.084,0.069,0.000,0.000,activeTracking,failedClick
6382,1,40,rld,14:17:03.046,6264,0.998,0.084,0.069,0.000,0.000,waitingForTarget,middleTargetClick
6382,1,40,rld,14:17:03.121,6265,1.070,0.084,0.069,0.000,0.000,waitingForTarget,noEvent
6382,1,40,rld,14:17:03.186,6266,1.130,0.084,0.069,0.000,0.000,waitingForTarget,noEvent
6382,1,40,rld,14:17:03.222,6267,1.177,0.084,0.069,0.000,0.000,waitingForTarget,noEvent
6382,1,40,rld,14:17:03.265,6268,1.224,0.084,0.069,0.000,0.000,waitingForTarget,noEvent
6382,1,40,rld,14:17:03.284,6269,1.244,0.084,0.069,0.000,0.000,waitingForTarget,noEvent
6382,1,40,rld,14:17:03.312,6270,1.267,0.084,0.069,0.000,0.000,waitingForTarget,noEvent
6382,1,40,rld,14:17:03.365,6271,1.317,0.084,0.069,0.000,0.000,waitingForTarget,noEvent
6382,1,40,rld,14:17:03.404,6272,1.362,0.084,0.069,0.000,0.000,waitingForTarget,noEvent
6382,1,40,rld,14:17:03.473,6273,1.424,0.084,0.069,0.000,0.000,waitingForTarget,noEvent
6382,1,40,rld,14:17:03.499,6274,0.034,0.084,0.069,0.000,0.000,activeTracking,targetAppeared
6382,1,40,rld,14:17:03.553,6275,0.084,0.084,0.069,0.000,0.000,activeTracking,noEvent
6382,1,40,rld,14:17:03.646,6276,0.173,0.084,0.069,0.000,0.000,activeTracking,noEvent
6382,1,40,rld,14:17:03.719,6277,0.251,0.084,0.069,0.000,0.000,activeTracking,noEvent
6382,1,40,rld,14:17:03.751,6278,0.284,0.084,0.069,0.000,0.000,activeTracking,noEvent
6382,1,40,rld,14:17:03.800,6279,0.324,0.084,0.069,0.000,0.000,activeTracking,noEvent
6382,1,40,rld,14:17:03.881,6280,0.405,0.084,0.069,0.000,0.000,activeTracking,noEvent
6382,1,40,rld,14:17:03.924,6281,0.454,0.084,0.069,0.000,0.000,activeTracking,noEvent
6382,1,40,rld,14:17:03.939,6282,0.475,0.084,0.069,0.000,0.000,activeTracking,noEvent
6382,1,40,rld,14:17:03.952,6283,0.488,0.084,0.069,0.000,0.000,activeTracking,noEvent
6382,1,40,rld,14:17:03.997,6284,0.531,0.084,0.069,0.000,0.000,activeTracking,noEvent
6382,1,40,rld,14:17:04.049,6285,0.584,0.084,0.069,0.000,0.000,activeTracking,noEvent
6382,1,40,rld,14:17:04.127,6286,0.653,0.084,0.069,0.000,0.000,activeTracking,noEvent
6382,1,40,rld,14:17:04.183,6287,0.705,0.084,0.069,0.000,0.000,activeTracking,noEvent
6382,1,40,rld,14:17:04.246,6288,0.770,0.084,0.069,0.000,0.000,activeTracking,noEvent
6382,1,40,rld,14:17:04.284,6289,0.821,0.084,0.069,0.000,0.000,activeTracking,noEvent
6382,1,40,rld,14:17:04.308,6290,0.842,0.084,0.069,0.000,0.000,activeTracking,noEvent
6382,1,40,rld,14:17:04.370,6291,0.896,0.084,0.069,0.000,0.000,activeTracking,noEvent
6382,1,40,rld,14:17:04.433,6292,0.965,0.084,0.069,0.000,0.000,activeTracking,failedClick
6382,1,41,rld,14:17:05.931,6326,1.011,0.084,0.069,0.000,0.000,waitingForTarget,middleTargetClick
6382,1,41,rld,14:17:05.998,6327,1.079,0.084,0.069,0.000,0.000,waitingForTarget,noEvent
6382,1,41,rld,14:17:06.069,6328,1.139,0.084,0.069,0.000,0.000,waitingForTarget,noEvent
6382,1,41,rld,14:17:06.121,6329,1.195,0.084,0.069,0.000,0.000,waitingForTarget,noEvent
6382,1,41,rld,14:17:06.202,6330,1.282,0.084,0.069,0.000,0.000,waitingForTarget,noEvent
6382,1,41,rld,14:17:06.228,6331,1.311,0.084,0.069,0.000,0.000,waitingForTarget,noEvent
6382,1,41,rld,14:17:06.244,6332,1.329,0.084,0.069,0.000,0.000,waitingForTarget,noEvent
6382,1,41,rld,14:17:06.268,6333,1.351,0.084,0.069,0.000,0.000,waitingForTarget,noEvent
6382,1,41,rld,14:17:06.301,6334,1.384,0.084,0.069,0.000,0.000,waitingForTarget,noEvent
6382,1,41,rld,14:17:06.354,6335,1.434,0.084,0.069,0.000,0.000,waitingForTarget,noEvent
6382,1,41,rld,14:17:06.395,6336,0.040,0.084,0.069,0.000,0.000,activeTracking,targetAppeared
6382,1,41,rld,14:17:06.458,6337,0.105,0.084,0.069,0.000,0.000,activeTracking,noEvent
6382,1,41,rld,14:17:06.510,6338,0.156,0.084,0.069,0.000,0.000,activeTracking,noEvent
6382,1,41,rld,14:17:06.549,6339,0.197,0.084,0.069,0.000,0.000,activeTracking,noEvent
6382,1,41,rld,14:17:06.595,6340,0.240,0.084,0.069,0.000,0.000,activeTracking,noEvent
6382,1,41,rld,14:17:06.648,6341,0.296,0.084,0.069,0.000,0.000,activeTracking,noEvent
6382,1,41,rld,14:17:06.718,6342,0.357,0.084,0.069,0.000,0.000,activeTracking,noEvent
6382,1,41,rld,14:17:06.765,6343,0.406,0.084,0.069,0.000,0.000,activeTracking,noEvent
6382,1,41,rld,14:17:06.850,6344,0.496,0.084,0.069,0.000,0.000,activeTracking,noEvent
6382,1,41,rld,14:17:06.901,6345,0.537,0.084,0.069,0.000,0.000,activeTracking,noEvent
6382,1,41,rld,14:17:06.943,6346,0.589,0.084,0.069,0.000,0.000,activeTracking,noEvent
6382,1,41,rld,14:17:06.983,6347,0.618,0.084,0.069,0.000,0.000,activeTracking,noEvent
6382,1,41,rld,14:17:07.030,6348,0.674,0.084,0.069,0.000,0.000,activeTracking,noEvent
6382,1,41,rld,14:17:07.084,6349,0.729,0.084,0.069,0.000,0.000,activeTracking,noEvent
6382,1,41,rld,14:17:07.130,6350,0.778,0.084,0.069,0.000,0.000,activeTracking,noEvent
6382,1,41,rld,14:17:07.183,6351,0.833,0.084,0.069,0.000,0.000,activeTracking,noEvent
6382,1,41,rld,14:17:07.227,6352,0.875,0.084,0.069,0.000,0.000,activeTracking,noEvent
6382,1,41,rld,14:17:07.285,6353,0.921,0.084,0.069,0.000,0.000,activeTracking,failedClick
6382,1,42,rld,14:17:08.401,6377,0.975,0.084,0.069,0.000,0.000,waitingForTarget,middleTargetClick
6382,1,42,rld,14:17:08.436,6378,1.020,0.084,0.069,0.000,0.000,waitingForTarget,noEvent
6382,1,42,rld,14:17:08.466,6379,1.050,0.084,0.069,0.000,0.000,waitingForTarget,noEvent
6382,1,42,rld,14:17:08.532,6380,1.114,0.084,0.069,0.000,0.000,waitingForTarget,noEvent
6382,1,42,rld,14:17:08.576,6381,1.150,0.084,0.069,0.000,0.000,waitingForTarget,noEvent
6382,1,42,rld,14:17:08.624,6382,1.196,0.084,0.069,0.000,0.000,waitingForTarget,noEvent
6382,1,42,rld,14:17:08.667,6383,1.240,0.084,0.069,0.000,0.000,waitingForTarget,noEvent
6382,1,42,rld,14:17:08.719,6384,1.302,0.084,0.069,0.000,0.000,waitingForTarget,noEvent
6382,1,42,rld,14:17:08.746,6385,1.327,0.084,0.069,0.000,0.000,waitingForTarget,noEvent
6382,1,42,rld,14:17:08.804,6386,1.388,0.084,0.069,0.000,0.000,waitingForTarget,noEvent
6382,1,42,rld,14:17:08.855,6387,0.047,0.084,0.069,0.000,0.000,activeTracking,targetAppeared
6382,1,42,rld,14:17:08.867,6388,0.064,0.084,0.069,0.000,0.000,activeTracking,noEvent
6382,1,42,rld,14:17:08.939,6389,0.126,0.084,0.069,0.000,0.000,activeTracking,noEvent
6382,1,42,rld,14:17:08.996,6390,0.176,0.084,0.069,0.000,0.000,activeTracking,noEvent
6382,1,42,rld,14:17:09.048,6391,0.231,0.084,0.069,0.000,0.000,activeTracking,noEvent
6382,1,42,rld,14:17:09.086,6392,0.282,0.084,0.069,0.000,0.000,activeTracking,noEvent
6382,1,42,rld,14:17:09.114,6393,0.310,0.084,0.069,0.000,0.000,activeTracking,noEvent
6382,1,42,rld,14:17:09.150,6394,0.345,0.084,0.069,0.000,0.000,activeTracking,noEvent
6382,1,42,rld,14:17:09.199,6395,0.386,0.084,0.069,0.000,0.000,activeTracking,noEvent
6382,1,42,rld,14:17:09.248,6396,0.443,0.084,0.069,0.000,0.000,activeTracking,noEvent
6382,1,42,rld,14:17:09.303,6397,0.494,0.084,0.069,0.000,0.000,activeTracking,noEvent
6382,1,42,rld,14:17:09.346,6398,0.535,0.084,0.069,0.000,0.000,activeTracking,noEvent
6382,1,42,rld,14:17:09.397,6399,0.583,0.084,0.069,0.000,0.000,activeTracking,noEvent
6382,1,42,rld,14:17:09.447,6400,0.637,0.084,0.069,0.000,0.000,activeTracking,noEvent
6382,1,42,rld,14:17:09.497,6401,0.687,0.084,0.069,0.000,0.000,activeTracking,noEvent
6382,1,42,rld,14:17:09.537,6402,0.733,0.084,0.069,0.000,0.000,activeTracking,noEvent
6382,1,42,rld,14:17:09.593,6403,0.782,0.084,0.069,0.000,0.000,activeTracking,noEvent
6382,1,42,rld,14:17:09.648,6404,0.831,0.084,0.069,0.000,0.000,activeTracking,failedClick
6382,1,43,rld,14:17:11.238,6438,0.895,0.084,0.069,0.000,0.000,waitingForTarget,middleTargetClick
6382,1,43,rld,14:17:11.261,6439,0.921,0.084,0.069,0.000,0.000,waitingForTarget,noEvent
6382,1,43,rld,14:17:11.285,6440,0.940,0.084,0.069,0.000,0.000,waitingForTarget,noEvent
6382,1,43,rld,14:17:11.351,6441,1.008,0.084,0.069,0.000,0.000,waitingForTarget,noEvent
6382,1,43,rld,14:17:11.397,6442,1.051,0.084,0.069,0.000,0.000,waitingForTarget,noEvent
6382,1,43,rld,14:17:11.441,6443,1.100,0.084,0.069,0.000,0.000,waitingForTarget,noEvent
6382,1,43,rld,14:17:11.502,6444,1.162,0.084,0.069,0.000,0.000,waitingForTarget,noEvent
6382,1,43,rld,14:17:11.567,6445,1.225,0.084,0.069,0.000,0.000,waitingForTarget,noEvent
6382,1,43,rld,14:17:11.602,6446,1.263,0.084,0.069,0.000,0.000,waitingForTarget,noEvent
6382,1,43,rld,14:17:11.622,6447,1.280,0.084,0.069,0.000,0.000,waitingForTarget,noEvent
6382,1,43,rld,14:17:11.637,6448,1.296,0.084,0.069,0.000,0.000,waitingForTarget,noEvent
6382,1,43,rld,14:17:11.701,6449,0.062,0.084,0.069,0.000,0.000,activeTracking,targetAppeared
6382,1,43,rld,14:17:11.763,6450,0.118,0.084,0.069,0.000,0.000,activeTracking,noEvent
6382,1,43,rld,14:17:11.835,6451,0.194,0.084,0.069,0.000,0.000,activeTracking,noEvent
6382,1,43,rld,14:17:11.879,6452,0.244,0.084,0.069,0.000,0.000,activeTracking,noEvent
6382,1,43,rld,14:17:11.934,6453,0.295,0.084,0.069,0.000,0.000,activeTracking,noEvent
6382,1,43,rld,14:17:11.970,6454,0.336,0.084,0.069,0.000,0.000,activeTracking,noEvent
6382,1,43,rld,14:17:12.021,6455,0.376,0.084,0.069,0.000,0.000,activeTracking,noEvent
6382,1,43,rld,14:17:12.063,6456,0.428,0.084,0.069,0.000,0.000,activeTracking,noEvent
6382,1,43,rld,14:17:12.113,6457,0.465,0.084,0.069,0.000,0.000,activeTracking,noEvent
6382,1,43,rld,14:17:12.167,6458,0.517,0.084,0.069,0.000,0.000,activeTracking,noEvent
6382,1,43,rld,14:17:12.210,6459,0.572,0.084,0.069,0.000,0.000,activeTracking,noEvent
6382,1,43,rld,14:17:12.255,6460,0.606,0.084,0.069,0.000,0.000,activeTracking,noEvent
6382,1,43,rld,14:17:12.305,6461,0.664,0.084,0.069,0.000,0.000,activeTracking,noEvent
6382,1,43,rld,14:17:12.332,6462,0.696,0.084,0.069,0.000,0.000,activeTracking,noEvent
6382,1,43,rld,14:17:12.388,6463,0.743,0.084,0.069,0.000,0.000,activeTracking,noEvent
6382,1,43,rld,14:17:12.458,6464,0.806,0.084,0.069,0.000,0.000,activeTracking,failedClick
6382,1,44,rld,14:17:14.070,6498,0.883,0.084,0.069,0.000,0.000,waitingForTarget,middleTargetClick
6382,1,44,rld,14:17:14.107,6499,0.924,0.084,0.069,0.000,0.000,waitingForTarget,noEvent
6382,1,44,rld,14:17:14.127,6500,0.945,0.084,0.069,0.000,0.000,waitingForTarget,noEvent
6382,1,44,rld,14:17:14.144,6501,0.963,0.084,0.069,0.000,0.000,waitingForTarget,noEvent
6382,1,44,rld,14:17:14.171,6502,0.987,0.084,0.069,0.000,0.000,waitingForTarget,noEvent
6382,1,44,rld,14:17:14.200,6503,1.018,0.084,0.069,0.000,0.000,waitingForTarget,noEvent
6382,1,44,rld,14:17:14.249,6504,1.067,0.084,0.069,0.000,0.000,waitingForTarget,noEvent
6382,1,44,rld,14:17:14.328,6505,1.136,0.084,0.069,0.000,0.000,waitingForTarget,noEvent
6382,1,44,rld,14:17:14.396,6506,1.214,0.084,0.069,0.000,0.000,waitingForTarget,noEvent
6382,1,44,rld,14:17:14.433,6507,1.250,0.084,0.069,0.000,0.000,waitingForTarget,noEvent
6382,1,44,rld,14:17:14.496,6508,1.306,0.084,0.069,0.000,0.000,waitingForTarget,noEvent
6382,1,44,rld,14:17:14.564,6509,0.059,0.084,0.069,0.000,0.000,activeTracking,targetAppeared
6382,1,44,rld,14:17:14.617,6510,0.117,0.084,0.069,0.000,0.000,activeTracking,noEvent
6382,1,44,rld,14:17:14.675,6511,0.177,0.084,0.069,0.000,0.000,activeTracking,noEvent
6382,1,44,rld,14:17:14.708,6512,0.219,0.084,0.069,0.000,0.000,activeTracking,noEvent
6382,1,44,rld,14:17:14.749,6513,0.247,0.084,0.069,0.000,0.000,activeTracking,noEvent
6382,1,44,rld,14:17:14.818,6514,0.330,0.084,0.069,0.000,0.000,activeTracking,noEvent
6382,1,44,rld,14:17:14.837,6515,0.349,0.084,0.069,0.000,0.000,activeTracking,noEvent
6382,1,44,rld,14:17:14.850,6516,0.363,0.084,0.069,0.000,0.000,activeTracking,noEvent
6382,1,44,rld,14:17:14.867,6517,0.379,0.084,0.069,0.000,0.000,activeTracking,noEvent
6382,1,44,rld,14:17:14.926,6518,0.431,0.084,0.069,0.000,0.000,activeTracking,noEvent
6382,1,44,rld,14:17:14.978,6519,0.481,0.084,0.069,0.000,0.000,activeTracking,noEvent
6382,1,44,rld,14:17:15.025,6520,0.528,0.084,0.069,0.000,0.000,activeTracking,noEvent
6382,1,44,rld,14:17:15.099,6521,0.608,0.084,0.069,0.000,0.000,activeTracking,noEvent
6382,1,44,rld,14:17:15.148,6522,0.659,0.084,0.069,0.000,0.000,activeTracking,noEvent
6382,1,44,rld,14:17:15.195,6523,0.699,0.084,0.069,0.000,0.000,activeTracking,noEvent
6382,1,44,rld,14:17:15.252,6524,0.752,0.084,0.069,0.000,0.000,activeTracking,noEvent
6382,1,44,rld,14:17:15.303,6525,0.802,0.084,0.069,0.000,0.000,activeTracking,noEvent
6382,1,44,rld,14:17:15.351,6526,0.860,0.084,0.069,0.000,0.000,activeTracking,noEvent
6382,1,44,rld,14:17:15.421,6527,0.928,0.084,0.069,0.000,0.000,activeTracking,failedClick
6382,1,45,rld,14:17:16.547,6552,0.978,0.084,0.069,0.000,0.000,waitingForTarget,middleTargetClick
6382,1,45,rld,14:17:16.626,6553,1.058,0.084,0.069,0.000,0.000,waitingForTarget,noEvent
6382,1,45,rld,14:17:16.682,6554,1.110,0.084,0.069,0.000,0.000,waitingForTarget,noEvent
6382,1,45,rld,14:17:16.747,6555,1.178,0.084,0.069,0.000,0.000,waitingForTarget,noEvent
6382,1,45,rld,14:17:16.799,6556,1.220,0.084,0.069,0.000,0.000,waitingForTarget,noEvent
6382,1,45,rld,14:17:16.846,6557,1.277,0.084,0.069,0.000,0.000,waitingForTarget,noEvent
6382,1,45,rld,14:17:16.869,6558,1.310,0.084,0.069,0.000,0.000,waitingForTarget,noEvent
6382,1,45,rld,14:17:16.897,6559,1.336,0.084,0.069,0.000,0.000,waitingForTarget,noEvent
6382,1,45,rld,14:17:16.944,6560,1.377,0.084,0.069,0.000,0.000,waitingForTarget,noEvent
6382,1,45,rld,14:17:16.985,6561,1.418,0.084,0.069,0.000,0.000,waitingForTarget,noEvent
6382,1,45,rld,14:17:17.054,6562,0.062,0.084,0.069,0.000,0.000,activeTracking,targetAppeared
6382,1,45,rld,14:17:17.115,6563,0.128,0.084,0.069,0.000,0.000,activeTracking,noEvent
6382,1,45,rld,14:17:17.168,6564,0.176,0.084,0.069,0.000,0.000,activeTracking,noEvent
6382,1,45,rld,14:17:17.212,6565,0.232,0.084,0.069,0.000,0.000,activeTracking,noEvent
6382,1,45,rld,14:17:17.267,6566,0.276,0.084,0.069,0.000,0.000,activeTracking,noEvent
6382,1,45,rld,14:17:17.314,6567,0.334,0.084,0.069,0.000,0.000,activeTracking,noEvent
6382,1,45,rld,14:17:17.352,6568,0.370,0.084,0.069,0.000,0.000,activeTracking,noEvent
6382,1,45,rld,14:17:17.400,6569,0.421,0.084,0.069,0.000,0.000,activeTracking,noEvent
6382,1,45,rld,14:17:17.439,6570,0.459,0.084,0.069,0.000,0.000,activeTracking,noEvent
6382,1,45,rld,14:17:17.513,6571,0.522,0.084,0.069,0.000,0.000,activeTracking,noEvent
6382,1,45,rld,14:17:17.554,6572,0.575,0.084,0.069,0.000,0.000,activeTracking,failedClick
6382,1,46,rld,14:17:18.682,6597,0.630,0.084,0.069,0.000,0.000,waitingForTarget,middleTargetClick
6382,1,46,rld,14:17:18.753,6598,0.723,0.084,0.069,0.000,0.000,waitingForTarget,noEvent
6382,1,46,rld,14:17:18.829,6599,0.802,0.084,0.069,0.000,0.000,waitingForTarget,noEvent
6382,1,46,rld,14:17:18.878,6600,0.844,0.084,0.069,0.000,0.000,waitingForTarget,noEvent
6382,1,46,rld,14:17:18.923,6601,0.893,0.084,0.069,0.000,0.000,waitingForTarget,noEvent
6382,1,46,rld,14:17:18.937,6602,0.912,0.084,0.069,0.000,0.000,waitingForTarget,noEvent
6382,1,46,rld,14:17:18.963,6603,0.934,0.084,0.069,0.000,0.000,waitingForTarget,noEvent
6382,1,46,rld,14:17:18.997,6604,0.971,0.084,0.069,0.000,0.000,waitingForTarget,noEvent
6382,1,46,rld,14:17:19.044,6605,1.017,0.084,0.069,0.000,0.000,waitingForTarget,noEvent
6382,1,46,rld,14:17:19.113,6606,1.080,0.084,0.069,0.000,0.000,waitingForTarget,noEvent
6382,1,46,rld,14:17:19.162,6607,0.050,0.084,0.069,0.000,0.000,activeTracking,targetAppeared
6382,1,46,rld,14:17:19.210,6608,0.100,0.084,0.069,0.000,0.000,activeTracking,noEvent
6382,1,46,rld,14:17:19.283,6609,0.164,0.084,0.069,0.000,0.000,activeTracking,noEvent
6382,1,46,rld,14:17:19.337,6610,0.224,0.084,0.069,0.000,0.000,activeTracking,noEvent
6382,1,46,rld,14:17:19.380,6611,0.273,0.084,0.069,0.000,0.000,activeTracking,noEvent
6382,1,46,rld,14:17:19.417,6612,0.301,0.084,0.069,0.000,0.000,activeTracking,noEvent
6382,1,46,rld,14:17:19.463,6613,0.357,0.084,0.069,0.000,0.000,activeTracking,noEvent
6382,1,46,rld,14:17:19.531,6614,0.413,0.084,0.069,0.000,0.000,activeTracking,noEvent
6382,1,46,rld,14:17:19.576,6615,0.464,0.084,0.069,0.000,0.000,activeTracking,noEvent
6382,1,46,rld,14:17:19.617,6616,0.507,0.084,0.069,0.000,0.000,activeTracking,noEvent
6382,1,46,rld,14:17:19.670,6617,0.559,0.084,0.069,0.000,0.000,activeTracking,noEvent
6382,1,46,rld,14:17:19.718,6618,0.605,0.084,0.069,0.000,0.000,activeTracking,noEvent
6382,1,46,rld,14:17:19.764,6619,0.651,0.084,0.069,0.000,0.000,activeTracking,noEvent
6382,1,46,rld,14:17:19.784,6620,0.678,0.084,0.069,0.000,0.000,activeTracking,noEvent
6382,1,46,rld,14:17:19.848,6621,0.730,0.084,0.069,0.000,0.000,activeTracking,noEvent
6382,1,46,rld,14:17:19.884,6622,0.772,0.084,0.069,0.000,0.000,activeTracking,failedClick
6382,1,47,rld,14:17:20.861,6643,0.788,0.084,0.069,0.000,0.000,waitingForTarget,middleTargetClick
6382,1,47,rld,14:17:20.896,6644,0.816,0.084,0.069,0.000,0.000,waitingForTarget,noEvent
6382,1,47,rld,14:17:20.918,6645,0.845,0.084,0.069,0.000,0.000,waitingForTarget,noEvent
6382,1,47,rld,14:17:20.951,6646,0.878,0.084,0.069,0.000,0.000,waitingForTarget,noEvent
6382,1,47,rld,14:17:20.998,6647,0.924,0.084,0.069,0.000,0.000,waitingForTarget,noEvent
6382,1,47,rld,14:17:21.049,6648,0.974,0.084,0.069,0.000,0.000,waitingForTarget,noEvent
6382,1,47,rld,14:17:21.101,6649,1.028,0.084,0.069,0.000,0.000,waitingForTarget,noEvent
6382,1,47,rld,14:17:21.172,6650,1.095,0.084,0.069,0.000,0.000,waitingForTarget,noEvent
6382,1,47,rld,14:17:21.236,6651,1.158,0.084,0.069,0.000,0.000,waitingForTarget,noEvent
6382,1,47,rld,14:17:21.286,6652,1.213,0.084,0.069,0.000,0.000,waitingForTarget,noEvent
6382,1,47,rld,14:17:21.327,6653,0.036,0.084,0.069,0.000,0.000,activeTracking,targetAppeared
6382,1,47,rld,14:17:21.414,6654,0.113,0.084,0.069,0.000,0.000,activeTracking,noEvent
6382,1,47,rld,14:17:21.468,6655,0.164,0.084,0.069,0.000,0.000,activeTracking,noEvent
6382,1,47,rld,14:17:21.510,6656,0.219,0.084,0.069,0.000,0.000,activeTracking,noEvent
6382,1,47,rld,14:17:21.538,6657,0.252,0.084,0.069,0.000,0.000,activeTracking,noEvent
6382,1,47,rld,14:17:21.600,6658,0.302,0.084,0.069,0.000,0.000,activeTracking,noEvent
6382,1,47,rld,14:17:21.660,6659,0.362,0.084,0.069,0.000,0.000,activeTracking,noEvent
6382,1,47,rld,14:17:21.703,6660,0.412,0.084,0.069,0.000,0.000,activeTracking,noEvent
6382,1,47,rld,14:17:21.748,6661,0.449,0.084,0.069,0.000,0.000,activeTracking,noEvent
6382,1,47,rld,14:17:21.787,6662,0.501,0.084,0.069,0.000,0.000,activeTracking,noEvent
6382,1,47,rld,14:17:21.850,6663,0.561,0.084,0.069,0.000,0.000,activeTracking,failedClick
6382,1,48,rld,14:17:23.085,6691,0.607,0.084,0.069,0.000,0.000,waitingForTarget,middleTargetClick
6382,1,48,rld,14:17:23.134,6692,0.657,0.084,0.069,0.000,0.000,waitingForTarget,noEvent
6382,1,48,rld,14:17:23.186,6693,0.711,0.084,0.069,0.000,0.000,waitingForTarget,noEvent
6382,1,48,rld,14:17:23.238,6694,0.761,0.084,0.069,0.000,0.000,waitingForTarget,noEvent
6382,1,48,rld,14:17:23.298,6695,0.822,0.084,0.069,0.000,0.000,waitingForTarget,noEvent
6382,1,48,rld,14:17:23.390,6696,0.904,0.084,0.069,0.000,0.000,waitingForTarget,noEvent
6382,1,48,rld,14:17:23.454,6697,0.975,0.084,0.069,0.000,0.000,waitingForTarget,noEvent
6382,1,48,rld,14:17:23.507,6698,1.032,0.084,0.069,0.000,0.000,waitingForTarget,noEvent
6382,1,48,rld,14:17:23.530,6699,0.021,0.084,0.069,0.000,0.000,activeTracking,targetAppeared
6382,1,48,rld,14:17:23.567,6700,0.047,0.084,0.069,0.000,0.000,activeTracking,noEvent
6382,1,48,rld,14:17:23.630,6701,0.115,0.084,0.069,0.000,0.000,activeTracking,noEvent
6382,1,48,rld,14:17:23.687,6702,0.162,0.084,0.069,0.000,0.000,activeTracking,noEvent
6382,1,48,rld,14:17:23.732,6703,0.225,0.084,0.069,0.000,0.000,activeTracking,noEvent
6382,1,48,rld,14:17:23.787,6704,0.273,0.084,0.069,0.000,0.000,activeTracking,noEvent
6382,1,48,rld,14:17:23.836,6705,0.329,0.084,0.069,0.000,0.000,activeTracking,noEvent
6382,1,48,rld,14:17:23.859,6706,0.353,0.084,0.069,0.000,0.000,activeTracking,noEvent
6382,1,48,rld,14:17:23.880,6707,0.372,0.084,0.069,0.000,0.000,activeTracking,noEvent
6382,1,48,rld,14:17:23.904,6708,0.396,0.084,0.069,0.000,0.000,activeTracking,noEvent
6382,1,48,rld,14:17:23.929,6709,0.422,0.084,0.069,0.000,0.000,activeTracking,noEvent
6382,1,48,rld,14:17:23.983,6710,0.474,0.084,0.069,0.000,0.000,activeTracking,noEvent
6382,1,48,rld,14:17:24.032,6711,0.521,0.084,0.069,0.000,0.000,activeTracking,noEvent
6382,1,48,rld,14:17:24.104,6712,0.589,0.084,0.069,0.000,0.000,activeTracking,noEvent
6382,1,48,rld,14:17:24.153,6713,0.642,0.084,0.069,0.000,0.000,activeTracking,failedClick
6382,1,49,rld,14:17:25.668,6744,0.703,0.084,0.069,0.000,0.000,waitingForTarget,middleTargetClick
6382,1,49,rld,14:17:25.716,6745,0.758,0.084,0.069,0.000,0.000,waitingForTarget,noEvent
6382,1,49,rld,14:17:25.757,6746,0.800,0.084,0.069,0.000,0.000,waitingForTarget,noEvent
6382,1,49,rld,14:17:25.818,6747,0.863,0.084,0.069,0.000,0.000,waitingForTarget,noEvent
6382,1,49,rld,14:17:25.868,6748,0.909,0.084,0.069,0.000,0.000,waitingForTarget,noEvent
6382,1,49,rld,14:17:25.891,6749,0.931,0.084,0.069,0.000,0.000,waitingForTarget,noEvent
6382,1,49,rld,14:17:25.900,6750,0.945,0.084,0.069,0.000,0.000,waitingForTarget,noEvent
6382,1,49,rld,14:17:25.919,6751,0.963,0.084,0.069,0.000,0.000,waitingForTarget,noEvent
6382,1,49,rld,14:17:25.969,6752,1.011,0.084,0.069,0.000,0.000,waitingForTarget,noEvent
6382,1,49,rld,14:17:26.021,6753,1.063,0.084,0.069,0.000,0.000,waitingForTarget,noEvent
6382,1,49,rld,14:17:26.084,6754,1.121,0.084,0.069,0.000,0.000,waitingForTarget,noEvent
6382,1,49,rld,14:17:26.166,6755,0.080,0.084,0.069,0.000,0.000,activeTracking,targetAppeared
6382,1,49,rld,14:17:26.247,6756,0.170,0.084,0.069,0.000,0.000,activeTracking,noEvent
6382,1,49,rld,14:17:26.271,6757,0.191,0.084,0.069,0.000,0.000,activeTracking,noEvent
6382,1,49,rld,14:17:26.295,6758,0.210,0.084,0.069,0.000,0.000,activeTracking,noEvent
6382,1,49,rld,14:17:26.347,6759,0.270,0.084,0.069,0.000,0.000,activeTracking,noEvent
6382,1,49,rld,14:17:26.381,6760,0.304,0.084,0.069,0.000,0.000,activeTracking,noEvent
6382,1,49,rld,14:17:26.460,6761,0.368,0.084,0.069,0.000,0.000,activeTracking,noEvent
6382,1,49,rld,14:17:26.518,6762,0.427,0.084,0.069,0.000,0.000,activeTracking,noEvent
6382,1,49,rld,14:17:26.566,6763,0.488,0.084,0.069,0.000,0.000,activeTracking,noEvent
6382,1,49,rld,14:17:26.614,6764,0.523,0.084,0.069,0.000,0.000,activeTracking,noEvent
6382,1,49,rld,14:17:26.666,6765,0.574,0.084,0.069,0.000,0.000,activeTracking,noEvent
6382,1,49,rld,14:17:26.719,6766,0.624,0.084,0.069,0.000,0.000,activeTracking,noEvent
6382,1,49,rld,14:17:26.764,6767,0.679,0.084,0.069,0.000,0.000,activeTracking,failedClick
6382,1,50,rld,14:17:27.709,6787,0.739,0.084,0.069,0.000,0.000,waitingForTarget,middleTargetClick
6382,1,50,rld,14:17:27.747,6788,0.777,0.084,0.069,0.000,0.000,waitingForTarget,noEvent
6382,1,50,rld,14:17:27.817,6789,0.840,0.084,0.069,0.000,0.000,waitingForTarget,noEvent
6382,1,50,rld,14:17:27.847,6790,0.885,0.084,0.069,0.000,0.000,waitingForTarget,noEvent
6382,1,50,rld,14:17:27.875,6791,0.910,0.084,0.069,0.000,0.000,waitingForTarget,noEvent
6382,1,50,rld,14:17:27.942,6792,0.979,0.084,0.069,0.000,0.000,waitingForTarget,noEvent
6382,1,50,rld,14:17:27.967,6793,1.004,0.084,0.069,0.000,0.000,waitingForTarget,noEvent
6382,1,50,rld,14:17:27.979,6794,1.018,0.084,0.069,0.000,0.000,waitingForTarget,noEvent
6382,1,50,rld,14:17:27.998,6795,1.037,0.084,0.069,0.000,0.000,waitingForTarget,noEvent
6382,1,50,rld,14:17:28.044,6796,1.083,0.084,0.069,0.000,0.000,waitingForTarget,noEvent
6382,1,50,rld,14:17:28.093,6797,1.127,0.084,0.069,0.000,0.000,waitingForTarget,noEvent
6382,1,50,rld,14:17:28.148,6798,1.178,0.084,0.069,0.000,0.000,waitingForTarget,noEvent
6382,1,50,rld,14:17:28.218,6799,0.068,0.084,0.069,0.000,0.000,activeTracking,targetAppeared
6382,1,50,rld,14:17:28.257,6800,0.115,0.084,0.069,0.000,0.000,activeTracking,noEvent
6382,1,50,rld,14:17:28.303,6801,0.159,0.084,0.069,0.000,0.000,activeTracking,noEvent
6382,1,50,rld,14:17:28.368,6802,0.227,0.084,0.069,0.000,0.000,activeTracking,noEvent
6382,1,50,rld,14:17:28.447,6803,0.296,0.084,0.069,0.000,0.000,activeTracking,noEvent
6382,1,50,rld,14:17:28.498,6804,0.358,0.084,0.069,0.000,0.000,activeTracking,noEvent
6382,1,50,rld,14:17:28.551,6805,0.410,0.084,0.069,0.000,0.000,activeTracking,noEvent
6382,1,50,rld,14:17:28.581,6806,0.442,0.084,0.069,0.000,0.000,activeTracking,noEvent
6382,1,50,rld,14:17:28.625,6807,0.478,0.084,0.069,0.000,0.000,activeTracking,noEvent
6382,1,50,rld,14:17:28.687,6808,0.533,0.084,0.069,0.000,0.000,activeTracking,noEvent
6382,1,50,rld,14:17:28.758,6809,0.598,0.084,0.069,0.000,0.000,activeTracking,noEvent
6382,1,50,rld,14:17:28.796,6810,0.656,0.084,0.069,0.000,0.000,activeTracking,failedClick
6382,1,51,rld,14:17:30.176,6839,0.718,0.084,0.069,0.000,0.000,waitingForTarget,middleTargetClick
6382,1,51,rld,14:17:30.215,6840,0.766,0.084,0.069,0.000,0.000,waitingForTarget,noEvent
6382,1,51,rld,14:17:30.234,6841,0.784,0.084,0.069,0.000,0.000,waitingForTarget,noEvent
6382,1,51,rld,14:17:30.247,6842,0.799,0.084,0.069,0.000,0.000,waitingForTarget,noEvent
6382,1,51,rld,14:17:30.272,6843,0.822,0.084,0.069,0.000,0.000,waitingForTarget,noEvent
6382,1,51,rld,14:17:30.309,6844,0.857,0.084,0.069,0.000,0.000,waitingForTarget,noEvent
6382,1,51,rld,14:17:30.364,6845,0.902,0.084,0.069,0.000,0.000,waitingForTarget,noEvent
6382,1,51,rld,14:17:30.415,6846,0.953,0.084,0.069,0.000,0.000,waitingForTarget,noEvent
6382,1,51,rld,14:17:30.499,6847,1.048,0.084,0.069,0.000,0.000,waitingForTarget,noEvent
6382,1,51,rld,14:17:30.554,6848,1.091,0.084,0.069,0.000,0.000,waitingForTarget,noEvent
6382,1,51,rld,14:17:30.627,6849,1.169,0.084,0.069,0.000,0.000,waitingForTarget,noEvent
6382,1,51,rld,14:17:30.681,6850,0.051,0.084,0.069,0.000,0.000,activeTracking,targetAppeared
6382,1,51,rld,14:17:30.730,6851,0.112,0.084,0.069,0.000,0.000,activeTracking,noEvent
6382,1,51,rld,14:17:30.765,6852,0.136,0.084,0.069,0.000,0.000,activeTracking,noEvent
6382,1,51,rld,14:17:30.829,6853,0.209,0.084,0.069,0.000,0.000,activeTracking,noEvent
6382,1,51,rld,14:17:30.854,6854,0.230,0.084,0.069,0.000,0.000,activeTracking,noEvent
6382,1,51,rld,14:17:30.877,6855,0.252,0.084,0.069,0.000,0.000,activeTracking,noEvent
6382,1,51,rld,14:17:30.893,6856,0.275,0.084,0.069,0.000,0.000,activeTracking,noEvent
6382,1,51,rld,14:17:30.920,6857,0.301,0.084,0.069,0.000,0.000,activeTracking,noEvent
6382,1,51,rld,14:17:30.971,6858,0.350,0.084,0.069,0.000,0.000,activeTracking,noEvent
6382,1,51,rld,14:17:31.015,6859,0.397,0.084,0.069,0.000,0.000,activeTracking,noEvent
6382,1,51,rld,14:17:31.079,6860,0.459,0.084,0.069,0.000,0.000,activeTracking,noEvent
6382,1,51,rld,14:17:31.134,6861,0.515,0.084,0.069,0.000,0.000,activeTracking,noEvent
6382,1,51,rld,14:17:31.203,6862,0.581,0.084,0.069,0.000,0.000,activeTracking,noEvent
6382,1,51,rld,14:17:31.267,6863,0.644,0.084,0.069,0.000,0.000,activeTracking,failedClick
6382,1,52,rld,14:17:32.350,6886,0.709,0.084,0.069,0.000,0.000,waitingForTarget,middleTargetClick
6382,1,52,rld,14:17:32.437,6887,0.812,0.084,0.069,0.000,0.000,waitingForTarget,noEvent
6382,1,52,rld,14:17:32.481,6888,0.872,0.084,0.069,0.000,0.000,waitingForTarget,noEvent
6382,1,52,rld,14:17:32.521,6889,0.902,0.084,0.069,0.000,0.000,waitingForTarget,noEvent
6382,1,52,rld,14:17:32.576,6890,0.965,0.084,0.069,0.000,0.000,waitingForTarget,noEvent
6382,1,52,rld,14:17:32.609,6891,0.998,0.084,0.069,0.000,0.000,waitingForTarget,noEvent
6382,1,52,rld,14:17:32.662,6892,1.044,0.084,0.069,0.000,0.000,waitingForTarget,noEvent
6382,1,52,rld,14:17:32.719,6893,1.107,0.084,0.069,0.000,0.000,waitingForTarget,noEvent
6382,1,52,rld,14:17:32.765,6894,1.154,0.084,0.069,0.000,0.000,waitingForTarget,noEvent
6382,1,52,rld,14:17:32.795,6895,0.035,0.084,0.069,0.000,0.000,activeTracking,targetAppeared
6382,1,52,rld,14:17:32.866,6896,0.088,0.084,0.069,0.000,0.000,activeTracking,noEvent
6382,1,52,rld,14:17:32.903,6897,0.140,0.084,0.069,0.000,0.000,activeTracking,noEvent
6382,1,52,rld,14:17:32.930,6898,0.169,0.084,0.069,0.000,0.000,activeTracking,noEvent
6382,1,52,rld,14:17:32.949,6899,0.186,0.084,0.069,0.000,0.000,activeTracking,noEvent
6382,1,52,rld,14:17:32.970,6900,0.208,0.084,0.069,0.000,0.000,activeTracking,noEvent
6382,1,52,rld,14:17:33.015,6901,0.254,0.084,0.069,0.000,0.000,activeTracking,noEvent
6382,1,52,rld,14:17:33.063,6902,0.301,0.084,0.069,0.000,0.000,activeTracking,noEvent
6382,1,52,rld,14:17:33.109,6903,0.344,0.084,0.069,0.000,0.000,activeTracking,failedClick
6382,1,53,rld,14:17:34.566,6932,0.429,0.084,0.069,0.000,0.000,waitingForTarget,middleTargetClick
6382,1,53,rld,14:17:34.607,6933,0.481,0.084,0.069,0.000,0.000,waitingForTarget,noEvent
6382,1,53,rld,14:17:34.634,6934,0.506,0.084,0.069,0.000,0.000,waitingForTarget,noEvent
6382,1,53,rld,14:17:34.689,6935,0.554,0.084,0.069,0.000,0.000,waitingForTarget,noEvent
6382,1,53,rld,14:17:34.749,6936,0.605,0.084,0.069,0.000,0.000,waitingForTarget,noEvent
6382,1,53,rld,14:17:34.803,6937,0.675,0.084,0.069,0.000,0.000,waitingForTarget,noEvent
6382,1,53,rld,14:17:34.860,6938,0.736,0.084,0.069,0.000,0.000,waitingForTarget,noEvent
6382,1,53,rld,14:17:34.876,6939,0.751,0.084,0.069,0.000,0.000,waitingForTarget,noEvent
6382,1,53,rld,14:17:34.912,6940,0.773,0.084,0.069,0.000,0.000,waitingForTarget,noEvent
6382,1,53,rld,14:17:34.949,6941,0.823,0.084,0.069,0.000,0.000,waitingForTarget,noEvent
6382,1,53,rld,14:17:35.010,6942,0.886,0.084,0.069,0.000,0.000,waitingForTarget,noEvent
6382,1,53,rld,14:17:35.019,6943,0.009,0.084,0.069,0.000,0.000,activeTracking,targetAppeared
6382,1,53,rld,14:17:35.043,6944,0.034,0.084,0.069,0.000,0.000,activeTracking,noEvent
6382,1,53,rld,14:17:35.087,6945,0.076,0.084,0.069,0.000,0.000,activeTracking,noEvent
6382,1,53,rld,14:17:35.135,6946,0.121,0.084,0.069,0.000,0.000,activeTracking,noEvent
6382,1,53,rld,14:17:35.184,6947,0.171,0.084,0.069,0.000,0.000,activeTracking,noEvent
6382,1,53,rld,14:17:35.232,6948,0.220,0.084,0.069,0.000,0.000,activeTracking,noEvent
6382,1,53,rld,14:17:35.282,6949,0.269,0.084,0.069,0.000,0.000,activeTracking,noEvent
6382,1,53,rld,14:17:35.335,6950,0.319,0.084,0.069,0.000,0.000,activeTracking,noEvent
6382,1,53,rld,14:17:35.398,6951,0.382,0.084,0.069,0.000,0.000,activeTracking,noEvent
6382,1,53,rld,14:17:35.480,6952,0.462,0.084,0.069,0.000,0.000,activeTracking,noEvent
6382,1,53,rld,14:17:35.541,6953,0.520,0.084,0.069,0.000,0.000,activeTracking,noEvent
6382,1,53,rld,14:17:35.603,6954,0.587,0.084,0.069,0.000,0.000,activeTracking,failedClick
6382,1,54,rld,14:17:36.585,6975,0.700,0.084,0.069,0.000,0.000,waitingForTarget,middleTargetClick
6382,1,54,rld,14:17:36.650,6976,0.771,0.084,0.069,0.000,0.000,waitingForTarget,noEvent
6382,1,54,rld,14:17:36.703,6977,0.823,0.084,0.069,0.000,0.000,waitingForTarget,noEvent
6382,1,54,rld,14:17:36.725,6978,0.845,0.084,0.069,0.000,0.000,waitingForTarget,noEvent
6382,1,54,rld,14:17:36.739,6979,0.860,0.084,0.069,0.000,0.000,waitingForTarget,noEvent
6382,1,54,rld,14:17:36.762,6980,0.886,0.084,0.069,0.000,0.000,waitingForTarget,noEvent
6382,1,54,rld,14:17:36.847,6981,0.954,0.084,0.069,0.000,0.000,waitingForTarget,noEvent
6382,1,54,rld,14:17:36.913,6982,1.029,0.084,0.069,0.000,0.000,waitingForTarget,noEvent
6382,1,54,rld,14:17:36.983,6983,1.096,0.084,0.069,0.000,0.000,waitingForTarget,noEvent
6382,1,54,rld,14:17:37.028,6984,1.151,0.084,0.069,0.000,0.000,waitingForTarget,noEvent
6382,1,54,rld,14:17:37.054,6985,0.023,0.084,0.069,0.000,0.000,activeTracking,targetAppeared
6382,1,54,rld,14:17:37.096,6986,0.061,0.084,0.069,0.000,0.000,activeTracking,noEvent
6382,1,54,rld,14:17:37.167,6987,0.139,0.084,0.069,0.000,0.000,activeTracking,noEvent
6382,1,54,rld,14:17:37.218,6988,0.184,0.084,0.069,0.000,0.000,activeTracking,noEvent
6382,1,54,rld,14:17:37.264,6989,0.223,0.084,0.069,0.000,0.000,activeTracking,noEvent
6382,1,54,rld,14:17:37.313,6990,0.283,0.084,0.069,0.000,0.000,activeTracking,noEvent
6382,1,54,rld,14:17:37.358,6991,0.326,0.084,0.069,0.000,0.000,activeTracking,noEvent
6382,1,54,rld,14:17:37.412,6992,0.370,0.084,0.069,0.000,0.000,activeTracking,noEvent
6382,1,54,rld,14:17:37.455,6993,0.421,0.084,0.069,0.000,0.000,activeTracking,noEvent
6382,1,54,rld,14:17:37.486,6994,0.458,0.084,0.069,0.000,0.000,activeTracking,noEvent
6382,1,54,rld,14:17:37.546,6995,0.503,0.084,0.069,0.000,0.000,activeTracking,noEvent
6382,1,54,rld,14:17:37.602,6996,0.561,0.084,0.069,0.000,0.000,activeTracking,noEvent
6382,1,54,rld,14:17:37.651,6997,0.622,0.084,0.069,0.000,0.000,activeTracking,failedClick
6382,1,55,rld,14:17:38.749,7020,0.685,0.084,0.069,0.000,0.000,waitingForTarget,middleTargetClick
6382,1,55,rld,14:17:38.785,7021,0.730,0.084,0.069,0.000,0.000,waitingForTarget,noEvent
6382,1,55,rld,14:17:38.807,7022,0.751,0.084,0.069,0.000,0.000,waitingForTarget,noEvent
6382,1,55,rld,14:17:38.819,7023,0.765,0.084,0.069,0.000,0.000,waitingForTarget,noEvent
6382,1,55,rld,14:17:38.848,7024,0.793,0.084,0.069,0.000,0.000,waitingForTarget,noEvent
6382,1,55,rld,14:17:38.891,7025,0.837,0.084,0.069,0.000,0.000,waitingForTarget,noEvent
6382,1,55,rld,14:17:38.948,7026,0.894,0.084,0.069,0.000,0.000,waitingForTarget,noEvent
6382,1,55,rld,14:17:38.995,7027,0.932,0.084,0.069,0.000,0.000,waitingForTarget,noEvent
6382,1,55,rld,14:17:39.062,7028,1.006,0.084,0.069,0.000,0.000,waitingForTarget,noEvent
6382,1,55,rld,14:17:39.115,7029,1.057,0.084,0.069,0.000,0.000,waitingForTarget,noEvent
6382,1,55,rld,14:17:39.161,7030,1.096,0.084,0.069,0.000,0.000,waitingForTarget,noEvent
6382,1,55,rld,14:17:39.211,7031,0.059,0.084,0.069,0.000,0.000,activeTracking,targetAppeared
6382,1,55,rld,14:17:39.266,7032,0.115,0.084,0.069,0.000,0.000,activeTracking,noEvent
6382,1,55,rld,14:17:39.327,7033,0.168,0.084,0.069,0.000,0.000,activeTracking,noEvent
6382,1,55,rld,14:17:39.375,7034,0.214,0.084,0.069,0.000,0.000,activeTracking,noEvent
6382,1,55,rld,14:17:39.420,7035,0.260,0.084,0.069,0.000,0.000,activeTracking,noEvent
6382,1,55,rld,14:17:39.465,7036,0.313,0.084,0.069,0.000,0.000,activeTracking,noEvent
6382,1,55,rld,14:17:39.515,7037,0.360,0.084,0.069,0.000,0.000,activeTracking,noEvent
6382,1,55,rld,14:17:39.568,7038,0.412,0.084,0.069,0.000,0.000,activeTracking,noEvent
6382,1,55,rld,14:17:39.615,7039,0.455,0.084,0.069,0.000,0.000,activeTracking,noEvent
6382,1,55,rld,14:17:39.664,7040,0.505,0.084,0.069,0.000,0.000,activeTracking,failedClick
6382,1,56,rld,14:17:40.652,7061,0.554,0.084,0.069,0.000,0.000,waitingForTarget,middleTargetClick
6382,1,56,rld,14:17:40.685,7062,0.602,0.084,0.069,0.000,0.000,waitingForTarget,noEvent
6382,1,56,rld,14:17:40.710,7063,0.625,0.084,0.069,0.000,0.000,waitingForTarget,noEvent
6382,1,56,rld,14:17:40.728,7064,0.646,0.084,0.069,0.000,0.000,waitingForTarget,noEvent
6382,1,56,rld,14:17:40.785,7065,0.685,0.084,0.069,0.000,0.000,waitingForTarget,noEvent
6382,1,56,rld,14:17:40.857,7066,0.764,0.084,0.069,0.000,0.000,waitingForTarget,noEvent
6382,1,56,rld,14:17:40.916,7067,0.833,0.084,0.069,0.000,0.000,waitingForTarget,noEvent
6382,1,56,rld,14:17:40.967,7068,0.872,0.084,0.069,0.000,0.000,waitingForTarget,noEvent
6382,1,56,rld,14:17:41.019,7069,0.927,0.084,0.069,0.000,0.000,waitingForTarget,noEvent
6382,1,56,rld,14:17:41.056,7070,0.971,0.084,0.069,0.000,0.000,waitingForTarget,noEvent
6382,1,56,rld,14:17:41.086,7071,0.025,0.084,0.069,0.000,0.000,activeTracking,targetAppeared
6382,1,56,rld,14:17:41.139,7072,0.073,0.084,0.069,0.000,0.000,activeTracking,noEvent
6382,1,56,rld,14:17:41.196,7073,0.142,0.084,0.069,0.000,0.000,activeTracking,noEvent
6382,1,56,rld,14:17:41.248,7074,0.182,0.084,0.069,0.000,0.000,activeTracking,noEvent
6382,1,56,rld,14:17:41.293,7075,0.231,0.084,0.069,0.000,0.000,activeTracking,noEvent
6382,1,56,rld,14:17:41.331,7076,0.265,0.084,0.069,0.000,0.000,activeTracking,noEvent
6382,1,56,rld,14:17:41.387,7077,0.324,0.084,0.069,0.000,0.000,activeTracking,noEvent
6382,1,56,rld,14:17:41.434,7078,0.375,0.084,0.069,0.000,0.000,activeTracking,noEvent
6382,1,56,rld,14:17:41.462,7079,0.403,0.084,0.069,0.000,0.000,activeTracking,noEvent
6382,1,56,rld,14:17:41.512,7080,0.446,0.084,0.069,0.000,0.000,activeTracking,noEvent
6382,1,56,rld,14:17:41.558,7081,0.500,0.084,0.069,0.000,0.000,activeTracking,noEvent
6382,1,56,rld,14:17:41.620,7082,0.562,0.084,0.069,0.000,0.000,activeTracking,failedClick
6382,1,57,rld,14:17:43.400,7120,0.629,0.084,0.069,0.000,0.000,waitingForTarget,middleTargetClick
6382,1,57,rld,14:17:43.437,7121,0.683,0.084,0.069,0.000,0.000,waitingForTarget,noEvent
6382,1,57,rld,14:17:43.485,7122,0.732,0.084,0.069,0.000,0.000,waitingForTarget,noEvent
6382,1,57,rld,14:17:43.520,7123,0.757,0.084,0.069,0.000,0.000,waitingForTarget,noEvent
6382,1,57,rld,14:17:43.595,7124,0.834,0.084,0.069,0.000,0.000,waitingForTarget,noEvent
6382,1,57,rld,14:17:43.626,7125,0.872,0.084,0.069,0.000,0.000,waitingForTarget,noEvent
6382,1,57,rld,14:17:43.647,7126,0.891,0.084,0.069,0.000,0.000,waitingForTarget,noEvent
6382,1,57,rld,14:17:43.699,7127,0.945,0.084,0.069,0.000,0.000,waitingForTarget,noEvent
6382,1,57,rld,14:17:43.743,7128,0.982,0.084,0.069,0.000,0.000,waitingForTarget,noEvent
6382,1,57,rld,14:17:43.786,7129,1.027,0.084,0.069,0.000,0.000,waitingForTarget,noEvent
6382,1,57,rld,14:17:43.859,7130,1.105,0.084,0.069,0.000,0.000,waitingForTarget,noEvent
6382,1,57,rld,14:17:43.883,7131,0.024,0.084,0.069,0.000,0.000,activeTracking,targetAppeared
6382,1,57,rld,14:17:43.953,7132,0.070,0.084,0.069,0.000,0.000,activeTracking,noEvent
6382,1,57,rld,14:17:43.997,7133,0.137,0.084,0.069,0.000,0.000,activeTracking,noEvent
6382,1,57,rld,14:17:44.015,7134,0.155,0.084,0.069,0.000,0.000,activeTracking,noEvent
6382,1,57,rld,14:17:44.028,7135,0.169,0.084,0.069,0.000,0.000,activeTracking,noEvent
6382,1,57,rld,14:17:44.048,7136,0.190,0.084,0.069,0.000,0.000,activeTracking,noEvent
6382,1,57,rld,14:17:44.098,7137,0.238,0.084,0.069,0.000,0.000,activeTracking,noEvent
6382,1,57,rld,14:17:44.158,7138,0.296,0.084,0.069,0.000,0.000,activeTracking,noEvent
6382,1,57,rld,14:17:44.245,7139,0.372,0.084,0.069,0.000,0.000,activeTracking,failedClick
6382,1,58,rld,14:17:45.025,7155,0.423,0.084,0.069,0.000,0.000,waitingForTarget,middleTargetClick
6382,1,58,rld,14:17:45.066,7156,0.472,0.084,0.069,0.000,0.000,waitingForTarget,noEvent
6382,1,58,rld,14:17:45.122,7157,0.523,0.084,0.069,0.000,0.000,waitingForTarget,noEvent
6382,1,58,rld,14:17:45.166,7158,0.566,0.084,0.069,0.000,0.000,waitingForTarget,noEvent
6382,1,58,rld,14:17:45.214,7159,0.622,0.084,0.069,0.000,0.000,waitingForTarget,noEvent
6382,1,58,rld,14:17:45.263,7160,0.656,0.084,0.069,0.000,0.000,waitingForTarget,noEvent
6382,1,58,rld,14:17:45.303,7161,0.707,0.084,0.069,0.000,0.000,waitingForTarget,noEvent
6382,1,58,rld,14:17:45.320,7162,0.728,0.084,0.069,0.000,0.000,waitingForTarget,noEvent
6382,1,58,rld,14:17:45.347,7163,0.750,0.084,0.069,0.000,0.000,waitingForTarget,noEvent
6382,1,58,rld,14:17:45.403,7164,0.806,0.084,0.069,0.000,0.000,waitingForTarget,noEvent
6382,1,58,rld,14:17:45.453,7165,0.855,0.084,0.069,0.000,0.000,waitingForTarget,noEvent
6382,1,58,rld,14:17:45.517,7166,0.062,0.084,0.069,0.000,0.000,activeTracking,targetAppeared
6382,1,58,rld,14:17:45.579,7167,0.117,0.084,0.069,0.000,0.000,activeTracking,noEvent
6382,1,58,rld,14:17:45.631,7168,0.170,0.084,0.069,0.000,0.000,activeTracking,noEvent
6382,1,58,rld,14:17:45.672,7169,0.219,0.084,0.069,0.000,0.000,activeTracking,noEvent
6382,1,58,rld,14:17:45.707,7170,0.247,0.084,0.069,0.000,0.000,activeTracking,noEvent
6382,1,58,rld,14:17:45.748,7171,0.298,0.084,0.069,0.000,0.000,activeTracking,noEvent
6382,1,58,rld,14:17:45.800,7172,0.351,0.084,0.069,0.000,0.000,activeTracking,noEvent
6382,1,58,rld,14:17:45.847,7173,0.398,0.084,0.069,0.000,0.000,activeTracking,noEvent
6382,1,58,rld,14:17:45.876,7174,0.428,0.084,0.069,0.000,0.000,activeTracking,noEvent
6382,1,58,rld,14:17:45.917,7175,0.457,0.084,0.069,0.000,0.000,activeTracking,noEvent
6382,1,58,rld,14:17:45.964,7176,0.512,0.084,0.069,0.000,0.000,activeTracking,noEvent
6382,1,58,rld,14:17:45.979,7177,0.530,0.084,0.069,0.000,0.000,activeTracking,noEvent
6382,1,58,rld,14:17:46.010,7178,0.557,0.084,0.069,0.000,0.000,activeTracking,noEvent
6382,1,58,rld,14:17:46.063,7179,0.607,0.084,0.069,0.000,0.000,activeTracking,failedClick
6382,1,59,rld,14:17:47.461,7207,0.664,0.084,0.069,0.000,0.000,waitingForTarget,middleTargetClick
6382,1,59,rld,14:17:47.503,7208,0.710,0.084,0.069,0.000,0.000,waitingForTarget,noEvent
6382,1,59,rld,14:17:47.545,7209,0.756,0.084,0.069,0.000,0.000,waitingForTarget,noEvent
6382,1,59,rld,14:17:47.576,7210,0.778,0.084,0.069,0.000,0.000,waitingForTarget,noEvent
6382,1,59,rld,14:17:47.614,7211,0.823,0.084,0.069,0.000,0.000,waitingForTarget,noEvent
6382,1,59,rld,14:17:47.667,7212,0.872,0.084,0.069,0.000,0.000,waitingForTarget,noEvent
6382,1,59,rld,14:17:47.729,7213,0.932,0.084,0.069,0.000,0.000,waitingForTarget,noEvent
6382,1,59,rld,14:17:47.781,7214,0.981,0.084,0.069,0.000,0.000,waitingForTarget,noEvent
6382,1,59,rld,14:17:47.835,7215,1.042,0.084,0.069,0.000,0.000,waitingForTarget,noEvent
6382,1,59,rld,14:17:47.852,7216,1.063,0.084,0.069,0.000,0.000,waitingForTarget,noEvent
6382,1,59,rld,14:17:47.861,7217,1.073,0.084,0.069,0.000,0.000,waitingForTarget,noEvent
6382,1,59,rld,14:17:47.877,7218,0.016,0.084,0.069,0.000,0.000,activeTracking,targetAppeared
6382,1,59,rld,14:17:47.935,7219,0.068,0.084,0.069,0.000,0.000,activeTracking,noEvent
6382,1,59,rld,14:17:47.990,7220,0.122,0.084,0.069,0.000,0.000,activeTracking,noEvent
6382,1,59,rld,14:17:48.027,7221,0.165,0.084,0.069,0.000,0.000,activeTracking,noEvent
6382,1,59,rld,14:17:48.076,7222,0.214,0.084,0.069,0.000,0.000,activeTracking,noEvent
6382,1,59,rld,14:17:48.119,7223,0.257,0.084,0.069,0.000,0.000,activeTracking,noEvent
6382,1,59,rld,14:17:48.165,7224,0.302,0.084,0.069,0.000,0.000,activeTracking,noEvent
6382,1,59,rld,14:17:48.215,7225,0.350,0.084,0.069,0.000,0.000,activeTracking,noEvent
6382,1,59,rld,14:17:48.267,7226,0.401,0.084,0.069,0.000,0.000,activeTracking,noEvent
6382,1,59,rld,14:17:48.360,7227,0.486,0.084,0.069,0.000,0.000,activeTracking,noEvent
6382,1,59,rld,14:17:48.401,7228,0.536,0.084,0.069,0.000,0.000,activeTracking,noEvent
6382,1,59,rld,14:17:48.487,7229,0.607,0.084,0.069,0.000,0.000,activeTracking,noEvent
6382,1,59,rld,14:17:48.535,7230,0.667,0.084,0.069,0.000,0.000,activeTracking,noEvent
6382,1,59,rld,14:17:48.565,7231,0.697,0.084,0.069,0.000,0.000,activeTracking,noEvent
6382,1,59,rld,14:17:48.628,7232,0.747,0.084,0.069,0.000,0.000,activeTracking,noEvent
6382,1,59,rld,14:17:48.679,7233,0.813,0.084,0.069,0.000,0.000,activeTracking,failedClick
6382,1,60,rld,14:17:49.843,7259,0.873,0.084,0.069,0.000,0.000,waitingForTarget,middleTargetClick
6382,1,60,rld,14:17:49.917,7260,0.946,0.084,0.069,0.000,0.000,waitingForTarget,noEvent
6382,1,60,rld,14:17:49.979,7261,1.011,0.084,0.069,0.000,0.000,waitingForTarget,noEvent
6382,1,60,rld,14:17:50.029,7262,1.071,0.084,0.069,0.000,0.000,waitingForTarget,noEvent
6382,1,60,rld,14:17:50.057,7263,1.101,0.084,0.069,0.000,0.000,waitingForTarget,noEvent
6382,1,60,rld,14:17:50.085,7264,1.126,0.084,0.069,0.000,0.000,waitingForTarget,noEvent
6382,1,60,rld,14:17:50.108,7265,1.150,0.084,0.069,0.000,0.000,waitingForTarget,noEvent
6382,1,60,rld,14:17:50.136,7266,1.180,0.084,0.069,0.000,0.000,waitingForTarget,noEvent
6382,1,60,rld,14:17:50.183,7267,1.227,0.084,0.069,0.000,0.000,waitingForTarget,noEvent
6382,1,60,rld,14:17:50.231,7268,1.273,0.084,0.069,0.000,0.000,waitingForTarget,noEvent
6382,1,60,rld,14:17:50.276,7269,1.320,0.084,0.069,0.000,0.000,waitingForTarget,noEvent
6382,1,60,rld,14:17:50.332,7270,0.055,0.084,0.069,0.000,0.000,activeTracking,targetAppeared
6382,1,60,rld,14:17:50.378,7271,0.094,0.084,0.069,0.000,0.000,activeTracking,noEvent
6382,1,60,rld,14:17:50.432,7272,0.144,0.084,0.069,0.000,0.000,activeTracking,noEvent
6382,1,60,rld,14:17:50.496,7273,0.215,0.084,0.069,0.000,0.000,activeTracking,noEvent
6382,1,60,rld,14:17:50.568,7274,0.292,0.084,0.069,0.000,0.000,activeTracking,noEvent
6382,1,60,rld,14:17:50.646,7275,0.353,0.084,0.069,0.000,0.000,activeTracking,noEvent
6382,1,60,rld,14:17:50.683,7276,0.404,0.084,0.069,0.000,0.000,activeTracking,noEvent
6382,1,60,rld,14:17:50.705,7277,0.427,0.084,0.069,0.000,0.000,activeTracking,noEvent
6382,1,60,rld,14:17:50.751,7278,0.473,0.084,0.069,0.000,0.000,activeTracking,noEvent
6382,1,60,rld,14:17:50.782,7279,0.504,0.084,0.069,0.000,0.000,activeTracking,noEvent
6382,1,60,rld,14:17:50.810,7280,0.533,0.084,0.069,0.000,0.000,activeTracking,noEvent
6382,1,60,rld,14:17:50.835,7281,0.560,0.084,0.069,0.000,0.000,activeTracking,noEvent
6382,1,60,rld,14:17:50.886,7282,0.609,0.084,0.069,0.000,0.000,activeTracking,noEvent
6382,1,60,rld,14:17:50.935,7283,0.653,0.084,0.069,0.000,0.000,activeTracking,noEvent
6382,1,60,rld,14:17:51.003,7284,0.721,0.084,0.069,0.000,0.000,activeTracking,noEvent
6382,1,60,rld,14:17:51.043,7285,0.761,0.084,0.069,0.000,0.000,activeTracking,noEvent
6382,1,60,rld,14:17:51.101,7286,0.821,0.084,0.069,0.000,0.000,activeTracking,failedClick;
6382,2,1,rld,14:18:27.246,8048,0.883,-0.034,-0.033,0.000,0.000,waitingForTarget,middleTargetClick
6382,2,1,rld,14:18:27.312,8049,0.947,-0.034,-0.033,0.000,0.000,waitingForTarget,noEvent
6382,2,1,rld,14:18:27.363,8050,1.004,-0.034,-0.032,0.000,0.000,waitingForTarget,noEvent
6382,2,1,rld,14:18:27.411,8051,1.051,-0.034,-0.032,0.000,0.000,waitingForTarget,noEvent
6382,2,1,rld,14:18:27.459,8052,1.097,-0.034,-0.032,0.000,0.000,waitingForTarget,noEvent
6382,2,1,rld,14:18:27.493,8053,1.131,-0.034,-0.032,0.000,0.000,waitingForTarget,noEvent
6382,2,1,rld,14:18:27.546,8054,1.188,-0.034,-0.032,0.000,0.000,waitingForTarget,noEvent
6382,2,1,rld,14:18:27.593,8055,1.224,-0.034,-0.032,0.000,0.000,waitingForTarget,noEvent
6382,2,1,rld,14:18:27.632,8056,1.272,-0.034,-0.032,0.000,0.000,waitingForTarget,noEvent
6382,2,1,rld,14:18:27.663,8057,1.303,-0.034,-0.032,0.000,0.000,waitingForTarget,noEvent
6382,2,1,rld,14:18:27.707,8058,0.041,-0.034,-0.032,0.000,0.000,activeTracking,targetAppeared
6382,2,1,rld,14:18:27.743,8059,0.082,-0.034,-0.032,0.000,0.000,activeTracking,noEvent
6382,2,1,rld,14:18:27.784,8060,0.118,-0.034,-0.032,0.000,0.000,activeTracking,noEvent
6382,2,1,rld,14:18:27.863,8061,0.202,-0.034,-0.032,0.000,0.000,activeTracking,noEvent
6382,2,1,rld,14:18:27.907,8062,0.239,-0.034,-0.032,0.000,0.000,activeTracking,noEvent
6382,2,1,rld,14:18:27.948,8063,0.287,-0.034,-0.032,0.000,0.000,activeTracking,noEvent
6382,2,1,rld,14:18:27.997,8064,0.331,-0.034,-0.032,0.000,0.000,activeTracking,noEvent
6382,2,1,rld,14:18:28.044,8065,0.374,-0.034,-0.032,0.000,0.000,activeTracking,noEvent
6382,2,1,rld,14:18:28.094,8066,0.423,-0.034,-0.032,0.000,0.000,activeTracking,noEvent
6382,2,1,rld,14:18:28.131,8067,0.465,-0.034,-0.032,0.000,0.000,activeTracking,noEvent
6382,2,1,rld,14:18:28.262,8068,0.553,-0.101,-0.010,-0.600,0.200,activeTracking,noEvent
6382,2,1,rld,14:18:28.288,8069,0.627,-1.187,0.021,-9.400,0.200,activeTracking,noEvent
6382,2,1,rld,14:18:28.341,8070,0.673,-1.833,0.009,-2.400,-0.200,activeTracking,noEvent
6382,2,1,rld,14:18:28.364,8071,0.701,-2.169,-0.017,-1.000,-0.200,activeTracking,noEvent
6382,2,1,rld,14:18:28.388,8072,0.723,-2.342,-0.026,-0.500,0.000,onTarget,noEvent
6382,2,1,rld,14:18:28.441,8073,0.766,-2.508,-0.029,-0.900,0.000,onTarget,noEvent
6382,2,1,rld,14:18:28.561,8074,0.856,-2.842,-0.041,-2.300,-0.100,onTarget,noEvent
6382,2,1,rld,14:18:28.583,8075,0.920,-3.191,-0.045,-1.900,0.000,activeTracking,noEvent
6382,2,1,rld,14:18:28.617,8076,0.955,-3.359,-0.046,-0.400,0.000,activeTracking,noEvent
6382,2,1,rld,14:18:28.632,8077,0.971,-3.428,-0.046,-0.100,0.000,activeTracking,noEvent
6382,2,1,rld,14:18:28.661,8078,1.000,-3.489,-0.046,-0.300,0.000,activeTracking,noEvent
6382,2,1,rld,14:18:28.687,8079,1.025,-3.522,-0.046,-0.100,0.000,activeTracking,noEvent
6382,2,1,rld,14:18:28.712,8080,1.052,-3.546,-0.046,-0.100,0.000,activeTracking,noEvent
6382,2,1,rld,14:18:28.760,8081,1.096,-3.554,-0.046,0.000,0.000,activeTracking,noEvent
6382,2,1,rld,14:18:28.824,8082,1.154,-3.518,-0.046,0.300,0.000,activeTracking,noEvent
6382,2,1,rld,14:18:28.873,8083,1.201,-3.468,-0.046,0.300,0.000,activeTracking,noEvent
6382,2,1,rld,14:18:28.944,8084,1.283,-3.401,-0.046,0.400,0.000,activeTracking,noEvent
6382,2,1,rld,14:18:28.968,8085,1.306,-3.353,-0.046,0.200,0.000,activeTracking,noEvent
6382,2,1,rld,14:18:29.065,8086,1.387,-3.250,-0.047,0.700,0.000,activeTracking,noEvent
6382,2,1,rld,14:18:29.133,8087,1.471,-3.091,-0.047,1.000,0.000,activeTracking,noEvent
6382,2,1,rld,14:18:29.156,8088,1.495,-3.026,-0.047,0.100,0.000,onTarget,noEvent
6382,2,1,rld,14:18:29.184,8089,1.524,-2.967,-0.047,0.300,0.000,onTarget,noEvent
6382,2,1,rld,14:18:29.197,8090,1.536,-2.935,-0.047,0.100,0.000,onTarget,noEvent
6382,2,1,rld,14:18:29.242,8091,1.580,-2.864,-0.047,0.500,0.000,onTarget,noEvent
6382,2,1,rld,14:18:29.273,8092,1.611,-2.815,-0.047,0.200,0.000,onTarget,noEvent
6382,2,1,rld,14:18:29.307,8093,1.646,-2.775,-0.047,0.200,0.000,onTarget,noEvent
6382,2,1,rld,14:18:29.351,8094,1.689,-2.749,-0.047,0.100,0.000,onTarget,noEvent
6382,2,1,rld,14:18:29.404,8095,1.737,-2.728,-0.047,0.100,0.000,onTarget,noEvent
6382,2,1,rld,14:18:29.446,8096,1.784,-2.709,-0.047,0.100,0.000,onTarget,noEvent
6382,2,1,rld,14:18:29.506,8097,1.838,-2.691,-0.047,0.100,0.000,onTarget,noEvent
6382,2,1,rld,14:18:29.596,8098,1.922,-2.673,-0.047,0.100,0.000,onTarget,noEvent
6382,2,1,rld,14:18:29.666,8099,1.986,-2.667,-0.047,0.000,0.000,onTarget,noEvent
6382,2,1,rld,14:18:29.717,8100,2.055,-2.665,-0.047,0.000,0.000,onTarget,noEvent
6382,2,1,rld,14:18:29.743,8101,2.081,-2.664,-0.047,0.000,0.000,onTarget,noEvent
6382,2,1,rld,14:18:29.756,8102,2.096,-2.664,-0.047,0.000,0.000,onTarget,noEvent
6382,2,1,rld,14:18:29.775,8103,2.114,-2.664,-0.047,0.000,0.000,onTarget,noEvent
6382,2,1,rld,14:18:29.825,8104,2.155,-2.664,-0.047,0.000,0.000,onTarget,targetClick
6382,2,2,rld,14:18:32.274,8156,2.211,-0.270,-0.049,0.000,0.000,waitingForTarget,middleTargetClick
6382,2,2,rld,14:18:32.374,8157,2.298,-0.270,-0.049,0.000,0.000,waitingForTarget,noEvent
6382,2,2,rld,14:18:32.417,8158,2.359,-0.270,-0.049,0.000,0.000,waitingForTarget,noEvent
6382,2,2,rld,14:18:32.494,8159,2.424,-0.270,-0.049,0.000,0.000,waitingForTarget,noEvent
6382,2,2,rld,14:18:32.537,8160,2.480,-0.270,-0.049,0.000,0.000,waitingForTarget,noEvent
6382,2,2,rld,14:18:32.559,8161,2.507,-0.270,-0.049,0.000,0.000,waitingForTarget,noEvent
6382,2,2,rld,14:18:32.573,8162,2.521,-0.270,-0.049,0.000,0.000,waitingForTarget,noEvent
6382,2,2,rld,14:18:32.598,8163,2.545,-0.270,-0.049,0.000,0.000,waitingForTarget,noEvent
6382,2,2,rld,14:18:32.630,8164,2.577,-0.270,-0.049,0.000,0.000,waitingForTarget,noEvent
6382,2,2,rld,14:18:32.732,8165,2.664,-0.270,-0.049,0.000,0.000,waitingForTarget,noEvent
6382,2,2,rld,14:18:32.845,8166,0.113,-0.270,-0.049,0.000,0.000,activeTracking,targetAppeared
6382,2,2,rld,14:18:32.867,8167,0.150,-0.270,-0.049,0.000,0.000,activeTracking,noEvent
6382,2,2,rld,14:18:32.880,8168,0.165,-0.270,-0.049,0.000,0.000,activeTracking,noEvent
6382,2,2,rld,14:18:32.894,8169,0.179,-0.270,-0.049,0.000,0.000,activeTracking,noEvent
6382,2,2,rld,14:18:32.914,8170,0.198,-0.270,-0.049,0.000,0.000,activeTracking,noEvent
6382,2,2,rld,14:18:32.958,8171,0.241,-0.270,-0.049,0.000,0.000,activeTracking,noEvent
6382,2,2,rld,14:18:33.022,8172,0.301,-0.270,-0.049,0.000,0.000,activeTracking,noEvent
6382,2,2,rld,14:18:33.100,8173,0.381,-0.270,-0.049,0.000,0.000,activeTracking,noEvent
6382,2,2,rld,14:18:33.164,8174,0.444,-0.270,-0.049,0.000,0.000,activeTracking,noEvent
6382,2,2,rld,14:18:33.244,8175,0.504,-0.270,-0.049,0.000,0.000,activeTracking,noEvent
6382,2,2,rld,14:18:33.305,8176,0.586,-1.016,0.030,-6.600,0.700,activeTracking,noEvent
6382,2,2,rld,14:18:33.330,8177,0.614,-1.636,0.058,-3.200,0.000,activeTracking,noEvent
6382,2,2,rld,14:18:33.362,8178,0.646,-2.020,0.068,-1.500,0.000,activeTracking,noEvent
6382,2,2,rld,14:18:33.376,8179,0.660,-2.173,0.072,-0.200,0.000,activeTracking,noEvent
6382,2,2,rld,14:18:33.417,8180,0.700,-2.272,0.073,-0.400,0.000,activeTracking,noEvent
6382,2,2,rld,14:18:33.455,8181,0.733,-2.353,0.074,-0.400,0.000,onTarget,noEvent
6382,2,2,rld,14:18:33.496,8182,0.778,-2.451,0.074,-0.600,0.000,onTarget,noEvent
6382,2,2,rld,14:18:33.555,8183,0.834,-2.593,0.063,-0.900,-0.100,onTarget,noEvent
6382,2,2,rld,14:18:33.612,8184,0.893,-2.761,0.060,-1.000,0.000,onTarget,noEvent
6382,2,2,rld,14:18:33.642,8185,0.927,-2.879,0.059,-0.500,0.000,onTarget,noEvent
6382,2,2,rld,14:18:33.690,8186,0.969,-2.955,0.059,-0.300,0.000,onTarget,noEvent
6382,2,2,rld,14:18:33.737,8187,1.018,-3.030,0.059,-0.400,0.000,onTarget,noEvent
6382,2,2,rld,14:18:33.781,8188,1.062,-3.067,0.059,-0.100,0.000,activeTracking,noEvent
6382,2,2,rld,14:18:33.824,8189,1.108,-3.080,0.059,0.000,0.000,activeTracking,noEvent
6382,2,2,rld,14:18:33.865,8190,1.150,-3.084,0.059,0.000,0.000,activeTracking,noEvent
6382,2,2,rld,14:18:33.910,8191,1.194,-3.085,0.059,0.000,0.000,activeTracking,noEvent
6382,2,2,rld,14:18:33.959,8192,1.242,-3.086,0.059,0.000,0.000,activeTracking,noEvent
6382,2,2,rld,14:18:34.000,8193,1.283,-3.086,0.059,0.000,0.000,activeTracking,noEvent
6382,2,2,rld,14:18:34.067,8194,1.349,-3.086,0.059,0.000,0.000,activeTracking,noEvent
6382,2,2,rld,14:18:34.150,8195,1.430,-3.086,0.059,0.000,0.000,activeTracking,noEvent
6382,2,2,rld,14:18:34.255,8196,1.527,-2.963,0.047,1.000,-0.100,onTarget,noEvent
6382,2,2,rld,14:18:34.290,8197,1.574,-2.885,0.043,0.300,0.000,onTarget,noEvent
6382,2,2,rld,14:18:34.319,8198,1.598,-2.834,0.030,0.200,-0.100,onTarget,noEvent
6382,2,2,rld,14:18:34.346,8199,1.629,-2.793,0.025,0.200,0.000,onTarget,noEvent
6382,2,2,rld,14:18:34.369,8200,1.649,-2.767,0.024,0.100,0.000,onTarget,noEvent
6382,2,2,rld,14:18:34.397,8201,1.682,-2.735,0.023,0.200,0.000,onTarget,noEvent
6382,2,2,rld,14:18:34.425,8202,1.703,-2.711,0.023,0.100,0.000,onTarget,noEvent
6382,2,2,rld,14:18:34.477,8203,1.752,-2.680,0.023,0.200,0.000,onTarget,noEvent
6382,2,2,rld,14:18:34.524,8204,1.800,-2.657,0.011,0.100,-0.100,onTarget,noEvent
6382,2,2,rld,14:18:34.611,8205,1.894,-2.613,0.007,0.300,0.000,onTarget,noEvent
6382,2,2,rld,14:18:34.714,8206,1.983,-2.574,0.005,0.200,0.000,onTarget,noEvent
6382,2,2,rld,14:18:34.756,8207,2.040,-2.561,0.005,0.000,0.000,onTarget,noEvent
6382,2,2,rld,14:18:34.778,8208,2.063,-2.557,0.005,0.000,0.000,onTarget,noEvent
6382,2,2,rld,14:18:34.826,8209,2.108,-2.556,0.005,0.000,0.000,onTarget,targetClick
6382,2,3,rld,14:18:37.673,8268,2.219,-0.053,-0.016,0.000,0.000,waitingForTarget,middleTargetClick
6382,2,3,rld,14:18:37.712,8269,2.275,-0.052,-0.016,0.000,0.000,waitingForTarget,noEvent
6382,2,3,rld,14:18:37.734,8270,2.297,-0.051,-0.016,0.000,0.000,waitingForTarget,noEvent
6382,2,3,rld,14:18:37.753,8271,2.315,-0.051,-0.016,0.000,0.000,waitingForTarget,noEvent
6382,2,3,rld,14:18:37.776,8272,2.340,-0.051,-0.016,0.000,0.000,waitingForTarget,noEvent
6382,2,3,rld,14:18:37.824,8273,2.385,-0.051,-0.016,0.000,0.000,waitingForTarget,noEvent
6382,2,3,rld,14:18:37.845,8274,2.407,-0.051,-0.016,0.000,0.000,waitingForTarget,noEvent
6382,2,3,rld,14:18:37.897,8275,2.458,-0.051,-0.016,0.000,0.000,waitingForTarget,noEvent
6382,2,3,rld,14:18:37.959,8276,2.511,-0.051,-0.016,0.000,0.000,waitingForTarget,noEvent
6382,2,3,rld,14:18:38.060,8277,2.611,-0.051,-0.016,0.000,0.000,waitingForTarget,noEvent
6382,2,3,rld,14:18:38.110,8278,2.672,-0.051,-0.016,0.000,0.000,waitingForTarget,noEvent
6382,2,3,rld,14:18:38.183,8279,0.068,-0.051,-0.016,0.000,0.000,activeTracking,targetAppeared
6382,2,3,rld,14:18:38.214,8280,0.104,-0.051,-0.016,0.000,0.000,activeTracking,noEvent
6382,2,3,rld,14:18:38.279,8281,0.157,-0.051,-0.016,0.000,0.000,activeTracking,noEvent
6382,2,3,rld,14:18:38.322,8282,0.209,-0.051,-0.016,0.000,0.000,activeTracking,noEvent
6382,2,3,rld,14:18:38.350,8283,0.238,-0.051,-0.016,0.000,0.000,activeTracking,noEvent
6382,2,3,rld,14:18:38.385,8284,0.275,-0.051,-0.016,0.000,0.000,activeTracking,noEvent
6382,2,3,rld,14:18:38.427,8285,0.318,-0.051,-0.016,0.000,0.000,activeTracking,noEvent
6382,2,3,rld,14:18:38.445,8286,0.336,-0.051,-0.016,0.000,0.000,activeTracking,noEvent
6382,2,3,rld,14:18:38.472,8287,0.358,-0.051,-0.016,0.000,0.000,activeTracking,noEvent
6382,2,3,rld,14:18:38.515,8288,0.405,-0.051,-0.016,0.000,0.000,activeTracking,noEvent
6382,2,3,rld,14:18:38.562,8289,0.450,-0.051,-0.016,0.000,0.000,activeTracking,noEvent
6382,2,3,rld,14:18:38.710,8290,0.581,-0.965,0.041,-8.100,0.500,activeTracking,noEvent
6382,2,3,rld,14:18:38.760,8291,0.649,-1.457,0.061,-1.600,0.000,activeTracking,noEvent
6382,2,3,rld,14:18:38.794,8292,0.675,-1.657,0.068,-0.300,0.000,activeTracking,noEvent
6382,2,3,rld,14:18:38.842,8293,0.719,-1.759,0.070,-0.300,0.000,activeTracking,noEvent
6382,2,3,rld,14:18:38.875,8294,0.759,-1.816,0.071,-0.200,0.000,activeTracking,noEvent
6382,2,3,rld,14:18:38.925,8295,0.809,-1.952,0.072,-1.000,0.000,activeTracking,noEvent
6382,2,3,rld,14:18:38.980,8296,0.852,-2.127,0.084,-1.100,0.100,activeTracking,noEvent
6382,2,3,rld,14:18:39.008,8297,0.899,-2.340,0.124,-1.300,0.300,activeTracking,noEvent
6382,2,3,rld,14:18:39.097,8298,0.973,-2.567,0.185,-1.300,0.400,onTarget,noEvent
6382,2,3,rld,14:18:39.155,8299,1.040,-2.716,0.229,-0.600,0.200,onTarget,noEvent
6382,2,3,rld,14:18:39.181,8300,1.070,-2.778,0.244,-0.100,0.000,onTarget,noEvent
6382,2,3,rld,14:18:39.196,8301,1.087,-2.799,0.249,0.000,0.000,onTarget,noEvent
6382,2,3,rld,14:18:39.218,8302,1.109,-2.806,0.251,0.000,0.000,onTarget,noEvent
6382,2,3,rld,14:18:39.242,8303,1.134,-2.808,0.251,0.000,0.000,onTarget,noEvent
6382,2,3,rld,14:18:39.289,8304,1.177,-2.809,0.252,0.000,0.000,onTarget,noEvent
6382,2,3,rld,14:18:39.333,8305,1.224,-2.809,0.252,0.000,0.000,onTarget,noEvent
6382,2,3,rld,14:18:39.376,8306,1.267,-2.809,0.252,0.000,0.000,onTarget,noEvent
6382,2,3,rld,14:18:39.426,8307,1.316,-2.809,0.252,0.000,0.000,onTarget,noEvent
6382,2,3,rld,14:18:39.466,8308,1.357,-2.809,0.252,0.000,0.000,onTarget,noEvent
6382,2,3,rld,14:18:39.514,8309,1.404,-2.809,0.252,0.000,0.000,onTarget,noEvent
6382,2,3,rld,14:18:39.563,8310,1.451,-2.809,0.252,0.000,0.000,onTarget,noEvent
6382,2,3,rld,14:18:39.621,8311,1.507,-2.809,0.252,0.000,0.000,onTarget,noEvent
6382,2,3,rld,14:18:39.767,8312,1.650,-2.773,0.240,0.300,-0.100,onTarget,noEvent
6382,2,3,rld,14:18:39.822,8313,1.705,-2.724,0.212,0.300,-0.200,onTarget,noEvent
6382,2,3,rld,14:18:39.842,8314,1.734,-2.708,0.191,0.000,-0.100,onTarget,noEvent
6382,2,3,rld,14:18:39.864,8315,1.755,-2.690,0.184,0.100,0.000,onTarget,noEvent
6382,2,3,rld,14:18:39.908,8316,1.798,-2.685,0.181,0.000,0.000,onTarget,targetClick
6382,2,4,rld,14:18:42.444,8370,1.865,-0.203,-0.016,0.000,0.000,waitingForTarget,middleTargetClick
6382,2,4,rld,14:18:42.546,8371,1.958,-0.203,-0.016,0.000,0.000,waitingForTarget,noEvent
6382,2,4,rld,14:18:42.600,8372,2.035,-0.203,-0.016,0.000,0.000,waitingForTarget,noEvent
6382,2,4,rld,14:18:42.624,8373,2.058,-0.203,-0.016,0.000,0.000,waitingForTarget,noEvent
6382,2,4,rld,14:18:42.700,8374,2.135,-0.203,-0.016,0.000,0.000,waitingForTarget,noEvent
6382,2,4,rld,14:18:42.740,8375,2.180,-0.203,-0.016,0.000,0.000,waitingForTarget,noEvent
6382,2,4,rld,14:18:42.760,8376,2.199,-0.203,-0.016,0.000,0.000,waitingForTarget,noEvent
6382,2,4,rld,14:18:42.777,8377,2.217,-0.203,-0.016,0.000,0.000,waitingForTarget,noEvent
6382,2,4,rld,14:18:42.877,8378,2.309,-0.203,-0.016,0.000,0.000,waitingForTarget,noEvent
6382,2,4,rld,14:18:42.933,8379,0.058,-0.203,-0.016,0.000,0.000,activeTracking,targetAppeared
6382,2,4,rld,14:18:42.962,8380,0.093,-0.203,-0.016,0.000,0.000,activeTracking,noEvent
6382,2,4,rld,14:18:43.025,8381,0.138,-0.203,-0.016,0.000,0.000,activeTracking,noEvent
6382,2,4,rld,14:18:43.080,8382,0.200,-0.203,-0.016,0.000,0.000,activeTracking,noEvent
6382,2,4,rld,14:18:43.101,8383,0.227,-0.203,-0.016,0.000,0.000,activeTracking,noEvent
6382,2,4,rld,14:18:43.112,8384,0.242,-0.203,-0.016,0.000,0.000,activeTracking,noEvent
6382,2,4,rld,14:18:43.130,8385,0.262,-0.203,-0.016,0.000,0.000,activeTracking,noEvent
6382,2,4,rld,14:18:43.173,8386,0.299,-0.203,-0.016,0.000,0.000,activeTracking,noEvent
6382,2,4,rld,14:18:43.215,8387,0.347,-0.203,-0.016,0.000,0.000,activeTracking,noEvent
6382,2,4,rld,14:18:43.281,8388,0.400,-0.203,-0.016,0.000,0.000,activeTracking,noEvent
6382,2,4,rld,14:18:43.365,8389,0.496,-0.203,-0.016,0.000,0.000,activeTracking,noEvent
6382,2,4,rld,14:18:43.411,8390,0.534,-0.203,-0.016,0.000,0.000,activeTracking,noEvent
6382,2,4,rld,14:18:43.461,8391,0.589,-0.203,-0.016,0.000,0.000,activeTracking,noEvent
6382,2,4,rld,14:18:43.479,8392,0.610,-0.203,-0.016,0.000,0.000,activeTracking,noEvent
6382,2,4,rld,14:18:43.508,8393,0.639,-0.203,-0.016,0.000,0.000,activeTracking,noEvent
6382,2,4,rld,14:18:43.555,8394,0.686,-0.203,-0.016,0.000,0.000,activeTracking,noEvent
6382,2,4,rld,14:18:43.600,8395,0.730,-0.203,-0.016,0.000,0.000,activeTracking,noEvent
6382,2,4,rld,14:18:43.678,8396,0.781,-0.203,-0.016,0.000,0.000,activeTracking,noEvent
6382,2,4,rld,14:18:43.766,8397,0.888,0.259,0.052,4.100,0.600,activeTracking,noEvent
6382,2,4,rld,14:18:43.834,8398,0.950,0.435,0.086,0.200,0.100,activeTracking,noEvent
6382,2,4,rld,14:18:43.883,8399,1.011,0.517,0.108,0.200,0.100,activeTracking,noEvent
6382,2,4,rld,14:18:43.912,8400,1.041,0.544,0.116,0.000,0.000,activeTracking,noEvent
6382,2,4,rld,14:18:43.937,8401,1.069,0.553,0.119,0.000,0.000,activeTracking,noEvent
6382,2,4,rld,14:18:43.980,8402,1.109,0.556,0.119,0.000,0.000,activeTracking,noEvent
6382,2,4,rld,14:18:44.003,8403,1.133,0.557,0.120,0.000,0.000,activeTracking,noEvent
6382,2,4,rld,14:18:44.036,8404,1.166,0.557,0.120,0.000,0.000,activeTracking,noEvent
6382,2,4,rld,14:18:44.083,8405,1.213,0.558,0.120,0.000,0.000,activeTracking,noEvent
6382,2,4,rld,14:18:44.134,8406,1.265,0.558,0.120,0.000,0.000,activeTracking,noEvent
6382,2,4,rld,14:18:44.178,8407,1.309,0.558,0.120,0.000,0.000,activeTracking,noEvent
6382,2,4,rld,14:18:44.242,8408,1.360,0.806,0.165,2.200,0.400,activeTracking,noEvent
6382,2,4,rld,14:18:44.277,8409,1.408,1.094,0.193,1.800,0.100,activeTracking,noEvent
6382,2,4,rld,14:18:44.325,8410,1.450,1.213,0.191,0.200,-0.100,activeTracking,noEvent
6382,2,4,rld,14:18:44.383,8411,1.499,1.276,0.190,0.200,0.000,activeTracking,noEvent
6382,2,4,rld,14:18:44.560,8412,1.659,2.062,0.021,6.600,-1.500,activeTracking,noEvent
6382,2,4,rld,14:18:44.593,8413,1.719,2.593,-0.048,2.200,-0.100,onTarget,noEvent
6382,2,4,rld,14:18:44.625,8414,1.756,2.810,-0.082,0.300,-0.100,onTarget,noEvent
6382,2,4,rld,14:18:44.657,8415,1.788,2.908,-0.106,0.200,-0.100,onTarget,noEvent
6382,2,4,rld,14:18:44.688,8416,1.814,2.952,-0.114,0.100,0.000,onTarget,noEvent
6382,2,4,rld,14:18:44.704,8417,1.835,2.980,-0.128,0.100,-0.100,onTarget,noEvent
6382,2,4,rld,14:18:44.733,8418,1.860,3.001,-0.133,0.100,0.000,onTarget,noEvent
6382,2,4,rld,14:18:44.777,8419,1.899,3.033,-0.146,0.200,-0.100,onTarget,noEvent
6382,2,4,rld,14:18:44.814,8420,1.945,3.068,-0.174,0.200,-0.200,activeTracking,noEvent
6382,2,4,rld,14:18:44.871,8421,1.991,3.155,-0.231,0.600,-0.400,activeTracking,noEvent
6382,2,4,rld,14:18:44.905,8422,2.031,3.296,-0.322,0.900,-0.600,activeTracking,noEvent
6382,2,4,rld,14:18:44.948,8423,2.076,3.407,-0.389,0.500,-0.300,activeTracking,noEvent
6382,2,4,rld,14:18:44.999,8424,2.128,3.469,-0.436,0.200,-0.200,activeTracking,noEvent
6382,2,4,rld,14:18:45.033,8425,2.161,3.503,-0.463,0.100,-0.100,activeTracking,noEvent
6382,2,4,rld,14:18:45.075,8426,2.206,3.514,-0.473,0.000,0.000,activeTracking,noEvent
6382,2,4,rld,14:18:45.123,8427,2.250,3.518,-0.476,0.000,0.000,activeTracking,noEvent
6382,2,4,rld,14:18:45.207,8428,2.327,3.468,-0.476,-0.400,0.000,activeTracking,noEvent
6382,2,4,rld,14:18:45.276,8429,2.406,3.325,-0.427,-1.000,0.400,activeTracking,noEvent
6382,2,4,rld,14:18:45.364,8430,2.459,3.253,-0.399,-0.200,0.100,activeTracking,noEvent
6382,2,4,rld,14:18:45.417,8431,2.544,3.117,-0.329,-0.900,0.500,activeTracking,noEvent
6382,2,4,rld,14:18:45.484,8432,2.610,2.923,-0.223,-1.200,0.700,onTarget,noEvent
6382,2,4,rld,14:18:45.526,8433,2.649,2.799,-0.153,-0.500,0.300,onTarget,noEvent
6382,2,4,rld,14:18:45.576,8434,2.697,2.708,-0.106,-0.400,0.200,onTarget,noEvent
6382,2,4,rld,14:18:45.614,8435,2.746,2.654,-0.079,-0.200,0.100,onTarget,noEvent
6382,2,4,rld,14:18:45.640,8436,2.766,2.624,-0.070,-0.100,0.000,onTarget,noEvent
6382,2,4,rld,14:18:45.677,8437,2.806,2.602,-0.055,-0.100,0.100,onTarget,noEvent
6382,2,4,rld,14:18:45.695,8438,2.826,2.595,-0.038,0.000,0.100,onTarget,noEvent
6382,2,4,rld,14:18:45.719,8439,2.850,2.592,-0.033,0.000,0.000,onTarget,noEvent
6382,2,4,rld,14:18:45.757,8440,2.888,2.591,-0.031,0.000,0.000,onTarget,noEvent
6382,2,4,rld,14:18:45.812,8441,2.941,2.591,-0.030,0.000,0.000,onTarget,noEvent
6382,2,4,rld,14:18:45.839,8442,2.971,2.579,-0.030,-0.100,0.000,onTarget,noEvent
6382,2,4,rld,14:18:45.893,8443,3.025,2.575,-0.030,0.000,0.000,onTarget,noEvent
6382,2,4,rld,14:18:45.926,8444,3.058,2.574,-0.030,0.000,0.000,onTarget,noEvent
6382,2,4,rld,14:18:45.977,8445,3.107,2.573,-0.030,0.000,0.000,onTarget,noEvent
6382,2,4,rld,14:18:46.027,8446,3.156,2.573,-0.030,0.000,0.000,onTarget,noEvent
6382,2,4,rld,14:18:46.074,8447,3.205,2.573,-0.030,0.000,0.000,onTarget,noEvent
6382,2,4,rld,14:18:46.111,8448,3.240,2.573,-0.030,0.000,0.000,onTarget,noEvent
6382,2,4,rld,14:18:46.158,8449,3.289,2.573,-0.030,0.000,0.000,onTarget,noEvent
6382,2,4,rld,14:18:46.214,8450,3.341,2.573,-0.030,0.000,0.000,onTarget,targetClick
6382,2,5,rld,14:18:49.123,8512,3.377,-0.085,-0.016,0.000,0.000,waitingForTarget,middleTargetClick
6382,2,5,rld,14:18:49.165,8513,3.425,-0.084,-0.016,0.000,0.000,waitingForTarget,noEvent
6382,2,5,rld,14:18:49.226,8514,3.477,-0.084,-0.016,0.000,0.000,waitingForTarget,noEvent
6382,2,5,rld,14:18:49.311,8515,3.566,-0.084,-0.016,0.000,0.000,waitingForTarget,noEvent
6382,2,5,rld,14:18:49.395,8516,3.633,-0.084,-0.016,0.000,0.000,waitingForTarget,noEvent
6382,2,5,rld,14:18:49.446,8517,3.706,-0.084,-0.016,0.000,0.000,waitingForTarget,noEvent
6382,2,5,rld,14:18:49.481,8518,3.737,-0.084,-0.016,0.000,0.000,waitingForTarget,noEvent
6382,2,5,rld,14:18:49.544,8519,3.800,-0.084,-0.016,0.000,0.000,waitingForTarget,noEvent
6382,2,5,rld,14:18:49.596,8520,0.050,-0.084,-0.016,0.000,0.000,activeTracking,targetAppeared
6382,2,5,rld,14:18:49.627,8521,0.085,-0.084,-0.016,0.000,0.000,activeTracking,noEvent
6382,2,5,rld,14:18:49.680,8522,0.127,-0.084,-0.016,0.000,0.000,activeTracking,noEvent
6382,2,5,rld,14:18:49.741,8523,0.199,-0.084,-0.016,0.000,0.000,activeTracking,noEvent
6382,2,5,rld,14:18:49.764,8524,0.225,-0.084,-0.016,0.000,0.000,activeTracking,noEvent
6382,2,5,rld,14:18:49.805,8525,0.261,-0.084,-0.016,0.000,0.000,activeTracking,noEvent
6382,2,5,rld,14:18:49.885,8526,0.339,-0.084,-0.016,0.000,0.000,activeTracking,noEvent
6382,2,5,rld,14:18:49.927,8527,0.369,-0.084,-0.016,0.000,0.000,activeTracking,noEvent
6382,2,5,rld,14:18:49.976,8528,0.434,-0.084,-0.016,0.000,0.000,activeTracking,noEvent
6382,2,5,rld,14:18:49.998,8529,0.458,-0.084,-0.016,0.000,0.000,activeTracking,noEvent
6382,2,5,rld,14:18:50.087,8530,0.527,-0.062,-0.016,0.200,0.000,activeTracking,noEvent
6382,2,5,rld,14:18:50.145,8531,0.595,0.013,-0.027,0.600,-0.100,activeTracking,noEvent
6382,2,5,rld,14:18:50.180,8532,0.638,0.173,-0.042,1.200,-0.100,activeTracking,noEvent
6382,2,5,rld,14:18:50.225,8533,0.678,0.328,-0.069,0.900,-0.200,activeTracking,noEvent
6382,2,5,rld,14:18:50.265,8534,0.722,0.470,-0.079,0.800,0.000,activeTracking,noEvent
6382,2,5,rld,14:18:50.303,8535,0.757,0.743,-0.082,2.000,0.000,activeTracking,noEvent
6382,2,5,rld,14:18:50.355,8536,0.808,1.370,-0.105,4.700,-0.200,activeTracking,noEvent
6382,2,5,rld,14:18:50.408,8537,0.863,1.755,-0.125,1.500,-0.100,activeTracking,noEvent
6382,2,5,rld,14:18:50.452,8538,0.908,2.096,-0.131,1.800,0.000,activeTracking,noEvent
6382,2,5,rld,14:18:50.507,8539,0.960,2.329,-0.134,1.000,0.000,activeTracking,noEvent
6382,2,5,rld,14:18:50.550,8540,1.008,2.443,-0.134,0.300,0.000,onTarget,noEvent
6382,2,5,rld,14:18:50.592,8541,1.040,2.506,-0.146,0.200,-0.100,onTarget,noEvent
6382,2,5,rld,14:18:50.620,8542,1.079,2.563,-0.150,0.300,0.000,onTarget,noEvent
6382,2,5,rld,14:18:50.664,8543,1.118,2.606,-0.152,0.200,0.000,onTarget,noEvent
6382,2,5,rld,14:18:50.727,8544,1.179,2.668,-0.152,0.400,0.000,onTarget,noEvent
6382,2,5,rld,14:18:50.789,8545,1.240,2.714,-0.153,0.200,0.000,onTarget,noEvent
6382,2,5,rld,14:18:50.840,8546,1.301,2.741,-0.153,0.100,0.000,onTarget,noEvent
6382,2,5,rld,14:18:50.862,8547,1.323,2.750,-0.153,0.000,0.000,onTarget,noEvent
6382,2,5,rld,14:18:50.887,8548,1.343,2.753,-0.153,0.000,0.000,onTarget,noEvent
6382,2,5,rld,14:18:50.903,8549,1.364,2.754,-0.153,0.000,0.000,onTarget,noEvent
6382,2,5,rld,14:18:50.926,8550,1.386,2.754,-0.153,0.000,0.000,onTarget,noEvent
6382,2,5,rld,14:18:50.975,8551,1.429,2.755,-0.153,0.000,0.000,onTarget,noEvent
6382,2,5,rld,14:18:51.029,8552,1.479,2.755,-0.153,0.000,0.000,onTarget,noEvent
6382,2,5,rld,14:18:51.102,8553,1.546,2.755,-0.153,0.000,0.000,onTarget,noEvent
6382,2,5,rld,14:18:51.169,8554,1.623,2.755,-0.153,0.000,0.000,onTarget,noEvent
6382,2,5,rld,14:18:51.247,8555,1.703,2.755,-0.153,0.000,0.000,onTarget,noEvent
6382,2,5,rld,14:18:51.291,8556,1.734,2.755,-0.153,0.000,0.000,onTarget,noEvent
6382,2,5,rld,14:18:51.342,8557,1.795,2.755,-0.153,0.000,0.000,onTarget,targetClick
6382,2,6,rld,14:18:55.055,8638,1.832,-0.152,0.086,0.000,0.000,waitingForTarget,middleTargetClick
6382,2,6,rld,14:18:55.094,8639,1.878,-0.152,0.086,0.000,0.000,waitingForTarget,noEvent
6382,2,6,rld,14:18:55.144,8640,1.926,-0.152,0.086,0.000,0.000,waitingForTarget,noEvent
6382,2,6,rld,14:18:55.193,8641,1.974,-0.152,0.086,0.000,0.000,waitingForTarget,noEvent
6382,2,6,rld,14:18:55.232,8642,2.016,-0.152,0.086,0.000,0.000,waitingForTarget,noEvent
6382,2,6,rld,14:18:55.277,8643,2.060,-0.152,0.086,0.000,0.000,waitingForTarget,noEvent
6382,2,6,rld,14:18:55.330,8644,2.110,-0.152,0.086,0.000,0.000,waitingForTarget,noEvent
6382,2,6,rld,14:18:55.430,8645,2.199,-0.152,0.086,0.000,0.000,waitingForTarget,noEvent
6382,2,6,rld,14:18:55.507,8646,2.272,-0.152,0.086,0.000,0.000,waitingForTarget,noEvent
6382,2,6,rld,14:18:55.555,8647,0.061,-0.152,0.086,0.000,0.000,activeTracking,targetAppeared
6382,2,6,rld,14:18:55.612,8648,0.109,-0.152,0.086,0.000,0.000,activeTracking,noEvent
6382,2,6,rld,14:18:55.654,8649,0.162,-0.152,0.086,0.000,0.000,activeTracking,noEvent
6382,2,6,rld,14:18:55.678,8650,0.189,-0.152,0.086,0.000,0.000,activeTracking,noEvent
6382,2,6,rld,14:18:55.724,8651,0.221,-0.152,0.086,0.000,0.000,activeTracking,noEvent
6382,2,6,rld,14:18:55.774,8652,0.271,-0.152,0.086,0.000,0.000,activeTracking,noEvent
6382,2,6,rld,14:18:55.854,8653,0.358,-0.152,0.086,0.000,0.000,activeTracking,noEvent
6382,2,6,rld,14:18:55.875,8654,0.383,-0.152,0.086,0.000,0.000,activeTracking,noEvent
6382,2,6,rld,14:18:55.887,8655,0.398,-0.152,0.086,0.000,0.000,activeTracking,noEvent
6382,2,6,rld,14:18:55.909,8656,0.421,-0.152,0.086,0.000,0.000,activeTracking,noEvent
6382,2,6,rld,14:18:55.941,8657,0.451,-0.152,0.086,0.000,0.000,activeTracking,noEvent
6382,2,6,rld,14:18:56.046,8658,0.554,0.039,0.041,1.700,-0.400,activeTracking,noEvent
6382,2,6,rld,14:18:56.122,8659,0.624,0.317,0.003,1.900,-0.200,activeTracking,noEvent
6382,2,6,rld,14:18:56.216,8660,0.709,0.624,-0.009,1.900,0.000,activeTracking,noEvent
6382,2,6,rld,14:18:56.265,8661,0.769,0.897,-0.013,1.500,0.000,activeTracking,noEvent
6382,2,6,rld,14:18:56.307,8662,0.813,1.170,-0.014,1.600,0.000,activeTracking,noEvent
6382,2,6,rld,14:18:56.381,8663,0.890,1.342,-0.015,0.700,0.000,activeTracking,noEvent
6382,2,6,rld,14:18:56.426,8664,0.935,1.480,-0.026,0.700,-0.100,activeTracking,noEvent
6382,2,6,rld,14:18:56.462,8665,0.973,1.572,-0.041,0.400,-0.100,activeTracking,noEvent
6382,2,6,rld,14:18:56.502,8666,1.011,1.637,-0.046,0.300,0.000,activeTracking,noEvent
6382,2,6,rld,14:18:56.540,8667,1.045,1.671,-0.048,0.100,0.000,activeTracking,noEvent
6382,2,6,rld,14:18:56.575,8668,1.087,1.717,-0.048,0.300,0.000,activeTracking,noEvent
6382,2,6,rld,14:18:56.609,8669,1.118,1.755,-0.060,0.200,-0.100,activeTracking,noEvent
6382,2,6,rld,14:18:56.646,8670,1.157,1.792,-0.064,0.200,0.000,activeTracking,noEvent
6382,2,6,rld,14:18:56.672,8671,1.182,1.815,-0.065,0.100,0.000,activeTracking,noEvent
6382,2,6,rld,14:18:56.742,8672,1.245,1.847,-0.065,0.200,0.000,activeTracking,noEvent
6382,2,6,rld,14:18:56.768,8673,1.279,1.869,-0.066,0.100,0.000,activeTracking,noEvent
6382,2,6,rld,14:18:56.814,8674,1.324,1.888,-0.066,0.100,0.000,activeTracking,noEvent
6382,2,6,rld,14:18:56.853,8675,1.358,1.906,-0.066,0.100,0.000,activeTracking,noEvent
6382,2,6,rld,14:18:56.892,8676,1.401,1.935,-0.066,0.200,0.000,activeTracking,noEvent
6382,2,6,rld,14:18:56.941,8677,1.445,1.968,-0.066,0.200,0.000,activeTracking,noEvent
6382,2,6,rld,14:18:56.982,8678,1.490,2.015,-0.066,0.300,0.000,activeTracking,noEvent
6382,2,6,rld,14:18:57.031,8679,1.539,2.065,-0.065,0.300,0.000,activeTracking,noEvent
6382,2,6,rld,14:18:57.071,8680,1.580,2.106,-0.065,0.200,0.000,activeTracking,noEvent
6382,2,6,rld,14:18:57.115,8681,1.626,2.143,-0.065,0.200,0.000,activeTracking,noEvent
6382,2,6,rld,14:18:57.162,8682,1.670,2.179,-0.077,0.200,-0.100,activeTracking,noEvent
6382,2,6,rld,14:18:57.212,8683,1.719,2.226,-0.081,0.300,0.000,activeTracking,noEvent
6382,2,6,rld,14:18:57.257,8684,1.762,2.290,-0.082,0.400,0.000,activeTracking,noEvent
6382,2,6,rld,14:18:57.296,8685,1.807,2.359,-0.082,0.400,0.000,onTarget,noEvent
6382,2,6,rld,14:18:57.374,8686,1.868,2.441,-0.083,0.500,0.000,onTarget,noEvent
6382,2,6,rld,14:18:57.474,8687,1.977,2.529,-0.083,0.500,0.000,onTarget,noEvent
6382,2,6,rld,14:18:57.535,8688,2.043,2.582,-0.083,0.200,0.000,onTarget,noEvent
6382,2,6,rld,14:18:57.557,8689,2.068,2.600,-0.083,0.000,0.000,onTarget,noEvent
6382,2,6,rld,14:18:57.580,8690,2.092,2.618,-0.083,0.100,0.000,onTarget,noEvent
6382,2,6,rld,14:18:57.603,8691,2.116,2.636,-0.083,0.100,0.000,onTarget,noEvent
6382,2,6,rld,14:18:57.623,8692,2.136,2.642,-0.083,0.000,0.000,onTarget,noEvent
6382,2,6,rld,14:18:57.674,8693,2.178,2.657,-0.082,0.100,0.000,onTarget,noEvent
6382,2,6,rld,14:18:57.776,8694,2.276,2.673,-0.082,0.100,0.000,onTarget,noEvent
6382,2,6,rld,14:18:57.864,8695,2.368,2.679,-0.082,0.000,0.000,onTarget,noEvent
6382,2,6,rld,14:18:57.883,8696,2.395,2.681,-0.082,0.000,0.000,onTarget,noEvent
6382,2,6,rld,14:18:57.898,8697,2.409,2.681,-0.082,0.000,0.000,onTarget,noEvent
6382,2,6,rld,14:18:57.927,8698,2.438,2.682,-0.082,0.000,0.000,onTarget,noEvent
6382,2,6,rld,14:18:57.958,8699,2.469,2.682,-0.082,0.000,0.000,onTarget,noEvent
6382,2,6,rld,14:18:58.007,8700,2.518,2.682,-0.082,0.000,0.000,onTarget,noEvent
6382,2,6,rld,14:18:58.045,8701,2.555,2.682,-0.082,0.000,0.000,onTarget,targetClick
6382,2,7,rld,14:19:01.674,8776,2.661,0.236,0.035,0.000,0.000,waitingForTarget,middleTargetClick
6382,2,7,rld,14:19:01.730,8777,2.756,0.236,0.035,0.000,0.000,waitingForTarget,noEvent
6382,2,7,rld,14:19:01.753,8778,2.776,0.236,0.035,0.000,0.000,waitingForTarget,noEvent
6382,2,7,rld,14:19:01.788,8779,2.811,0.236,0.035,0.000,0.000,waitingForTarget,noEvent
6382,2,7,rld,14:19:01.837,8780,2.857,0.236,0.035,0.000,0.000,waitingForTarget,noEvent
6382,2,7,rld,14:19:01.924,8781,2.944,0.236,0.035,0.000,0.000,waitingForTarget,noEvent
6382,2,7,rld,14:19:01.962,8782,2.989,0.236,0.035,0.000,0.000,waitingForTarget,noEvent
6382,2,7,rld,14:19:01.979,8783,3.007,0.236,0.035,0.000,0.000,waitingForTarget,noEvent
6382,2,7,rld,14:19:02.011,8784,3.037,0.236,0.035,0.000,0.000,waitingForTarget,noEvent
6382,2,7,rld,14:19:02.029,8785,3.058,0.236,0.035,0.000,0.000,waitingForTarget,noEvent
6382,2,7,rld,14:19:02.060,8786,3.086,0.236,0.035,0.000,0.000,waitingForTarget,noEvent
6382,2,7,rld,14:19:02.106,8787,0.041,0.236,0.035,0.000,0.000,activeTracking,targetAppeared
6382,2,7,rld,14:19:02.163,8788,0.100,0.236,0.035,0.000,0.000,activeTracking,noEvent
6382,2,7,rld,14:19:02.282,8789,0.220,0.236,0.035,0.000,0.000,activeTracking,noEvent
6382,2,7,rld,14:19:02.339,8790,0.266,0.236,0.035,0.000,0.000,activeTracking,noEvent
6382,2,7,rld,14:19:02.387,8791,0.318,0.236,0.035,0.000,0.000,activeTracking,noEvent
6382,2,7,rld,14:19:02.437,8792,0.368,0.236,0.035,0.000,0.000,activeTracking,noEvent
6382,2,7,rld,14:19:02.480,8793,0.419,0.236,0.035,0.000,0.000,activeTracking,noEvent
6382,2,7,rld,14:19:02.508,8794,0.446,0.236,0.035,0.000,0.000,activeTracking,noEvent
6382,2,7,rld,14:19:02.529,8795,0.468,0.236,0.035,0.000,0.000,activeTracking,noEvent
6382,2,7,rld,14:19:02.587,8796,0.524,0.236,0.035,0.000,0.000,activeTracking,noEvent
6382,2,7,rld,14:19:02.643,8797,0.581,0.236,0.035,0.000,0.000,activeTracking,noEvent
6382,2,7,rld,14:19:02.726,8798,0.657,0.236,0.035,0.000,0.000,activeTracking,noEvent
6382,2,7,rld,14:19:02.763,8799,0.705,0.236,0.035,0.000,0.000,activeTracking,noEvent
6382,2,7,rld,14:19:02.794,8800,0.736,0.236,0.035,0.000,0.000,activeTracking,noEvent
6382,2,7,rld,14:19:02.836,8801,0.776,0.236,0.035,0.000,0.000,activeTracking,noEvent
6382,2,7,rld,14:19:02.894,8802,0.819,0.236,0.035,0.000,0.000,activeTracking,noEvent
6382,2,7,rld,14:19:02.964,8803,0.889,0.236,0.035,0.000,0.000,activeTracking,noEvent
6382,2,7,rld,14:19:03.035,8804,0.970,0.158,0.046,-0.700,0.100,activeTracking,noEvent
6382,2,7,rld,14:19:03.077,8805,1.019,0.041,0.073,-0.800,0.200,activeTracking,noEvent
6382,2,7,rld,14:19:03.121,8806,1.055,-0.155,0.104,-1.400,0.200,activeTracking,noEvent
6382,2,7,rld,14:19:03.156,8807,1.096,-0.299,0.126,-0.700,0.100,activeTracking,noEvent
6382,2,7,rld,14:19:03.208,8808,1.133,-0.426,0.133,-0.700,0.000,activeTracking,noEvent
6382,2,7,rld,14:19:03.243,8809,1.181,-0.570,0.136,-0.900,0.000,activeTracking,noEvent
6382,2,7,rld,14:19:03.279,8810,1.217,-0.675,0.137,-0.500,0.000,activeTracking,noEvent
6382,2,7,rld,14:19:03.323,8811,1.259,-0.755,0.137,-0.400,0.000,activeTracking,noEvent
6382,2,7,rld,14:19:03.364,8812,1.303,-0.804,0.137,-0.200,0.000,activeTracking,noEvent
6382,2,7,rld,14:19:03.436,8813,1.377,-0.866,0.137,-0.400,0.000,activeTracking,noEvent
6382,2,7,rld,14:19:03.485,8814,1.421,-0.921,0.137,-0.300,0.000,activeTracking,noEvent
6382,2,7,rld,14:19:03.506,8815,1.448,-0.962,0.137,-0.200,0.000,activeTracking,noEvent
6382,2,7,rld,14:19:03.540,8816,1.476,-0.998,0.138,-0.200,0.000,activeTracking,noEvent
6382,2,7,rld,14:19:03.561,8817,1.501,-1.022,0.138,-0.100,0.000,activeTracking,noEvent
6382,2,7,rld,14:19:03.611,8818,1.550,-1.052,0.138,-0.200,0.000,activeTracking,noEvent
6382,2,7,rld,14:19:03.661,8819,1.600,-1.085,0.138,-0.200,0.000,activeTracking,noEvent
6382,2,7,rld,14:19:03.706,8820,1.641,-1.130,0.138,-0.300,0.000,activeTracking,noEvent
6382,2,7,rld,14:19:03.763,8821,1.699,-1.191,0.138,-0.400,0.000,activeTracking,noEvent
6382,2,7,rld,14:19:03.817,8822,1.749,-1.257,0.138,-0.400,0.000,activeTracking,noEvent
6382,2,7,rld,14:19:03.852,8823,1.788,-1.325,0.139,-0.400,0.000,activeTracking,noEvent
6382,2,7,rld,14:19:03.896,8824,1.838,-1.394,0.139,-0.400,0.000,activeTracking,noEvent
6382,2,7,rld,14:19:03.932,8825,1.873,-1.462,0.139,-0.400,0.000,activeTracking,noEvent
6382,2,7,rld,14:19:03.976,8826,1.916,-1.520,0.139,-0.300,0.000,activeTracking,noEvent
6382,2,7,rld,14:19:04.024,8827,1.965,-1.539,0.139,0.000,0.000,activeTracking,noEvent
6382,2,7,rld,14:19:04.065,8828,2.007,-1.546,0.139,0.000,0.000,activeTracking,noEvent
6382,2,7,rld,14:19:04.114,8829,2.055,-1.548,0.139,0.000,0.000,activeTracking,noEvent
6382,2,7,rld,14:19:04.161,8830,2.100,-1.549,0.139,0.000,0.000,activeTracking,noEvent
6382,2,7,rld,14:19:04.213,8831,2.151,-1.549,0.139,0.000,0.000,activeTracking,noEvent
6382,2,7,rld,14:19:04.295,8832,2.220,-1.549,0.139,0.000,0.000,activeTracking,noEvent
6382,2,7,rld,14:19:04.420,8833,2.350,-1.688,0.140,-1.200,0.000,activeTracking,noEvent
6382,2,7,rld,14:19:04.462,8834,2.403,-1.804,0.118,-0.600,-0.200,activeTracking,noEvent
6382,2,7,rld,14:19:04.506,8835,2.441,-1.983,0.088,-1.200,-0.200,activeTracking,noEvent
6382,2,7,rld,14:19:04.551,8836,2.487,-2.125,0.055,-0.700,-0.200,activeTracking,noEvent
6382,2,7,rld,14:19:04.581,8837,2.518,-2.220,0.044,-0.400,0.000,activeTracking,noEvent
6382,2,7,rld,14:19:04.621,8838,2.556,-2.288,0.029,-0.300,-0.100,activeTracking,noEvent
6382,2,7,rld,14:19:04.660,8839,2.598,-2.346,0.013,-0.300,-0.100,onTarget,noEvent
6382,2,7,rld,14:19:04.711,8840,2.653,-2.413,-0.004,-0.400,-0.100,onTarget,noEvent
6382,2,7,rld,14:19:04.759,8841,2.696,-2.472,-0.010,-0.300,0.000,onTarget,noEvent
6382,2,7,rld,14:19:04.843,8842,2.780,-2.527,-0.012,-0.300,0.000,onTarget,noEvent
6382,2,7,rld,14:19:04.876,8843,2.813,-2.558,-0.012,-0.100,0.000,onTarget,noEvent
6382,2,7,rld,14:19:04.902,8844,2.841,-2.568,-0.013,0.000,0.000,onTarget,noEvent
6382,2,7,rld,14:19:04.926,8845,2.868,-2.571,-0.013,0.000,0.000,onTarget,noEvent
6382,2,7,rld,14:19:04.949,8846,2.890,-2.572,-0.013,0.000,0.000,onTarget,noEvent
6382,2,7,rld,14:19:04.976,8847,2.918,-2.573,-0.013,0.000,0.000,onTarget,noEvent
6382,2,7,rld,14:19:05.025,8848,2.965,-2.585,-0.013,-0.100,0.000,onTarget,noEvent
6382,2,7,rld,14:19:05.071,8849,3.007,-2.589,-0.013,0.000,0.000,onTarget,noEvent
6382,2,7,rld,14:19:05.124,8850,3.056,-2.590,-0.013,0.000,0.000,onTarget,noEvent
6382,2,7,rld,14:19:05.212,8851,3.136,-2.615,-0.013,-0.200,0.000,onTarget,noEvent
6382,2,7,rld,14:19:05.304,8852,3.238,-2.635,-0.013,-0.100,0.000,onTarget,noEvent
6382,2,7,rld,14:19:05.330,8853,3.268,-2.642,-0.013,0.000,0.000,onTarget,noEvent
6382,2,7,rld,14:19:05.397,8854,3.334,-2.644,-0.013,0.000,0.000,onTarget,noEvent
6382,2,7,rld,14:19:05.456,8855,3.392,-2.645,-0.013,0.000,0.000,onTarget,targetClick
6382,2,8,rld,14:19:07.992,8910,3.455,-0.084,0.018,0.000,0.000,waitingForTarget,middleTargetClick
6382,2,8,rld,14:19:08.095,8911,3.568,-0.084,0.018,0.000,0.000,waitingForTarget,noEvent
6382,2,8,rld,14:19:08.147,8912,3.620,-0.084,0.018,0.000,0.000,waitingForTarget,noEvent
6382,2,8,rld,14:19:08.176,8913,3.655,-0.084,0.018,0.000,0.000,waitingForTarget,noEvent
6382,2,8,rld,14:19:08.211,8914,3.689,-0.084,0.018,0.000,0.000,waitingForTarget,noEvent
6382,2,8,rld,14:19:08.257,8915,3.725,-0.084,0.018,0.000,0.000,waitingForTarget,noEvent
6382,2,8,rld,14:19:08.342,8916,3.798,-0.084,0.018,0.000,0.000,waitingForTarget,noEvent
6382,2,8,rld,14:19:08.380,8917,3.853,-0.084,0.018,0.000,0.000,waitingForTarget,noEvent
6382,2,8,rld,14:19:08.402,8918,3.877,-0.084,0.018,0.000,0.000,waitingForTarget,noEvent
6382,2,8,rld,14:19:08.453,8919,0.034,-0.084,0.018,0.000,0.000,activeTracking,targetAppeared
6382,2,8,rld,14:19:08.527,8920,0.110,-0.084,0.018,0.000,0.000,activeTracking,noEvent
6382,2,8,rld,14:19:08.577,8921,0.174,-0.084,0.018,0.000,0.000,activeTracking,noEvent
6382,2,8,rld,14:19:08.598,8922,0.196,-0.084,0.018,0.000,0.000,activeTracking,noEvent
6382,2,8,rld,14:19:08.618,8923,0.218,-0.084,0.018,0.000,0.000,activeTracking,noEvent
6382,2,8,rld,14:19:08.641,8924,0.242,-0.084,0.018,0.000,0.000,activeTracking,noEvent
6382,2,8,rld,14:19:08.675,8925,0.276,-0.084,0.018,0.000,0.000,activeTracking,noEvent
6382,2,8,rld,14:19:08.724,8926,0.323,-0.084,0.018,0.000,0.000,activeTracking,noEvent
6382,2,8,rld,14:19:08.772,8927,0.366,-0.084,0.018,0.000,0.000,activeTracking,noEvent
6382,2,8,rld,14:19:08.875,8928,0.463,-0.084,0.018,0.000,0.000,activeTracking,noEvent
6382,2,8,rld,14:19:08.984,8929,0.583,-0.693,0.018,-5.400,0.000,activeTracking,noEvent
6382,2,8,rld,14:19:09.023,8930,0.624,-0.942,0.019,-0.400,0.000,activeTracking,noEvent
6382,2,8,rld,14:19:09.061,8931,0.657,-1.071,0.019,-0.400,0.000,activeTracking,noEvent
6382,2,8,rld,14:19:09.105,8932,0.706,-1.240,0.019,-1.100,0.000,activeTracking,noEvent
6382,2,8,rld,14:19:09.158,8933,0.755,-1.446,0.019,-1.300,0.000,activeTracking,noEvent
6382,2,8,rld,14:19:09.192,8934,0.791,-1.676,0.020,-1.400,0.000,activeTracking,noEvent
6382,2,8,rld,14:19:09.236,8935,0.826,-1.928,0.032,-1.500,0.100,activeTracking,noEvent
6382,2,8,rld,14:19:09.257,8936,0.857,-2.166,0.060,-1.300,0.200,activeTracking,noEvent
6382,2,8,rld,14:19:09.334,8937,0.930,-2.460,0.093,-1.800,0.200,onTarget,noEvent
6382,2,8,rld,14:19:09.373,8938,0.968,-2.608,0.104,-0.400,0.000,onTarget,noEvent
6382,2,8,rld,14:19:09.419,8939,1.011,-2.681,0.108,-0.200,0.000,onTarget,noEvent
6382,2,8,rld,14:19:09.497,8940,1.080,-2.730,0.110,-0.200,0.000,onTarget,noEvent
6382,2,8,rld,14:19:09.542,8941,1.139,-2.759,0.110,-0.100,0.000,onTarget,noEvent
6382,2,8,rld,14:19:09.567,8942,1.166,-2.805,0.123,-0.300,0.100,onTarget,noEvent
6382,2,8,rld,14:19:09.606,8943,1.207,-2.832,0.127,-0.100,0.000,onTarget,noEvent
6382,2,8,rld,14:19:09.632,8944,1.232,-2.866,0.128,-0.200,0.000,onTarget,noEvent
6382,2,8,rld,14:19:09.655,8945,1.256,-2.877,0.129,0.000,0.000,onTarget,noEvent
6382,2,8,rld,14:19:09.680,8946,1.280,-2.893,0.129,-0.100,0.000,onTarget,noEvent
6382,2,8,rld,14:19:09.723,8947,1.324,-2.898,0.129,0.000,0.000,onTarget,noEvent
6382,2,8,rld,14:19:09.765,8948,1.365,-2.900,0.129,0.000,0.000,onTarget,noEvent
6382,2,8,rld,14:19:09.808,8949,1.409,-2.901,0.129,0.000,0.000,onTarget,noEvent
6382,2,8,rld,14:19:09.867,8950,1.461,-2.901,0.129,0.000,0.000,onTarget,noEvent
6382,2,8,rld,14:19:09.913,8951,1.511,-2.901,0.129,0.000,0.000,onTarget,noEvent
6382,2,8,rld,14:19:09.956,8952,1.550,-2.901,0.129,0.000,0.000,onTarget,noEvent
6382,2,8,rld,14:19:10.027,8953,1.628,-2.901,0.129,0.000,0.000,onTarget,noEvent
6382,2,8,rld,14:19:10.111,8954,1.702,-2.901,0.129,0.000,0.000,onTarget,noEvent
6382,2,8,rld,14:19:10.188,8955,1.780,-2.901,0.129,0.000,0.000,onTarget,noEvent
6382,2,8,rld,14:19:10.207,8956,1.806,-2.901,0.129,0.000,0.000,onTarget,noEvent
6382,2,8,rld,14:19:10.223,8957,1.822,-2.901,0.129,0.000,0.000,onTarget,noEvent
6382,2,8,rld,14:19:10.323,8958,1.900,-2.852,0.117,0.400,-0.100,onTarget,noEvent
6382,2,8,rld,14:19:10.373,8959,1.968,-2.799,0.101,0.300,-0.100,onTarget,noEvent
6382,2,8,rld,14:19:10.405,8960,2.006,-2.782,0.084,0.000,-0.100,onTarget,noEvent
6382,2,8,rld,14:19:10.424,8961,2.025,-2.764,0.078,0.100,0.000,onTarget,noEvent
6382,2,8,rld,14:19:10.439,8962,2.040,-2.758,0.076,0.000,0.000,onTarget,noEvent
6382,2,8,rld,14:19:10.464,8963,2.065,-2.756,0.076,0.000,0.000,onTarget,noEvent
6382,2,8,rld,14:19:10.511,8964,2.110,-2.743,0.076,0.100,0.000,onTarget,noEvent
6382,2,8,rld,14:19:10.557,8965,2.158,-2.738,0.075,0.000,0.000,onTarget,noEvent
6382,2,8,rld,14:19:10.595,8966,2.197,-2.737,0.075,0.000,0.000,onTarget,noEvent
6382,2,8,rld,14:19:10.648,8967,2.246,-2.737,0.075,0.000,0.000,onTarget,targetClick
6382,2,9,rld,14:19:12.971,9016,2.288,-0.305,-0.151,0.000,0.000,waitingForTarget,middleTargetClick
6382,2,9,rld,14:19:13.014,9017,2.336,-0.304,-0.151,0.000,0.000,waitingForTarget,noEvent
6382,2,9,rld,14:19:13.062,9018,2.382,-0.304,-0.151,0.000,0.000,waitingForTarget,noEvent
6382,2,9,rld,14:19:13.140,9019,2.451,-0.304,-0.151,0.000,0.000,waitingForTarget,noEvent
6382,2,9,rld,14:19:13.257,9020,2.562,-0.304,-0.151,0.000,0.000,waitingForTarget,noEvent
6382,2,9,rld,14:19:13.308,9021,2.630,-0.304,-0.151,0.000,0.000,waitingForTarget,noEvent
6382,2,9,rld,14:19:13.337,9022,2.659,-0.304,-0.151,0.000,0.000,waitingForTarget,noEvent
6382,2,9,rld,14:19:13.359,9023,2.682,-0.304,-0.151,0.000,0.000,waitingForTarget,noEvent
6382,2,9,rld,14:19:13.375,9024,2.699,-0.304,-0.151,0.000,0.000,waitingForTarget,noEvent
6382,2,9,rld,14:19:13.413,9025,0.036,-0.304,-0.151,0.000,0.000,activeTracking,targetAppeared
6382,2,9,rld,14:19:13.496,9026,0.119,-0.304,-0.151,0.000,0.000,activeTracking,noEvent
6382,2,9,rld,14:19:13.575,9027,0.183,-0.304,-0.151,0.000,0.000,activeTracking,noEvent
6382,2,9,rld,14:19:13.638,9028,0.261,-0.304,-0.151,0.000,0.000,activeTracking,noEvent
6382,2,9,rld,14:19:13.659,9029,0.282,-0.304,-0.151,0.000,0.000,activeTracking,noEvent
6382,2,9,rld,14:19:13.671,9030,0.296,-0.304,-0.151,0.000,0.000,activeTracking,noEvent
6382,2,9,rld,14:19:13.696,9031,0.320,-0.304,-0.151,0.000,0.000,activeTracking,noEvent
6382,2,9,rld,14:19:13.725,9032,0.350,-0.304,-0.151,0.000,0.000,activeTracking,noEvent
6382,2,9,rld,14:19:13.776,9033,0.399,-0.304,-0.151,0.000,0.000,activeTracking,noEvent
6382,2,9,rld,14:19:13.836,9034,0.458,-0.304,-0.151,0.000,0.000,activeTracking,noEvent
6382,2,9,rld,14:19:13.947,9035,0.563,-0.767,-0.117,-4.100,0.300,activeTracking,noEvent
6382,2,9,rld,14:19:13.997,9036,0.615,-1.275,-0.106,-3.100,0.000,activeTracking,noEvent
6382,2,9,rld,14:19:14.038,9037,0.660,-1.526,-0.102,-0.700,0.000,activeTracking,noEvent
6382,2,9,rld,14:19:14.118,9038,0.738,-1.715,-0.101,-0.900,0.000,activeTracking,noEvent
6382,2,9,rld,14:19:14.134,9039,0.754,-1.801,-0.100,-0.200,0.000,activeTracking,noEvent
6382,2,9,rld,14:19:14.189,9040,0.813,-1.959,-0.089,-1.100,0.100,activeTracking,noEvent
6382,2,9,rld,14:19:14.223,9041,0.849,-2.129,-0.073,-1.000,0.100,activeTracking,noEvent
6382,2,9,rld,14:19:14.275,9042,0.898,-2.400,-0.045,-1.800,0.200,onTarget,noEvent
6382,2,9,rld,14:19:14.304,9043,0.925,-2.551,-0.023,-0.500,0.100,onTarget,noEvent
6382,2,9,rld,14:19:14.348,9044,0.969,-2.674,-0.004,-0.600,0.100,onTarget,noEvent
6382,2,9,rld,14:19:14.394,9045,1.013,-2.752,0.002,-0.300,0.000,onTarget,noEvent
6382,2,9,rld,14:19:14.418,9046,1.043,-2.790,0.004,-0.100,0.000,onTarget,noEvent
6382,2,9,rld,14:19:14.447,9047,1.071,-2.815,0.005,-0.100,0.000,onTarget,noEvent
6382,2,9,rld,14:19:14.526,9048,1.133,-2.836,0.005,-0.100,0.000,onTarget,noEvent
6382,2,9,rld,14:19:14.623,9049,1.232,-2.855,0.006,-0.100,0.000,onTarget,noEvent
6382,2,9,rld,14:19:14.675,9050,1.297,-2.861,0.006,0.000,0.000,onTarget,noEvent
6382,2,9,rld,14:19:14.697,9051,1.322,-2.863,0.006,0.000,0.000,onTarget,noEvent
6382,2,9,rld,14:19:14.758,9052,1.367,-2.864,0.006,0.000,0.000,onTarget,noEvent
6382,2,9,rld,14:19:14.825,9053,1.446,-2.864,0.006,0.000,0.000,onTarget,noEvent
6382,2,9,rld,14:19:14.857,9054,1.481,-2.864,0.006,0.000,0.000,onTarget,noEvent
6382,2,9,rld,14:19:14.886,9055,1.511,-2.864,0.006,0.000,0.000,onTarget,noEvent
6382,2,9,rld,14:19:14.901,9056,1.524,-2.864,0.006,0.000,0.000,onTarget,noEvent
6382,2,9,rld,14:19:14.929,9057,1.554,-2.864,0.006,0.000,0.000,onTarget,noEvent
6382,2,9,rld,14:19:14.957,9058,1.581,-2.864,0.006,0.000,0.000,onTarget,noEvent
6382,2,9,rld,14:19:15.012,9059,1.633,-2.864,0.006,0.000,0.000,onTarget,targetClick
6382,2,10,rld,14:19:17.326,9106,1.709,-0.253,-0.117,0.000,0.000,waitingForTarget,middleTargetClick
6382,2,10,rld,14:19:17.351,9107,1.736,-0.253,-0.117,0.000,0.000,waitingForTarget,noEvent
6382,2,10,rld,14:19:17.375,9108,1.764,-0.253,-0.117,0.000,0.000,waitingForTarget,noEvent
6382,2,10,rld,14:19:17.393,9109,1.783,-0.253,-0.117,0.000,0.000,waitingForTarget,noEvent
6382,2,10,rld,14:19:17.427,9110,1.806,-0.253,-0.117,0.000,0.000,waitingForTarget,noEvent
6382,2,10,rld,14:19:17.492,9111,1.868,-0.253,-0.117,0.000,0.000,waitingForTarget,noEvent
6382,2,10,rld,14:19:17.597,9112,1.985,-0.253,-0.117,0.000,0.000,waitingForTarget,noEvent
6382,2,10,rld,14:19:17.656,9113,2.040,-0.253,-0.117,0.000,0.000,waitingForTarget,noEvent
6382,2,10,rld,14:19:17.702,9114,2.088,-0.253,-0.117,0.000,0.000,waitingForTarget,noEvent
6382,2,10,rld,14:19:17.721,9115,2.109,-0.253,-0.117,0.000,0.000,waitingForTarget,noEvent
6382,2,10,rld,14:19:17.745,9116,0.024,-0.253,-0.117,0.000,0.000,activeTracking,targetAppeared
6382,2,10,rld,14:19:17.847,9117,0.120,-0.253,-0.117,0.000,0.000,activeTracking,noEvent
6382,2,10,rld,14:19:17.876,9118,0.153,-0.253,-0.117,0.000,0.000,activeTracking,noEvent
6382,2,10,rld,14:19:17.935,9119,0.197,-0.253,-0.117,0.000,0.000,activeTracking,noEvent
6382,2,10,rld,14:19:17.992,9120,0.261,-0.253,-0.117,0.000,0.000,activeTracking,noEvent
6382,2,10,rld,14:19:18.040,9121,0.316,-0.253,-0.117,0.000,0.000,activeTracking,noEvent
6382,2,10,rld,14:19:18.064,9122,0.344,-0.253,-0.117,0.000,0.000,activeTracking,noEvent
6382,2,10,rld,14:19:18.081,9123,0.358,-0.253,-0.117,0.000,0.000,activeTracking,noEvent
6382,2,10,rld,14:19:18.131,9124,0.409,-0.253,-0.117,0.000,0.000,activeTracking,noEvent
6382,2,10,rld,14:19:18.176,9125,0.454,-0.253,-0.117,0.000,0.000,activeTracking,noEvent
6382,2,10,rld,14:19:18.237,9126,0.516,-0.253,-0.117,0.000,0.000,activeTracking,noEvent
6382,2,10,rld,14:19:18.344,9127,0.616,-0.456,-0.117,-1.800,0.000,activeTracking,noEvent
6382,2,10,rld,14:19:18.376,9128,0.646,-0.558,-0.117,-0.300,0.000,activeTracking,noEvent
6382,2,10,rld,14:19:18.403,9129,0.680,-0.637,-0.117,-0.400,0.000,activeTracking,noEvent
6382,2,10,rld,14:19:18.443,9130,0.723,-0.697,-0.117,-0.300,0.000,activeTracking,noEvent
6382,2,10,rld,14:19:18.485,9131,0.761,-0.774,-0.117,-0.500,0.000,activeTracking,noEvent
6382,2,10,rld,14:19:18.504,9132,0.784,-0.822,-0.117,-0.200,0.000,activeTracking,noEvent
6382,2,10,rld,14:19:18.545,9133,0.824,-0.895,-0.117,-0.500,0.000,activeTracking,noEvent
6382,2,10,rld,14:19:18.586,9134,0.864,-0.976,-0.117,-0.500,0.000,activeTracking,noEvent
6382,2,10,rld,14:19:18.624,9135,0.894,-1.071,-0.117,-0.600,0.000,activeTracking,noEvent
6382,2,10,rld,14:19:18.687,9136,0.957,-1.194,-0.117,-0.800,0.000,activeTracking,noEvent
6382,2,10,rld,14:19:18.723,9137,0.997,-1.281,-0.117,-0.400,0.000,activeTracking,noEvent
6382,2,10,rld,14:19:18.771,9138,1.046,-1.345,-0.117,-0.300,0.000,activeTracking,noEvent
6382,2,10,rld,14:19:18.822,9139,1.096,-1.400,-0.117,-0.300,0.000,activeTracking,noEvent
6382,2,10,rld,14:19:18.872,9140,1.145,-1.488,-0.106,-0.600,0.100,activeTracking,noEvent
6382,2,10,rld,14:19:18.913,9141,1.188,-1.621,-0.079,-0.900,0.200,activeTracking,noEvent
6382,2,10,rld,14:19:18.971,9142,1.237,-1.758,-0.059,-0.800,0.100,activeTracking,noEvent
6382,2,10,rld,14:19:19.018,9143,1.295,-1.921,-0.040,-1.000,0.100,activeTracking,noEvent
6382,2,10,rld,14:19:19.069,9144,1.345,-2.057,-0.023,-0.700,0.100,activeTracking,noEvent
6382,2,10,rld,14:19:19.148,9145,1.424,-2.127,-0.005,-0.200,0.100,activeTracking,noEvent
6382,2,10,rld,14:19:19.239,9146,1.518,-2.268,0.013,-1.000,0.100,activeTracking,noEvent
6382,2,10,rld,14:19:19.259,9147,1.539,-2.328,0.019,-0.100,0.000,activeTracking,noEvent
6382,2,10,rld,14:19:19.296,9148,1.577,-2.383,0.032,-0.300,0.100,onTarget,noEvent
6382,2,10,rld,14:19:19.342,9149,1.620,-2.438,0.049,-0.300,0.100,onTarget,noEvent
6382,2,10,rld,14:19:19.365,9150,1.645,-2.480,0.054,-0.200,0.000,onTarget,noEvent
6382,2,10,rld,14:19:19.396,9151,1.675,-2.506,0.056,-0.100,0.000,onTarget,noEvent
6382,2,10,rld,14:19:19.430,9152,1.707,-2.539,0.057,-0.200,0.000,onTarget,noEvent
6382,2,10,rld,14:19:19.476,9153,1.755,-2.561,0.057,-0.100,0.000,onTarget,noEvent
6382,2,10,rld,14:19:19.521,9154,1.796,-2.581,0.057,-0.100,0.000,onTarget,noEvent
6382,2,10,rld,14:19:19.572,9155,1.840,-2.588,0.057,0.000,0.000,onTarget,noEvent
6382,2,10,rld,14:19:19.647,9156,1.910,-2.590,0.057,0.000,0.000,onTarget,noEvent
6382,2,10,rld,14:19:19.741,9157,2.010,-2.591,0.057,0.000,0.000,onTarget,noEvent
6382,2,10,rld,14:19:19.817,9158,2.088,-2.591,0.057,0.000,0.000,onTarget,noEvent
6382,2,10,rld,14:19:19.840,9159,2.117,-2.591,0.057,0.000,0.000,onTarget,noEvent
6382,2,10,rld,14:19:19.863,9160,2.143,-2.591,0.057,0.000,0.000,onTarget,noEvent
6382,2,10,rld,14:19:19.879,9161,2.158,-2.591,0.057,0.000,0.000,onTarget,noEvent
6382,2,10,rld,14:19:19.907,9162,2.186,-2.591,0.057,0.000,0.000,onTarget,noEvent
6382,2,10,rld,14:19:19.946,9163,2.226,-2.591,0.057,0.000,0.000,onTarget,noEvent
6382,2,10,rld,14:19:19.994,9164,2.270,-2.591,0.057,0.000,0.000,onTarget,targetClick
6382,2,11,rld,14:19:22.267,9210,2.336,-0.135,-0.117,0.000,0.000,waitingForTarget,middleTargetClick
6382,2,11,rld,14:19:22.287,9211,2.366,-0.135,-0.117,0.000,0.000,waitingForTarget,noEvent
6382,2,11,rld,14:19:22.324,9212,2.402,-0.135,-0.117,0.000,0.000,waitingForTarget,noEvent
6382,2,11,rld,14:19:22.396,9213,2.458,-0.135,-0.117,0.000,0.000,waitingForTarget,noEvent
6382,2,11,rld,14:19:22.455,9214,2.535,-0.135,-0.117,0.000,0.000,waitingForTarget,noEvent
6382,2,11,rld,14:19:22.481,9215,2.559,-0.135,-0.117,0.000,0.000,waitingForTarget,noEvent
6382,2,11,rld,14:19:22.536,9216,2.608,-0.135,-0.117,0.000,0.000,waitingForTarget,noEvent
6382,2,11,rld,14:19:22.605,9217,2.673,-0.135,-0.117,0.000,0.000,waitingForTarget,noEvent
6382,2,11,rld,14:19:22.642,9218,2.720,-0.135,-0.117,0.000,0.000,waitingForTarget,noEvent
6382,2,11,rld,14:19:22.667,9219,2.743,-0.135,-0.117,0.000,0.000,waitingForTarget,noEvent
6382,2,11,rld,14:19:22.677,9220,0.013,-0.135,-0.117,0.000,0.000,activeTracking,targetAppeared
6382,2,11,rld,14:19:22.698,9221,0.034,-0.135,-0.117,0.000,0.000,activeTracking,noEvent
6382,2,11,rld,14:19:22.741,9222,0.075,-0.135,-0.117,0.000,0.000,activeTracking,noEvent
6382,2,11,rld,14:19:22.796,9223,0.133,-0.135,-0.117,0.000,0.000,activeTracking,noEvent
6382,2,11,rld,14:19:22.855,9224,0.189,-0.135,-0.117,0.000,0.000,activeTracking,noEvent
6382,2,11,rld,14:19:22.880,9225,0.214,-0.135,-0.117,0.000,0.000,activeTracking,noEvent
6382,2,11,rld,14:19:22.937,9226,0.269,-0.135,-0.117,0.000,0.000,activeTracking,noEvent
6382,2,11,rld,14:19:22.981,9227,0.312,-0.135,-0.117,0.000,0.000,activeTracking,noEvent
6382,2,11,rld,14:19:23.080,9228,0.414,-0.135,-0.117,0.000,0.000,activeTracking,noEvent
6382,2,11,rld,14:19:23.102,9229,0.439,-0.135,-0.117,0.000,0.000,activeTracking,noEvent
6382,2,11,rld,14:19:23.145,9230,0.480,-0.135,-0.117,0.000,0.000,activeTracking,noEvent
6382,2,11,rld,14:19:23.235,9231,0.565,-0.135,-0.117,0.000,0.000,activeTracking,noEvent
6382,2,11,rld,14:19:23.305,9232,0.635,-0.135,-0.117,0.000,0.000,activeTracking,noEvent
6382,2,11,rld,14:19:23.360,9233,0.693,-0.135,-0.117,0.000,0.000,activeTracking,noEvent
6382,2,11,rld,14:19:23.405,9234,0.742,-0.135,-0.117,0.000,0.000,activeTracking,noEvent
6382,2,11,rld,14:19:23.434,9235,0.769,-0.135,-0.117,0.000,0.000,activeTracking,noEvent
6382,2,11,rld,14:19:23.460,9236,0.793,-0.135,-0.117,0.000,0.000,activeTracking,noEvent
6382,2,11,rld,14:19:23.475,9237,0.811,-0.135,-0.117,0.000,0.000,activeTracking,noEvent
6382,2,11,rld,14:19:23.513,9238,0.842,-0.135,-0.117,0.000,0.000,activeTracking,noEvent
6382,2,11,rld,14:19:23.677,9239,0.963,0.857,0.075,8.800,1.700,activeTracking,noEvent
6382,2,11,rld,14:19:23.696,9240,1.032,1.203,0.151,0.100,0.100,activeTracking,noEvent
6382,2,11,rld,14:19:23.721,9241,1.056,1.318,0.177,0.000,0.000,activeTracking,noEvent
6382,2,11,rld,14:19:23.743,9242,1.075,1.357,0.186,0.000,0.000,activeTracking,noEvent
6382,2,11,rld,14:19:23.764,9243,1.100,1.370,0.188,0.000,0.000,activeTracking,noEvent
6382,2,11,rld,14:19:23.795,9244,1.132,1.374,0.189,0.000,0.000,activeTracking,noEvent
6382,2,11,rld,14:19:23.841,9245,1.175,1.376,0.190,0.000,0.000,activeTracking,noEvent
6382,2,11,rld,14:19:23.884,9246,1.218,1.376,0.190,0.000,0.000,activeTracking,noEvent
6382,2,11,rld,14:19:23.929,9247,1.264,1.376,0.190,0.000,0.000,activeTracking,noEvent
6382,2,11,rld,14:19:23.977,9248,1.313,1.376,0.190,0.000,0.000,activeTracking,noEvent
6382,2,11,rld,14:19:24.026,9249,1.360,1.376,0.190,0.000,0.000,activeTracking,noEvent
6382,2,11,rld,14:19:24.141,9250,1.463,1.445,0.190,0.600,0.000,activeTracking,noEvent
6382,2,11,rld,14:19:24.241,9251,1.565,1.607,0.191,1.200,0.000,activeTracking,noEvent
6382,2,11,rld,14:19:24.277,9252,1.613,1.858,0.169,1.700,-0.200,activeTracking,noEvent
6382,2,11,rld,14:19:24.330,9253,1.645,2.072,0.140,1.100,-0.200,activeTracking,noEvent
6382,2,11,rld,14:19:24.371,9254,1.705,2.333,0.061,1.600,-0.600,activeTracking,noEvent
6382,2,11,rld,14:19:24.424,9255,1.749,2.577,0.012,1.300,-0.200,onTarget,noEvent
6382,2,11,rld,14:19:24.460,9256,1.795,2.756,-0.051,0.800,-0.400,onTarget,noEvent
6382,2,11,rld,14:19:24.496,9257,1.832,2.853,-0.084,0.300,-0.100,onTarget,noEvent
6382,2,11,rld,14:19:24.525,9258,1.861,2.897,-0.094,0.100,0.000,onTarget,noEvent
6382,2,11,rld,14:19:24.580,9259,1.910,2.949,-0.110,0.300,-0.100,onTarget,noEvent
6382,2,11,rld,14:19:24.622,9260,1.951,2.991,-0.139,0.200,-0.200,onTarget,noEvent
6382,2,11,rld,14:19:24.702,9261,2.031,3.030,-0.172,0.200,-0.200,activeTracking,noEvent
6382,2,11,rld,14:19:24.728,9262,2.062,3.055,-0.183,0.100,0.000,activeTracking,noEvent
6382,2,11,rld,14:19:24.762,9263,2.094,3.063,-0.198,0.000,-0.100,activeTracking,noEvent
6382,2,11,rld,14:19:24.807,9264,2.142,3.066,-0.215,0.000,-0.100,activeTracking,noEvent
6382,2,11,rld,14:19:24.824,9265,2.159,3.067,-0.221,0.000,0.000,activeTracking,noEvent
6382,2,11,rld,14:19:24.845,9266,2.181,3.067,-0.223,0.000,0.000,activeTracking,noEvent
6382,2,11,rld,14:19:24.885,9267,2.215,3.067,-0.224,0.000,0.000,activeTracking,noEvent
6382,2,11,rld,14:19:24.939,9268,2.273,3.067,-0.224,0.000,0.000,activeTracking,noEvent
6382,2,11,rld,14:19:25.060,9269,2.385,3.068,-0.224,0.000,0.000,activeTracking,noEvent
6382,2,11,rld,14:19:25.103,9270,2.434,3.068,-0.224,0.000,0.000,activeTracking,noEvent
6382,2,11,rld,14:19:25.134,9271,2.463,3.068,-0.224,0.000,0.000,activeTracking,noEvent
6382,2,11,rld,14:19:25.169,9272,2.501,3.043,-0.212,-0.200,0.100,activeTracking,noEvent
6382,2,11,rld,14:19:25.186,9273,2.520,3.022,-0.208,-0.100,0.000,activeTracking,noEvent
6382,2,11,rld,14:19:25.215,9274,2.549,3.015,-0.195,0.000,0.100,activeTracking,noEvent
6382,2,11,rld,14:19:25.247,9275,2.576,3.001,-0.191,-0.100,0.000,onTarget,noEvent
6382,2,11,rld,14:19:25.393,9276,2.715,2.947,-0.142,-0.400,0.400,onTarget,noEvent
6382,2,11,rld,14:19:25.441,9277,2.766,2.916,-0.126,-0.100,0.000,onTarget,noEvent
6382,2,11,rld,14:19:25.475,9278,2.802,2.882,-0.109,-0.200,0.100,onTarget,noEvent
6382,2,11,rld,14:19:25.498,9279,2.833,2.870,-0.103,0.000,0.000,onTarget,noEvent
6382,2,11,rld,14:19:25.542,9280,2.874,2.854,-0.089,-0.100,0.100,onTarget,noEvent
6382,2,11,rld,14:19:25.571,9281,2.902,2.836,-0.073,-0.100,0.100,onTarget,noEvent
6382,2,11,rld,14:19:25.603,9282,2.933,2.818,-0.068,-0.100,0.000,onTarget,noEvent
6382,2,11,rld,14:19:25.676,9283,3.001,2.812,-0.066,0.000,0.000,onTarget,noEvent
6382,2,11,rld,14:19:25.754,9284,3.083,2.810,-0.065,0.000,0.000,onTarget,noEvent
6382,2,11,rld,14:19:25.790,9285,3.112,2.810,-0.065,0.000,0.000,onTarget,noEvent
6382,2,11,rld,14:19:25.846,9286,3.182,2.810,-0.065,0.000,0.000,onTarget,noEvent
6382,2,11,rld,14:19:25.898,9287,3.228,2.809,-0.065,0.000,0.000,onTarget,noEvent
6382,2,11,rld,14:19:25.940,9288,3.274,2.809,-0.065,0.000,0.000,onTarget,targetClick
6382,2,12,rld,14:19:29.741,9369,3.332,-0.034,0.035,0.000,0.000,waitingForTarget,middleTargetClick
6382,2,12,rld,14:19:29.764,9370,3.357,-0.034,0.035,0.000,0.000,waitingForTarget,noEvent
6382,2,12,rld,14:19:29.839,9371,3.410,-0.034,0.035,0.000,0.000,waitingForTarget,noEvent
6382,2,12,rld,14:19:29.886,9372,3.473,-0.034,0.035,0.000,0.000,waitingForTarget,noEvent
6382,2,12,rld,14:19:29.920,9373,3.510,-0.034,0.035,0.000,0.000,waitingForTarget,noEvent
6382,2,12,rld,14:19:29.952,9374,3.543,-0.034,0.035,0.000,0.000,waitingForTarget,noEvent
6382,2,12,rld,14:19:29.961,9375,3.554,-0.034,0.035,0.000,0.000,waitingForTarget,noEvent
6382,2,12,rld,14:19:29.977,9376,3.572,-0.034,0.035,0.000,0.000,waitingForTarget,noEvent
6382,2,12,rld,14:19:30.026,9377,3.620,-0.034,0.035,0.000,0.000,waitingForTarget,noEvent
6382,2,12,rld,14:19:30.094,9378,3.685,-0.034,0.035,0.000,0.000,waitingForTarget,noEvent
6382,2,12,rld,14:19:30.197,9379,3.773,-0.034,0.035,0.000,0.000,waitingForTarget,noEvent
6382,2,12,rld,14:19:30.247,9380,0.067,-0.034,0.035,0.000,0.000,activeTracking,targetAppeared
6382,2,12,rld,14:19:30.311,9381,0.131,-0.034,0.035,0.000,0.000,activeTracking,noEvent
6382,2,12,rld,14:19:30.354,9382,0.169,-0.034,0.035,0.000,0.000,activeTracking,noEvent
6382,2,12,rld,14:19:30.407,9383,0.217,-0.034,0.035,0.000,0.000,activeTracking,noEvent
6382,2,12,rld,14:19:30.457,9384,0.269,-0.034,0.035,0.000,0.000,activeTracking,noEvent
6382,2,12,rld,14:19:30.495,9385,0.311,-0.034,0.035,0.000,0.000,activeTracking,noEvent
6382,2,12,rld,14:19:30.545,9386,0.361,-0.034,0.035,0.000,0.000,activeTracking,noEvent
6382,2,12,rld,14:19:30.606,9387,0.408,-0.034,0.035,0.000,0.000,activeTracking,noEvent
6382,2,12,rld,14:19:30.647,9388,0.465,-0.034,0.035,0.000,0.000,activeTracking,noEvent
6382,2,12,rld,14:19:30.674,9389,0.488,-0.034,0.035,0.000,0.000,activeTracking,noEvent
6382,2,12,rld,14:19:30.684,9390,0.507,-0.034,0.035,0.000,0.000,activeTracking,noEvent
6382,2,12,rld,14:19:30.709,9391,0.529,-0.034,0.035,0.000,0.000,activeTracking,noEvent
6382,2,12,rld,14:19:30.757,9392,0.569,0.214,0.069,2.200,0.300,activeTracking,noEvent
6382,2,12,rld,14:19:30.885,9393,0.696,1.283,0.161,8.700,0.700,activeTracking,noEvent
6382,2,12,rld,14:19:30.954,9394,0.769,1.854,0.194,1.800,0.000,activeTracking,noEvent
6382,2,12,rld,14:19:31.003,9395,0.820,2.259,0.219,1.800,0.100,activeTracking,noEvent
6382,2,12,rld,14:19:31.039,9396,0.856,2.831,0.266,3.600,0.300,onTarget,noEvent
6382,2,12,rld,14:19:31.089,9397,0.906,3.199,0.296,1.400,0.100,activeTracking,noEvent
6382,2,12,rld,14:19:31.130,9398,0.947,3.412,0.307,0.700,0.000,activeTracking,noEvent
6382,2,12,rld,14:19:31.175,9399,0.996,3.598,0.313,0.900,0.000,activeTracking,noEvent
6382,2,12,rld,14:19:31.206,9400,1.025,3.726,0.316,0.500,0.000,activeTracking,noEvent
6382,2,12,rld,14:19:31.243,9401,1.065,3.833,0.318,0.500,0.000,activeTracking,noEvent
6382,2,12,rld,14:19:31.271,9402,1.087,3.895,0.319,0.200,0.000,activeTracking,noEvent
6382,2,12,rld,14:19:31.293,9403,1.110,3.929,0.319,0.100,0.000,activeTracking,noEvent
6382,2,12,rld,14:19:31.311,9404,1.131,3.954,0.320,0.100,0.000,activeTracking,noEvent
6382,2,12,rld,14:19:31.359,9405,1.178,3.975,0.320,0.100,0.000,activeTracking,noEvent
6382,2,12,rld,14:19:31.420,9406,1.231,3.982,0.320,0.000,0.000,activeTracking,noEvent
6382,2,12,rld,14:19:31.495,9407,1.310,3.985,0.320,0.000,0.000,activeTracking,noEvent
6382,2,12,rld,14:19:31.592,9408,1.403,3.142,0.273,-6.600,-0.300,activeTracking,noEvent
6382,2,12,rld,14:19:31.647,9409,1.450,2.761,0.257,-0.900,0.000,onTarget,noEvent
6382,2,12,rld,14:19:31.669,9410,1.489,2.575,0.251,-0.500,0.000,onTarget,noEvent
6382,2,12,rld,14:19:31.705,9411,1.525,2.489,0.238,-0.200,-0.100,onTarget,noEvent
6382,2,12,rld,14:19:31.726,9412,1.547,2.449,0.233,-0.100,0.000,onTarget,noEvent
6382,2,12,rld,14:19:31.762,9413,1.576,2.412,0.231,-0.200,0.000,activeTracking,noEvent
6382,2,12,rld,14:19:31.797,9414,1.619,2.387,0.231,-0.100,0.000,activeTracking,noEvent
6382,2,12,rld,14:19:31.839,9415,1.656,2.367,0.219,-0.100,-0.100,activeTracking,noEvent
6382,2,12,rld,14:19:31.873,9416,1.687,2.337,0.203,-0.200,-0.100,activeTracking,noEvent
6382,2,12,rld,14:19:31.925,9417,1.735,2.279,0.186,-0.400,-0.100,activeTracking,noEvent
6382,2,12,rld,14:19:31.961,9418,1.781,2.236,0.168,-0.200,-0.100,activeTracking,noEvent
6382,2,12,rld,14:19:32.007,9419,1.827,2.198,0.151,-0.200,-0.100,activeTracking,noEvent
6382,2,12,rld,14:19:32.058,9420,1.868,2.186,0.145,0.000,0.000,activeTracking,noEvent
6382,2,12,rld,14:19:32.227,9421,2.044,2.229,0.120,0.400,-0.200,activeTracking,noEvent
6382,2,12,rld,14:19:32.256,9422,2.070,2.302,0.101,0.500,-0.100,activeTracking,noEvent
6382,2,12,rld,14:19:32.290,9423,2.102,2.339,0.083,0.100,-0.100,activeTracking,noEvent
6382,2,12,rld,14:19:32.324,9424,2.137,2.387,0.077,0.300,0.000,onTarget,noEvent
6382,2,12,rld,14:19:32.352,9425,2.164,2.415,0.075,0.100,0.000,onTarget,noEvent
6382,2,12,rld,14:19:32.366,9426,2.186,2.448,0.074,0.200,0.000,onTarget,noEvent
6382,2,12,rld,14:19:32.400,9427,2.216,2.471,0.063,0.100,-0.100,onTarget,noEvent
6382,2,12,rld,14:19:32.437,9428,2.250,2.515,0.059,0.300,0.000,onTarget,noEvent
6382,2,12,rld,14:19:32.487,9429,2.300,2.578,0.058,0.400,0.000,onTarget,noEvent
6382,2,12,rld,14:19:32.527,9430,2.347,2.647,0.058,0.400,0.000,onTarget,noEvent
6382,2,12,rld,14:19:32.573,9431,2.389,2.707,0.058,0.300,0.000,onTarget,noEvent
6382,2,12,rld,14:19:32.622,9432,2.435,2.763,0.058,0.300,0.000,onTarget,noEvent
6382,2,12,rld,14:19:32.723,9433,2.520,2.806,0.058,0.200,0.000,onTarget,noEvent
6382,2,12,rld,14:19:32.816,9434,2.629,2.833,0.058,0.100,0.000,onTarget,noEvent
6382,2,12,rld,14:19:32.843,9435,2.659,2.842,0.058,0.000,0.000,onTarget,noEvent
6382,2,12,rld,14:19:32.871,9436,2.691,2.845,0.058,0.000,0.000,onTarget,noEvent
6382,2,12,rld,14:19:32.893,9437,2.710,2.846,0.058,0.000,0.000,onTarget,noEvent
6382,2,12,rld,14:19:32.914,9438,2.735,2.846,0.058,0.000,0.000,onTarget,noEvent
6382,2,12,rld,14:19:32.942,9439,2.761,2.846,0.058,0.000,0.000,onTarget,noEvent
6382,2,12,rld,14:19:32.991,9440,2.809,2.846,0.058,0.000,0.000,onTarget,noEvent
6382,2,12,rld,14:19:33.030,9441,2.849,2.846,0.058,0.000,0.000,onTarget,noEvent
6382,2,12,rld,14:19:33.077,9442,2.898,2.846,0.058,0.000,0.000,onTarget,noEvent
6382,2,12,rld,14:19:33.185,9443,2.997,2.846,0.058,0.000,0.000,onTarget,targetClick
6382,2,13,rld,14:19:36.091,9504,3.043,0.068,0.187,0.000,0.000,waitingForTarget,middleTargetClick
6382,2,13,rld,14:19:36.137,9505,3.089,0.068,0.187,0.000,0.000,waitingForTarget,noEvent
6382,2,13,rld,14:19:36.177,9506,3.131,0.068,0.187,0.000,0.000,waitingForTarget,noEvent
6382,2,13,rld,14:19:36.224,9507,3.179,0.068,0.187,0.000,0.000,waitingForTarget,noEvent
6382,2,13,rld,14:19:36.275,9508,3.229,0.068,0.187,0.000,0.000,waitingForTarget,noEvent
6382,2,13,rld,14:19:36.321,9509,3.269,0.068,0.187,0.000,0.000,waitingForTarget,noEvent
6382,2,13,rld,14:19:36.361,9510,3.316,0.068,0.187,0.000,0.000,waitingForTarget,noEvent
6382,2,13,rld,14:19:36.408,9511,3.361,0.068,0.187,0.000,0.000,waitingForTarget,noEvent
6382,2,13,rld,14:19:36.451,9512,3.402,0.068,0.187,0.000,0.000,waitingForTarget,noEvent
6382,2,13,rld,14:19:36.494,9513,3.449,0.068,0.187,0.000,0.000,waitingForTarget,noEvent
6382,2,13,rld,14:19:36.537,9514,0.043,0.068,0.187,0.000,0.000,activeTracking,targetAppeared
6382,2,13,rld,14:19:36.591,9515,0.097,0.068,0.187,0.000,0.000,activeTracking,noEvent
6382,2,13,rld,14:19:36.633,9516,0.135,0.068,0.187,0.000,0.000,activeTracking,noEvent
6382,2,13,rld,14:19:36.676,9517,0.181,0.068,0.187,0.000,0.000,activeTracking,noEvent
6382,2,13,rld,14:19:36.724,9518,0.229,0.068,0.187,0.000,0.000,activeTracking,noEvent
6382,2,13,rld,14:19:36.768,9519,0.271,0.068,0.187,0.000,0.000,activeTracking,noEvent
6382,2,13,rld,14:19:36.814,9520,0.319,0.068,0.187,0.000,0.000,activeTracking,noEvent
6382,2,13,rld,14:19:36.860,9521,0.363,0.068,0.187,0.000,0.000,activeTracking,noEvent
6382,2,13,rld,14:19:36.910,9522,0.416,0.068,0.187,0.000,0.000,activeTracking,noEvent
6382,2,13,rld,14:19:36.983,9523,0.476,0.068,0.187,0.000,0.000,activeTracking,noEvent
6382,2,13,rld,14:19:37.094,9524,0.581,0.068,0.187,0.000,0.000,activeTracking,noEvent
6382,2,13,rld,14:19:37.150,9525,0.650,0.068,0.187,0.000,0.000,activeTracking,noEvent
6382,2,13,rld,14:19:37.174,9526,0.673,0.068,0.187,0.000,0.000,activeTracking,noEvent
6382,2,13,rld,14:19:37.203,9527,0.705,0.068,0.187,0.000,0.000,activeTracking,noEvent
6382,2,13,rld,14:19:37.275,9528,0.778,0.068,0.187,0.000,0.000,activeTracking,noEvent
6382,2,13,rld,14:19:37.357,9529,0.851,-0.767,0.188,-7.400,0.000,activeTracking,noEvent
6382,2,13,rld,14:19:37.406,9530,0.900,-1.344,0.122,-2.600,-0.600,activeTracking,noEvent
6382,2,13,rld,14:19:37.445,9531,0.945,-1.700,0.009,-1.400,-0.800,activeTracking,noEvent
6382,2,13,rld,14:19:37.473,9532,0.978,-1.831,-0.041,-0.100,-0.100,activeTracking,noEvent
6382,2,13,rld,14:19:37.504,9533,1.010,-1.875,-0.057,0.000,0.000,activeTracking,noEvent
6382,2,13,rld,14:19:37.528,9534,1.034,-1.890,-0.063,0.000,0.000,activeTracking,noEvent
6382,2,13,rld,14:19:37.552,9535,1.055,-1.895,-0.065,0.000,0.000,activeTracking,noEvent
6382,2,13,rld,14:19:37.606,9536,1.111,-1.896,-0.065,0.000,0.000,activeTracking,noEvent
6382,2,13,rld,14:19:37.637,9537,1.142,-1.897,-0.066,0.000,0.000,activeTracking,noEvent
6382,2,13,rld,14:19:37.676,9538,1.182,-1.897,-0.066,0.000,0.000,activeTracking,noEvent
6382,2,13,rld,14:19:37.725,9539,1.230,-1.897,-0.066,0.000,0.000,activeTracking,noEvent
6382,2,13,rld,14:19:37.773,9540,1.278,-1.897,-0.066,0.000,0.000,activeTracking,noEvent
6382,2,13,rld,14:19:37.830,9541,1.332,-1.944,-0.077,-0.400,-0.100,activeTracking,noEvent
6382,2,13,rld,14:19:37.966,9542,1.397,-2.006,-0.081,-0.400,0.000,activeTracking,noEvent
6382,2,13,rld,14:19:38.016,9543,1.514,-2.466,-0.094,-3.700,-0.100,onTarget,noEvent
6382,2,13,rld,14:19:38.055,9544,1.553,-2.658,-0.098,-0.300,0.000,onTarget,noEvent
6382,2,13,rld,14:19:38.079,9545,1.584,-2.734,-0.099,-0.100,0.000,onTarget,noEvent
6382,2,13,rld,14:19:38.112,9546,1.614,-2.772,-0.100,-0.100,0.000,onTarget,noEvent
6382,2,13,rld,14:19:38.135,9547,1.637,-2.785,-0.100,0.000,0.000,onTarget,noEvent
6382,2,13,rld,14:19:38.206,9548,1.700,-2.801,-0.100,-0.100,0.000,onTarget,noEvent
6382,2,13,rld,14:19:38.305,9549,1.797,-2.819,-0.100,-0.100,0.000,onTarget,noEvent
6382,2,13,rld,14:19:38.341,9550,1.846,-2.837,-0.100,-0.100,0.000,onTarget,noEvent
6382,2,13,rld,14:19:38.365,9551,1.870,-2.843,-0.100,0.000,0.000,onTarget,noEvent
6382,2,13,rld,14:19:38.388,9552,1.894,-2.845,-0.100,0.000,0.000,onTarget,noEvent
6382,2,13,rld,14:19:38.403,9553,1.911,-2.846,-0.100,0.000,0.000,onTarget,noEvent
6382,2,13,rld,14:19:38.435,9554,1.935,-2.846,-0.100,0.000,0.000,onTarget,noEvent
6382,2,13,rld,14:19:38.476,9555,1.982,-2.846,-0.100,0.000,0.000,onTarget,noEvent
6382,2,13,rld,14:19:38.544,9556,2.035,-2.846,-0.100,0.000,0.000,onTarget,noEvent
6382,2,13,rld,14:19:38.605,9557,2.104,-2.846,-0.100,0.000,0.000,onTarget,noEvent
6382,2,13,rld,14:19:38.623,9558,2.130,-2.846,-0.100,0.000,0.000,onTarget,noEvent
6382,2,13,rld,14:19:38.672,9559,2.177,-2.846,-0.100,0.000,0.000,onTarget,noEvent
6382,2,13,rld,14:19:38.712,9560,2.218,-2.846,-0.100,0.000,0.000,onTarget,noEvent
6382,2,13,rld,14:19:38.763,9561,2.265,-2.846,-0.100,0.000,0.000,onTarget,noEvent
6382,2,13,rld,14:19:38.813,9562,2.315,-2.846,-0.100,0.000,0.000,onTarget,targetClick
6382,2,14,rld,14:19:41.561,9620,2.361,0.219,0.153,0.000,0.000,waitingForTarget,middleTargetClick
6382,2,14,rld,14:19:41.607,9621,2.407,0.219,0.153,0.000,0.000,waitingForTarget,noEvent
6382,2,14,rld,14:19:41.665,9622,2.460,0.219,0.153,0.000,0.000,waitingForTarget,noEvent
6382,2,14,rld,14:19:41.722,9623,2.518,0.219,0.153,0.000,0.000,waitingForTarget,noEvent
6382,2,14,rld,14:19:41.808,9624,2.581,0.219,0.153,0.000,0.000,waitingForTarget,noEvent
6382,2,14,rld,14:19:41.886,9625,2.687,0.219,0.153,0.000,0.000,waitingForTarget,noEvent
6382,2,14,rld,14:19:41.946,9626,2.732,0.219,0.153,0.000,0.000,waitingForTarget,noEvent
6382,2,14,rld,14:19:41.985,9627,2.781,0.219,0.153,0.000,0.000,waitingForTarget,noEvent
6382,2,14,rld,14:19:42.006,9628,0.025,0.219,0.153,0.000,0.000,activeTracking,targetAppeared
6382,2,14,rld,14:19:42.020,9629,0.040,0.219,0.153,0.000,0.000,activeTracking,noEvent
6382,2,14,rld,14:19:42.053,9630,0.069,0.219,0.153,0.000,0.000,activeTracking,noEvent
6382,2,14,rld,14:19:42.097,9631,0.117,0.219,0.153,0.000,0.000,activeTracking,noEvent
6382,2,14,rld,14:19:42.163,9632,0.175,0.219,0.153,0.000,0.000,activeTracking,noEvent
6382,2,14,rld,14:19:42.236,9633,0.246,0.219,0.153,0.000,0.000,activeTracking,noEvent
6382,2,14,rld,14:19:42.296,9634,0.316,0.219,0.153,0.000,0.000,activeTracking,noEvent
6382,2,14,rld,14:19:42.346,9635,0.359,0.219,0.153,0.000,0.000,activeTracking,noEvent
6382,2,14,rld,14:19:42.402,9636,0.417,0.219,0.153,0.000,0.000,activeTracking,noEvent
6382,2,14,rld,14:19:42.443,9637,0.460,0.219,0.153,0.000,0.000,activeTracking,noEvent
6382,2,14,rld,14:19:42.502,9638,0.517,0.219,0.153,0.000,0.000,activeTracking,noEvent
6382,2,14,rld,14:19:42.534,9639,0.550,0.219,0.153,0.000,0.000,activeTracking,noEvent
6382,2,14,rld,14:19:42.638,9640,0.601,0.219,0.153,0.000,0.000,activeTracking,noEvent
6382,2,14,rld,14:19:42.686,9641,0.695,-1.056,0.053,-11.300,-0.900,activeTracking,noEvent
6382,2,14,rld,14:19:42.729,9642,0.743,-1.695,-0.037,-1.800,-0.500,activeTracking,noEvent
6382,2,14,rld,14:19:42.750,9643,0.769,-1.923,-0.067,-0.100,0.000,activeTracking,noEvent
6382,2,14,rld,14:19:42.772,9644,0.793,-2.000,-0.078,0.000,0.000,activeTracking,noEvent
6382,2,14,rld,14:19:42.787,9645,0.808,-2.025,-0.081,0.000,0.000,activeTracking,noEvent
6382,2,14,rld,14:19:42.816,9646,0.835,-2.034,-0.082,0.000,0.000,activeTracking,noEvent
6382,2,14,rld,14:19:42.863,9647,0.883,-2.036,-0.083,0.000,0.000,activeTracking,noEvent
6382,2,14,rld,14:19:42.907,9648,0.926,-2.037,-0.083,0.000,0.000,activeTracking,noEvent
6382,2,14,rld,14:19:42.956,9649,0.977,-2.038,-0.083,0.000,0.000,activeTracking,noEvent
6382,2,14,rld,14:19:43.002,9650,1.020,-2.038,-0.083,0.000,0.000,activeTracking,noEvent
6382,2,14,rld,14:19:43.046,9651,1.066,-2.038,-0.083,0.000,0.000,activeTracking,noEvent
6382,2,14,rld,14:19:43.093,9652,1.113,-2.038,-0.083,0.000,0.000,activeTracking,noEvent
6382,2,14,rld,14:19:43.141,9653,1.161,-2.085,-0.083,-0.400,0.000,activeTracking,noEvent
6382,2,14,rld,14:19:43.188,9654,1.208,-2.124,-0.083,-0.200,0.000,activeTracking,noEvent
6382,2,14,rld,14:19:43.235,9655,1.248,-2.161,-0.083,-0.200,0.000,activeTracking,noEvent
6382,2,14,rld,14:19:43.323,9656,1.298,-2.280,-0.083,-0.900,0.000,activeTracking,noEvent
6382,2,14,rld,14:19:43.413,9657,1.416,-2.427,-0.083,-0.900,0.000,onTarget,noEvent
6382,2,14,rld,14:19:43.471,9658,1.485,-2.500,-0.083,-0.200,0.000,onTarget,noEvent
6382,2,14,rld,14:19:43.503,9659,1.516,-2.549,-0.083,-0.200,0.000,onTarget,noEvent
6382,2,14,rld,14:19:43.526,9660,1.547,-2.577,-0.083,-0.100,0.000,onTarget,noEvent
6382,2,14,rld,14:19:43.547,9661,1.567,-2.598,-0.083,-0.100,0.000,onTarget,noEvent
6382,2,14,rld,14:19:43.591,9662,1.608,-2.630,-0.083,-0.200,0.000,onTarget,noEvent
6382,2,14,rld,14:19:43.699,9663,1.716,-2.664,-0.082,-0.200,0.000,onTarget,noEvent
6382,2,14,rld,14:19:43.745,9664,1.767,-2.676,-0.082,0.000,0.000,onTarget,noEvent
6382,2,14,rld,14:19:43.773,9665,1.794,-2.680,-0.082,0.000,0.000,onTarget,noEvent
6382,2,14,rld,14:19:43.815,9666,1.834,-2.681,-0.082,0.000,0.000,onTarget,noEvent
6382,2,14,rld,14:19:43.837,9667,1.859,-2.682,-0.082,0.000,0.000,onTarget,noEvent
6382,2,14,rld,14:19:43.852,9668,1.874,-2.682,-0.082,0.000,0.000,onTarget,noEvent
6382,2,14,rld,14:19:43.894,9669,1.915,-2.682,-0.082,0.000,0.000,onTarget,noEvent
6382,2,14,rld,14:19:43.926,9670,1.946,-2.682,-0.082,0.000,0.000,onTarget,noEvent
6382,2,14,rld,14:19:43.988,9671,2.008,-2.682,-0.082,0.000,0.000,onTarget,noEvent
6382,2,14,rld,14:19:44.037,9672,2.057,-2.682,-0.082,0.000,0.000,onTarget,targetClick
6382,2,15,rld,14:19:46.592,9726,2.102,0.051,0.018,0.000,0.000,waitingForTarget,middleTargetClick
6382,2,15,rld,14:19:46.641,9727,2.152,0.051,0.018,0.000,0.000,waitingForTarget,noEvent
6382,2,15,rld,14:19:46.689,9728,2.202,0.051,0.018,0.000,0.000,waitingForTarget,noEvent
6382,2,15,rld,14:19:46.737,9729,2.243,0.051,0.018,0.000,0.000,waitingForTarget,noEvent
6382,2,15,rld,14:19:46.869,9730,2.372,0.051,0.018,0.000,0.000,waitingForTarget,noEvent
6382,2,15,rld,14:19:46.913,9731,2.426,0.051,0.018,0.000,0.000,waitingForTarget,noEvent
6382,2,15,rld,14:19:46.937,9732,2.450,0.051,0.018,0.000,0.000,waitingForTarget,noEvent
6382,2,15,rld,14:19:47.001,9733,2.511,0.051,0.018,0.000,0.000,waitingForTarget,noEvent
6382,2,15,rld,14:19:47.060,9734,0.050,0.051,0.018,0.000,0.000,activeTracking,targetAppeared
6382,2,15,rld,14:19:47.106,9735,0.104,0.051,0.018,0.000,0.000,activeTracking,noEvent
6382,2,15,rld,14:19:47.154,9736,0.150,0.051,0.018,0.000,0.000,activeTracking,noEvent
6382,2,15,rld,14:19:47.206,9737,0.202,0.051,0.018,0.000,0.000,activeTracking,noEvent
6382,2,15,rld,14:19:47.239,9738,0.230,0.051,0.018,0.000,0.000,activeTracking,noEvent
6382,2,15,rld,14:19:47.292,9739,0.289,0.051,0.018,0.000,0.000,activeTracking,noEvent
6382,2,15,rld,14:19:47.343,9740,0.335,0.051,0.018,0.000,0.000,activeTracking,noEvent
6382,2,15,rld,14:19:47.395,9741,0.396,0.051,0.018,0.000,0.000,activeTracking,noEvent
6382,2,15,rld,14:19:47.441,9742,0.430,0.051,0.018,0.000,0.000,activeTracking,noEvent
6382,2,15,rld,14:19:47.494,9743,0.492,0.051,0.018,0.000,0.000,activeTracking,noEvent
6382,2,15,rld,14:19:47.517,9744,0.520,0.051,0.018,0.000,0.000,activeTracking,noEvent
6382,2,15,rld,14:19:47.550,9745,0.548,0.051,0.018,0.000,0.000,activeTracking,noEvent
6382,2,15,rld,14:19:47.639,9746,0.628,0.051,0.018,0.000,0.000,activeTracking,noEvent
6382,2,15,rld,14:19:47.686,9747,0.682,0.051,0.018,0.000,0.000,activeTracking,noEvent
6382,2,15,rld,14:19:47.708,9748,0.709,0.051,0.018,0.000,0.000,activeTracking,noEvent
6382,2,15,rld,14:19:47.746,9749,0.732,0.051,0.018,0.000,0.000,activeTracking,noEvent
6382,2,15,rld,14:19:47.842,9750,0.841,0.051,0.018,0.000,0.000,activeTracking,noEvent
6382,2,15,rld,14:19:47.884,9751,0.882,0.051,0.018,0.000,0.000,activeTracking,noEvent
6382,2,15,rld,14:19:47.900,9752,0.902,0.051,0.018,0.000,0.000,activeTracking,noEvent
6382,2,15,rld,14:19:47.920,9753,0.921,0.051,0.018,0.000,0.000,activeTracking,noEvent
6382,2,15,rld,14:19:47.938,9754,0.941,0.051,0.018,0.000,0.000,activeTracking,noEvent
6382,2,15,rld,14:19:47.974,9755,0.977,0.051,0.018,0.000,0.000,activeTracking,noEvent
6382,2,15,rld,14:19:48.016,9756,1.017,0.051,0.018,0.000,0.000,activeTracking,noEvent
6382,2,15,rld,14:19:48.072,9757,1.066,0.051,0.018,0.000,0.000,activeTracking,noEvent
6382,2,15,rld,14:19:48.136,9758,1.130,0.051,0.018,0.000,0.000,activeTracking,noEvent
6382,2,15,rld,14:19:48.162,9759,1.165,0.051,0.018,0.000,0.000,activeTracking,noEvent
6382,2,15,rld,14:19:48.207,9760,1.208,0.051,0.018,0.000,0.000,activeTracking,noEvent
6382,2,15,rld,14:19:48.260,9761,1.261,0.051,0.018,0.000,0.000,activeTracking,noEvent
6382,2,15,rld,14:19:48.320,9762,1.320,0.051,0.018,0.000,0.000,activeTracking,noEvent
6382,2,15,rld,14:19:48.392,9763,1.384,0.051,0.018,0.000,0.000,activeTracking,noEvent
6382,2,15,rld,14:19:48.455,9764,1.447,0.051,0.018,0.000,0.000,activeTracking,noEvent
6382,2,15,rld,14:19:48.513,9765,1.510,0.051,0.018,0.000,0.000,activeTracking,noEvent
6382,2,15,rld,14:19:48.578,9766,1.579,0.051,0.018,0.000,0.000,activeTracking,noEvent
6382,2,15,rld,14:19:48.623,9767,1.623,0.051,0.018,0.000,0.000,activeTracking,noEvent
6382,2,15,rld,14:19:48.655,9768,1.650,0.051,0.018,0.000,0.000,activeTracking,noEvent
6382,2,15,rld,14:19:48.725,9769,1.716,0.051,0.018,0.000,0.000,activeTracking,noEvent
6382,2,15,rld,14:19:48.773,9770,1.771,0.051,0.018,0.000,0.000,activeTracking,noEvent
6382,2,15,rld,14:19:48.838,9771,1.840,0.051,0.018,0.000,0.000,activeTracking,noEvent
6382,2,15,rld,14:19:48.857,9772,1.858,0.051,0.018,0.000,0.000,activeTracking,noEvent
6382,2,15,rld,14:19:48.874,9773,1.878,0.051,0.018,0.000,0.000,activeTracking,noEvent
6382,2,15,rld,14:19:48.900,9774,1.901,0.051,0.018,0.000,0.000,activeTracking,noEvent
6382,2,15,rld,14:19:48.927,9775,1.929,0.355,0.075,2.700,0.500,activeTracking,noEvent
6382,2,15,rld,14:19:48.989,9776,1.980,0.965,0.207,4.500,1.000,activeTracking,noEvent
6382,2,15,rld,14:19:49.025,9777,2.027,1.227,0.252,0.500,0.000,activeTracking,noEvent
6382,2,15,rld,14:19:49.163,9778,2.149,1.777,0.316,4.000,0.400,activeTracking,noEvent
6382,2,15,rld,14:19:49.206,9779,2.207,2.056,0.350,0.800,0.100,activeTracking,noEvent
6382,2,15,rld,14:19:49.242,9780,2.240,2.185,0.362,0.300,0.000,activeTracking,noEvent
6382,2,15,rld,14:19:49.340,9781,2.329,2.252,0.366,0.200,0.000,activeTracking,noEvent
6382,2,15,rld,14:19:49.371,9782,2.368,2.394,0.369,1.000,0.000,activeTracking,noEvent
6382,2,15,rld,14:19:49.402,9783,2.399,2.465,0.370,0.200,0.000,activeTracking,noEvent
6382,2,15,rld,14:19:49.435,9784,2.436,2.489,0.371,0.000,0.000,activeTracking,noEvent
6382,2,15,rld,14:19:49.460,9785,2.460,2.497,0.371,0.000,0.000,activeTracking,noEvent
6382,2,15,rld,14:19:49.484,9786,2.487,2.500,0.371,0.000,0.000,activeTracking,noEvent
6382,2,15,rld,14:19:49.544,9787,2.543,2.500,0.371,0.000,0.000,activeTracking,noEvent
6382,2,15,rld,14:19:49.575,9788,2.578,2.501,0.371,0.000,0.000,activeTracking,noEvent
6382,2,15,rld,14:19:49.611,9789,2.611,2.501,0.371,0.000,0.000,activeTracking,noEvent
6382,2,15,rld,14:19:49.643,9790,2.647,2.501,0.371,0.000,0.000,activeTracking,noEvent
6382,2,15,rld,14:19:49.694,9791,2.696,2.501,0.371,0.000,0.000,activeTracking,noEvent
6382,2,15,rld,14:19:49.741,9792,2.742,2.501,0.371,0.000,0.000,activeTracking,noEvent
6382,2,15,rld,14:19:49.786,9793,2.783,2.501,0.371,0.000,0.000,activeTracking,noEvent
6382,2,15,rld,14:19:49.827,9794,2.829,2.501,0.371,0.000,0.000,activeTracking,noEvent
6382,2,15,rld,14:19:49.873,9795,2.875,2.501,0.371,0.000,0.000,activeTracking,noEvent
6382,2,15,rld,14:19:49.920,9796,2.918,2.501,0.371,0.000,0.000,activeTracking,noEvent
6382,2,15,rld,14:19:49.974,9797,2.968,2.501,0.371,0.000,0.000,activeTracking,noEvent
6382,2,15,rld,14:19:50.072,9798,3.031,2.501,0.371,0.000,0.000,activeTracking,noEvent
6382,2,15,rld,14:19:50.155,9799,3.150,2.501,0.371,0.000,0.000,activeTracking,noEvent
6382,2,15,rld,14:19:50.187,9800,3.190,2.501,0.371,0.000,0.000,activeTracking,noEvent
6382,2,15,rld,14:19:50.283,9801,3.273,2.501,0.255,0.000,-1.000,onTarget,noEvent
6382,2,15,rld,14:19:50.323,9802,3.325,2.513,0.146,0.100,-0.600,onTarget,noEvent
6382,2,15,rld,14:19:50.360,9803,3.362,2.541,0.075,0.200,-0.300,onTarget,noEvent
6382,2,15,rld,14:19:50.391,9804,3.393,2.550,0.040,0.000,-0.100,onTarget,noEvent
6382,2,15,rld,14:19:50.426,9805,3.429,2.565,0.016,0.100,-0.100,onTarget,noEvent
6382,2,15,rld,14:19:50.462,9806,3.464,2.583,-0.003,0.100,-0.100,onTarget,noEvent
6382,2,15,rld,14:19:50.494,9807,3.494,2.588,-0.021,0.000,-0.100,onTarget,noEvent
6382,2,15,rld,14:19:50.534,9808,3.528,2.602,-0.039,0.100,-0.100,onTarget,noEvent
6382,2,15,rld,14:19:50.567,9809,3.566,2.619,-0.045,0.100,0.000,onTarget,noEvent
6382,2,15,rld,14:19:50.640,9810,3.630,2.649,-0.070,0.200,-0.200,onTarget,noEvent
6382,2,15,rld,14:19:50.671,9811,3.673,2.659,-0.090,0.000,-0.100,onTarget,noEvent
6382,2,15,rld,14:19:50.692,9812,3.696,2.662,-0.097,0.000,0.000,onTarget,noEvent
6382,2,15,rld,14:19:50.728,9813,3.730,2.663,-0.099,0.000,0.000,onTarget,noEvent
6382,2,15,rld,14:19:50.776,9814,3.779,2.675,-0.100,0.100,0.000,onTarget,noEvent
6382,2,15,rld,14:19:50.822,9815,3.823,2.692,-0.100,0.100,0.000,onTarget,noEvent
6382,2,15,rld,14:19:50.869,9816,3.867,2.697,-0.100,0.000,0.000,onTarget,noEvent
6382,2,15,rld,14:19:50.911,9817,3.911,2.699,-0.100,0.000,0.000,onTarget,noEvent
6382,2,15,rld,14:19:50.958,9818,3.959,2.700,-0.100,0.000,0.000,onTarget,noEvent
6382,2,15,rld,14:19:50.997,9819,4.000,2.712,-0.100,0.100,0.000,onTarget,noEvent
6382,2,16,rld,14:19:54.774,9897,0.065,0.355,0.086,0.000,0.000,activeTracking,targetAppeared
6382,2,16,rld,14:19:54.824,9898,0.131,0.355,0.086,0.000,0.000,activeTracking,noEvent
6382,2,16,rld,14:19:54.848,9899,0.155,0.355,0.086,0.000,0.000,activeTracking,noEvent
6382,2,16,rld,14:19:54.858,9900,0.168,0.355,0.086,0.000,0.000,activeTracking,noEvent
6382,2,16,rld,14:19:54.883,9901,0.192,0.355,0.086,0.000,0.000,activeTracking,noEvent
6382,2,16,rld,14:19:54.916,9902,0.223,0.355,0.086,0.000,0.000,activeTracking,noEvent
6382,2,16,rld,14:19:54.961,9903,0.267,0.355,0.086,0.000,0.000,activeTracking,noEvent
6382,2,16,rld,14:19:55.013,9904,0.317,0.355,0.086,0.000,0.000,activeTracking,noEvent
6382,2,16,rld,14:19:55.086,9905,0.382,0.355,0.086,0.000,0.000,activeTracking,noEvent
6382,2,16,rld,14:19:55.157,9906,0.455,0.355,0.086,0.000,0.000,activeTracking,noEvent
6382,2,16,rld,14:19:55.242,9907,0.538,0.355,0.086,0.000,0.000,activeTracking,noEvent
6382,2,16,rld,14:19:55.326,9908,0.624,-0.433,0.108,-7.000,0.200,activeTracking,noEvent
6382,2,16,rld,14:19:55.374,9909,0.672,-0.855,0.094,-1.400,-0.200,activeTracking,noEvent
6382,2,16,rld,14:19:55.423,9910,0.715,-1.122,0.089,-1.100,0.000,activeTracking,noEvent
6382,2,16,rld,14:19:55.455,9911,0.762,-1.303,0.088,-0.800,0.000,activeTracking,noEvent
6382,2,16,rld,14:19:55.489,9912,0.798,-1.409,0.077,-0.400,-0.100,activeTracking,noEvent
6382,2,16,rld,14:19:55.522,9913,0.828,-1.479,0.073,-0.300,0.000,activeTracking,noEvent
6382,2,16,rld,14:19:55.553,9914,0.856,-1.514,0.072,-0.100,0.000,activeTracking,noEvent
6382,2,16,rld,14:19:55.580,9915,0.889,-1.526,0.071,0.000,0.000,activeTracking,noEvent
6382,2,16,rld,14:19:55.605,9916,0.914,-1.530,0.071,0.000,0.000,activeTracking,noEvent
6382,2,16,rld,14:19:55.652,9917,0.961,-1.531,0.071,0.000,0.000,activeTracking,noEvent
6382,2,16,rld,14:19:55.702,9918,1.006,-1.531,0.071,0.000,0.000,activeTracking,noEvent
6382,2,16,rld,14:19:55.745,9919,1.053,-1.532,0.071,0.000,0.000,activeTracking,noEvent
6382,2,16,rld,14:19:55.804,9920,1.105,-1.532,0.071,0.000,0.000,activeTracking,noEvent
6382,2,16,rld,14:19:55.839,9921,1.145,-1.532,0.071,0.000,0.000,activeTracking,noEvent
6382,2,16,rld,14:19:55.891,9922,1.196,-1.532,0.071,0.000,0.000,activeTracking,noEvent
6382,2,16,rld,14:19:55.929,9923,1.237,-1.532,0.071,0.000,0.000,activeTracking,noEvent
6382,2,16,rld,14:19:55.994,9924,1.295,-1.763,0.049,-2.000,-0.200,activeTracking,noEvent
6382,2,16,rld,14:19:56.132,9925,1.428,-2.075,0.019,-2.000,-0.200,activeTracking,noEvent
6382,2,16,rld,14:19:56.194,9926,1.495,-2.275,-0.014,-0.800,-0.200,activeTracking,noEvent
6382,2,16,rld,14:19:56.239,9927,1.548,-2.401,-0.036,-0.500,-0.100,onTarget,noEvent
6382,2,16,rld,14:19:56.276,9928,1.583,-2.516,-0.044,-0.600,0.000,onTarget,noEvent
6382,2,16,rld,14:19:56.346,9929,1.655,-2.626,-0.070,-0.600,-0.200,onTarget,noEvent
6382,2,16,rld,14:19:56.405,9930,1.705,-2.748,-0.078,-0.700,0.000,onTarget,noEvent
6382,2,16,rld,14:19:56.443,9931,1.746,-2.813,-0.081,-0.200,0.000,onTarget,noEvent
6382,2,16,rld,14:19:56.479,9932,1.773,-2.847,-0.082,-0.100,0.000,onTarget,noEvent
6382,2,16,rld,14:19:56.505,9933,1.814,-2.871,-0.082,-0.100,0.000,onTarget,noEvent
6382,2,16,rld,14:19:56.538,9934,1.845,-2.891,-0.082,-0.100,0.000,onTarget,noEvent
6382,2,16,rld,14:19:56.557,9935,1.865,-2.898,-0.082,0.000,0.000,onTarget,noEvent
6382,2,16,rld,14:19:56.579,9936,1.888,-2.900,-0.082,0.000,0.000,onTarget,noEvent
6382,2,16,rld,14:19:56.621,9937,1.928,-2.901,-0.082,0.000,0.000,onTarget,noEvent
6382,2,16,rld,14:19:56.663,9938,1.972,-2.901,-0.082,0.000,0.000,onTarget,noEvent
6382,2,16,rld,14:19:56.705,9939,2.014,-2.901,-0.082,0.000,0.000,onTarget,noEvent
6382,2,16,rld,14:19:56.754,9940,2.062,-2.901,-0.082,0.000,0.000,onTarget,noEvent
6382,2,16,rld,14:19:56.810,9941,2.115,-2.901,-0.082,0.000,0.000,onTarget,noEvent
6382,2,16,rld,14:19:56.841,9942,2.150,-2.901,-0.082,0.000,0.000,onTarget,noEvent
6382,2,16,rld,14:19:56.889,9943,2.196,-2.901,-0.082,0.000,0.000,onTarget,noEvent
6382,2,16,rld,14:19:56.927,9944,2.236,-2.901,-0.082,0.000,0.000,onTarget,noEvent
6382,2,16,rld,14:19:56.974,9945,2.283,-2.901,-0.082,0.000,0.000,onTarget,noEvent
6382,2,16,rld,14:19:57.026,9946,2.334,-2.901,-0.082,0.000,0.000,onTarget,noEvent
6382,2,16,rld,14:19:57.084,9947,2.384,-2.901,-0.082,0.000,0.000,onTarget,noEvent
6382,2,16,rld,14:19:57.169,9948,2.469,-2.901,-0.082,0.000,0.000,onTarget,noEvent
6382,2,16,rld,14:19:57.252,9949,2.551,-2.901,-0.082,0.000,0.000,onTarget,noEvent
6382,2,16,rld,14:19:57.294,9950,2.601,-2.901,-0.082,0.000,0.000,onTarget,noEvent
6382,2,16,rld,14:19:57.323,9951,2.630,-2.901,-0.082,0.000,0.000,onTarget,noEvent
6382,2,16,rld,14:19:57.336,9952,2.644,-2.901,-0.082,0.000,0.000,onTarget,noEvent
6382,2,16,rld,14:19:57.371,9953,2.678,-2.901,-0.082,0.000,0.000,onTarget,targetClick
6382,2,17,rld,14:20:01.014,10030,2.729,0.405,0.035,0.000,0.000,waitingForTarget,middleTargetClick
6382,2,17,rld,14:20:01.120,10031,2.836,0.405,0.035,0.000,0.000,waitingForTarget,noEvent
6382,2,17,rld,14:20:01.195,10032,2.917,0.405,0.035,0.000,0.000,waitingForTarget,noEvent
6382,2,17,rld,14:20:01.244,10033,2.965,0.405,0.035,0.000,0.000,waitingForTarget,noEvent
6382,2,17,rld,14:20:01.273,10034,2.996,0.405,0.035,0.000,0.000,waitingForTarget,noEvent
6382,2,17,rld,14:20:01.305,10035,3.019,0.405,0.035,0.000,0.000,waitingForTarget,noEvent
6382,2,17,rld,14:20:01.394,10036,3.099,0.405,0.035,0.000,0.000,waitingForTarget,noEvent
6382,2,17,rld,14:20:01.442,10037,3.159,0.405,0.035,0.000,0.000,waitingForTarget,noEvent
6382,2,17,rld,14:20:01.469,10038,0.026,0.405,0.035,0.000,0.000,activeTracking,targetAppeared
6382,2,17,rld,14:20:01.500,10039,0.059,0.405,0.035,0.000,0.000,activeTracking,noEvent
6382,2,17,rld,14:20:01.517,10040,0.080,0.405,0.035,0.000,0.000,activeTracking,noEvent
6382,2,17,rld,14:20:01.548,10041,0.109,0.405,0.035,0.000,0.000,activeTracking,noEvent
6382,2,17,rld,14:20:01.573,10042,0.137,0.405,0.035,0.000,0.000,activeTracking,noEvent
6382,2,17,rld,14:20:01.629,10043,0.191,0.405,0.035,0.000,0.000,activeTracking,noEvent
6382,2,17,rld,14:20:01.706,10044,0.252,0.405,0.035,0.000,0.000,activeTracking,noEvent
6382,2,17,rld,14:20:01.807,10045,0.370,0.405,0.035,0.000,0.000,activeTracking,noEvent
6382,2,17,rld,14:20:01.861,10046,0.419,0.405,0.035,0.000,0.000,activeTracking,noEvent
6382,2,17,rld,14:20:01.900,10047,0.450,0.405,0.035,0.000,0.000,activeTracking,noEvent
6382,2,17,rld,14:20:01.956,10048,0.504,0.405,0.035,0.000,0.000,activeTracking,noEvent
6382,2,17,rld,14:20:02.029,10049,0.585,0.169,0.080,-2.100,0.400,activeTracking,noEvent
6382,2,17,rld,14:20:02.076,10050,0.639,-0.135,0.129,-2.000,0.300,activeTracking,noEvent
6382,2,17,rld,14:20:02.118,10051,0.681,-0.507,0.145,-2.400,0.000,activeTracking,noEvent
6382,2,17,rld,14:20:02.162,10052,0.723,-0.789,0.140,-1.400,-0.100,activeTracking,noEvent
6382,2,17,rld,14:20:02.208,10053,0.769,-1.054,0.127,-1.500,-0.100,activeTracking,noEvent
6382,2,17,rld,14:20:02.261,10054,0.816,-1.326,0.112,-1.600,-0.100,activeTracking,noEvent
6382,2,17,rld,14:20:02.315,10055,0.873,-1.613,0.108,-1.700,0.000,activeTracking,noEvent
6382,2,17,rld,14:20:02.355,10056,0.916,-1.849,0.107,-1.200,0.000,activeTracking,noEvent
6382,2,17,rld,14:20:02.401,10057,0.959,-2.057,0.107,-1.100,0.000,activeTracking,noEvent
6382,2,17,rld,14:20:02.443,10058,1.001,-2.162,0.108,-0.300,0.000,activeTracking,noEvent
6382,2,17,rld,14:20:02.475,10059,1.036,-2.233,0.108,-0.300,0.000,activeTracking,noEvent
6382,2,17,rld,14:20:02.503,10060,1.064,-2.268,0.108,-0.100,0.000,activeTracking,noEvent
6382,2,17,rld,14:20:02.525,10061,1.086,-2.292,0.108,-0.100,0.000,activeTracking,noEvent
6382,2,17,rld,14:20:02.550,10062,1.110,-2.300,0.108,0.000,0.000,activeTracking,noEvent
6382,2,17,rld,14:20:02.586,10063,1.149,-2.314,0.108,-0.100,0.000,activeTracking,noEvent
6382,2,17,rld,14:20:02.641,10064,1.191,-2.319,0.108,0.000,0.000,activeTracking,noEvent
6382,2,17,rld,14:20:02.717,10065,1.272,-2.321,0.108,0.000,0.000,activeTracking,noEvent
6382,2,17,rld,14:20:02.834,10066,1.386,-2.321,0.108,0.000,0.000,activeTracking,noEvent
6382,2,17,rld,14:20:02.877,10067,1.436,-2.321,0.108,0.000,0.000,activeTracking,noEvent
6382,2,17,rld,14:20:02.901,10068,1.462,-2.322,0.108,0.000,0.000,activeTracking,noEvent
6382,2,17,rld,14:20:02.924,10069,1.487,-2.322,0.108,0.000,0.000,activeTracking,noEvent
6382,2,17,rld,14:20:02.943,10070,1.506,-2.322,0.108,0.000,0.000,activeTracking,noEvent
6382,2,17,rld,14:20:02.970,10071,1.531,-2.322,0.108,0.000,0.000,activeTracking,noEvent
6382,2,17,rld,14:20:03.015,10072,1.575,-2.322,0.108,0.000,0.000,activeTracking,noEvent
6382,2,17,rld,14:20:03.056,10073,1.619,-2.322,0.108,0.000,0.000,activeTracking,noEvent
6382,2,17,rld,14:20:03.109,10074,1.671,-2.322,0.108,0.000,0.000,activeTracking,noEvent
6382,2,17,rld,14:20:03.165,10075,1.726,-2.322,0.108,0.000,0.000,activeTracking,noEvent
6382,2,17,rld,14:20:03.207,10076,1.768,-2.322,0.108,0.000,0.000,activeTracking,noEvent
6382,2,17,rld,14:20:03.277,10077,1.821,-2.322,0.108,0.000,0.000,activeTracking,noEvent
6382,2,17,rld,14:20:03.384,10078,1.918,-2.322,0.108,0.000,0.000,activeTracking,noEvent
6382,2,17,rld,14:20:03.436,10079,1.990,-2.322,0.108,0.000,0.000,activeTracking,noEvent
6382,2,17,rld,14:20:03.460,10080,2.022,-2.322,0.108,0.000,0.000,activeTracking,noEvent
6382,2,17,rld,14:20:03.478,10081,2.040,-2.322,0.108,0.000,0.000,activeTracking,noEvent
6382,2,17,rld,14:20:03.590,10082,2.139,-2.369,0.109,-0.400,0.000,onTarget,noEvent
6382,2,17,rld,14:20:03.642,10083,2.204,-2.445,0.097,-0.500,-0.100,onTarget,noEvent
6382,2,17,rld,14:20:03.669,10084,2.226,-2.494,0.082,-0.200,-0.100,onTarget,noEvent
6382,2,17,rld,14:20:03.698,10085,2.258,-2.523,0.077,-0.100,0.000,onTarget,noEvent
6382,2,17,rld,14:20:03.715,10086,2.277,-2.544,0.075,-0.100,0.000,onTarget,noEvent
6382,2,17,rld,14:20:03.743,10087,2.306,-2.563,0.075,-0.100,0.000,onTarget,noEvent
6382,2,17,rld,14:20:03.773,10088,2.336,-2.570,0.075,0.000,0.000,onTarget,noEvent
6382,2,17,rld,14:20:03.819,10089,2.379,-2.584,0.075,-0.100,0.000,onTarget,noEvent
6382,2,17,rld,14:20:03.860,10090,2.421,-2.589,0.075,0.000,0.000,onTarget,noEvent
6382,2,17,rld,14:20:03.924,10091,2.485,-2.590,0.075,0.000,0.000,onTarget,noEvent
6382,2,17,rld,14:20:03.967,10092,2.526,-2.591,0.075,0.000,0.000,onTarget,noEvent
6382,2,17,rld,14:20:04.007,10093,2.569,-2.591,0.075,0.000,0.000,onTarget,noEvent
6382,2,17,rld,14:20:04.058,10094,2.619,-2.591,0.075,0.000,0.000,onTarget,noEvent
6382,2,17,rld,14:20:04.105,10095,2.667,-2.591,0.075,0.000,0.000,onTarget,noEvent
6382,2,17,rld,14:20:04.145,10096,2.707,-2.591,0.075,0.000,0.000,onTarget,noEvent
6382,2,17,rld,14:20:04.190,10097,2.751,-2.591,0.075,0.000,0.000,onTarget,noEvent
6382,2,17,rld,14:20:04.254,10098,2.812,-2.591,0.075,0.000,0.000,onTarget,noEvent
6382,2,17,rld,14:20:04.352,10099,2.908,-2.591,0.075,0.000,0.000,onTarget,targetClick
6382,2,18,rld,14:20:06.643,10148,2.960,0.000,0.052,0.000,0.000,waitingForTarget,middleTargetClick
6382,2,18,rld,14:20:06.684,10149,3.000,0.000,0.052,0.000,0.000,waitingForTarget,noEvent
6382,2,18,rld,14:20:06.724,10150,3.045,0.000,0.052,0.000,0.000,waitingForTarget,noEvent
6382,2,18,rld,14:20:06.772,10151,3.089,0.000,0.052,0.000,0.000,waitingForTarget,noEvent
6382,2,18,rld,14:20:06.823,10152,3.143,0.000,0.052,0.000,0.000,waitingForTarget,noEvent
6382,2,18,rld,14:20:06.860,10153,3.180,0.000,0.052,0.000,0.000,waitingForTarget,noEvent
6382,2,18,rld,14:20:06.906,10154,3.226,0.000,0.052,0.000,0.000,waitingForTarget,noEvent
6382,2,18,rld,14:20:06.967,10155,3.278,0.000,0.052,0.000,0.000,waitingForTarget,noEvent
6382,2,18,rld,14:20:07.027,10156,3.348,0.000,0.052,0.000,0.000,waitingForTarget,noEvent
6382,2,18,rld,14:20:07.104,10157,3.408,0.000,0.052,0.000,0.000,waitingForTarget,noEvent
6382,2,18,rld,14:20:07.176,10158,0.083,0.000,0.052,0.000,0.000,activeTracking,targetAppeared
6382,2,18,rld,14:20:07.230,10159,0.140,0.000,0.052,0.000,0.000,activeTracking,noEvent
6382,2,18,rld,14:20:07.261,10160,0.172,0.000,0.052,0.000,0.000,activeTracking,noEvent
6382,2,18,rld,14:20:07.307,10161,0.208,0.000,0.052,0.000,0.000,activeTracking,noEvent
6382,2,18,rld,14:20:07.368,10162,0.266,0.000,0.052,0.000,0.000,activeTracking,noEvent
6382,2,18,rld,14:20:07.415,10163,0.328,0.000,0.052,0.000,0.000,activeTracking,noEvent
6382,2,18,rld,14:20:07.471,10164,0.379,0.000,0.052,0.000,0.000,activeTracking,noEvent
6382,2,18,rld,14:20:07.498,10165,0.405,0.000,0.052,0.000,0.000,activeTracking,noEvent
6382,2,18,rld,14:20:07.565,10166,0.471,0.000,0.052,0.000,0.000,activeTracking,noEvent
6382,2,18,rld,14:20:07.621,10167,0.521,0.000,0.052,0.000,0.000,activeTracking,noEvent
6382,2,18,rld,14:20:07.684,10168,0.586,0.631,0.052,5.600,0.000,activeTracking,noEvent
6382,2,18,rld,14:20:07.728,10169,0.641,1.378,0.133,4.700,0.700,activeTracking,noEvent
6382,2,18,rld,14:20:07.762,10170,0.672,1.805,0.173,1.500,0.100,activeTracking,noEvent
6382,2,18,rld,14:20:07.826,10171,0.738,2.113,0.199,1.400,0.100,activeTracking,noEvent
6382,2,18,rld,14:20:07.845,10172,0.756,2.287,0.220,0.600,0.100,activeTracking,noEvent
6382,2,18,rld,14:20:07.889,10173,0.801,2.417,0.227,0.600,0.000,activeTracking,noEvent
6382,2,18,rld,14:20:07.923,10174,0.832,2.509,0.230,0.400,0.000,onTarget,noEvent
6382,2,18,rld,14:20:07.974,10175,0.883,2.624,0.232,0.700,0.000,onTarget,noEvent
6382,2,18,rld,14:20:07.990,10176,0.902,2.687,0.233,0.200,0.000,onTarget,noEvent
6382,2,18,rld,14:20:08.042,10177,0.951,2.756,0.234,0.400,0.000,onTarget,noEvent
6382,2,18,rld,14:20:08.078,10178,0.990,2.804,0.234,0.200,0.000,onTarget,noEvent
6382,2,18,rld,14:20:08.107,10179,1.021,2.832,0.234,0.100,0.000,onTarget,noEvent
6382,2,18,rld,14:20:08.143,10180,1.054,2.841,0.234,0.000,0.000,onTarget,noEvent
6382,2,18,rld,14:20:08.191,10181,1.100,2.857,0.234,0.100,0.000,onTarget,noEvent
6382,2,18,rld,14:20:08.234,10182,1.141,2.862,0.223,0.000,-0.100,onTarget,noEvent
6382,2,18,rld,14:20:08.276,10183,1.187,2.864,0.219,0.000,0.000,onTarget,noEvent
6382,2,18,rld,14:20:08.327,10184,1.236,2.864,0.206,0.000,-0.100,onTarget,noEvent
6382,2,18,rld,14:20:08.448,10185,1.350,2.791,0.131,-0.600,-0.600,onTarget,noEvent
6382,2,18,rld,14:20:08.519,10186,1.424,2.755,0.082,-0.100,-0.200,onTarget,noEvent
6382,2,18,rld,14:20:08.541,10187,1.454,2.730,0.054,-0.100,-0.100,onTarget,noEvent
6382,2,18,rld,14:20:08.565,10188,1.476,2.722,0.045,0.000,0.000,onTarget,noEvent
6382,2,18,rld,14:20:08.583,10189,1.495,2.719,0.042,0.000,0.000,onTarget,noEvent
6382,2,18,rld,14:20:08.603,10190,1.516,2.719,0.041,0.000,0.000,onTarget,noEvent
6382,2,18,rld,14:20:08.645,10191,1.557,2.718,0.040,0.000,0.000,onTarget,noEvent
6382,2,18,rld,14:20:08.694,10192,1.603,2.718,0.040,0.000,0.000,onTarget,noEvent
6382,2,18,rld,14:20:08.755,10193,1.665,2.718,0.040,0.000,0.000,onTarget,noEvent
6382,2,18,rld,14:20:08.852,10194,1.760,2.718,0.017,0.000,-0.200,onTarget,noEvent
6382,2,18,rld,14:20:08.893,10195,1.800,2.718,0.009,0.000,0.000,onTarget,noEvent
6382,2,18,rld,14:20:08.927,10196,1.838,2.718,0.006,0.000,0.000,onTarget,noEvent
6382,2,18,rld,14:20:08.947,10197,1.858,2.718,0.006,0.000,0.000,onTarget,noEvent
6382,2,18,rld,14:20:08.973,10198,1.885,2.718,0.005,0.000,0.000,onTarget,noEvent
6382,2,18,rld,14:20:09.034,10199,1.940,2.718,0.005,0.000,0.000,onTarget,targetClick
6382,2,19,rld,14:20:11.673,10254,1.991,0.017,-0.032,0.000,0.000,waitingForTarget,middleTargetClick
6382,2,19,rld,14:20:11.739,10255,2.076,0.017,-0.032,0.000,0.000,waitingForTarget,noEvent
6382,2,19,rld,14:20:11.793,10256,2.131,0.017,-0.032,0.000,0.000,waitingForTarget,noEvent
6382,2,19,rld,14:20:11.848,10257,2.181,0.017,-0.032,0.000,0.000,waitingForTarget,noEvent
6382,2,19,rld,14:20:11.891,10258,2.233,0.017,-0.032,0.000,0.000,waitingForTarget,noEvent
6382,2,19,rld,14:20:11.909,10259,2.254,0.017,-0.032,0.000,0.000,waitingForTarget,noEvent
6382,2,19,rld,14:20:11.936,10260,2.274,0.017,-0.032,0.000,0.000,waitingForTarget,noEvent
6382,2,19,rld,14:20:11.957,10261,2.302,0.017,-0.032,0.000,0.000,waitingForTarget,noEvent
6382,2,19,rld,14:20:12.005,10262,2.348,0.017,-0.032,0.000,0.000,waitingForTarget,noEvent
6382,2,19,rld,14:20:12.055,10263,2.395,0.017,-0.032,0.000,0.000,waitingForTarget,noEvent
6382,2,19,rld,14:20:12.126,10264,0.074,0.017,-0.032,0.000,0.000,activeTracking,targetAppeared
6382,2,19,rld,14:20:12.186,10265,0.134,0.017,-0.032,0.000,0.000,activeTracking,noEvent
6382,2,19,rld,14:20:12.256,10266,0.205,0.017,-0.032,0.000,0.000,activeTracking,noEvent
6382,2,19,rld,14:20:12.295,10267,0.240,0.017,-0.032,0.000,0.000,activeTracking,noEvent
6382,2,19,rld,14:20:12.355,10268,0.294,0.017,-0.032,0.000,0.000,activeTracking,noEvent
6382,2,19,rld,14:20:12.403,10269,0.345,0.017,-0.032,0.000,0.000,activeTracking,noEvent
6382,2,19,rld,14:20:12.426,10270,0.370,0.017,-0.032,0.000,0.000,activeTracking,noEvent
6382,2,19,rld,14:20:12.467,10271,0.398,0.017,-0.032,0.000,0.000,activeTracking,noEvent
6382,2,19,rld,14:20:12.537,10272,0.474,0.017,-0.032,0.000,0.000,activeTracking,noEvent
6382,2,19,rld,14:20:12.594,10273,0.539,0.017,-0.032,0.000,0.000,activeTracking,noEvent
6382,2,19,rld,14:20:12.632,10274,0.576,0.017,-0.032,0.000,0.000,activeTracking,noEvent
6382,2,19,rld,14:20:12.718,10275,0.667,0.874,0.194,7.600,2.000,activeTracking,noEvent
6382,2,19,rld,14:20:12.778,10276,0.719,1.288,0.271,1.100,0.000,activeTracking,noEvent
6382,2,19,rld,14:20:12.828,10277,0.775,1.589,0.309,1.400,0.100,activeTracking,noEvent
6382,2,19,rld,14:20:12.877,10278,0.828,1.806,0.335,1.000,0.100,activeTracking,noEvent
6382,2,19,rld,14:20:12.916,10279,0.863,1.948,0.344,0.600,0.000,activeTracking,noEvent
6382,2,19,rld,14:20:12.962,10280,0.906,2.078,0.371,0.700,0.200,activeTracking,noEvent
6382,2,19,rld,14:20:13.006,10281,0.955,2.276,0.382,1.300,0.000,activeTracking,noEvent
6382,2,19,rld,14:20:13.043,10282,0.988,2.438,0.386,0.800,0.000,activeTracking,noEvent
6382,2,19,rld,14:20:13.083,10283,1.026,2.528,0.388,0.300,0.000,activeTracking,noEvent
6382,2,19,rld,14:20:13.107,10284,1.057,2.594,0.390,0.300,0.000,activeTracking,noEvent
6382,2,19,rld,14:20:13.140,10285,1.087,2.628,0.378,0.100,-0.100,activeTracking,noEvent
6382,2,19,rld,14:20:13.176,10286,1.123,2.664,0.363,0.200,-0.100,activeTracking,noEvent
6382,2,19,rld,14:20:13.208,10287,1.155,2.688,0.347,0.100,-0.100,onTarget,noEvent
6382,2,19,rld,14:20:13.242,10288,1.189,2.696,0.329,0.000,-0.100,onTarget,noEvent
6382,2,19,rld,14:20:13.289,10289,1.239,2.699,0.324,0.000,0.000,onTarget,noEvent
6382,2,19,rld,14:20:13.326,10290,1.275,2.699,0.287,0.000,-0.300,onTarget,noEvent
6382,2,19,rld,14:20:13.384,10291,1.324,2.676,0.227,-0.200,-0.400,onTarget,noEvent
6382,2,19,rld,14:20:13.424,10292,1.374,2.655,0.172,-0.100,-0.300,onTarget,noEvent
6382,2,19,rld,14:20:13.476,10293,1.414,2.625,0.107,-0.200,-0.400,onTarget,noEvent
6382,2,19,rld,14:20:13.515,10294,1.459,2.590,0.051,-0.200,-0.300,onTarget,noEvent
6382,2,19,rld,14:20:13.560,10295,1.509,2.555,-0.003,-0.200,-0.300,onTarget,noEvent
6382,2,19,rld,14:20:13.600,10296,1.545,2.531,-0.045,-0.100,-0.200,onTarget,noEvent
6382,2,19,rld,14:20:13.643,10297,1.591,2.511,-0.070,-0.100,-0.100,onTarget,noEvent
6382,2,19,rld,14:20:13.701,10298,1.645,2.504,-0.090,0.000,-0.100,onTarget,noEvent
6382,2,19,rld,14:20:13.798,10299,1.728,2.502,-0.097,0.000,0.000,onTarget,noEvent
6382,2,19,rld,14:20:13.846,10300,1.796,2.501,-0.099,0.000,0.000,onTarget,noEvent
6382,2,19,rld,14:20:13.867,10301,1.814,2.501,-0.100,0.000,0.000,onTarget,noEvent
6382,2,19,rld,14:20:13.962,10302,1.877,2.501,-0.100,0.000,0.000,onTarget,noEvent
6382,2,19,rld,14:20:13.994,10303,1.939,2.501,-0.100,0.000,0.000,onTarget,noEvent
6382,2,19,rld,14:20:14.023,10304,1.974,2.501,-0.100,0.000,0.000,onTarget,noEvent
6382,2,19,rld,14:20:14.040,10305,1.989,2.501,-0.100,0.000,0.000,onTarget,noEvent
6382,2,19,rld,14:20:14.063,10306,2.012,2.501,-0.100,0.000,0.000,onTarget,noEvent
6382,2,19,rld,14:20:14.105,10307,2.054,2.501,-0.100,0.000,0.000,onTarget,noEvent
6382,2,19,rld,14:20:14.164,10308,2.108,2.501,-0.100,0.000,0.000,onTarget,noEvent
6382,2,19,rld,14:20:14.235,10309,2.172,2.501,-0.100,0.000,0.000,onTarget,targetClick
6382,2,20,rld,14:20:16.655,10360,2.236,0.203,0.018,0.000,0.000,waitingForTarget,middleTargetClick
6382,2,20,rld,14:20:16.740,10361,2.334,0.203,0.018,0.000,0.000,waitingForTarget,noEvent
6382,2,20,rld,14:20:16.794,10362,2.405,0.203,0.018,0.000,0.000,waitingForTarget,noEvent
6382,2,20,rld,14:20:16.842,10363,2.455,0.203,0.018,0.000,0.000,waitingForTarget,noEvent
6382,2,20,rld,14:20:16.895,10364,2.508,0.203,0.018,0.000,0.000,waitingForTarget,noEvent
6382,2,20,rld,14:20:16.943,10365,2.553,0.203,0.018,0.000,0.000,waitingForTarget,noEvent
6382,2,20,rld,14:20:16.966,10366,2.580,0.203,0.018,0.000,0.000,waitingForTarget,noEvent
6382,2,20,rld,14:20:16.986,10367,2.600,0.203,0.018,0.000,0.000,waitingForTarget,noEvent
6382,2,20,rld,14:20:17.056,10368,2.659,0.203,0.018,0.000,0.000,waitingForTarget,noEvent
6382,2,20,rld,14:20:17.124,10369,0.063,0.203,0.018,0.000,0.000,activeTracking,targetAppeared
6382,2,20,rld,14:20:17.180,10370,0.129,0.203,0.018,0.000,0.000,activeTracking,noEvent
6382,2,20,rld,14:20:17.220,10371,0.165,0.203,0.018,0.000,0.000,activeTracking,noEvent
6382,2,20,rld,14:20:17.274,10372,0.226,0.203,0.018,0.000,0.000,activeTracking,noEvent
6382,2,20,rld,14:20:17.300,10373,0.249,0.203,0.018,0.000,0.000,activeTracking,noEvent
6382,2,20,rld,14:20:17.333,10374,0.279,0.203,0.018,0.000,0.000,activeTracking,noEvent
6382,2,20,rld,14:20:17.386,10375,0.332,0.203,0.018,0.000,0.000,activeTracking,noEvent
6382,2,20,rld,14:20:17.454,10376,0.409,0.203,0.018,0.000,0.000,activeTracking,noEvent
6382,2,20,rld,14:20:17.502,10377,0.453,0.203,0.018,0.000,0.000,activeTracking,noEvent
6382,2,20,rld,14:20:17.553,10378,0.501,0.203,0.018,0.000,0.000,activeTracking,noEvent
6382,2,20,rld,14:20:17.606,10379,0.547,0.203,0.018,0.000,0.000,activeTracking,noEvent
6382,2,20,rld,14:20:17.645,10380,0.598,0.203,0.018,0.000,0.000,activeTracking,noEvent
6382,2,20,rld,14:20:17.677,10381,0.629,0.203,0.018,0.000,0.000,activeTracking,noEvent
6382,2,20,rld,14:20:17.719,10382,0.659,0.203,0.018,0.000,0.000,activeTracking,noEvent
6382,2,20,rld,14:20:17.840,10383,0.782,0.960,0.064,6.700,0.400,activeTracking,noEvent
6382,2,20,rld,14:20:17.887,10384,0.842,1.512,0.069,2.600,-0.100,activeTracking,noEvent
6382,2,20,rld,14:20:17.922,10385,0.878,1.803,0.071,0.900,0.000,activeTracking,noEvent
6382,2,20,rld,14:20:17.981,10386,0.929,2.065,0.072,1.400,0.000,activeTracking,noEvent
6382,2,20,rld,14:20:18.013,10387,0.967,2.271,0.062,1.000,-0.100,activeTracking,noEvent
6382,2,20,rld,14:20:18.054,10388,1.000,2.364,0.058,0.200,0.000,onTarget,noEvent
6382,2,20,rld,14:20:18.085,10389,1.039,2.455,0.057,0.500,0.000,onTarget,noEvent
6382,2,20,rld,14:20:18.123,10390,1.075,2.522,0.046,0.300,-0.100,onTarget,noEvent
6382,2,20,rld,14:20:18.155,10391,1.110,2.580,0.030,0.300,-0.100,onTarget,noEvent
6382,2,20,rld,14:20:18.191,10392,1.139,2.624,0.025,0.200,0.000,onTarget,noEvent
6382,2,20,rld,14:20:18.217,10393,1.170,2.662,0.023,0.200,0.000,onTarget,noEvent
6382,2,20,rld,14:20:18.285,10394,1.230,2.687,0.023,0.100,0.000,onTarget,noEvent
6382,2,20,rld,14:20:18.318,10395,1.268,2.708,0.023,0.100,0.000,onTarget,noEvent
6382,2,20,rld,14:20:18.337,10396,1.293,2.715,0.023,0.000,0.000,onTarget,noEvent
6382,2,20,rld,14:20:18.375,10397,1.331,2.717,0.023,0.000,0.000,onTarget,noEvent
6382,2,20,rld,14:20:18.423,10398,1.378,2.718,0.023,0.000,0.000,onTarget,noEvent
6382,2,20,rld,14:20:18.471,10399,1.423,2.718,0.023,0.000,0.000,onTarget,noEvent
6382,2,20,rld,14:20:18.509,10400,1.465,2.718,0.023,0.000,0.000,onTarget,noEvent
6382,2,20,rld,14:20:18.557,10401,1.511,2.718,0.023,0.000,0.000,onTarget,noEvent
6382,2,20,rld,14:20:18.605,10402,1.559,2.718,0.023,0.000,0.000,onTarget,noEvent
6382,2,20,rld,14:20:18.655,10403,1.602,2.718,0.023,0.000,0.000,onTarget,noEvent
6382,2,20,rld,14:20:18.707,10404,1.649,2.718,0.023,0.000,0.000,onTarget,noEvent
6382,2,20,rld,14:20:18.828,10405,1.713,2.718,0.023,0.000,0.000,onTarget,noEvent
6382,2,20,rld,14:20:18.884,10406,1.834,2.718,0.023,0.000,0.000,onTarget,targetClick
6382,2,21,rld,14:20:22.224,10477,1.935,0.253,-0.066,0.000,0.000,waitingForTarget,middleTargetClick
6382,2,21,rld,14:20:22.270,10478,1.993,0.253,-0.066,0.000,0.000,waitingForTarget,noEvent
6382,2,21,rld,14:20:22.299,10479,2.022,0.253,-0.066,0.000,0.000,waitingForTarget,noEvent
6382,2,21,rld,14:20:22.357,10480,2.063,0.253,-0.066,0.000,0.000,waitingForTarget,noEvent
6382,2,21,rld,14:20:22.420,10481,2.141,0.253,-0.066,0.000,0.000,waitingForTarget,noEvent
6382,2,21,rld,14:20:22.458,10482,2.183,0.253,-0.066,0.000,0.000,waitingForTarget,noEvent
6382,2,21,rld,14:20:22.507,10483,2.230,0.253,-0.066,0.000,0.000,waitingForTarget,noEvent
6382,2,21,rld,14:20:22.557,10484,2.277,0.253,-0.066,0.000,0.000,waitingForTarget,noEvent
6382,2,21,rld,14:20:22.589,10485,2.302,0.253,-0.066,0.000,0.000,waitingForTarget,noEvent
6382,2,21,rld,14:20:22.643,10486,2.352,0.253,-0.066,0.000,0.000,waitingForTarget,noEvent
6382,2,21,rld,14:20:22.693,10487,0.053,0.253,-0.066,0.000,0.000,activeTracking,targetAppeared
6382,2,21,rld,14:20:22.739,10488,0.112,0.253,-0.066,0.000,0.000,activeTracking,noEvent
6382,2,21,rld,14:20:22.791,10489,0.164,0.253,-0.066,0.000,0.000,activeTracking,noEvent
6382,2,21,rld,14:20:22.837,10490,0.210,0.253,-0.066,0.000,0.000,activeTracking,noEvent
6382,2,21,rld,14:20:22.887,10491,0.256,0.253,-0.066,0.000,0.000,activeTracking,noEvent
6382,2,21,rld,14:20:22.938,10492,0.299,0.253,-0.066,0.000,0.000,activeTracking,noEvent
6382,2,21,rld,14:20:22.991,10493,0.349,0.253,-0.066,0.000,0.000,activeTracking,noEvent
6382,2,21,rld,14:20:23.033,10494,0.400,0.253,-0.066,0.000,0.000,activeTracking,noEvent
6382,2,21,rld,14:20:23.054,10495,0.427,0.253,-0.066,0.000,0.000,activeTracking,noEvent
6382,2,21,rld,14:20:23.065,10496,0.439,0.253,-0.066,0.000,0.000,activeTracking,noEvent
6382,2,21,rld,14:20:23.094,10497,0.466,0.253,-0.066,0.000,0.000,activeTracking,noEvent
6382,2,21,rld,14:20:23.137,10498,0.502,0.253,-0.066,0.000,0.000,activeTracking,noEvent
6382,2,21,rld,14:20:23.205,10499,0.572,0.253,-0.066,0.000,0.000,activeTracking,noEvent
6382,2,21,rld,14:20:23.355,10500,0.723,1.618,0.162,12.000,2.000,activeTracking,noEvent
6382,2,21,rld,14:20:23.404,10501,0.768,2.489,0.198,3.400,-0.400,onTarget,noEvent
6382,2,21,rld,14:20:23.450,10502,0.819,2.860,0.188,0.600,-0.200,onTarget,noEvent
6382,2,21,rld,14:20:23.484,10503,0.851,3.023,0.185,0.300,0.000,activeTracking,noEvent
6382,2,21,rld,14:20:23.517,10504,0.882,3.127,0.173,0.400,-0.100,activeTracking,noEvent
6382,2,21,rld,14:20:23.568,10505,0.931,3.325,0.134,1.300,-0.300,activeTracking,noEvent
6382,2,21,rld,14:20:23.612,10506,0.981,3.531,0.110,1.100,-0.100,activeTracking,noEvent
6382,2,21,rld,14:20:23.655,10507,1.027,3.716,0.091,0.900,-0.100,activeTracking,noEvent
6382,2,21,rld,14:20:23.700,10508,1.072,3.830,0.085,0.400,0.000,activeTracking,noEvent
6382,2,21,rld,14:20:23.731,10509,1.100,3.907,0.059,0.300,-0.200,activeTracking,noEvent
6382,2,21,rld,14:20:23.760,10510,1.134,3.946,0.050,0.100,0.000,activeTracking,noEvent
6382,2,21,rld,14:20:23.780,10511,1.152,3.973,0.035,0.100,-0.100,activeTracking,noEvent
6382,2,21,rld,14:20:23.821,10512,1.191,3.981,0.030,0.000,0.000,activeTracking,noEvent
6382,2,21,rld,14:20:23.858,10513,1.227,3.945,0.028,-0.300,0.000,activeTracking,noEvent
6382,2,21,rld,14:20:24.020,10514,1.382,3.456,-0.118,-3.700,-1.200,activeTracking,noEvent
6382,2,21,rld,14:20:24.058,10515,1.431,2.973,-0.188,-2.600,-0.200,onTarget,noEvent
6382,2,21,rld,14:20:24.094,10516,1.463,2.705,-0.211,-0.900,0.000,onTarget,noEvent
6382,2,21,rld,14:20:24.139,10517,1.503,2.557,-0.218,-0.500,0.000,onTarget,noEvent
6382,2,21,rld,14:20:24.156,10518,1.531,2.471,-0.221,-0.300,0.000,onTarget,noEvent
6382,2,21,rld,14:20:24.190,10519,1.552,2.431,-0.221,-0.100,0.000,onTarget,noEvent
6382,2,21,rld,14:20:24.219,10520,1.592,2.382,-0.222,-0.300,0.000,activeTracking,noEvent
6382,2,21,rld,14:20:24.251,10521,1.616,2.354,-0.222,-0.100,0.000,activeTracking,noEvent
6382,2,21,rld,14:20:24.282,10522,1.650,2.308,-0.221,-0.300,0.000,activeTracking,noEvent
6382,2,21,rld,14:20:24.326,10523,1.699,2.234,-0.221,-0.500,0.000,activeTracking,noEvent
6382,2,21,rld,14:20:24.378,10524,1.749,2.174,-0.221,-0.300,0.000,activeTracking,noEvent
6382,2,21,rld,14:20:24.421,10525,1.792,2.130,-0.221,-0.200,0.000,activeTracking,noEvent
6382,2,21,rld,14:20:24.459,10526,1.832,2.104,-0.221,-0.100,0.000,activeTracking,noEvent
6382,2,21,rld,14:20:24.503,10527,1.877,2.095,-0.221,0.000,0.000,activeTracking,noEvent
6382,2,21,rld,14:20:24.554,10528,1.926,2.116,-0.221,0.200,0.000,activeTracking,noEvent
6382,2,21,rld,14:20:24.608,10529,1.970,2.265,-0.210,1.200,0.100,activeTracking,noEvent
6382,2,21,rld,14:20:24.644,10530,2.011,2.398,-0.206,0.700,0.000,activeTracking,noEvent
6382,2,21,rld,14:20:24.696,10531,2.067,2.490,-0.205,0.400,0.000,onTarget,noEvent
6382,2,21,rld,14:20:24.737,10532,2.109,2.545,-0.193,0.200,0.100,onTarget,noEvent
6382,2,21,rld,14:20:24.836,10533,2.203,2.588,-0.189,0.200,0.000,onTarget,noEvent
6382,2,21,rld,14:20:24.908,10534,2.279,2.650,-0.165,0.400,0.200,onTarget,noEvent
6382,2,21,rld,14:20:24.933,10535,2.307,2.696,-0.157,0.200,0.000,onTarget,noEvent
6382,2,21,rld,14:20:24.960,10536,2.332,2.735,-0.142,0.200,0.100,onTarget,noEvent
6382,2,21,rld,14:20:25.005,10537,2.372,2.772,-0.126,0.200,0.100,onTarget,noEvent
6382,2,21,rld,14:20:25.040,10538,2.411,2.809,-0.120,0.200,0.000,onTarget,noEvent
6382,2,21,rld,14:20:25.070,10539,2.441,2.846,-0.119,0.200,0.000,onTarget,noEvent
6382,2,21,rld,14:20:25.111,10540,2.482,2.870,-0.118,0.100,0.000,onTarget,noEvent
6382,2,21,rld,14:20:25.155,10541,2.527,2.891,-0.118,0.100,0.000,onTarget,noEvent
6382,2,21,rld,14:20:25.206,10542,2.578,2.898,-0.118,0.000,0.000,onTarget,noEvent
6382,2,21,rld,14:20:25.244,10543,2.618,2.900,-0.118,0.000,0.000,onTarget,noEvent
6382,2,21,rld,14:20:25.291,10544,2.662,2.901,-0.118,0.000,0.000,onTarget,noEvent
6382,2,21,rld,14:20:25.337,10545,2.711,2.901,-0.118,0.000,0.000,onTarget,noEvent
6382,2,21,rld,14:20:25.388,10546,2.753,2.901,-0.118,0.000,0.000,onTarget,noEvent
6382,2,21,rld,14:20:25.448,10547,2.812,2.901,-0.118,0.000,0.000,onTarget,noEvent
6382,2,21,rld,14:20:25.544,10548,2.902,2.901,-0.118,0.000,0.000,onTarget,noEvent
6382,2,21,rld,14:20:25.615,10549,2.981,2.901,-0.118,0.000,0.000,onTarget,targetClick
6382,2,22,rld,14:20:29.241,10628,3.029,0.169,0.103,0.000,0.000,waitingForTarget,middleTargetClick
6382,2,22,rld,14:20:29.284,10629,3.071,0.169,0.103,0.000,0.000,waitingForTarget,noEvent
6382,2,22,rld,14:20:29.353,10630,3.143,0.169,0.103,0.000,0.000,waitingForTarget,noEvent
6382,2,22,rld,14:20:29.459,10631,3.234,0.169,0.103,0.000,0.000,waitingForTarget,noEvent
6382,2,22,rld,14:20:29.539,10632,3.319,0.169,0.103,0.000,0.000,waitingForTarget,noEvent
6382,2,22,rld,14:20:29.578,10633,3.369,0.169,0.103,0.000,0.000,waitingForTarget,noEvent
6382,2,22,rld,14:20:29.603,10634,3.396,0.169,0.103,0.000,0.000,waitingForTarget,noEvent
6382,2,22,rld,14:20:29.622,10635,3.415,0.169,0.103,0.000,0.000,waitingForTarget,noEvent
6382,2,22,rld,14:20:29.636,10636,3.429,0.169,0.103,0.000,0.000,waitingForTarget,noEvent
6382,2,22,rld,14:20:29.665,10637,3.455,0.169,0.103,0.000,0.000,waitingForTarget,noEvent
6382,2,22,rld,14:20:29.709,10638,0.046,0.169,0.103,0.000,0.000,activeTracking,targetAppeared
6382,2,22,rld,14:20:29.758,10639,0.095,0.169,0.103,0.000,0.000,activeTracking,noEvent
6382,2,22,rld,14:20:29.855,10640,0.188,0.169,0.103,0.000,0.000,activeTracking,noEvent
6382,2,22,rld,14:20:29.885,10641,0.219,0.169,0.103,0.000,0.000,activeTracking,noEvent
6382,2,22,rld,14:20:29.955,10642,0.282,0.169,0.103,0.000,0.000,activeTracking,noEvent
6382,2,22,rld,14:20:30.007,10643,0.341,0.169,0.103,0.000,0.000,activeTracking,noEvent
6382,2,22,rld,14:20:30.069,10644,0.406,0.169,0.103,0.000,0.000,activeTracking,noEvent
6382,2,22,rld,14:20:30.127,10645,0.463,0.169,0.103,0.000,0.000,activeTracking,noEvent
6382,2,22,rld,14:20:30.166,10646,0.495,0.169,0.103,0.000,0.000,activeTracking,noEvent
6382,2,22,rld,14:20:30.225,10647,0.562,0.169,0.103,0.000,0.000,activeTracking,noEvent
6382,2,22,rld,14:20:30.289,10648,0.624,0.191,0.103,0.200,0.000,activeTracking,noEvent
6382,2,22,rld,14:20:30.324,10649,0.662,0.266,0.114,0.600,0.100,activeTracking,noEvent
6382,2,22,rld,14:20:30.384,10650,0.712,0.348,0.118,0.500,0.000,activeTracking,noEvent
6382,2,22,rld,14:20:30.417,10651,0.750,0.431,0.130,0.500,0.100,activeTracking,noEvent
6382,2,22,rld,14:20:30.460,10652,0.792,0.538,0.135,0.700,0.000,activeTracking,noEvent
6382,2,22,rld,14:20:30.482,10653,0.820,0.630,0.136,0.500,0.000,activeTracking,noEvent
6382,2,22,rld,14:20:30.536,10654,0.867,0.717,0.137,0.500,0.000,activeTracking,noEvent
6382,2,22,rld,14:20:30.593,10655,0.916,0.780,0.137,0.300,0.000,activeTracking,noEvent
6382,2,22,rld,14:20:30.702,10656,1.026,-0.078,0.238,-7.800,0.900,activeTracking,noEvent
6382,2,22,rld,14:20:30.737,10657,1.073,-0.623,0.272,-2.300,0.000,activeTracking,noEvent
6382,2,22,rld,14:20:30.766,10658,1.103,-0.896,0.284,-0.800,0.000,activeTracking,noEvent
6382,2,22,rld,14:20:30.820,10659,1.157,-1.090,0.289,-0.900,0.000,activeTracking,noEvent
6382,2,22,rld,14:20:30.864,10660,1.200,-1.178,0.302,-0.200,0.100,activeTracking,noEvent
6382,2,22,rld,14:20:30.884,10661,1.221,-1.207,0.306,0.000,0.000,activeTracking,noEvent
6382,2,22,rld,14:20:30.897,10662,1.236,-1.217,0.308,0.000,0.000,activeTracking,noEvent
6382,2,22,rld,14:20:30.918,10663,1.257,-1.220,0.308,0.000,0.000,activeTracking,noEvent
6382,2,22,rld,14:20:30.969,10664,1.305,-1.221,0.308,0.000,0.000,activeTracking,noEvent
6382,2,22,rld,14:20:31.014,10665,1.350,-1.221,0.308,0.000,0.000,activeTracking,noEvent
6382,2,22,rld,14:20:31.059,10666,1.395,-1.222,0.309,0.000,0.000,activeTracking,noEvent
6382,2,22,rld,14:20:31.107,10667,1.443,-1.222,0.309,0.000,0.000,activeTracking,noEvent
6382,2,22,rld,14:20:31.154,10668,1.490,-1.222,0.309,0.000,0.000,activeTracking,noEvent
6382,2,22,rld,14:20:31.207,10669,1.541,-1.279,0.286,-0.500,-0.200,activeTracking,noEvent
6382,2,22,rld,14:20:31.253,10670,1.590,-1.390,0.211,-0.800,-0.600,activeTracking,noEvent
6382,2,22,rld,14:20:31.356,10671,1.641,-1.553,0.095,-1.100,-0.800,activeTracking,noEvent
6382,2,22,rld,14:20:31.435,10672,1.760,-1.817,-0.046,-1.800,-0.900,activeTracking,noEvent
6382,2,22,rld,14:20:31.485,10673,1.812,-2.034,-0.139,-1.100,-0.400,activeTracking,noEvent
6382,2,22,rld,14:20:31.556,10674,1.883,-2.285,-0.229,-1.500,-0.500,activeTracking,noEvent
6382,2,22,rld,14:20:31.592,10675,1.925,-2.441,-0.282,-0.600,-0.200,activeTracking,noEvent
6382,2,22,rld,14:20:31.636,10676,1.972,-2.553,-0.336,-0.500,-0.300,activeTracking,noEvent
6382,2,22,rld,14:20:31.663,10677,1.996,-2.627,-0.365,-0.300,-0.100,activeTracking,noEvent
6382,2,22,rld,14:20:31.717,10678,2.050,-2.700,-0.411,-0.400,-0.300,activeTracking,noEvent
6382,2,22,rld,14:20:31.748,10679,2.083,-2.748,-0.438,-0.200,-0.100,activeTracking,noEvent
6382,2,22,rld,14:20:31.776,10680,2.114,-2.777,-0.459,-0.100,-0.100,activeTracking,noEvent
6382,2,22,rld,14:20:31.814,10681,2.147,-2.799,-0.477,-0.100,-0.100,activeTracking,noEvent
6382,2,22,rld,14:20:31.838,10682,2.176,-2.818,-0.484,-0.100,0.000,activeTracking,noEvent
6382,2,22,rld,14:20:31.868,10683,2.205,-2.837,-0.486,-0.100,0.000,activeTracking,noEvent
6382,2,22,rld,14:20:31.918,10684,2.247,-2.843,-0.487,0.000,0.000,activeTracking,noEvent
6382,2,22,rld,14:20:32.006,10685,2.323,-2.845,-0.487,0.000,0.000,activeTracking,noEvent
6382,2,22,rld,14:20:32.116,10686,2.448,-2.821,-0.417,0.200,0.600,activeTracking,noEvent
6382,2,22,rld,14:20:32.171,10687,2.504,-2.789,-0.358,0.200,0.300,activeTracking,noEvent
6382,2,22,rld,14:20:32.193,10688,2.531,-2.766,-0.326,0.100,0.100,onTarget,noEvent
6382,2,22,rld,14:20:32.223,10689,2.561,-2.758,-0.292,0.000,0.200,onTarget,noEvent
6382,2,22,rld,14:20:32.261,10690,2.594,-2.744,-0.246,0.100,0.300,onTarget,noEvent
6382,2,22,rld,14:20:32.300,10691,2.630,-2.727,-0.219,0.100,0.100,onTarget,noEvent
6382,2,22,rld,14:20:32.342,10692,2.676,-2.721,-0.186,0.000,0.200,onTarget,noEvent
6382,2,22,rld,14:20:32.362,10693,2.700,-2.719,-0.176,0.000,0.000,onTarget,noEvent
6382,2,22,rld,14:20:32.397,10694,2.730,-2.718,-0.160,0.000,0.100,onTarget,noEvent
6382,2,22,rld,14:20:32.440,10695,2.777,-2.706,-0.120,0.100,0.300,onTarget,noEvent
6382,2,22,rld,14:20:32.477,10696,2.814,-2.702,-0.083,0.000,0.200,onTarget,noEvent
6382,2,22,rld,14:20:32.596,10697,2.926,-2.701,-0.036,0.000,0.300,onTarget,noEvent
6382,2,22,rld,14:20:32.658,10698,2.993,-2.700,-0.020,0.000,0.000,onTarget,noEvent
6382,2,22,rld,14:20:32.706,10699,3.042,-2.700,-0.015,0.000,0.000,onTarget,noEvent
6382,2,22,rld,14:20:32.734,10700,3.067,-2.700,-0.013,0.000,0.000,onTarget,noEvent
6382,2,22,rld,14:20:32.755,10701,3.093,-2.700,-0.013,0.000,0.000,onTarget,noEvent
6382,2,22,rld,14:20:32.781,10702,3.117,-2.700,-0.012,0.000,0.000,onTarget,noEvent
6382,2,22,rld,14:20:32.856,10703,3.180,-2.700,-0.012,0.000,0.000,onTarget,noEvent
6382,2,22,rld,14:20:32.942,10704,3.277,-2.700,-0.012,0.000,0.000,onTarget,targetClick
6382,2,23,rld,14:20:35.163,10751,3.356,-0.034,0.018,0.000,0.000,waitingForTarget,middleTargetClick
6382,2,23,rld,14:20:35.211,10752,3.425,-0.034,0.018,0.000,0.000,waitingForTarget,noEvent
6382,2,23,rld,14:20:35.263,10753,3.481,-0.034,0.018,0.000,0.000,waitingForTarget,noEvent
6382,2,23,rld,14:20:35.297,10754,3.504,-0.034,0.018,0.000,0.000,waitingForTarget,noEvent
6382,2,23,rld,14:20:35.360,10755,3.575,-0.034,0.018,0.000,0.000,waitingForTarget,noEvent
6382,2,23,rld,14:20:35.399,10756,3.617,-0.034,0.018,0.000,0.000,waitingForTarget,noEvent
6382,2,23,rld,14:20:35.424,10757,3.643,-0.034,0.018,0.000,0.000,waitingForTarget,noEvent
6382,2,23,rld,14:20:35.497,10758,3.708,-0.034,0.018,0.000,0.000,waitingForTarget,noEvent
6382,2,23,rld,14:20:35.537,10759,3.747,-0.034,0.018,0.000,0.000,waitingForTarget,noEvent
6382,2,23,rld,14:20:35.601,10760,3.807,-0.034,0.018,0.000,0.000,waitingForTarget,noEvent
6382,2,23,rld,14:20:35.640,10761,0.048,-0.034,0.018,0.000,0.000,activeTracking,targetAppeared
6382,2,23,rld,14:20:35.659,10762,0.070,-0.034,0.018,0.000,0.000,activeTracking,noEvent
6382,2,23,rld,14:20:35.708,10763,0.119,-0.034,0.018,0.000,0.000,activeTracking,noEvent
6382,2,23,rld,14:20:35.776,10764,0.184,-0.034,0.018,0.000,0.000,activeTracking,noEvent
6382,2,23,rld,14:20:35.841,10765,0.241,-0.034,0.018,0.000,0.000,activeTracking,noEvent
6382,2,23,rld,14:20:35.862,10766,0.268,-0.034,0.018,0.000,0.000,activeTracking,noEvent
6382,2,23,rld,14:20:35.872,10767,0.283,-0.034,0.018,0.000,0.000,activeTracking,noEvent
6382,2,23,rld,14:20:35.896,10768,0.306,-0.034,0.018,0.000,0.000,activeTracking,noEvent
6382,2,23,rld,14:20:35.927,10769,0.339,-0.034,0.018,0.000,0.000,activeTracking,noEvent
6382,2,23,rld,14:20:35.978,10770,0.389,-0.135,0.018,-0.900,0.000,activeTracking,noEvent
6382,2,23,rld,14:20:36.120,10771,0.505,-1.439,-0.219,-11.200,-2.100,activeTracking,noEvent
6382,2,23,rld,14:20:36.160,10772,0.567,-2.177,-0.348,-2.500,-0.400,activeTracking,noEvent
6382,2,23,rld,14:20:36.204,10773,0.604,-2.500,-0.393,-0.600,0.000,activeTracking,noEvent
6382,2,23,rld,14:20:36.296,10774,0.667,-2.669,-0.408,-0.500,0.000,activeTracking,noEvent
6382,2,23,rld,14:20:36.347,10775,0.753,-2.885,-0.415,-1.300,0.000,activeTracking,noEvent
6382,2,23,rld,14:20:36.396,10776,0.800,-3.068,-0.418,-0.900,0.000,activeTracking,noEvent
6382,2,23,rld,14:20:36.450,10777,0.857,-3.255,-0.420,-1.000,0.000,activeTracking,noEvent
6382,2,23,rld,14:20:36.485,10778,0.894,-3.355,-0.422,-0.300,0.000,activeTracking,noEvent
6382,2,23,rld,14:20:36.534,10779,0.930,-3.426,-0.422,-0.300,0.000,activeTracking,noEvent
6382,2,23,rld,14:20:36.576,10780,0.978,-3.463,-0.423,-0.100,0.000,activeTracking,noEvent
6382,2,23,rld,14:20:36.598,10781,1.009,-3.488,-0.423,-0.100,0.000,activeTracking,noEvent
6382,2,23,rld,14:20:36.625,10782,1.035,-3.496,-0.423,0.000,0.000,activeTracking,noEvent
6382,2,23,rld,14:20:36.647,10783,1.057,-3.499,-0.423,0.000,0.000,activeTracking,noEvent
6382,2,23,rld,14:20:36.671,10784,1.081,-3.500,-0.423,0.000,0.000,activeTracking,noEvent
6382,2,23,rld,14:20:36.721,10785,1.128,-3.500,-0.423,0.000,0.000,activeTracking,noEvent
6382,2,23,rld,14:20:36.765,10786,1.170,-3.437,-0.399,0.500,0.200,activeTracking,noEvent
6382,2,23,rld,14:20:36.832,10787,1.232,-3.202,-0.258,1.700,1.100,activeTracking,noEvent
6382,2,23,rld,14:20:36.902,10788,1.303,-2.780,-0.070,2.800,1.200,onTarget,noEvent
6382,2,23,rld,14:20:36.939,10789,1.345,-2.545,0.026,0.800,0.300,onTarget,noEvent
6382,2,23,rld,14:20:36.962,10790,1.371,-2.456,0.058,0.100,0.000,onTarget,noEvent
6382,2,23,rld,14:20:36.989,10791,1.397,-2.402,0.069,0.200,0.000,onTarget,noEvent
6382,2,23,rld,14:20:37.023,10792,1.431,-2.360,0.084,0.200,0.100,onTarget,noEvent
6382,2,23,rld,14:20:37.072,10793,1.480,-2.334,0.088,0.100,0.000,activeTracking,noEvent
6382,2,23,rld,14:20:37.114,10794,1.522,-2.314,0.102,0.100,0.100,activeTracking,noEvent
6382,2,23,rld,14:20:37.231,10795,1.637,-2.224,0.175,0.700,0.600,activeTracking,noEvent
6382,2,23,rld,14:20:37.264,10796,1.669,-2.171,0.211,0.200,0.100,activeTracking,noEvent
6382,2,23,rld,14:20:37.276,10797,1.687,-2.153,0.223,0.000,0.000,activeTracking,noEvent
6382,2,23,rld,14:20:37.306,10798,1.714,-2.135,0.238,0.100,0.100,activeTracking,noEvent
6382,2,23,rld,14:20:37.350,10799,1.761,-2.117,0.243,0.100,0.000,activeTracking,noEvent
6382,2,23,rld,14:20:37.404,10800,1.808,-2.111,0.245,0.000,0.000,activeTracking,noEvent
6382,2,23,rld,14:20:37.492,10801,1.886,-2.109,0.245,0.000,0.000,activeTracking,noEvent
6382,2,23,rld,14:20:37.609,10802,1.969,-2.109,0.246,0.000,0.000,activeTracking,noEvent
6382,2,23,rld,14:20:37.655,10803,2.067,-2.191,0.223,-0.700,-0.200,activeTracking,noEvent
6382,2,23,rld,14:20:37.686,10804,2.094,-2.242,0.204,-0.200,-0.100,activeTracking,noEvent
6382,2,23,rld,14:20:37.710,10805,2.122,-2.271,0.186,-0.100,-0.100,activeTracking,noEvent
6382,2,23,rld,14:20:37.731,10806,2.138,-2.281,0.181,0.000,0.000,activeTracking,noEvent
6382,2,23,rld,14:20:37.758,10807,2.167,-2.296,0.179,-0.100,0.000,activeTracking,noEvent
6382,2,23,rld,14:20:37.784,10808,2.190,-2.313,0.178,-0.100,0.000,activeTracking,noEvent
6382,2,23,rld,14:20:37.832,10809,2.238,-2.331,0.166,-0.100,-0.100,activeTracking,noEvent
6382,2,23,rld,14:20:37.872,10810,2.280,-2.348,0.151,-0.100,-0.100,activeTracking,noEvent
6382,2,23,rld,14:20:37.937,10811,2.335,-2.378,0.123,-0.200,-0.200,onTarget,noEvent
6382,2,23,rld,14:20:38.043,10812,2.448,-2.400,0.090,-0.100,-0.200,onTarget,noEvent
6382,2,23,rld,14:20:38.114,10813,2.518,-2.431,0.079,-0.200,0.000,onTarget,noEvent
6382,2,23,rld,14:20:38.155,10814,2.567,-2.442,0.076,0.000,0.000,onTarget,noEvent
6382,2,23,rld,14:20:38.185,10815,2.589,-2.445,0.075,0.000,0.000,onTarget,noEvent
6382,2,23,rld,14:20:38.216,10816,2.624,-2.446,0.074,0.000,0.000,onTarget,noEvent
6382,2,23,rld,14:20:38.225,10817,2.638,-2.447,0.074,0.000,0.000,onTarget,noEvent
6382,2,23,rld,14:20:38.255,10818,2.666,-2.447,0.074,0.000,0.000,onTarget,noEvent
6382,2,23,rld,14:20:38.317,10819,2.719,-2.447,0.074,0.000,0.000,onTarget,noEvent
6382,2,23,rld,14:20:38.434,10820,2.837,-2.447,0.074,0.000,0.000,onTarget,noEvent
6382,2,23,rld,14:20:38.488,10821,2.898,-2.447,0.074,0.000,0.000,onTarget,noEvent
6382,2,23,rld,14:20:38.536,10822,2.939,-2.447,0.074,0.000,0.000,onTarget,noEvent
6382,2,23,rld,14:20:38.559,10823,2.967,-2.447,0.074,0.000,0.000,onTarget,noEvent
6382,2,23,rld,14:20:38.584,10824,2.986,-2.447,0.074,0.000,0.000,onTarget,noEvent
6382,2,23,rld,14:20:38.596,10825,3.008,-2.447,0.074,0.000,0.000,onTarget,noEvent
6382,2,23,rld,14:20:38.626,10826,3.037,-2.447,0.074,0.000,0.000,onTarget,noEvent
6382,2,23,rld,14:20:38.687,10827,3.087,-2.447,0.074,0.000,0.000,onTarget,noEvent
6382,2,23,rld,14:20:38.808,10828,3.219,-2.447,0.074,0.000,0.000,onTarget,targetClick
6382,2,24,rld,14:20:41.090,10876,3.276,0.338,0.136,0.000,0.000,waitingForTarget,middleTargetClick
6382,2,24,rld,14:20:41.121,10877,3.303,0.338,0.136,0.000,0.000,waitingForTarget,noEvent
6382,2,24,rld,14:20:41.151,10878,3.342,0.338,0.136,0.000,0.000,waitingForTarget,noEvent
6382,2,24,rld,14:20:41.220,10879,3.398,0.338,0.136,0.000,0.000,waitingForTarget,noEvent
6382,2,24,rld,14:20:41.269,10880,3.460,0.338,0.136,0.000,0.000,waitingForTarget,noEvent
6382,2,24,rld,14:20:41.308,10881,3.498,0.338,0.136,0.000,0.000,waitingForTarget,noEvent
6382,2,24,rld,14:20:41.368,10882,3.553,0.338,0.136,0.000,0.000,waitingForTarget,noEvent
6382,2,24,rld,14:20:41.421,10883,3.604,0.338,0.136,0.000,0.000,waitingForTarget,noEvent
6382,2,24,rld,14:20:41.468,10884,3.648,0.338,0.136,0.000,0.000,waitingForTarget,noEvent
6382,2,24,rld,14:20:41.510,10885,3.700,0.338,0.136,0.000,0.000,waitingForTarget,noEvent
6382,2,24,rld,14:20:41.540,10886,0.031,0.338,0.136,0.000,0.000,activeTracking,targetAppeared
6382,2,24,rld,14:20:41.566,10887,0.050,0.338,0.136,0.000,0.000,activeTracking,noEvent
6382,2,24,rld,14:20:41.583,10888,0.075,0.338,0.136,0.000,0.000,activeTracking,noEvent
6382,2,24,rld,14:20:41.624,10889,0.112,0.338,0.136,0.000,0.000,activeTracking,noEvent
6382,2,24,rld,14:20:41.677,10890,0.164,0.338,0.136,0.000,0.000,activeTracking,noEvent
6382,2,24,rld,14:20:41.771,10891,0.248,0.338,0.136,0.000,0.000,activeTracking,noEvent
6382,2,24,rld,14:20:41.843,10892,0.334,0.338,0.136,0.000,0.000,activeTracking,noEvent
6382,2,24,rld,14:20:41.874,10893,0.364,0.338,0.136,0.000,0.000,activeTracking,noEvent
6382,2,24,rld,14:20:41.904,10894,0.385,0.338,0.136,0.000,0.000,activeTracking,noEvent
6382,2,24,rld,14:20:41.955,10895,0.442,0.338,0.136,0.000,0.000,activeTracking,noEvent
6382,2,24,rld,14:20:42.034,10896,0.513,0.338,0.136,0.000,0.000,activeTracking,noEvent
6382,2,24,rld,14:20:42.082,10897,0.568,0.338,0.136,0.000,0.000,activeTracking,noEvent
6382,2,24,rld,14:20:42.174,10898,0.636,0.484,0.170,1.300,0.300,activeTracking,noEvent
6382,2,24,rld,14:20:42.218,10899,0.700,1.306,0.161,6.800,-0.200,activeTracking,noEvent
6382,2,24,rld,14:20:42.253,10900,0.740,1.618,0.159,0.300,0.000,activeTracking,noEvent
6382,2,24,rld,14:20:42.286,10901,0.775,1.757,0.147,0.300,-0.100,activeTracking,noEvent
6382,2,24,rld,14:20:42.324,10902,0.815,1.850,0.131,0.400,-0.100,activeTracking,noEvent
6382,2,24,rld,14:20:42.367,10903,0.857,1.952,0.104,0.600,-0.200,activeTracking,noEvent
6382,2,24,rld,14:20:42.408,10904,0.896,2.021,0.083,0.300,-0.100,activeTracking,noEvent
6382,2,24,rld,14:20:42.425,10905,0.916,2.079,0.065,0.300,-0.100,activeTracking,noEvent
6382,2,24,rld,14:20:42.460,10906,0.951,2.146,0.047,0.400,-0.100,activeTracking,noEvent
6382,2,24,rld,14:20:42.505,10907,0.993,2.227,0.018,0.500,-0.200,activeTracking,noEvent
6382,2,24,rld,14:20:42.537,10908,1.028,2.290,0.009,0.300,0.000,activeTracking,noEvent
6382,2,24,rld,14:20:42.582,10909,1.064,2.335,-0.006,0.200,-0.100,activeTracking,noEvent
6382,2,24,rld,14:20:42.622,10910,1.108,2.374,-0.022,0.200,-0.100,onTarget,noEvent
6382,2,24,rld,14:20:42.663,10911,1.153,2.399,-0.051,0.100,-0.200,onTarget,noEvent
6382,2,24,rld,14:20:42.710,10912,1.198,2.407,-0.072,0.000,-0.100,onTarget,noEvent
6382,2,24,rld,14:20:42.766,10913,1.247,2.398,-0.091,-0.100,-0.100,onTarget,noEvent
6382,2,24,rld,14:20:42.883,10914,1.353,2.383,-0.120,-0.100,-0.200,onTarget,noEvent
6382,2,24,rld,14:20:42.951,10915,1.435,2.390,-0.153,0.100,-0.200,onTarget,noEvent
6382,2,24,rld,14:20:42.973,10916,1.461,2.404,-0.164,0.100,0.000,onTarget,noEvent
6382,2,24,rld,14:20:43.005,10917,1.497,2.421,-0.179,0.100,-0.100,onTarget,noEvent
6382,2,24,rld,14:20:43.025,10918,1.516,2.438,-0.184,0.100,0.000,onTarget,noEvent
6382,2,24,rld,14:20:43.054,10919,1.545,2.456,-0.186,0.100,0.000,onTarget,noEvent
6382,2,24,rld,14:20:43.086,10920,1.575,2.474,-0.187,0.100,0.000,onTarget,noEvent
6382,2,24,rld,14:20:43.141,10921,1.619,2.480,-0.187,0.000,0.000,onTarget,noEvent
6382,2,24,rld,14:20:43.223,10922,1.699,2.482,-0.187,0.000,0.000,onTarget,noEvent
6382,2,24,rld,14:20:43.319,10923,1.799,2.483,-0.187,0.000,0.000,onTarget,noEvent
6382,2,24,rld,14:20:43.362,10924,1.848,2.483,-0.187,0.000,0.000,onTarget,noEvent
6382,2,24,rld,14:20:43.385,10925,1.877,2.483,-0.187,0.000,0.000,onTarget,noEvent
6382,2,24,rld,14:20:43.457,10926,1.948,2.519,-0.176,0.300,0.100,onTarget,noEvent
6382,2,24,rld,14:20:43.487,10927,1.976,2.543,-0.160,0.100,0.100,onTarget,noEvent
6382,2,24,rld,14:20:43.507,10928,1.997,2.551,-0.143,0.000,0.100,onTarget,noEvent
6382,2,24,rld,14:20:43.520,10929,2.012,2.554,-0.138,0.000,0.000,onTarget,noEvent
6382,2,24,rld,14:20:43.552,10930,2.036,2.554,-0.136,0.000,0.000,onTarget,noEvent
6382,2,24,rld,14:20:43.605,10931,2.086,2.555,-0.124,0.000,0.100,onTarget,noEvent
6382,2,24,rld,14:20:43.696,10932,2.149,2.555,-0.108,0.000,0.100,onTarget,noEvent
6382,2,24,rld,14:20:43.771,10933,2.259,2.555,-0.091,0.000,0.100,onTarget,noEvent
6382,2,24,rld,14:20:43.840,10934,2.330,2.555,-0.085,0.000,0.000,onTarget,noEvent
6382,2,24,rld,14:20:43.862,10935,2.353,2.555,-0.083,0.000,0.000,onTarget,noEvent
6382,2,24,rld,14:20:43.886,10936,2.375,2.555,-0.083,0.000,0.000,onTarget,noEvent
6382,2,24,rld,14:20:43.917,10937,2.401,2.555,-0.083,0.000,0.000,onTarget,noEvent
6382,2,24,rld,14:20:43.966,10938,2.458,2.555,-0.083,0.000,0.000,onTarget,noEvent
6382,2,24,rld,14:20:44.008,10939,2.499,2.555,-0.083,0.000,0.000,onTarget,noEvent
6382,2,24,rld,14:20:44.037,10940,2.528,2.555,-0.083,0.000,0.000,onTarget,noEvent
6382,2,24,rld,14:20:44.068,10941,2.559,2.555,-0.083,0.000,0.000,onTarget,noEvent
6382,2,24,rld,14:20:44.119,10942,2.611,2.555,-0.083,0.000,0.000,onTarget,noEvent
6382,2,24,rld,14:20:44.170,10943,2.658,2.555,-0.083,0.000,0.000,onTarget,noEvent
6382,2,24,rld,14:20:44.216,10944,2.701,2.555,-0.083,0.000,0.000,onTarget,noEvent
6382,2,24,rld,14:20:44.272,10945,2.761,2.555,-0.083,0.000,0.000,onTarget,targetClick
6382,2,25,rld,14:20:47.465,11010,2.832,0.338,0.221,0.000,0.000,waitingForTarget,middleTargetClick
6382,2,25,rld,14:20:47.492,11011,2.875,0.338,0.221,0.000,0.000,waitingForTarget,noEvent
6382,2,25,rld,14:20:47.515,11012,2.901,0.338,0.221,0.000,0.000,waitingForTarget,noEvent
6382,2,25,rld,14:20:47.533,11013,2.916,0.338,0.221,0.000,0.000,waitingForTarget,noEvent
6382,2,25,rld,14:20:47.552,11014,2.938,0.338,0.221,0.000,0.000,waitingForTarget,noEvent
6382,2,25,rld,14:20:47.584,11015,2.971,0.338,0.221,0.000,0.000,waitingForTarget,noEvent
6382,2,25,rld,14:20:47.638,11016,3.022,0.338,0.221,0.000,0.000,waitingForTarget,noEvent
6382,2,25,rld,14:20:47.684,11017,3.063,0.338,0.221,0.000,0.000,waitingForTarget,noEvent
6382,2,25,rld,14:20:47.749,11018,3.134,0.338,0.221,0.000,0.000,waitingForTarget,noEvent
6382,2,25,rld,14:20:47.854,11019,3.193,0.338,0.221,0.000,0.000,waitingForTarget,noEvent
6382,2,25,rld,14:20:47.908,11020,3.291,0.338,0.221,0.000,0.000,waitingForTarget,noEvent
6382,2,25,rld,14:20:47.968,11021,0.052,0.338,0.221,0.000,0.000,activeTracking,targetAppeared
6382,2,25,rld,14:20:48.012,11022,0.102,0.338,0.221,0.000,0.000,activeTracking,noEvent
6382,2,25,rld,14:20:48.031,11023,0.123,0.338,0.221,0.000,0.000,activeTracking,noEvent
6382,2,25,rld,14:20:48.042,11024,0.138,0.338,0.221,0.000,0.000,activeTracking,noEvent
6382,2,25,rld,14:20:48.075,11025,0.165,0.338,0.221,0.000,0.000,activeTracking,noEvent
6382,2,25,rld,14:20:48.117,11026,0.211,0.338,0.221,0.000,0.000,activeTracking,noEvent
6382,2,25,rld,14:20:48.165,11027,0.257,0.338,0.221,0.000,0.000,activeTracking,noEvent
6382,2,25,rld,14:20:48.223,11028,0.312,0.338,0.221,0.000,0.000,activeTracking,noEvent
6382,2,25,rld,14:20:48.272,11029,0.365,0.338,0.221,0.000,0.000,activeTracking,noEvent
6382,2,25,rld,14:20:48.370,11030,0.446,0.338,0.221,0.000,0.000,activeTracking,noEvent
6382,2,25,rld,14:20:48.471,11031,0.536,0.045,0.221,-2.600,0.000,activeTracking,noEvent
6382,2,25,rld,14:20:48.514,11032,0.600,-0.695,0.188,-5.700,-0.300,activeTracking,noEvent
6382,2,25,rld,14:20:48.559,11033,0.646,-1.159,0.110,-1.900,-0.600,activeTracking,noEvent
6382,2,25,rld,14:20:48.629,11034,0.719,-1.522,0.027,-1.800,-0.500,activeTracking,noEvent
6382,2,25,rld,14:20:48.657,11035,0.751,-1.667,-0.012,-0.200,-0.100,activeTracking,noEvent
6382,2,25,rld,14:20:48.697,11036,0.789,-1.750,-0.025,-0.300,0.000,activeTracking,noEvent
6382,2,25,rld,14:20:48.808,11037,0.879,-2.024,-0.040,-2.100,-0.100,activeTracking,noEvent
6382,2,25,rld,14:20:48.839,11038,0.932,-2.234,-0.068,-1.000,-0.200,activeTracking,noEvent
6382,2,25,rld,14:20:48.866,11039,0.960,-2.328,-0.078,-0.200,0.000,activeTracking,noEvent
6382,2,25,rld,14:20:48.906,11040,1.001,-2.395,-0.081,-0.300,0.000,onTarget,noEvent
6382,2,25,rld,14:20:48.937,11041,1.032,-2.430,-0.082,-0.100,0.000,onTarget,noEvent
6382,2,25,rld,14:20:48.951,11042,1.046,-2.441,-0.082,0.000,0.000,onTarget,noEvent
6382,2,25,rld,14:20:48.971,11043,1.065,-2.445,-0.083,0.000,0.000,onTarget,noEvent
6382,2,25,rld,14:20:49.021,11044,1.113,-2.458,-0.083,-0.100,0.000,onTarget,noEvent
6382,2,25,rld,14:20:49.071,11045,1.162,-2.451,-0.059,0.100,0.200,onTarget,noEvent
6382,2,25,rld,14:20:49.114,11046,1.204,-2.400,-0.029,0.400,0.200,onTarget,noEvent
6382,2,25,rld,14:20:49.171,11047,1.263,-2.372,-0.018,0.100,0.000,onTarget,noEvent
6382,2,25,rld,14:20:49.218,11048,1.312,-2.362,-0.015,0.000,0.000,onTarget,noEvent
6382,2,25,rld,14:20:49.276,11049,1.372,-2.359,-0.002,0.000,0.100,onTarget,noEvent
6382,2,25,rld,14:20:49.319,11050,1.412,-2.358,0.002,0.000,0.000,onTarget,noEvent
6382,2,25,rld,14:20:49.356,11051,1.452,-2.357,0.004,0.000,0.000,onTarget,noEvent
6382,2,25,rld,14:20:49.404,11052,1.500,-2.357,0.004,0.000,0.000,onTarget,noEvent
6382,2,25,rld,14:20:49.453,11053,1.545,-2.357,0.004,0.000,0.000,onTarget,noEvent
6382,2,25,rld,14:20:49.496,11054,1.589,-2.357,0.004,0.000,0.000,onTarget,noEvent
6382,2,25,rld,14:20:49.545,11055,1.640,-2.357,0.004,0.000,0.000,onTarget,noEvent
6382,2,25,rld,14:20:49.588,11056,1.682,-2.357,0.004,0.000,0.000,onTarget,noEvent
6382,2,25,rld,14:20:49.631,11057,1.722,-2.357,0.004,0.000,0.000,onTarget,noEvent
6382,2,25,rld,14:20:49.673,11058,1.768,-2.357,0.004,0.000,0.000,onTarget,noEvent
6382,2,25,rld,14:20:49.717,11059,1.812,-2.357,0.004,0.000,0.000,onTarget,noEvent
6382,2,25,rld,14:20:49.770,11060,1.864,-2.357,0.004,0.000,0.000,onTarget,noEvent
6382,2,25,rld,14:20:49.809,11061,1.902,-2.357,0.004,0.000,0.000,onTarget,targetClick
6382,2,26,rld,14:20:52.591,11119,1.946,-0.102,0.102,0.000,0.000,waitingForTarget,middleTargetClick
6382,2,26,rld,14:20:52.636,11120,1.994,-0.101,0.102,0.000,0.000,waitingForTarget,noEvent
6382,2,26,rld,14:20:52.701,11121,2.052,-0.101,0.103,0.000,0.000,waitingForTarget,noEvent
6382,2,26,rld,14:20:52.743,11122,2.096,-0.101,0.103,0.000,0.000,waitingForTarget,noEvent
6382,2,26,rld,14:20:52.867,11123,2.216,-0.101,0.103,0.000,0.000,waitingForTarget,noEvent
6382,2,26,rld,14:20:52.907,11124,2.266,-0.101,0.103,0.000,0.000,waitingForTarget,noEvent
6382,2,26,rld,14:20:52.954,11125,2.308,-0.101,0.103,0.000,0.000,waitingForTarget,noEvent
6382,2,26,rld,14:20:53.005,11126,2.364,-0.101,0.103,0.000,0.000,waitingForTarget,noEvent
6382,2,26,rld,14:20:53.057,11127,0.045,-0.101,0.103,0.000,0.000,activeTracking,targetAppeared
6382,2,26,rld,14:20:53.106,11128,0.098,-0.101,0.103,0.000,0.000,activeTracking,noEvent
6382,2,26,rld,14:20:53.151,11129,0.144,-0.101,0.103,0.000,0.000,activeTracking,noEvent
6382,2,26,rld,14:20:53.195,11130,0.190,-0.101,0.103,0.000,0.000,activeTracking,noEvent
6382,2,26,rld,14:20:53.237,11131,0.222,-0.101,0.103,0.000,0.000,activeTracking,noEvent
6382,2,26,rld,14:20:53.292,11132,0.279,-0.101,0.103,0.000,0.000,activeTracking,noEvent
6382,2,26,rld,14:20:53.347,11133,0.330,-0.101,0.103,0.000,0.000,activeTracking,noEvent
6382,2,26,rld,14:20:53.396,11134,0.384,-0.101,0.103,0.000,0.000,activeTracking,noEvent
6382,2,26,rld,14:20:53.424,11135,0.418,-0.101,0.103,0.000,0.000,activeTracking,noEvent
6382,2,26,rld,14:20:53.505,11136,0.487,-0.383,0.103,-2.500,0.000,activeTracking,noEvent
6382,2,26,rld,14:20:53.551,11137,0.542,-1.374,0.025,-7.900,-0.700,activeTracking,noEvent
6382,2,26,rld,14:20:53.600,11138,0.583,-1.990,-0.035,-2.400,-0.300,activeTracking,noEvent
6382,2,26,rld,14:20:53.634,11139,0.627,-2.282,-0.055,-0.700,0.000,activeTracking,noEvent
6382,2,26,rld,14:20:53.672,11140,0.662,-2.463,-0.062,-0.700,0.000,onTarget,noEvent
6382,2,26,rld,14:20:53.706,11141,0.700,-2.573,-0.064,-0.400,0.000,onTarget,noEvent
6382,2,26,rld,14:20:53.750,11142,0.737,-2.633,-0.065,-0.200,0.000,onTarget,noEvent
6382,2,26,rld,14:20:53.854,11143,0.839,-2.787,-0.076,-1.100,-0.100,onTarget,noEvent
6382,2,26,rld,14:20:53.883,11144,0.878,-2.875,-0.080,-0.300,0.000,onTarget,noEvent
6382,2,26,rld,14:20:53.916,11145,0.909,-2.929,-0.082,-0.200,0.000,onTarget,noEvent
6382,2,26,rld,14:20:53.936,11146,0.930,-2.960,-0.082,-0.100,0.000,onTarget,noEvent
6382,2,26,rld,14:20:53.974,11147,0.969,-2.982,-0.082,-0.100,0.000,onTarget,noEvent
6382,2,26,rld,14:20:54.026,11148,1.019,-2.990,-0.082,0.000,0.000,onTarget,noEvent
6382,2,26,rld,14:20:54.075,11149,1.064,-2.943,-0.071,0.400,0.100,onTarget,noEvent
6382,2,26,rld,14:20:54.123,11150,1.119,-2.878,-0.055,0.400,0.100,onTarget,noEvent
6382,2,26,rld,14:20:54.145,11151,1.139,-2.832,-0.050,0.200,0.000,onTarget,noEvent
6382,2,26,rld,14:20:54.171,11152,1.163,-2.805,-0.048,0.100,0.000,onTarget,noEvent
6382,2,26,rld,14:20:54.221,11153,1.212,-2.759,-0.036,0.300,0.100,onTarget,noEvent
6382,2,26,rld,14:20:54.258,11154,1.252,-2.720,-0.020,0.200,0.100,onTarget,noEvent
6382,2,26,rld,14:20:54.306,11155,1.297,-2.682,-0.015,0.200,0.000,onTarget,noEvent
6382,2,26,rld,14:20:54.364,11156,1.346,-2.633,-0.002,0.300,0.100,onTarget,noEvent
6382,2,26,rld,14:20:54.405,11157,1.389,-2.569,0.026,0.400,0.200,onTarget,noEvent
6382,2,26,rld,14:20:54.442,11158,1.437,-2.500,0.035,0.400,0.000,onTarget,noEvent
6382,2,26,rld,14:20:54.491,11159,1.482,-2.428,0.049,0.400,0.100,onTarget,noEvent
6382,2,26,rld,14:20:54.540,11160,1.531,-2.369,0.054,0.300,0.000,onTarget,noEvent
6382,2,26,rld,14:20:54.621,11161,1.607,-2.325,0.055,0.200,0.000,activeTracking,noEvent
6382,2,26,rld,14:20:54.712,11162,1.702,-2.299,0.067,0.100,0.100,activeTracking,noEvent
6382,2,26,rld,14:20:54.742,11163,1.733,-2.290,0.071,0.000,0.000,activeTracking,noEvent
6382,2,26,rld,14:20:54.806,11164,1.800,-2.287,0.073,0.000,0.000,activeTracking,noEvent
6382,2,26,rld,14:20:54.865,11165,1.853,-2.286,0.073,0.000,0.000,activeTracking,noEvent
6382,2,26,rld,14:20:54.898,11166,1.883,-2.286,0.073,0.000,0.000,activeTracking,noEvent
6382,2,26,rld,14:20:54.956,11167,1.927,-2.286,0.073,0.000,0.000,activeTracking,noEvent
6382,2,26,rld,14:20:55.011,11168,2.002,-2.286,0.073,0.000,0.000,activeTracking,failedClick
6382,2,27,rld,14:20:57.467,11220,2.082,-0.236,0.086,0.000,0.000,waitingForTarget,middleTargetClick
6382,2,27,rld,14:20:57.505,11221,2.123,-0.236,0.086,0.000,0.000,waitingForTarget,noEvent
6382,2,27,rld,14:20:57.565,11222,2.181,-0.236,0.086,0.000,0.000,waitingForTarget,noEvent
6382,2,27,rld,14:20:57.608,11223,2.213,-0.236,0.086,0.000,0.000,waitingForTarget,noEvent
6382,2,27,rld,14:20:57.656,11224,2.279,-0.236,0.086,0.000,0.000,waitingForTarget,noEvent
6382,2,27,rld,14:20:57.710,11225,2.322,-0.236,0.086,0.000,0.000,waitingForTarget,noEvent
6382,2,27,rld,14:20:57.755,11226,2.372,-0.236,0.086,0.000,0.000,waitingForTarget,noEvent
6382,2,27,rld,14:20:57.785,11227,2.402,-0.236,0.086,0.000,0.000,waitingForTarget,noEvent
6382,2,27,rld,14:20:57.855,11228,2.478,-0.236,0.086,0.000,0.000,waitingForTarget,noEvent
6382,2,27,rld,14:20:57.871,11229,2.495,-0.236,0.086,0.000,0.000,waitingForTarget,noEvent
6382,2,27,rld,14:20:57.885,11230,0.015,-0.236,0.086,0.000,0.000,activeTracking,targetAppeared
6382,2,27,rld,14:20:57.905,11231,0.035,-0.236,0.086,0.000,0.000,activeTracking,noEvent
6382,2,27,rld,14:20:57.948,11232,0.073,-0.236,0.086,0.000,0.000,activeTracking,noEvent
6382,2,27,rld,14:20:57.991,11233,0.118,-0.236,0.086,0.000,0.000,activeTracking,noEvent
6382,2,27,rld,14:20:58.042,11234,0.167,-0.236,0.086,0.000,0.000,activeTracking,noEvent
6382,2,27,rld,14:20:58.116,11235,0.237,-0.236,0.086,0.000,0.000,activeTracking,noEvent
6382,2,27,rld,14:20:58.219,11236,0.331,-0.236,0.086,0.000,0.000,activeTracking,noEvent
6382,2,27,rld,14:20:58.293,11237,0.415,-0.113,0.119,1.100,0.300,activeTracking,noEvent
6382,2,27,rld,14:20:58.334,11238,0.452,-0.049,0.131,0.200,0.000,activeTracking,noEvent
6382,2,27,rld,14:20:58.376,11239,0.506,0.040,0.134,0.600,0.000,activeTracking,noEvent
6382,2,27,rld,14:20:58.414,11240,0.543,0.205,0.136,1.200,0.000,activeTracking,noEvent
6382,2,27,rld,14:20:58.440,11241,0.569,0.282,0.136,0.200,0.000,activeTracking,noEvent
6382,2,27,rld,14:20:58.466,11242,0.589,0.319,0.136,0.100,0.000,activeTracking,noEvent
6382,2,27,rld,14:20:58.496,11243,0.624,0.343,0.136,0.100,0.000,activeTracking,noEvent
6382,2,27,rld,14:20:58.569,11244,0.686,0.249,0.159,-0.900,0.200,activeTracking,noEvent
6382,2,27,rld,14:20:58.675,11245,0.784,-0.615,0.268,-7.400,0.900,activeTracking,noEvent
6382,2,27,rld,14:20:58.729,11246,0.852,-0.973,0.340,-0.600,0.300,activeTracking,noEvent
6382,2,27,rld,14:20:58.765,11247,0.889,-1.127,0.376,-0.300,0.100,activeTracking,noEvent
6382,2,27,rld,14:20:58.825,11248,0.946,-1.213,0.411,-0.300,0.200,activeTracking,noEvent
6382,2,27,rld,14:20:58.864,11249,0.993,-1.264,0.422,-0.200,0.000,activeTracking,noEvent
6382,2,27,rld,14:20:58.900,11250,1.021,-1.316,0.427,-0.300,0.000,activeTracking,noEvent
6382,2,27,rld,14:20:58.936,11251,1.057,-1.368,0.428,-0.300,0.000,activeTracking,noEvent
6382,2,27,rld,14:20:58.971,11252,1.097,-1.477,0.430,-0.800,0.000,activeTracking,noEvent
6382,2,27,rld,14:20:59.015,11253,1.137,-1.640,0.431,-1.100,0.000,activeTracking,noEvent
6382,2,27,rld,14:20:59.042,11254,1.168,-1.765,0.432,-0.600,0.000,activeTracking,noEvent
6382,2,27,rld,14:20:59.124,11255,1.222,-1.876,0.433,-0.600,0.000,activeTracking,noEvent
6382,2,27,rld,14:20:59.204,11256,1.327,-1.960,0.446,-0.400,0.100,activeTracking,noEvent
6382,2,27,rld,14:20:59.224,11257,1.354,-1.988,0.450,0.000,0.000,activeTracking,noEvent
6382,2,27,rld,14:20:59.247,11258,1.376,-2.010,0.452,-0.100,0.000,activeTracking,noEvent
6382,2,27,rld,14:20:59.265,11259,1.395,-2.017,0.452,0.000,0.000,activeTracking,noEvent
6382,2,27,rld,14:20:59.288,11260,1.417,-2.019,0.452,0.000,0.000,activeTracking,noEvent
6382,2,27,rld,14:20:59.333,11261,1.463,-2.020,0.452,0.000,0.000,activeTracking,noEvent
6382,2,27,rld,14:20:59.382,11262,1.512,-2.020,0.452,0.000,0.000,activeTracking,noEvent
6382,2,27,rld,14:20:59.428,11263,1.554,-2.020,0.452,0.000,0.000,activeTracking,noEvent
6382,2,27,rld,14:20:59.476,11264,1.604,-2.020,0.452,0.000,0.000,activeTracking,noEvent
6382,2,27,rld,14:20:59.552,11265,1.654,-2.067,0.441,-0.400,-0.100,activeTracking,noEvent
6382,2,27,rld,14:20:59.645,11266,1.765,-2.165,0.404,-0.700,-0.300,activeTracking,noEvent
6382,2,27,rld,14:20:59.715,11267,1.837,-2.222,0.380,-0.200,-0.100,activeTracking,noEvent
6382,2,27,rld,14:20:59.775,11268,1.899,-2.265,0.349,-0.200,-0.200,activeTracking,noEvent
6382,2,27,rld,14:20:59.812,11269,1.942,-2.303,0.316,-0.200,-0.200,activeTracking,noEvent
6382,2,27,rld,14:20:59.849,11270,1.978,-2.327,0.293,-0.100,-0.100,activeTracking,noEvent
6382,2,27,rld,14:20:59.875,11271,2.003,-2.347,0.263,-0.100,-0.200,activeTracking,noEvent
6382,2,27,rld,14:20:59.897,11272,2.026,-2.366,0.241,-0.100,-0.100,activeTracking,noEvent
6382,2,27,rld,14:20:59.924,11273,2.053,-2.384,0.234,-0.100,0.000,activeTracking,noEvent
6382,2,27,rld,14:20:59.955,11274,2.084,-2.390,0.220,0.000,-0.100,activeTracking,noEvent
6382,2,27,rld,14:21:00.002,11275,2.124,-2.404,0.192,-0.100,-0.200,onTarget,noEvent
6382,2,27,rld,14:21:00.082,11276,2.190,-2.421,0.171,-0.100,-0.100,onTarget,noEvent
6382,2,27,rld,14:21:00.192,11277,2.303,-2.438,0.153,-0.100,-0.100,onTarget,noEvent
6382,2,27,rld,14:21:00.241,11278,2.365,-2.468,0.101,-0.200,-0.400,onTarget,noEvent
6382,2,27,rld,14:21:00.272,11279,2.398,-2.478,0.060,0.000,-0.200,onTarget,noEvent
6382,2,27,rld,14:21:00.300,11280,2.429,-2.481,0.035,0.000,-0.100,onTarget,noEvent
6382,2,27,rld,14:21:00.325,11281,2.451,-2.482,0.015,0.000,-0.100,onTarget,noEvent
6382,2,27,rld,14:21:00.346,11282,2.474,-2.483,-0.004,0.000,-0.100,onTarget,noEvent
6382,2,27,rld,14:21:00.406,11283,2.522,-2.483,-0.033,0.000,-0.200,onTarget,noEvent
6382,2,27,rld,14:21:00.539,11284,2.649,-2.507,-0.066,-0.200,-0.200,onTarget,noEvent
6382,2,27,rld,14:21:00.571,11285,2.700,-2.515,-0.089,0.000,-0.100,onTarget,noEvent
6382,2,27,rld,14:21:00.603,11286,2.722,-2.518,-0.096,0.000,0.000,onTarget,noEvent
6382,2,27,rld,14:21:00.617,11287,2.748,-2.518,-0.099,0.000,0.000,onTarget,noEvent
6382,2,27,rld,14:21:00.673,11288,2.803,-2.519,-0.100,0.000,0.000,onTarget,noEvent
6382,2,27,rld,14:21:00.703,11289,2.833,-2.519,-0.100,0.000,0.000,onTarget,noEvent
6382,2,27,rld,14:21:00.734,11290,2.857,-2.519,-0.100,0.000,0.000,onTarget,noEvent
6382,2,27,rld,14:21:00.771,11291,2.899,-2.519,-0.100,0.000,0.000,onTarget,noEvent
6382,2,27,rld,14:21:00.815,11292,2.939,-2.519,-0.100,0.000,0.000,onTarget,noEvent
6382,2,27,rld,14:21:00.856,11293,2.985,-2.519,-0.100,0.000,0.000,onTarget,noEvent
6382,2,27,rld,14:21:00.903,11294,3.032,-2.519,-0.100,0.000,0.000,onTarget,noEvent
6382,2,27,rld,14:21:00.959,11295,3.082,-2.519,-0.100,0.000,0.000,onTarget,noEvent
6382,2,27,rld,14:21:01.000,11296,3.124,-2.519,-0.100,0.000,0.000,onTarget,targetClick
6382,2,28,rld,14:21:02.992,11338,3.182,0.000,0.187,0.000,0.000,waitingForTarget,middleTargetClick
6382,2,28,rld,14:21:03.034,11339,3.222,0.000,0.187,0.000,0.000,waitingForTarget,noEvent
6382,2,28,rld,14:21:03.099,11340,3.284,0.000,0.187,0.000,0.000,waitingForTarget,noEvent
6382,2,28,rld,14:21:03.141,11341,3.333,0.000,0.187,0.000,0.000,waitingForTarget,noEvent
6382,2,28,rld,14:21:03.208,11342,3.397,0.000,0.187,0.000,0.000,waitingForTarget,noEvent
6382,2,28,rld,14:21:03.291,11343,3.484,0.000,0.187,0.000,0.000,waitingForTarget,noEvent
6382,2,28,rld,14:21:03.336,11344,3.532,0.000,0.187,0.000,0.000,waitingForTarget,noEvent
6382,2,28,rld,14:21:03.395,11345,3.584,0.000,0.187,0.000,0.000,waitingForTarget,noEvent
6382,2,28,rld,14:21:03.436,11346,0.047,0.000,0.187,0.000,0.000,activeTracking,targetAppeared
6382,2,28,rld,14:21:03.488,11347,0.092,0.000,0.187,0.000,0.000,activeTracking,noEvent
6382,2,28,rld,14:21:03.541,11348,0.141,0.000,0.187,0.000,0.000,activeTracking,noEvent
6382,2,28,rld,14:21:03.581,11349,0.190,0.000,0.187,0.000,0.000,activeTracking,noEvent
6382,2,28,rld,14:21:03.616,11350,0.217,0.000,0.187,0.000,0.000,activeTracking,noEvent
6382,2,28,rld,14:21:03.669,11351,0.262,0.000,0.187,0.000,0.000,activeTracking,noEvent
6382,2,28,rld,14:21:03.724,11352,0.333,0.000,0.187,0.000,0.000,activeTracking,noEvent
6382,2,28,rld,14:21:03.775,11353,0.383,0.000,0.187,0.000,0.000,activeTracking,noEvent
6382,2,28,rld,14:21:03.821,11354,0.432,0.000,0.187,0.000,0.000,activeTracking,noEvent
6382,2,28,rld,14:21:03.889,11355,0.497,-0.360,0.165,-3.200,-0.200,activeTracking,noEvent
6382,2,28,rld,14:21:03.936,11356,0.549,-1.184,0.023,-6.200,-1.200,activeTracking,noEvent
6382,2,28,rld,14:21:03.980,11357,0.588,-1.704,-0.024,-2.100,0.000,activeTracking,noEvent
6382,2,28,rld,14:21:04.015,11358,0.622,-1.961,-0.029,-0.700,0.100,activeTracking,noEvent
6382,2,28,rld,14:21:04.049,11359,0.660,-2.095,-0.019,-0.400,0.100,activeTracking,noEvent
6382,2,28,rld,14:21:04.081,11360,0.693,-2.175,-0.015,-0.300,0.000,activeTracking,noEvent
6382,2,28,rld,14:21:04.115,11361,0.721,-2.225,-0.002,-0.200,0.100,activeTracking,noEvent
6382,2,28,rld,14:21:04.142,11362,0.755,-2.277,0.013,-0.300,0.100,activeTracking,noEvent
6382,2,28,rld,14:21:04.192,11363,0.800,-2.378,0.019,-0.700,0.000,onTarget,noEvent
6382,2,28,rld,14:21:04.250,11364,0.860,-2.604,0.010,-1.600,-0.100,onTarget,noEvent
6382,2,28,rld,14:21:04.291,11365,0.902,-2.765,-0.005,-0.700,-0.100,onTarget,noEvent
6382,2,28,rld,14:21:04.335,11366,0.948,-2.856,-0.010,-0.300,0.000,onTarget,noEvent
6382,2,28,rld,14:21:04.368,11367,0.972,-2.898,-0.011,-0.100,0.000,onTarget,noEvent
6382,2,28,rld,14:21:04.406,11368,1.017,-2.937,-0.012,-0.200,0.000,onTarget,noEvent
6382,2,28,rld,14:21:04.452,11369,1.063,-2.962,-0.012,-0.100,0.000,onTarget,noEvent
6382,2,28,rld,14:21:04.500,11370,1.106,-2.983,-0.012,-0.100,0.000,onTarget,noEvent
6382,2,28,rld,14:21:04.537,11371,1.150,-2.990,-0.012,0.000,0.000,onTarget,noEvent
6382,2,28,rld,14:21:04.599,11372,1.203,-2.992,-0.012,0.000,0.000,onTarget,noEvent
6382,2,28,rld,14:21:04.683,11373,1.261,-2.993,-0.012,0.000,0.000,onTarget,noEvent
6382,2,28,rld,14:21:04.764,11374,1.364,-2.993,-0.012,0.000,0.000,onTarget,noEvent
6382,2,28,rld,14:21:04.834,11375,1.441,-2.993,-0.012,0.000,0.000,onTarget,noEvent
6382,2,28,rld,14:21:04.861,11376,1.468,-2.993,-0.012,0.000,0.000,onTarget,noEvent
6382,2,28,rld,14:21:04.884,11377,1.496,-2.993,-0.012,0.000,0.000,onTarget,noEvent
6382,2,28,rld,14:21:04.897,11378,1.510,-2.993,-0.012,0.000,0.000,onTarget,noEvent
6382,2,28,rld,14:21:04.917,11379,1.530,-2.993,-0.012,0.000,0.000,onTarget,noEvent
6382,2,28,rld,14:21:04.965,11380,1.578,-2.993,-0.012,0.000,0.000,onTarget,noEvent
6382,2,28,rld,14:21:05.005,11381,1.619,-2.993,-0.012,0.000,0.000,onTarget,noEvent
6382,2,28,rld,14:21:05.051,11382,1.662,-2.993,-0.012,0.000,0.000,onTarget,noEvent
6382,2,28,rld,14:21:05.098,11383,1.711,-2.993,-0.012,0.000,0.000,onTarget,noEvent
6382,2,28,rld,14:21:05.145,11384,1.755,-2.993,-0.012,0.000,0.000,onTarget,noEvent
6382,2,28,rld,14:21:05.189,11385,1.801,-2.993,-0.012,0.000,0.000,onTarget,noEvent
6382,2,28,rld,14:21:05.254,11386,1.860,-2.993,-0.012,0.000,0.000,onTarget,noEvent
6382,2,28,rld,14:21:05.373,11387,1.981,-2.993,-0.012,0.000,0.000,onTarget,targetClick
6382,2,29,rld,14:21:08.104,11445,2.066,-0.017,-0.201,0.000,0.000,waitingForTarget,middleTargetClick
6382,2,29,rld,14:21:08.156,11446,2.144,-0.017,-0.201,0.000,0.000,waitingForTarget,noEvent
6382,2,29,rld,14:21:08.201,11447,2.179,-0.017,-0.201,0.000,0.000,waitingForTarget,noEvent
6382,2,29,rld,14:21:08.265,11448,2.252,-0.017,-0.201,0.000,0.000,waitingForTarget,noEvent
6382,2,29,rld,14:21:08.306,11449,2.295,-0.017,-0.201,0.000,0.000,waitingForTarget,noEvent
6382,2,29,rld,14:21:08.330,11450,2.315,-0.017,-0.201,0.000,0.000,waitingForTarget,noEvent
6382,2,29,rld,14:21:08.351,11451,2.335,-0.017,-0.201,0.000,0.000,waitingForTarget,noEvent
6382,2,29,rld,14:21:08.364,11452,2.357,-0.017,-0.201,0.000,0.000,waitingForTarget,noEvent
6382,2,29,rld,14:21:08.391,11453,2.380,-0.017,-0.201,0.000,0.000,waitingForTarget,noEvent
6382,2,29,rld,14:21:08.442,11454,2.429,-0.017,-0.201,0.000,0.000,waitingForTarget,noEvent
6382,2,29,rld,14:21:08.503,11455,2.491,-0.017,-0.201,0.000,0.000,waitingForTarget,noEvent
6382,2,29,rld,14:21:08.583,11456,0.078,-0.017,-0.201,0.000,0.000,activeTracking,targetAppeared
6382,2,29,rld,14:21:08.659,11457,0.142,-0.017,-0.201,0.000,0.000,activeTracking,noEvent
6382,2,29,rld,14:21:08.732,11458,0.219,-0.017,-0.201,0.000,0.000,activeTracking,noEvent
6382,2,29,rld,14:21:08.771,11459,0.268,-0.017,-0.201,0.000,0.000,activeTracking,noEvent
6382,2,29,rld,14:21:08.804,11460,0.306,-0.017,-0.201,0.000,0.000,activeTracking,noEvent
6382,2,29,rld,14:21:08.867,11461,0.350,-0.017,-0.201,0.000,0.000,activeTracking,noEvent
6382,2,29,rld,14:21:08.918,11462,0.406,-0.017,-0.201,0.000,0.000,activeTracking,noEvent
6382,2,29,rld,14:21:08.969,11463,0.455,-0.017,-0.201,0.000,0.000,activeTracking,noEvent
6382,2,29,rld,14:21:09.016,11464,0.510,-0.017,-0.201,0.000,0.000,activeTracking,noEvent
6382,2,29,rld,14:21:09.038,11465,0.537,-0.017,-0.201,0.000,0.000,activeTracking,noEvent
6382,2,29,rld,14:21:09.053,11466,0.553,-0.017,-0.201,0.000,0.000,activeTracking,noEvent
6382,2,29,rld,14:21:09.077,11467,0.576,-0.017,-0.201,0.000,0.000,activeTracking,noEvent
6382,2,29,rld,14:21:09.104,11468,0.605,-0.017,-0.201,0.000,0.000,activeTracking,noEvent
6382,2,29,rld,14:21:09.265,11469,0.754,-0.954,-0.134,-8.300,0.600,activeTracking,noEvent
6382,2,29,rld,14:21:09.314,11470,0.808,-1.395,-0.111,-1.100,0.000,activeTracking,noEvent
6382,2,29,rld,14:21:09.364,11471,0.859,-1.602,-0.081,-0.500,0.200,activeTracking,noEvent
6382,2,29,rld,14:21:09.392,11472,0.888,-1.717,-0.059,-0.400,0.100,activeTracking,noEvent
6382,2,29,rld,14:21:09.439,11473,0.928,-1.802,-0.041,-0.400,0.100,activeTracking,noEvent
6382,2,29,rld,14:21:09.475,11474,0.972,-1.877,-0.023,-0.400,0.100,activeTracking,noEvent
6382,2,29,rld,14:21:09.519,11475,1.015,-1.949,-0.005,-0.400,0.100,activeTracking,noEvent
6382,2,29,rld,14:21:09.542,11476,1.043,-2.008,0.001,-0.300,0.000,activeTracking,noEvent
6382,2,29,rld,14:21:09.624,11477,1.104,-2.075,0.037,-0.400,0.300,activeTracking,noEvent
6382,2,29,rld,14:21:09.659,11478,1.157,-2.109,0.049,-0.100,0.000,activeTracking,noEvent
6382,2,29,rld,14:21:09.695,11479,1.195,-2.120,0.053,0.000,0.000,activeTracking,noEvent
6382,2,29,rld,14:21:09.715,11480,1.216,-2.124,0.055,0.000,0.000,activeTracking,noEvent
6382,2,29,rld,14:21:09.733,11481,1.235,-2.125,0.055,0.000,0.000,activeTracking,noEvent
6382,2,29,rld,14:21:09.784,11482,1.283,-2.126,0.055,0.000,0.000,activeTracking,noEvent
6382,2,29,rld,14:21:09.825,11483,1.326,-2.126,0.056,0.000,0.000,activeTracking,noEvent
6382,2,29,rld,14:21:09.874,11484,1.374,-2.126,0.056,0.000,0.000,activeTracking,noEvent
6382,2,29,rld,14:21:09.922,11485,1.419,-2.126,0.056,0.000,0.000,activeTracking,noEvent
6382,2,29,rld,14:21:09.978,11486,1.474,-2.126,0.056,0.000,0.000,activeTracking,noEvent
6382,2,29,rld,14:21:10.073,11487,1.559,-2.126,0.056,0.000,0.000,activeTracking,noEvent
6382,2,29,rld,14:21:10.169,11488,1.665,-2.447,0.045,-2.700,-0.100,onTarget,noEvent
6382,2,29,rld,14:21:10.206,11489,1.707,-2.591,0.042,-0.300,0.000,onTarget,noEvent
6382,2,29,rld,14:21:10.238,11490,1.737,-2.664,0.041,-0.200,0.000,onTarget,noEvent
6382,2,29,rld,14:21:10.261,11491,1.759,-2.712,0.040,-0.200,0.000,onTarget,noEvent
6382,2,29,rld,14:21:10.282,11492,1.780,-2.728,0.040,0.000,0.000,onTarget,noEvent
6382,2,29,rld,14:21:10.304,11493,1.806,-2.746,0.040,-0.100,0.000,onTarget,noEvent
6382,2,29,rld,14:21:10.354,11494,1.854,-2.764,0.040,-0.100,0.000,onTarget,noEvent
6382,2,29,rld,14:21:10.425,11495,1.925,-2.782,0.041,-0.100,0.000,onTarget,noEvent
6382,2,29,rld,14:21:10.537,11496,2.031,-2.837,0.041,-0.400,0.000,onTarget,noEvent
6382,2,29,rld,14:21:10.572,11497,2.070,-2.867,0.041,-0.100,0.000,onTarget,noEvent
6382,2,29,rld,14:21:10.600,11498,2.100,-2.878,0.041,0.000,0.000,onTarget,noEvent
6382,2,29,rld,14:21:10.673,11499,2.168,-2.881,0.041,0.000,0.000,onTarget,noEvent
6382,2,29,rld,14:21:10.704,11500,2.205,-2.870,0.041,0.100,0.000,onTarget,noEvent
6382,2,29,rld,14:21:10.801,11501,2.268,-2.866,0.041,0.000,0.000,onTarget,noEvent
6382,2,29,rld,14:21:10.833,11502,2.329,-2.865,0.041,0.000,0.000,onTarget,noEvent
6382,2,29,rld,14:21:10.857,11503,2.358,-2.865,0.041,0.000,0.000,onTarget,noEvent
6382,2,29,rld,14:21:10.882,11504,2.378,-2.864,0.041,0.000,0.000,onTarget,noEvent
6382,2,29,rld,14:21:10.898,11505,2.399,-2.864,0.041,0.000,0.000,onTarget,noEvent
6382,2,29,rld,14:21:10.921,11506,2.420,-2.864,0.041,0.000,0.000,onTarget,noEvent
6382,2,29,rld,14:21:10.967,11507,2.467,-2.864,0.041,0.000,0.000,onTarget,noEvent
6382,2,29,rld,14:21:11.006,11508,2.507,-2.864,0.041,0.000,0.000,onTarget,noEvent
6382,2,29,rld,14:21:11.054,11509,2.554,-2.864,0.041,0.000,0.000,onTarget,noEvent
6382,2,29,rld,14:21:11.104,11510,2.604,-2.852,0.041,0.100,0.000,onTarget,noEvent
6382,2,29,rld,14:21:11.151,11511,2.649,-2.848,0.041,0.000,0.000,onTarget,noEvent
6382,2,29,rld,14:21:11.190,11512,2.690,-2.834,0.041,0.100,0.000,onTarget,noEvent
6382,2,29,rld,14:21:11.238,11513,2.738,-2.806,0.041,0.200,0.000,onTarget,noEvent
6382,2,29,rld,14:21:11.285,11514,2.785,-2.796,0.041,0.000,0.000,onTarget,noEvent
6382,2,29,rld,14:21:11.342,11515,2.839,-2.793,0.041,0.000,0.000,onTarget,noEvent
6382,2,29,rld,14:21:11.442,11516,2.936,-2.779,0.040,0.100,0.000,onTarget,noEvent
6382,2,29,rld,14:21:11.520,11517,3.016,-2.775,0.040,0.000,0.000,onTarget,targetClick
6382,2,30,rld,14:21:13.502,11559,3.087,-0.051,-0.151,0.000,0.000,waitingForTarget,middleTargetClick
6382,2,30,rld,14:21:13.525,11560,3.115,-0.051,-0.151,0.000,0.000,waitingForTarget,noEvent
6382,2,30,rld,14:21:13.558,11561,3.143,-0.051,-0.151,0.000,0.000,waitingForTarget,noEvent
6382,2,30,rld,14:21:13.570,11562,3.158,-0.051,-0.151,0.000,0.000,waitingForTarget,noEvent
6382,2,30,rld,14:21:13.607,11563,3.198,-0.051,-0.151,0.000,0.000,waitingForTarget,noEvent
6382,2,30,rld,14:21:13.645,11564,3.233,-0.051,-0.151,0.000,0.000,waitingForTarget,noEvent
6382,2,30,rld,14:21:13.697,11565,3.278,-0.051,-0.151,0.000,0.000,waitingForTarget,noEvent
6382,2,30,rld,14:21:13.783,11566,3.366,-0.051,-0.151,0.000,0.000,waitingForTarget,noEvent
6382,2,30,rld,14:21:13.870,11567,3.447,-0.051,-0.151,0.000,0.000,waitingForTarget,noEvent
6382,2,30,rld,14:21:13.920,11568,3.509,-0.051,-0.151,0.000,0.000,waitingForTarget,noEvent
6382,2,30,rld,14:21:13.952,11569,0.029,-0.051,-0.151,0.000,0.000,activeTracking,targetAppeared
6382,2,30,rld,14:21:13.983,11570,0.058,-0.051,-0.151,0.000,0.000,activeTracking,noEvent
6382,2,30,rld,14:21:14.066,11571,0.139,-0.051,-0.151,0.000,0.000,activeTracking,noEvent
6382,2,30,rld,14:21:14.115,11572,0.188,-0.051,-0.151,0.000,0.000,activeTracking,noEvent
6382,2,30,rld,14:21:14.139,11573,0.217,-0.051,-0.151,0.000,0.000,activeTracking,noEvent
6382,2,30,rld,14:21:14.165,11574,0.240,-0.051,-0.151,0.000,0.000,activeTracking,noEvent
6382,2,30,rld,14:21:14.196,11575,0.271,-0.051,-0.151,0.000,0.000,activeTracking,noEvent
6382,2,30,rld,14:21:14.266,11576,0.347,-0.051,-0.151,0.000,0.000,activeTracking,noEvent
6382,2,30,rld,14:21:14.306,11577,0.385,-0.051,-0.151,0.000,0.000,activeTracking,noEvent
6382,2,30,rld,14:21:14.324,11578,0.405,-0.051,-0.151,0.000,0.000,activeTracking,noEvent
6382,2,30,rld,14:21:14.351,11579,0.432,-0.051,-0.151,0.000,0.000,activeTracking,noEvent
6382,2,30,rld,14:21:14.405,11580,0.484,-0.051,-0.151,0.000,0.000,activeTracking,noEvent
6382,2,30,rld,14:21:14.456,11581,0.535,-0.051,-0.151,0.000,0.000,activeTracking,noEvent
6382,2,30,rld,14:21:14.586,11582,0.639,-0.704,0.030,-5.800,1.600,activeTracking,noEvent
6382,2,30,rld,14:21:14.650,11583,0.731,-1.288,0.114,-3.200,0.200,activeTracking,noEvent
6382,2,30,rld,14:21:14.704,11584,0.786,-1.589,0.131,-0.900,-0.100,activeTracking,noEvent
6382,2,30,rld,14:21:14.742,11585,0.822,-1.817,0.115,-1.100,-0.200,activeTracking,noEvent
6382,2,30,rld,14:21:14.774,11586,0.852,-1.964,0.098,-0.600,-0.100,activeTracking,noEvent
6382,2,30,rld,14:21:14.846,11587,0.922,-2.273,0.094,-2.200,0.000,activeTracking,noEvent
6382,2,30,rld,14:21:14.890,11588,0.948,-2.460,0.093,-0.700,0.000,onTarget,noEvent
6382,2,30,rld,14:21:14.936,11589,1.013,-2.692,0.140,-1.400,0.400,onTarget,noEvent
6382,2,30,rld,14:21:14.984,11590,1.064,-2.831,0.168,-0.500,0.100,onTarget,noEvent
6382,2,30,rld,14:21:15.016,11591,1.091,-2.902,0.177,-0.200,0.000,onTarget,noEvent
6382,2,30,rld,14:21:15.052,11592,1.128,-2.963,0.205,-0.300,0.200,onTarget,noEvent
6382,2,30,rld,14:21:15.084,11593,1.164,-3.008,0.214,-0.200,0.000,activeTracking,noEvent
6382,2,30,rld,14:21:15.117,11594,1.198,-3.048,0.229,-0.200,0.100,activeTracking,noEvent
6382,2,30,rld,14:21:15.137,11595,1.218,-3.073,0.246,-0.100,0.100,activeTracking,noEvent
6382,2,30,rld,14:21:15.167,11596,1.248,-3.082,0.252,0.000,0.000,activeTracking,noEvent
6382,2,30,rld,14:21:15.229,11597,1.306,-3.085,0.254,0.000,0.000,activeTracking,noEvent
6382,2,30,rld,14:21:15.339,11598,1.412,-3.086,0.254,0.000,0.000,activeTracking,noEvent
6382,2,30,rld,14:21:15.377,11599,1.449,-3.086,0.254,0.000,0.000,activeTracking,noEvent
6382,2,30,rld,14:21:15.398,11600,1.480,-3.086,0.254,0.000,0.000,activeTracking,noEvent
6382,2,30,rld,14:21:15.435,11601,1.516,-3.086,0.254,0.000,0.000,activeTracking,noEvent
6382,2,30,rld,14:21:15.461,11602,1.539,-3.086,0.254,0.000,0.000,activeTracking,noEvent
6382,2,30,rld,14:21:15.488,11603,1.568,-3.086,0.254,0.000,0.000,activeTracking,noEvent
6382,2,30,rld,14:21:15.536,11604,1.616,-3.061,0.254,0.200,0.000,activeTracking,noEvent
6382,2,30,rld,14:21:15.583,11605,1.664,-3.016,0.254,0.300,0.000,activeTracking,noEvent
6382,2,30,rld,14:21:15.647,11606,1.723,-2.964,0.241,0.300,-0.100,onTarget,noEvent
6382,2,30,rld,14:21:15.695,11607,1.774,-2.910,0.213,0.300,-0.200,onTarget,noEvent
6382,2,30,rld,14:21:15.786,11608,1.863,-2.831,0.157,0.500,-0.400,onTarget,noEvent
6382,2,30,rld,14:21:15.852,11609,1.930,-2.756,0.091,0.400,-0.400,onTarget,noEvent
6382,2,30,rld,14:21:15.884,11610,1.964,-2.706,0.057,0.200,-0.100,onTarget,noEvent
6382,2,30,rld,14:21:15.915,11611,1.996,-2.678,0.034,0.100,-0.100,onTarget,noEvent
6382,2,30,rld,14:21:15.955,11612,2.035,-2.656,0.015,0.100,-0.100,onTarget,noEvent
6382,2,30,rld,14:21:15.984,11613,2.056,-2.649,0.008,0.000,0.000,onTarget,noEvent
6382,2,30,rld,14:21:16.012,11614,2.088,-2.647,-0.006,0.000,-0.100,onTarget,noEvent
6382,2,30,rld,14:21:16.041,11615,2.123,-2.646,-0.010,0.000,0.000,onTarget,noEvent
6382,2,30,rld,14:21:16.092,11616,2.169,-2.646,-0.012,0.000,0.000,onTarget,noEvent
6382,2,30,rld,14:21:16.140,11617,2.218,-2.645,-0.012,0.000,0.000,onTarget,noEvent
6382,2,30,rld,14:21:16.242,11618,2.296,-2.645,-0.012,0.000,0.000,onTarget,noEvent
6382,2,30,rld,14:21:16.296,11619,2.373,-2.633,-0.024,0.100,-0.100,onTarget,noEvent
6382,2,30,rld,14:21:16.312,11620,2.389,-2.629,-0.028,0.000,0.000,onTarget,noEvent
6382,2,30,rld,14:21:16.392,11621,2.456,-2.616,-0.041,0.100,-0.100,onTarget,noEvent
6382,2,30,rld,14:21:16.463,11622,2.541,-2.611,-0.045,0.000,0.000,onTarget,noEvent
6382,2,30,rld,14:21:16.494,11623,2.572,-2.610,-0.047,0.000,0.000,onTarget,noEvent
6382,2,30,rld,14:21:16.521,11624,2.600,-2.609,-0.047,0.000,0.000,onTarget,noEvent
6382,2,30,rld,14:21:16.537,11625,2.618,-2.609,-0.047,0.000,0.000,onTarget,noEvent
6382,2,30,rld,14:21:16.573,11626,2.650,-2.609,-0.048,0.000,0.000,onTarget,noEvent
6382,2,30,rld,14:21:16.655,11627,2.712,-2.609,-0.048,0.000,0.000,onTarget,noEvent
6382,2,30,rld,14:21:16.756,11628,2.824,-2.609,-0.048,0.000,0.000,onTarget,targetClick
6382,2,31,rld,14:21:18.852,11673,2.854,0.050,0.052,0.000,0.000,waitingForTarget,middleTargetClick
6382,2,31,rld,14:21:18.896,11674,2.903,0.050,0.052,0.000,0.000,waitingForTarget,noEvent
6382,2,31,rld,14:21:18.937,11675,2.945,0.051,0.052,0.000,0.000,waitingForTarget,noEvent
6382,2,31,rld,14:21:19.005,11676,3.005,0.051,0.052,0.000,0.000,waitingForTarget,noEvent
6382,2,31,rld,14:21:19.056,11677,3.064,0.051,0.052,0.000,0.000,waitingForTarget,noEvent
6382,2,31,rld,14:21:19.084,11678,3.092,0.051,0.052,0.000,0.000,waitingForTarget,noEvent
6382,2,31,rld,14:21:19.105,11679,3.113,0.051,0.052,0.000,0.000,waitingForTarget,noEvent
6382,2,31,rld,14:21:19.174,11680,3.164,0.051,0.052,0.000,0.000,waitingForTarget,noEvent
6382,2,31,rld,14:21:19.241,11681,3.241,0.051,0.052,0.000,0.000,waitingForTarget,noEvent
6382,2,31,rld,14:21:19.301,11682,3.294,0.051,0.052,0.000,0.000,waitingForTarget,noEvent
6382,2,31,rld,14:21:19.347,11683,0.053,0.051,0.052,0.000,0.000,activeTracking,targetAppeared
6382,2,31,rld,14:21:19.373,11684,0.087,0.051,0.052,0.000,0.000,activeTracking,noEvent
6382,2,31,rld,14:21:19.395,11685,0.104,0.051,0.052,0.000,0.000,activeTracking,noEvent
6382,2,31,rld,14:21:19.415,11686,0.131,0.051,0.052,0.000,0.000,activeTracking,noEvent
6382,2,31,rld,14:21:19.439,11687,0.155,0.051,0.052,0.000,0.000,activeTracking,noEvent
6382,2,31,rld,14:21:19.490,11688,0.203,0.051,0.052,0.000,0.000,activeTracking,noEvent
6382,2,31,rld,14:21:19.586,11689,0.298,0.051,0.052,0.000,0.000,activeTracking,noEvent
6382,2,31,rld,14:21:19.656,11690,0.358,0.051,0.052,0.000,0.000,activeTracking,noEvent
6382,2,31,rld,14:21:19.730,11691,0.438,0.051,0.052,0.000,0.000,activeTracking,noEvent
6382,2,31,rld,14:21:19.784,11692,0.482,-0.343,0.052,-3.500,0.000,activeTracking,noEvent
6382,2,31,rld,14:21:19.857,11693,0.566,-1.269,-0.026,-7.000,-0.700,activeTracking,noEvent
6382,2,31,rld,14:21:19.897,11694,0.609,-1.721,-0.052,-1.200,0.000,activeTracking,noEvent
6382,2,31,rld,14:21:19.933,11695,0.643,-1.908,-0.061,-0.300,0.000,activeTracking,noEvent
6382,2,31,rld,14:21:19.958,11696,0.672,-2.018,-0.064,-0.400,0.000,activeTracking,noEvent
6382,2,31,rld,14:21:19.985,11697,0.699,-2.078,-0.065,-0.200,0.000,activeTracking,noEvent
6382,2,31,rld,14:21:20.041,11698,0.743,-2.157,-0.065,-0.500,0.000,activeTracking,noEvent
6382,2,31,rld,14:21:20.106,11699,0.808,-2.314,-0.065,-1.100,0.000,activeTracking,noEvent
6382,2,31,rld,14:21:20.153,11700,0.863,-2.438,-0.077,-0.600,-0.100,onTarget,noEvent
6382,2,31,rld,14:21:20.187,11701,0.900,-2.528,-0.081,-0.400,0.000,onTarget,noEvent
6382,2,31,rld,14:21:20.232,11702,0.940,-2.594,-0.082,-0.300,0.000,onTarget,noEvent
6382,2,31,rld,14:21:20.280,11703,0.990,-2.652,-0.082,-0.300,0.000,onTarget,noEvent
6382,2,31,rld,14:21:20.325,11704,1.038,-2.684,-0.082,-0.100,0.000,onTarget,noEvent
6382,2,31,rld,14:21:20.372,11705,1.083,-2.707,-0.082,-0.100,0.000,onTarget,noEvent
6382,2,31,rld,14:21:20.390,11706,1.104,-2.714,-0.082,0.000,0.000,onTarget,noEvent
6382,2,31,rld,14:21:20.421,11707,1.132,-2.717,-0.082,0.000,0.000,onTarget,noEvent
6382,2,31,rld,14:21:20.457,11708,1.172,-2.718,-0.082,0.000,0.000,onTarget,noEvent
6382,2,31,rld,14:21:20.503,11709,1.217,-2.718,-0.082,0.000,0.000,onTarget,noEvent
6382,2,31,rld,14:21:20.551,11710,1.263,-2.718,-0.082,0.000,0.000,onTarget,noEvent
6382,2,31,rld,14:21:20.604,11711,1.316,-2.718,-0.082,0.000,0.000,onTarget,noEvent
6382,2,31,rld,14:21:20.647,11712,1.358,-2.718,-0.082,0.000,0.000,onTarget,noEvent
6382,2,31,rld,14:21:20.685,11713,1.400,-2.718,-0.082,0.000,0.000,onTarget,noEvent
6382,2,31,rld,14:21:20.734,11714,1.448,-2.718,-0.082,0.000,0.000,onTarget,noEvent
6382,2,31,rld,14:21:20.776,11715,1.490,-2.718,-0.082,0.000,0.000,onTarget,noEvent
6382,2,31,rld,14:21:20.865,11716,1.557,-2.718,-0.082,0.000,0.000,onTarget,noEvent
6382,2,31,rld,14:21:20.973,11717,1.668,-2.718,-0.082,0.000,0.000,onTarget,targetClick
6382,2,32,rld,14:21:23.365,11768,1.740,-0.235,0.035,0.000,0.000,waitingForTarget,middleTargetClick
6382,2,32,rld,14:21:23.415,11769,1.794,-0.236,0.035,0.000,0.000,waitingForTarget,noEvent
6382,2,32,rld,14:21:23.439,11770,1.824,-0.236,0.035,0.000,0.000,waitingForTarget,noEvent
6382,2,32,rld,14:21:23.462,11771,1.845,-0.236,0.035,0.000,0.000,waitingForTarget,noEvent
6382,2,32,rld,14:21:23.486,11772,1.871,-0.236,0.035,0.000,0.000,waitingForTarget,noEvent
6382,2,32,rld,14:21:23.521,11773,1.905,-0.236,0.035,0.000,0.000,waitingForTarget,noEvent
6382,2,32,rld,14:21:23.580,11774,1.963,-0.236,0.035,0.000,0.000,waitingForTarget,noEvent
6382,2,32,rld,14:21:23.656,11775,2.033,-0.236,0.035,0.000,0.000,waitingForTarget,noEvent
6382,2,32,rld,14:21:23.719,11776,2.103,-0.236,0.035,0.000,0.000,waitingForTarget,noEvent
6382,2,32,rld,14:21:23.763,11777,2.143,-0.236,0.035,0.000,0.000,waitingForTarget,noEvent
6382,2,32,rld,14:21:23.848,11778,0.077,-0.236,0.035,0.000,0.000,activeTracking,targetAppeared
6382,2,32,rld,14:21:23.889,11779,0.130,-0.236,0.035,0.000,0.000,activeTracking,noEvent
6382,2,32,rld,14:21:23.913,11780,0.148,-0.236,0.035,0.000,0.000,activeTracking,noEvent
6382,2,32,rld,14:21:23.924,11781,0.166,-0.236,0.035,0.000,0.000,activeTracking,noEvent
6382,2,32,rld,14:21:23.990,11782,0.230,-0.236,0.035,0.000,0.000,activeTracking,noEvent
6382,2,32,rld,14:21:24.068,11783,0.288,-0.236,0.035,0.000,0.000,activeTracking,noEvent
6382,2,32,rld,14:21:24.131,11784,0.361,-0.236,0.035,0.000,0.000,activeTracking,noEvent
6382,2,32,rld,14:21:24.182,11785,0.423,-0.326,0.035,-0.800,0.000,activeTracking,noEvent
6382,2,32,rld,14:21:24.203,11786,0.445,-0.379,0.035,-0.200,0.000,activeTracking,noEvent
6382,2,32,rld,14:21:24.222,11787,0.464,-0.397,0.035,0.000,0.000,activeTracking,noEvent
6382,2,32,rld,14:21:24.245,11788,0.486,-0.391,0.035,0.100,0.000,activeTracking,noEvent
6382,2,32,rld,14:21:24.281,11789,0.515,0.016,0.136,3.600,0.900,activeTracking,noEvent
6382,2,32,rld,14:21:24.388,11790,0.628,0.976,0.262,7.300,0.800,activeTracking,noEvent
6382,2,32,rld,14:21:24.419,11791,0.658,1.368,0.306,0.600,0.000,activeTracking,noEvent
6382,2,32,rld,14:21:24.460,11792,0.698,1.569,0.321,0.600,0.000,activeTracking,noEvent
6382,2,32,rld,14:21:24.505,11793,0.746,1.683,0.326,0.400,0.000,activeTracking,noEvent
6382,2,32,rld,14:21:24.533,11794,0.775,1.744,0.328,0.200,0.000,activeTracking,noEvent
6382,2,32,rld,14:21:24.575,11795,0.806,1.811,0.329,0.400,0.000,activeTracking,noEvent
6382,2,32,rld,14:21:24.605,11796,0.846,1.892,0.330,0.500,0.000,activeTracking,noEvent
6382,2,32,rld,14:21:24.654,11797,0.891,1.989,0.331,0.600,0.000,activeTracking,noEvent
6382,2,32,rld,14:21:24.701,11798,0.942,2.069,0.332,0.400,0.000,activeTracking,noEvent
6382,2,32,rld,14:21:24.739,11799,0.980,2.107,0.332,0.100,0.000,activeTracking,noEvent
6382,2,32,rld,14:21:24.797,11800,1.039,2.120,0.332,0.000,0.000,activeTracking,noEvent
6382,2,32,rld,14:21:24.834,11801,1.075,2.124,0.332,0.000,0.000,activeTracking,noEvent
6382,2,32,rld,14:21:24.890,11802,1.128,2.125,0.332,0.000,0.000,activeTracking,noEvent
6382,2,32,rld,14:21:24.965,11803,1.195,2.126,0.332,0.000,0.000,activeTracking,noEvent
6382,2,32,rld,14:21:25.051,11804,1.291,2.126,0.332,0.000,0.000,activeTracking,noEvent
6382,2,32,rld,14:21:25.120,11805,1.357,2.150,0.309,0.200,-0.200,activeTracking,noEvent
6382,2,32,rld,14:21:25.150,11806,1.388,2.240,0.233,0.700,-0.600,activeTracking,noEvent
6382,2,32,rld,14:21:25.186,11807,1.427,2.354,0.150,0.700,-0.500,activeTracking,noEvent
6382,2,32,rld,14:21:25.220,11808,1.458,2.428,0.100,0.300,-0.200,onTarget,noEvent
6382,2,32,rld,14:21:25.303,11809,1.517,2.500,0.048,0.400,-0.300,onTarget,noEvent
6382,2,32,rld,14:21:25.360,11810,1.596,2.585,-0.004,0.500,-0.300,onTarget,noEvent
6382,2,32,rld,14:21:25.382,11811,1.624,2.637,-0.021,0.200,0.000,onTarget,noEvent
6382,2,32,rld,14:21:25.414,11812,1.655,2.679,-0.039,0.200,-0.100,onTarget,noEvent
6382,2,32,rld,14:21:25.441,11813,1.676,2.717,-0.056,0.200,-0.100,onTarget,noEvent
6382,2,32,rld,14:21:25.462,11814,1.704,2.742,-0.062,0.100,0.000,onTarget,noEvent
6382,2,32,rld,14:21:25.496,11815,1.726,2.775,-0.076,0.200,-0.100,onTarget,noEvent
6382,2,32,rld,14:21:25.537,11816,1.774,2.822,-0.092,0.300,-0.100,onTarget,noEvent
6382,2,32,rld,14:21:25.582,11817,1.823,2.863,-0.109,0.200,-0.100,onTarget,noEvent
6382,2,32,rld,14:21:25.687,11818,1.910,2.888,-0.126,0.100,-0.100,onTarget,noEvent
6382,2,32,rld,14:21:25.772,11819,1.990,2.897,-0.132,0.000,0.000,onTarget,noEvent
6382,2,32,rld,14:21:25.815,11820,2.054,2.912,-0.134,0.100,0.000,onTarget,noEvent
6382,2,32,rld,14:21:25.833,11821,2.074,2.917,-0.135,0.000,0.000,onTarget,noEvent
6382,2,32,rld,14:21:25.846,11822,2.088,2.919,-0.135,0.000,0.000,onTarget,noEvent
6382,2,32,rld,14:21:25.866,11823,2.107,2.919,-0.135,0.000,0.000,onTarget,noEvent
6382,2,32,rld,14:21:25.878,11824,2.120,2.919,-0.135,0.000,0.000,onTarget,noEvent
6382,2,32,rld,14:21:25.896,11825,2.138,2.920,-0.135,0.000,0.000,onTarget,noEvent
6382,2,32,rld,14:21:25.943,11826,2.183,2.920,-0.135,0.000,0.000,onTarget,targetClick
6382,2,33,rld,14:21:28.985,11888,2.263,0.185,0.018,0.000,0.000,waitingForTarget,middleTargetClick
6382,2,33,rld,14:21:29.004,11889,2.288,0.185,0.018,0.000,0.000,waitingForTarget,noEvent
6382,2,33,rld,14:21:29.032,11890,2.315,0.186,0.018,0.000,0.000,waitingForTarget,noEvent
6382,2,33,rld,14:21:29.045,11891,2.328,0.186,0.018,0.000,0.000,waitingForTarget,noEvent
6382,2,33,rld,14:21:29.073,11892,2.356,0.186,0.018,0.000,0.000,waitingForTarget,noEvent
6382,2,33,rld,14:21:29.117,11893,2.400,0.186,0.018,0.000,0.000,waitingForTarget,noEvent
6382,2,33,rld,14:21:29.165,11894,2.446,0.186,0.018,0.000,0.000,waitingForTarget,noEvent
6382,2,33,rld,14:21:29.223,11895,2.501,0.186,0.018,0.000,0.000,waitingForTarget,noEvent
6382,2,33,rld,14:21:29.267,11896,2.550,0.186,0.018,0.000,0.000,waitingForTarget,noEvent
6382,2,33,rld,14:21:29.315,11897,2.591,0.186,0.018,0.000,0.000,waitingForTarget,noEvent
6382,2,33,rld,14:21:29.366,11898,2.640,0.186,0.018,0.000,0.000,waitingForTarget,noEvent
6382,2,33,rld,14:21:29.403,11899,2.686,0.186,0.018,0.000,0.000,waitingForTarget,noEvent
6382,2,33,rld,14:21:29.449,11900,0.044,0.186,0.018,0.000,0.000,activeTracking,targetAppeared
6382,2,33,rld,14:21:29.494,11901,0.091,0.186,0.018,0.000,0.000,activeTracking,noEvent
6382,2,33,rld,14:21:29.548,11902,0.139,0.186,0.018,0.000,0.000,activeTracking,noEvent
6382,2,33,rld,14:21:29.591,11903,0.184,0.186,0.018,0.000,0.000,activeTracking,noEvent
6382,2,33,rld,14:21:29.637,11904,0.233,0.186,0.018,0.000,0.000,activeTracking,noEvent
6382,2,33,rld,14:21:29.694,11905,0.285,0.186,0.018,0.000,0.000,activeTracking,noEvent
6382,2,33,rld,14:21:29.823,11906,0.419,0.186,0.018,0.000,0.000,activeTracking,noEvent
6382,2,33,rld,14:21:29.854,11907,0.441,0.186,0.018,0.000,0.000,activeTracking,noEvent
6382,2,33,rld,14:21:29.933,11908,0.525,0.840,0.019,5.800,0.000,activeTracking,noEvent
6382,2,33,rld,14:21:29.955,11909,0.551,1.265,0.019,1.800,0.000,activeTracking,noEvent
6382,2,33,rld,14:21:29.983,11910,0.580,1.546,0.020,1.200,0.000,activeTracking,noEvent
6382,2,33,rld,14:21:29.998,11911,0.594,1.756,0.020,1.000,0.000,activeTracking,noEvent
6382,2,33,rld,14:21:30.028,11912,0.619,1.920,0.020,0.800,0.000,activeTracking,noEvent
6382,2,33,rld,14:21:30.066,11913,0.660,2.093,0.021,1.000,0.000,activeTracking,noEvent
6382,2,33,rld,14:21:30.218,11914,0.704,2.316,0.021,1.400,0.000,activeTracking,noEvent
6382,2,33,rld,14:21:30.267,11915,0.862,2.692,0.034,2.500,0.100,onTarget,noEvent
6382,2,33,rld,14:21:30.295,11916,0.889,2.856,0.051,0.300,0.100,onTarget,noEvent
6382,2,33,rld,14:21:30.335,11917,0.930,2.960,0.056,0.400,0.000,onTarget,noEvent
6382,2,33,rld,14:21:30.350,11918,0.945,3.007,0.058,0.100,0.000,onTarget,noEvent
6382,2,33,rld,14:21:30.394,11919,0.985,3.060,0.059,0.300,0.000,onTarget,noEvent
6382,2,33,rld,14:21:30.417,11920,1.014,3.090,0.059,0.100,0.000,activeTracking,noEvent
6382,2,33,rld,14:21:30.446,11921,1.042,3.100,0.059,0.000,0.000,activeTracking,noEvent
6382,2,33,rld,14:21:30.486,11922,1.083,3.115,0.060,0.100,0.000,activeTracking,noEvent
6382,2,33,rld,14:21:30.533,11923,1.128,3.121,0.060,0.000,0.000,activeTracking,noEvent
6382,2,33,rld,14:21:30.575,11924,1.171,3.122,0.060,0.000,0.000,activeTracking,noEvent
6382,2,33,rld,14:21:30.621,11925,1.219,3.123,0.060,0.000,0.000,activeTracking,noEvent
6382,2,33,rld,14:21:30.664,11926,1.260,3.123,0.060,0.000,0.000,activeTracking,noEvent
6382,2,33,rld,14:21:30.706,11927,1.303,3.123,0.060,0.000,0.000,activeTracking,noEvent
6382,2,33,rld,14:21:30.754,11928,1.351,3.123,0.060,0.000,0.000,activeTracking,noEvent
6382,2,33,rld,14:21:30.847,11929,1.435,3.123,0.060,0.000,0.000,activeTracking,noEvent
6382,2,33,rld,14:21:30.902,11930,1.482,3.123,0.060,0.000,0.000,activeTracking,noEvent
6382,2,33,rld,14:21:30.996,11931,1.555,3.123,0.060,0.000,0.000,activeTracking,noEvent
6382,2,33,rld,14:21:31.034,11932,1.631,3.049,0.059,-0.600,0.000,onTarget,noEvent
6382,2,33,rld,14:21:31.055,11933,1.652,3.012,0.059,-0.100,0.000,onTarget,noEvent
6382,2,33,rld,14:21:31.065,11934,1.663,3.000,0.059,0.000,0.000,onTarget,noEvent
6382,2,33,rld,14:21:31.092,11935,1.688,2.983,0.059,-0.100,0.000,onTarget,noEvent
6382,2,33,rld,14:21:31.122,11936,1.719,2.953,0.059,-0.200,0.000,onTarget,noEvent
6382,2,33,rld,14:21:31.170,11937,1.764,2.931,0.059,-0.100,0.000,onTarget,noEvent
6382,2,33,rld,14:21:31.206,11938,1.804,2.923,0.059,0.000,0.000,onTarget,noEvent
6382,2,33,rld,14:21:31.255,11939,1.850,2.921,0.059,0.000,0.000,onTarget,noEvent
6382,2,33,rld,14:21:31.349,11940,1.936,2.908,0.059,-0.100,0.000,onTarget,noEvent
6382,2,33,rld,14:21:31.420,11941,2.005,2.903,0.059,0.000,0.000,onTarget,noEvent
6382,2,33,rld,14:21:31.471,11942,2.066,2.902,0.059,0.000,0.000,onTarget,noEvent
6382,2,33,rld,14:21:31.519,11943,2.115,2.901,0.059,0.000,0.000,onTarget,noEvent
6382,2,33,rld,14:21:31.546,11944,2.143,2.901,0.059,0.000,0.000,onTarget,noEvent
6382,2,33,rld,14:21:31.601,11945,2.195,2.901,0.059,0.000,0.000,onTarget,noEvent
6382,2,33,rld,14:21:31.658,11946,2.254,2.901,0.059,0.000,0.000,onTarget,noEvent
6382,2,33,rld,14:21:31.700,11947,2.286,2.901,0.059,0.000,0.000,onTarget,noEvent
6382,2,33,rld,14:21:31.763,11948,2.355,2.901,0.059,0.000,0.000,onTarget,noEvent
6382,2,33,rld,14:21:31.814,11949,2.410,2.901,0.059,0.000,0.000,onTarget,targetClick
6382,2,34,rld,14:21:34.634,12012,2.458,0.152,0.153,0.000,0.000,waitingForTarget,middleTargetClick
6382,2,34,rld,14:21:34.683,12013,2.508,0.152,0.153,0.000,0.000,waitingForTarget,noEvent
6382,2,34,rld,14:21:34.723,12014,2.549,0.152,0.153,0.000,0.000,waitingForTarget,noEvent
6382,2,34,rld,14:21:34.782,12015,2.598,0.152,0.153,0.000,0.000,waitingForTarget,noEvent
6382,2,34,rld,14:21:34.887,12016,2.706,0.152,0.153,0.000,0.000,waitingForTarget,noEvent
6382,2,34,rld,14:21:34.965,12017,2.778,0.152,0.153,0.000,0.000,waitingForTarget,noEvent
6382,2,34,rld,14:21:35.001,12018,2.827,0.152,0.153,0.000,0.000,waitingForTarget,noEvent
6382,2,34,rld,14:21:35.028,12019,2.853,0.152,0.153,0.000,0.000,waitingForTarget,noEvent
6382,2,34,rld,14:21:35.054,12020,2.876,0.152,0.153,0.000,0.000,waitingForTarget,noEvent
6382,2,34,rld,14:21:35.085,12021,0.034,0.152,0.153,0.000,0.000,activeTracking,targetAppeared
6382,2,34,rld,14:21:35.121,12022,0.064,0.152,0.153,0.000,0.000,activeTracking,noEvent
6382,2,34,rld,14:21:35.187,12023,0.121,0.152,0.153,0.000,0.000,activeTracking,noEvent
6382,2,34,rld,14:21:35.247,12024,0.189,0.152,0.153,0.000,0.000,activeTracking,noEvent
6382,2,34,rld,14:21:35.323,12025,0.254,0.152,0.153,0.000,0.000,activeTracking,noEvent
6382,2,34,rld,14:21:35.376,12026,0.317,0.152,0.153,0.000,0.000,activeTracking,noEvent
6382,2,34,rld,14:21:35.412,12027,0.352,0.152,0.153,0.000,0.000,activeTracking,noEvent
6382,2,34,rld,14:21:35.473,12028,0.404,0.152,0.153,0.000,0.000,activeTracking,noEvent
6382,2,34,rld,14:21:35.521,12029,0.466,0.152,0.153,0.000,0.000,activeTracking,noEvent
6382,2,34,rld,14:21:35.551,12030,0.494,0.152,0.153,0.000,0.000,activeTracking,noEvent
6382,2,34,rld,14:21:35.625,12031,0.573,-0.761,0.131,-8.100,-0.200,activeTracking,noEvent
6382,2,34,rld,14:21:35.645,12032,0.590,-1.572,0.046,-4.400,-0.700,activeTracking,noEvent
6382,2,34,rld,14:21:35.656,12033,0.604,-2.046,0.007,-1.700,-0.100,activeTracking,noEvent
6382,2,34,rld,14:21:35.680,12034,0.626,-2.396,-0.029,-1.600,-0.200,onTarget,noEvent
6382,2,34,rld,14:21:35.715,12035,0.663,-2.598,-0.041,-0.700,0.000,onTarget,noEvent
6382,2,34,rld,14:21:35.764,12036,0.702,-2.702,-0.045,-0.300,0.000,onTarget,noEvent
6382,2,34,rld,14:21:35.821,12037,0.766,-2.798,-0.047,-0.500,0.000,onTarget,noEvent
6382,2,34,rld,14:21:35.947,12038,0.895,-2.953,-0.047,-1.000,0.000,onTarget,noEvent
6382,2,34,rld,14:21:35.967,12039,0.914,-3.041,-0.047,-0.300,0.000,onTarget,noEvent
6382,2,34,rld,14:21:35.995,12040,0.943,-3.084,-0.047,-0.100,0.000,activeTracking,noEvent
6382,2,34,rld,14:21:36.039,12041,0.984,-3.135,-0.035,-0.300,0.100,activeTracking,noEvent
6382,2,34,rld,14:21:36.090,12042,1.033,-3.165,-0.019,-0.100,0.100,activeTracking,noEvent
6382,2,34,rld,14:21:36.115,12043,1.063,-3.187,-0.014,-0.100,0.000,activeTracking,noEvent
6382,2,34,rld,14:21:36.146,12044,1.095,-3.194,0.000,0.000,0.100,activeTracking,noEvent
6382,2,34,rld,14:21:36.180,12045,1.128,-3.197,0.004,0.000,0.000,activeTracking,noEvent
6382,2,34,rld,14:21:36.224,12046,1.172,-3.173,0.018,0.200,0.100,activeTracking,noEvent
6382,2,34,rld,14:21:36.272,12047,1.216,-3.127,0.034,0.300,0.100,activeTracking,noEvent
6382,2,34,rld,14:21:36.317,12048,1.265,-3.087,0.039,0.200,0.000,activeTracking,noEvent
6382,2,34,rld,14:21:36.461,12049,1.410,-2.926,0.099,1.200,0.500,onTarget,noEvent
6382,2,34,rld,14:21:36.500,12050,1.446,-2.763,0.177,0.900,0.500,onTarget,noEvent
6382,2,34,rld,14:21:36.523,12051,1.472,-2.672,0.214,0.300,0.100,onTarget,noEvent
6382,2,34,rld,14:21:36.552,12052,1.501,-2.606,0.226,0.300,0.000,onTarget,noEvent
6382,2,34,rld,14:21:36.572,12053,1.521,-2.572,0.241,0.100,0.100,onTarget,noEvent
6382,2,34,rld,14:21:36.602,12054,1.551,-2.537,0.246,0.200,0.000,onTarget,noEvent
6382,2,34,rld,14:21:36.655,12055,1.587,-2.501,0.248,0.200,0.000,onTarget,noEvent
6382,2,34,rld,14:21:36.771,12056,1.713,-2.453,0.248,0.300,0.000,onTarget,noEvent
6382,2,34,rld,14:21:36.826,12057,1.774,-2.425,0.248,0.100,0.000,activeTracking,noEvent
6382,2,34,rld,14:21:36.844,12058,1.793,-2.416,0.248,0.000,0.000,activeTracking,noEvent
6382,2,34,rld,14:21:36.884,12059,1.832,-2.413,0.248,0.000,0.000,activeTracking,noEvent
6382,2,34,rld,14:21:36.911,12060,1.859,-2.412,0.248,0.000,0.000,activeTracking,noEvent
6382,2,34,rld,14:21:36.939,12061,1.888,-2.411,0.248,0.000,0.000,activeTracking,noEvent
6382,2,34,rld,14:21:36.983,12062,1.932,-2.411,0.248,0.000,0.000,activeTracking,noEvent
6382,2,34,rld,14:21:37.036,12063,1.981,-2.411,0.236,0.000,-0.100,activeTracking,noEvent
6382,2,34,rld,14:21:37.080,12064,2.024,-2.411,0.221,0.000,-0.100,activeTracking,noEvent
6382,2,34,rld,14:21:37.137,12065,2.081,-2.411,0.204,0.000,-0.100,onTarget,noEvent
6382,2,34,rld,14:21:37.174,12066,2.118,-2.423,0.187,-0.100,-0.100,onTarget,noEvent
6382,2,34,rld,14:21:37.216,12067,2.165,-2.427,0.170,0.000,-0.100,onTarget,noEvent
6382,2,34,rld,14:21:37.264,12068,2.207,-2.428,0.152,0.000,-0.100,onTarget,noEvent
6382,2,34,rld,14:21:37.305,12069,2.252,-2.429,0.147,0.000,0.000,onTarget,noEvent
6382,2,34,rld,14:21:37.352,12070,2.299,-2.429,0.145,0.000,0.000,onTarget,noEvent
6382,2,34,rld,14:21:37.402,12071,2.351,-2.441,0.121,-0.100,-0.200,onTarget,noEvent
6382,2,34,rld,14:21:37.437,12072,2.386,-2.457,0.101,-0.100,-0.100,onTarget,noEvent
6382,2,34,rld,14:21:37.502,12073,2.436,-2.474,0.095,-0.100,0.000,onTarget,noEvent
6382,2,34,rld,14:21:37.606,12074,2.549,-2.480,0.093,0.000,0.000,onTarget,noEvent
6382,2,34,rld,14:21:37.683,12075,2.627,-2.482,0.092,0.000,0.000,onTarget,noEvent
6382,2,34,rld,14:21:37.717,12076,2.658,-2.483,0.092,0.000,0.000,onTarget,noEvent
6382,2,34,rld,14:21:37.766,12077,2.705,-2.483,0.092,0.000,0.000,onTarget,noEvent
6382,2,34,rld,14:21:37.836,12078,2.777,-2.483,0.092,0.000,0.000,onTarget,noEvent
6382,2,34,rld,14:21:37.864,12079,2.813,-2.483,0.092,0.000,0.000,onTarget,noEvent
6382,2,34,rld,14:21:37.888,12080,2.833,-2.483,0.092,0.000,0.000,onTarget,noEvent
6382,2,34,rld,14:21:37.902,12081,2.850,-2.483,0.092,0.000,0.000,onTarget,noEvent
6382,2,34,rld,14:21:37.932,12082,2.874,-2.483,0.092,0.000,0.000,onTarget,noEvent
6382,2,34,rld,14:21:37.972,12083,2.917,-2.483,0.080,0.000,-0.100,onTarget,noEvent
6382,2,34,rld,14:21:38.016,12084,2.965,-2.483,0.076,0.000,0.000,onTarget,noEvent
6382,2,34,rld,14:21:38.057,12085,3.005,-2.483,0.075,0.000,0.000,onTarget,noEvent
6382,2,34,rld,14:21:38.102,12086,3.051,-2.483,0.074,0.000,0.000,onTarget,noEvent
6382,2,34,rld,14:21:38.150,12087,3.098,-2.483,0.074,0.000,0.000,onTarget,noEvent
6382,2,34,rld,14:21:38.205,12088,3.152,-2.483,0.063,0.000,-0.100,onTarget,noEvent
6382,2,34,rld,14:21:38.311,12089,3.249,-2.483,0.036,0.000,-0.200,onTarget,noEvent
6382,2,34,rld,14:21:38.384,12090,3.329,-2.483,0.027,0.000,0.000,onTarget,noEvent
6382,2,34,rld,14:21:38.402,12091,3.351,-2.483,0.023,0.000,0.000,onTarget,noEvent
6382,2,34,rld,14:21:38.418,12092,3.367,-2.483,0.022,0.000,0.000,onTarget,noEvent
6382,2,34,rld,14:21:38.487,12093,3.422,-2.483,0.022,0.000,0.000,onTarget,noEvent
6382,2,34,rld,14:21:38.585,12094,3.517,-2.483,0.022,0.000,0.000,onTarget,targetClick
6382,2,35,rld,14:21:41.830,12162,3.616,-0.152,-0.032,0.000,0.000,waitingForTarget,middleTargetClick
6382,2,35,rld,14:21:41.861,12163,3.648,-0.152,-0.032,0.000,0.000,waitingForTarget,noEvent
6382,2,35,rld,14:21:41.883,12164,3.675,-0.152,-0.032,0.000,0.000,waitingForTarget,noEvent
6382,2,35,rld,14:21:41.900,12165,3.692,-0.152,-0.032,0.000,0.000,waitingForTarget,noEvent
6382,2,35,rld,14:21:41.962,12166,3.746,-0.152,-0.032,0.000,0.000,waitingForTarget,noEvent
6382,2,35,rld,14:21:42.003,12167,3.792,-0.152,-0.032,0.000,0.000,waitingForTarget,noEvent
6382,2,35,rld,14:21:42.024,12168,3.815,-0.152,-0.032,0.000,0.000,waitingForTarget,noEvent
6382,2,35,rld,14:21:42.055,12169,3.846,-0.152,-0.032,0.000,0.000,waitingForTarget,noEvent
6382,2,35,rld,14:21:42.198,12170,3.960,-0.152,-0.032,0.000,0.000,waitingForTarget,noEvent
6382,2,35,rld,14:21:42.278,12172,0.030,-0.152,-0.032,0.000,0.000,activeTracking,targetAppeared
6382,2,35,rld,14:21:42.351,12173,0.099,-0.152,-0.032,0.000,0.000,activeTracking,noEvent
6382,2,35,rld,14:21:42.394,12174,0.153,-0.152,-0.032,0.000,0.000,activeTracking,noEvent
6382,2,35,rld,14:21:42.412,12175,0.174,-0.152,-0.032,0.000,0.000,activeTracking,noEvent
6382,2,35,rld,14:21:42.439,12176,0.200,-0.152,-0.032,0.000,0.000,activeTracking,noEvent
6382,2,35,rld,14:21:42.461,12177,0.223,-0.152,-0.032,0.000,0.000,activeTracking,noEvent
6382,2,35,rld,14:21:42.506,12178,0.267,-0.152,-0.032,0.000,0.000,activeTracking,noEvent
6382,2,35,rld,14:21:42.545,12179,0.306,-0.152,-0.032,0.000,0.000,activeTracking,noEvent
6382,2,35,rld,14:21:42.585,12180,0.336,-0.152,-0.032,0.000,0.000,activeTracking,noEvent
6382,2,35,rld,14:21:42.682,12181,0.436,-0.152,-0.032,0.000,0.000,activeTracking,noEvent
6382,2,35,rld,14:21:42.720,12182,0.477,-0.152,-0.032,0.000,0.000,activeTracking,noEvent
6382,2,35,rld,14:21:42.743,12183,0.504,-0.152,-0.032,0.000,0.000,activeTracking,noEvent
6382,2,35,rld,14:21:42.770,12184,0.529,-0.152,-0.032,0.000,0.000,activeTracking,noEvent
6382,2,35,rld,14:21:42.821,12185,0.578,-0.840,0.069,-6.100,0.900,activeTracking,noEvent
6382,2,35,rld,14:21:42.966,12186,0.699,-1.599,0.094,-4.600,-0.100,activeTracking,noEvent
6382,2,35,rld,14:21:43.014,12187,0.769,-1.891,0.103,-0.300,0.000,activeTracking,noEvent
6382,2,35,rld,14:21:43.049,12188,0.801,-2.000,0.106,-0.100,0.000,activeTracking,noEvent
6382,2,35,rld,14:21:43.082,12189,0.844,-2.049,0.107,-0.100,0.000,activeTracking,noEvent
6382,2,35,rld,14:21:43.104,12190,0.867,-2.065,0.107,0.000,0.000,activeTracking,noEvent
6382,2,35,rld,14:21:43.154,12191,0.902,-2.094,0.119,-0.200,0.100,activeTracking,noEvent
6382,2,35,rld,14:21:43.190,12192,0.947,-2.163,0.146,-0.500,0.200,activeTracking,noEvent
6382,2,35,rld,14:21:43.306,12193,1.049,-2.245,0.190,-0.500,0.300,activeTracking,noEvent
6382,2,35,rld,14:21:43.344,12194,1.102,-2.272,0.205,0.000,0.000,activeTracking,noEvent
6382,2,35,rld,14:21:43.366,12195,1.127,-2.281,0.210,0.000,0.000,activeTracking,noEvent
6382,2,35,rld,14:21:43.394,12196,1.150,-2.284,0.211,0.000,0.000,activeTracking,noEvent
6382,2,35,rld,14:21:43.414,12197,1.176,-2.285,0.212,0.000,0.000,activeTracking,noEvent
6382,2,35,rld,14:21:43.437,12198,1.199,-2.286,0.212,0.000,0.000,activeTracking,noEvent
6382,2,35,rld,14:21:43.484,12199,1.244,-2.286,0.212,0.000,0.000,activeTracking,noEvent
6382,2,35,rld,14:21:43.534,12200,1.296,-2.286,0.212,0.000,0.000,activeTracking,noEvent
6382,2,35,rld,14:21:43.584,12201,1.339,-2.286,0.212,0.000,0.000,activeTracking,noEvent
6382,2,35,rld,14:21:43.644,12202,1.399,-2.286,0.212,0.000,0.000,activeTracking,noEvent
6382,2,35,rld,14:21:43.772,12203,1.526,-2.322,0.189,-0.300,-0.200,activeTracking,noEvent
6382,2,35,rld,14:21:43.832,12204,1.588,-2.357,0.136,-0.200,-0.400,activeTracking,noEvent
6382,2,35,rld,14:21:43.863,12205,1.624,-2.381,0.106,-0.100,-0.100,onTarget,noEvent
6382,2,35,rld,14:21:43.886,12206,1.647,-2.401,0.096,-0.100,0.000,onTarget,noEvent
6382,2,35,rld,14:21:43.926,12207,1.678,-2.408,0.081,0.000,-0.100,onTarget,noEvent
6382,2,35,rld,14:21:43.953,12208,1.715,-2.410,0.065,0.000,-0.100,onTarget,noEvent
6382,2,35,rld,14:21:44.003,12209,1.764,-2.423,0.048,-0.100,-0.100,onTarget,noEvent
6382,2,35,rld,14:21:44.036,12210,1.798,-2.439,0.031,-0.100,-0.100,onTarget,noEvent
6382,2,35,rld,14:21:44.077,12211,1.838,-2.444,0.013,0.000,-0.100,onTarget,noEvent
6382,2,35,rld,14:21:44.104,12212,1.865,-2.446,0.007,0.000,0.000,onTarget,noEvent
6382,2,35,rld,14:21:44.148,12213,1.908,-2.447,0.005,0.000,0.000,onTarget,noEvent
6382,2,35,rld,14:21:44.197,12214,1.958,-2.447,0.005,0.000,0.000,onTarget,noEvent
6382,2,35,rld,14:21:44.237,12215,1.999,-2.447,0.005,0.000,0.000,onTarget,noEvent
6382,2,35,rld,14:21:44.292,12216,2.050,-2.447,0.004,0.000,0.000,onTarget,noEvent
6382,2,35,rld,14:21:44.334,12217,2.096,-2.447,0.004,0.000,0.000,onTarget,noEvent
6382,2,35,rld,14:21:44.384,12218,2.144,-2.447,0.004,0.000,0.000,onTarget,noEvent
6382,2,35,rld,14:21:44.437,12219,2.197,-2.447,0.004,0.000,0.000,onTarget,noEvent
6382,2,35,rld,14:21:44.519,12220,2.278,-2.471,0.005,-0.200,0.000,onTarget,noEvent
6382,2,35,rld,14:21:44.577,12221,2.336,-2.503,0.005,-0.200,0.000,onTarget,noEvent
6382,2,35,rld,14:21:44.618,12222,2.377,-2.526,0.005,-0.100,0.000,onTarget,noEvent
6382,2,35,rld,14:21:44.639,12223,2.401,-2.533,0.005,0.000,0.000,onTarget,noEvent
6382,2,35,rld,14:21:44.667,12224,2.428,-2.536,0.005,0.000,0.000,onTarget,noEvent
6382,2,35,rld,14:21:44.717,12225,2.477,-2.536,0.005,0.000,0.000,onTarget,noEvent
6382,2,35,rld,14:21:44.851,12226,2.587,-2.537,0.005,0.000,0.000,onTarget,noEvent
6382,2,35,rld,14:21:44.900,12227,2.659,-2.537,0.005,0.000,0.000,onTarget,noEvent
6382,2,35,rld,14:21:44.929,12228,2.690,-2.537,0.005,0.000,0.000,onTarget,noEvent
6382,2,35,rld,14:21:44.938,12229,2.700,-2.537,0.005,0.000,0.000,onTarget,noEvent
6382,2,35,rld,14:21:44.971,12230,2.729,-2.537,0.005,0.000,0.000,onTarget,targetClick
6382,2,36,rld,14:21:47.801,12288,2.799,-0.034,-0.100,0.000,0.000,waitingForTarget,middleTargetClick
6382,2,36,rld,14:21:47.841,12289,2.853,-0.034,-0.100,0.000,0.000,waitingForTarget,noEvent
6382,2,36,rld,14:21:47.856,12290,2.867,-0.034,-0.100,0.000,0.000,waitingForTarget,noEvent
6382,2,36,rld,14:21:47.867,12291,2.879,-0.034,-0.100,0.000,0.000,waitingForTarget,noEvent
6382,2,36,rld,14:21:47.894,12292,2.906,-0.034,-0.100,0.000,0.000,waitingForTarget,noEvent
6382,2,36,rld,14:21:47.934,12293,2.945,-0.034,-0.100,0.000,0.000,waitingForTarget,noEvent
6382,2,36,rld,14:21:47.987,12294,2.998,-0.034,-0.100,0.000,0.000,waitingForTarget,noEvent
6382,2,36,rld,14:21:48.042,12295,3.050,-0.034,-0.100,0.000,0.000,waitingForTarget,noEvent
6382,2,36,rld,14:21:48.096,12296,3.106,-0.034,-0.100,0.000,0.000,waitingForTarget,noEvent
6382,2,36,rld,14:21:48.135,12297,3.141,-0.034,-0.100,0.000,0.000,waitingForTarget,noEvent
6382,2,36,rld,14:21:48.171,12298,3.181,-0.034,-0.100,0.000,0.000,waitingForTarget,noEvent
6382,2,36,rld,14:21:48.220,12299,3.230,-0.034,-0.100,0.000,0.000,waitingForTarget,noEvent
6382,2,36,rld,14:21:48.301,12300,0.051,-0.034,-0.100,0.000,0.000,activeTracking,targetAppeared
6382,2,36,rld,14:21:48.366,12301,0.145,-0.034,-0.100,0.000,0.000,activeTracking,noEvent
6382,2,36,rld,14:21:48.443,12302,0.216,-0.034,-0.100,0.000,0.000,activeTracking,noEvent
6382,2,36,rld,14:21:48.459,12303,0.240,-0.034,-0.100,0.000,0.000,activeTracking,noEvent
6382,2,36,rld,14:21:48.510,12304,0.287,-0.034,-0.100,0.000,0.000,activeTracking,noEvent
6382,2,36,rld,14:21:48.562,12305,0.338,-0.034,-0.100,0.000,0.000,activeTracking,noEvent
6382,2,36,rld,14:21:48.638,12306,0.419,-0.034,-0.100,0.000,0.000,activeTracking,noEvent
6382,2,36,rld,14:21:48.673,12307,0.453,-0.034,-0.100,0.000,0.000,activeTracking,noEvent
6382,2,36,rld,14:21:48.705,12308,0.484,-0.034,-0.100,0.000,0.000,activeTracking,noEvent
6382,2,36,rld,14:21:48.821,12309,0.599,0.068,-0.032,0.900,0.600,activeTracking,noEvent
6382,2,36,rld,14:21:48.850,12310,0.626,0.948,0.217,7.500,2.000,activeTracking,noEvent
6382,2,36,rld,14:21:48.879,12311,0.656,1.371,0.279,1.100,-0.200,activeTracking,noEvent
6382,2,36,rld,14:21:48.907,12312,0.688,1.582,0.301,0.600,0.000,activeTracking,noEvent
6382,2,36,rld,14:21:48.934,12313,0.711,1.722,0.297,0.600,-0.100,activeTracking,noEvent
6382,2,36,rld,14:21:48.972,12314,0.753,1.839,0.285,0.600,-0.100,activeTracking,noEvent
6382,2,36,rld,14:21:49.020,12315,0.797,2.018,0.259,1.200,-0.200,activeTracking,noEvent
6382,2,36,rld,14:21:49.047,12316,0.828,2.161,0.251,0.700,0.000,activeTracking,noEvent
6382,2,36,rld,14:21:49.076,12317,0.855,2.303,0.249,0.800,0.000,activeTracking,noEvent
6382,2,36,rld,14:21:49.120,12318,0.897,2.495,0.249,1.200,0.000,onTarget,noEvent
6382,2,36,rld,14:21:49.167,12319,0.946,2.631,0.250,0.600,0.000,onTarget,noEvent
6382,2,36,rld,14:21:49.206,12320,0.986,2.701,0.251,0.200,0.000,onTarget,noEvent
6382,2,36,rld,14:21:49.263,12321,1.038,2.761,0.251,0.300,0.000,onTarget,noEvent
6382,2,36,rld,14:21:49.301,12322,1.080,2.793,0.240,0.100,-0.100,onTarget,noEvent
6382,2,36,rld,14:21:49.351,12323,1.128,2.804,0.224,0.000,-0.100,onTarget,noEvent
6382,2,36,rld,14:21:49.388,12324,1.167,2.808,0.196,0.000,-0.200,onTarget,noEvent
6382,2,36,rld,14:21:49.506,12325,1.268,2.760,0.115,-0.400,-0.600,onTarget,noEvent
6382,2,36,rld,14:21:49.542,12326,1.318,2.720,0.077,-0.200,-0.100,onTarget,noEvent
6382,2,36,rld,14:21:49.560,12327,1.341,2.707,0.052,0.000,-0.100,onTarget,noEvent
6382,2,36,rld,14:21:49.581,12328,1.363,2.702,0.044,0.000,0.000,onTarget,noEvent
6382,2,36,rld,14:21:49.623,12329,1.405,2.701,0.042,0.000,0.000,onTarget,noEvent
6382,2,36,rld,14:21:49.670,12330,1.450,2.700,0.029,0.000,-0.100,onTarget,noEvent
6382,2,36,rld,14:21:49.713,12331,1.494,2.688,0.025,-0.100,0.000,onTarget,noEvent
6382,2,36,rld,14:21:49.762,12332,1.538,2.672,0.012,-0.100,-0.100,onTarget,noEvent
6382,2,36,rld,14:21:49.825,12333,1.596,2.654,-0.004,-0.100,-0.100,onTarget,noEvent
6382,2,36,rld,14:21:49.876,12334,1.645,2.636,-0.022,-0.100,-0.100,onTarget,noEvent
6382,2,36,rld,14:21:49.981,12335,1.762,2.606,-0.027,-0.200,0.000,onTarget,noEvent
6382,2,36,rld,14:21:50.006,12336,1.784,2.596,-0.029,0.000,0.000,onTarget,noEvent
6382,2,36,rld,14:21:50.068,12337,1.849,2.593,-0.030,0.000,0.000,onTarget,noEvent
6382,2,36,rld,14:21:50.084,12338,1.867,2.592,-0.030,0.000,0.000,onTarget,noEvent
6382,2,36,rld,14:21:50.097,12339,1.879,2.591,-0.030,0.000,0.000,onTarget,noEvent
6382,2,36,rld,14:21:50.121,12340,1.903,2.591,-0.030,0.000,0.000,onTarget,noEvent
6382,2,36,rld,14:21:50.166,12341,1.947,2.591,-0.030,0.000,0.000,onTarget,targetClick
6382,2,37,rld,14:21:53.172,12405,2.000,0.219,0.069,0.000,0.000,waitingForTarget,middleTargetClick
6382,2,37,rld,14:21:53.250,12406,2.080,0.219,0.069,0.000,0.000,waitingForTarget,noEvent
6382,2,37,rld,14:21:53.311,12407,2.149,0.219,0.069,0.000,0.000,waitingForTarget,noEvent
6382,2,37,rld,14:21:53.370,12408,2.212,0.219,0.069,0.000,0.000,waitingForTarget,noEvent
6382,2,37,rld,14:21:53.402,12409,2.243,0.219,0.069,0.000,0.000,waitingForTarget,noEvent
6382,2,37,rld,14:21:53.475,12410,2.300,0.219,0.069,0.000,0.000,waitingForTarget,noEvent
6382,2,37,rld,14:21:53.513,12411,2.348,0.219,0.069,0.000,0.000,waitingForTarget,noEvent
6382,2,37,rld,14:21:53.556,12412,2.389,0.219,0.069,0.000,0.000,waitingForTarget,noEvent
6382,2,37,rld,14:21:53.612,12413,2.441,0.219,0.069,0.000,0.000,waitingForTarget,noEvent
6382,2,37,rld,14:21:53.655,12414,0.050,0.219,0.069,0.000,0.000,activeTracking,targetAppeared
6382,2,37,rld,14:21:53.709,12415,0.100,0.219,0.069,0.000,0.000,activeTracking,noEvent
6382,2,37,rld,14:21:53.759,12416,0.143,0.219,0.069,0.000,0.000,activeTracking,noEvent
6382,2,37,rld,14:21:53.800,12417,0.203,0.219,0.069,0.000,0.000,activeTracking,noEvent
6382,2,37,rld,14:21:53.817,12418,0.219,0.219,0.069,0.000,0.000,activeTracking,noEvent
6382,2,37,rld,14:21:53.832,12419,0.234,0.219,0.069,0.000,0.000,activeTracking,noEvent
6382,2,37,rld,14:21:53.864,12420,0.266,0.219,0.069,0.000,0.000,activeTracking,noEvent
6382,2,37,rld,14:21:53.948,12421,0.338,0.219,0.069,0.000,0.000,activeTracking,noEvent
6382,2,37,rld,14:21:53.989,12422,0.387,0.219,0.069,0.000,0.000,activeTracking,noEvent
6382,2,37,rld,14:21:54.080,12423,0.473,0.219,0.069,0.000,0.000,activeTracking,noEvent
6382,2,37,rld,14:21:54.142,12424,0.543,0.988,0.104,6.800,0.300,activeTracking,noEvent
6382,2,37,rld,14:21:54.164,12425,0.567,1.430,0.082,1.600,-0.300,activeTracking,noEvent
6382,2,37,rld,14:21:54.194,12426,0.591,1.648,0.064,0.600,-0.100,activeTracking,noEvent
6382,2,37,rld,14:21:54.213,12427,0.615,1.744,0.046,0.200,-0.100,activeTracking,noEvent
6382,2,37,rld,14:21:54.233,12428,0.635,1.811,0.029,0.300,-0.100,activeTracking,noEvent
6382,2,37,rld,14:21:54.277,12429,0.679,1.892,0.012,0.500,-0.100,activeTracking,noEvent
6382,2,37,rld,14:21:54.332,12430,0.722,1.966,-0.005,0.400,-0.100,activeTracking,noEvent
6382,2,37,rld,14:21:54.503,12431,0.859,2.179,-0.045,1.600,-0.300,activeTracking,noEvent
6382,2,37,rld,14:21:54.533,12432,0.930,2.333,-0.070,0.700,-0.100,activeTracking,noEvent
6382,2,37,rld,14:21:54.554,12433,0.956,2.409,-0.078,0.200,0.000,onTarget,noEvent
6382,2,37,rld,14:21:54.576,12434,0.974,2.446,-0.081,0.100,0.000,onTarget,noEvent
6382,2,37,rld,14:21:54.594,12435,0.997,2.459,-0.094,0.000,-0.100,onTarget,noEvent
6382,2,37,rld,14:21:54.616,12436,1.018,2.475,-0.098,0.100,0.000,onTarget,noEvent
6382,2,37,rld,14:21:54.666,12437,1.064,2.492,-0.111,0.100,-0.100,onTarget,noEvent
6382,2,37,rld,14:21:54.709,12438,1.108,2.498,-0.115,0.000,0.000,onTarget,noEvent
6382,2,37,rld,14:21:54.752,12439,1.154,2.500,-0.117,0.000,0.000,onTarget,noEvent
6382,2,37,rld,14:21:54.802,12440,1.204,2.501,-0.117,0.000,0.000,onTarget,noEvent
6382,2,37,rld,14:21:54.845,12441,1.245,2.501,-0.117,0.000,0.000,onTarget,noEvent
6382,2,37,rld,14:21:54.884,12442,1.286,2.501,-0.117,0.000,0.000,onTarget,noEvent
6382,2,37,rld,14:21:54.930,12443,1.331,2.501,-0.117,0.000,0.000,onTarget,noEvent
6382,2,37,rld,14:21:54.976,12444,1.375,2.501,-0.117,0.000,0.000,onTarget,noEvent
6382,2,37,rld,14:21:55.052,12445,1.438,2.501,-0.117,0.000,0.000,onTarget,noEvent
6382,2,37,rld,14:21:55.121,12446,1.508,2.501,-0.117,0.000,0.000,onTarget,noEvent
6382,2,37,rld,14:21:55.181,12447,1.581,2.501,-0.117,0.000,0.000,onTarget,noEvent
6382,2,37,rld,14:21:55.238,12448,1.639,2.501,-0.117,0.000,0.000,onTarget,noEvent
6382,2,37,rld,14:21:55.294,12449,1.688,2.501,-0.117,0.000,0.000,onTarget,targetClick
6382,2,38,rld,14:21:57.898,12505,1.730,0.253,0.169,0.000,0.000,waitingForTarget,middleTargetClick
6382,2,38,rld,14:21:57.913,12506,1.748,0.253,0.170,0.000,0.000,waitingForTarget,noEvent
6382,2,38,rld,14:21:57.935,12507,1.770,0.253,0.170,0.000,0.000,waitingForTarget,noEvent
6382,2,38,rld,14:21:57.961,12508,1.795,0.253,0.170,0.000,0.000,waitingForTarget,noEvent
6382,2,38,rld,14:21:57.989,12509,1.823,0.253,0.170,0.000,0.000,waitingForTarget,noEvent
6382,2,38,rld,14:21:58.047,12510,1.873,0.253,0.170,0.000,0.000,waitingForTarget,noEvent
6382,2,38,rld,14:21:58.096,12511,1.931,0.253,0.170,0.000,0.000,waitingForTarget,noEvent
6382,2,38,rld,14:21:58.137,12512,1.970,0.253,0.170,0.000,0.000,waitingForTarget,noEvent
6382,2,38,rld,14:21:58.185,12513,2.016,0.253,0.170,0.000,0.000,waitingForTarget,noEvent
6382,2,38,rld,14:21:58.237,12514,2.070,0.253,0.170,0.000,0.000,waitingForTarget,noEvent
6382,2,38,rld,14:21:58.293,12515,2.124,0.253,0.170,0.000,0.000,waitingForTarget,noEvent
6382,2,38,rld,14:21:58.358,12516,2.179,0.253,0.170,0.000,0.000,waitingForTarget,noEvent
6382,2,38,rld,14:21:58.411,12517,0.062,0.253,0.170,0.000,0.000,activeTracking,targetAppeared
6382,2,38,rld,14:21:58.442,12518,0.094,0.253,0.170,0.000,0.000,activeTracking,noEvent
6382,2,38,rld,14:21:58.470,12519,0.123,0.253,0.170,0.000,0.000,activeTracking,noEvent
6382,2,38,rld,14:21:58.571,12520,0.213,0.253,0.170,0.000,0.000,activeTracking,noEvent
6382,2,38,rld,14:21:58.613,12521,0.268,0.253,0.170,0.000,0.000,activeTracking,noEvent
6382,2,38,rld,14:21:58.643,12522,0.298,0.253,0.170,0.000,0.000,activeTracking,noEvent
6382,2,38,rld,14:21:58.669,12523,0.325,0.253,0.170,0.000,0.000,activeTracking,noEvent
6382,2,38,rld,14:21:58.760,12524,0.412,0.886,0.330,5.600,1.400,activeTracking,noEvent
6382,2,38,rld,14:21:58.785,12525,0.441,1.258,0.396,1.400,0.100,activeTracking,noEvent
6382,2,38,rld,14:21:58.826,12526,0.474,1.452,0.419,0.600,0.000,activeTracking,noEvent
6382,2,38,rld,14:21:58.864,12527,0.519,1.586,0.427,0.600,0.000,activeTracking,noEvent
6382,2,38,rld,14:21:58.910,12528,0.560,1.781,0.420,1.300,-0.100,activeTracking,noEvent
6382,2,38,rld,14:21:58.948,12529,0.602,2.011,0.408,1.400,-0.100,activeTracking,noEvent
6382,2,38,rld,14:21:58.989,12530,0.640,2.289,0.383,1.700,-0.200,activeTracking,noEvent
6382,2,38,rld,14:21:59.039,12531,0.687,2.526,0.364,1.200,-0.100,activeTracking,noEvent
6382,2,38,rld,14:21:59.080,12532,0.731,2.690,0.359,0.700,0.000,activeTracking,noEvent
6382,2,38,rld,14:21:59.181,12533,0.802,2.843,0.359,0.800,0.000,activeTracking,noEvent
6382,2,38,rld,14:21:59.266,12534,0.918,2.992,0.325,0.800,-0.300,activeTracking,noEvent
6382,2,38,rld,14:21:59.290,12535,0.943,3.055,0.302,0.100,-0.100,activeTracking,noEvent
6382,2,38,rld,14:21:59.318,12536,0.972,3.076,0.282,0.000,-0.100,activeTracking,noEvent
6382,2,38,rld,14:21:59.334,12537,0.990,3.083,0.275,0.000,0.000,activeTracking,noEvent
6382,2,38,rld,14:21:59.373,12538,1.027,3.085,0.250,0.000,-0.200,activeTracking,noEvent
6382,2,38,rld,14:21:59.403,12539,1.058,3.073,0.217,-0.100,-0.200,activeTracking,noEvent
6382,2,38,rld,14:21:59.505,12540,1.107,3.069,0.195,0.000,-0.100,activeTracking,noEvent
6382,2,38,rld,14:21:59.599,12541,1.249,2.957,0.068,-0.900,-1.000,onTarget,noEvent
6382,2,38,rld,14:21:59.610,12542,1.263,2.920,0.027,0.000,0.000,onTarget,noEvent
6382,2,38,rld,14:21:59.639,12543,1.292,2.858,-0.023,-0.400,-0.300,onTarget,noEvent
6382,2,38,rld,14:21:59.671,12544,1.326,2.777,-0.063,-0.500,-0.200,onTarget,noEvent
6382,2,38,rld,14:21:59.704,12545,1.355,2.701,-0.088,-0.400,-0.100,onTarget,noEvent
6382,2,38,rld,14:21:59.738,12546,1.393,2.628,-0.119,-0.400,-0.200,onTarget,noEvent
6382,2,38,rld,14:21:59.774,12547,1.429,2.579,-0.130,-0.200,0.000,onTarget,noEvent
6382,2,38,rld,14:21:59.815,12548,1.469,2.539,-0.133,-0.200,0.000,onTarget,noEvent
6382,2,38,rld,14:21:59.864,12549,1.517,2.514,-0.134,-0.100,0.000,onTarget,noEvent
6382,2,38,rld,14:21:59.906,12550,1.560,2.493,-0.135,-0.100,0.000,onTarget,noEvent
6382,2,38,rld,14:21:59.950,12551,1.605,2.474,-0.135,-0.100,0.000,onTarget,noEvent
6382,2,38,rld,14:21:59.995,12552,1.651,2.468,-0.135,0.000,0.000,onTarget,noEvent
6382,2,38,rld,14:22:00.054,12553,1.706,2.466,-0.135,0.000,0.000,onTarget,noEvent
6382,2,38,rld,14:22:00.114,12554,1.758,2.465,-0.135,0.000,0.000,onTarget,noEvent
6382,2,38,rld,14:22:00.172,12555,1.825,2.465,-0.135,0.000,0.000,onTarget,noEvent
6382,2,38,rld,14:22:00.249,12556,1.893,2.465,-0.135,0.000,0.000,onTarget,noEvent
6382,2,38,rld,14:22:00.313,12557,1.953,2.465,-0.135,0.000,0.000,onTarget,noEvent
6382,2,38,rld,14:22:00.354,12558,2.007,2.465,-0.135,0.000,0.000,onTarget,noEvent
6382,2,38,rld,14:22:00.377,12559,2.033,2.465,-0.135,0.000,0.000,onTarget,noEvent
6382,2,38,rld,14:22:00.449,12560,2.094,2.465,-0.135,0.000,0.000,onTarget,noEvent
6382,2,38,rld,14:22:00.489,12561,2.144,2.465,-0.135,0.000,0.000,onTarget,noEvent
6382,2,38,rld,14:22:00.552,12562,2.200,2.465,-0.135,0.000,0.000,onTarget,targetClick
6382,2,39,rld,14:22:03.327,12622,2.279,0.000,0.170,0.000,0.000,waitingForTarget,middleTargetClick
6382,2,39,rld,14:22:03.372,12623,2.337,0.000,0.170,0.000,0.000,waitingForTarget,noEvent
6382,2,39,rld,14:22:03.417,12624,2.382,0.000,0.170,0.000,0.000,waitingForTarget,noEvent
6382,2,39,rld,14:22:03.476,12625,2.434,0.000,0.170,0.000,0.000,waitingForTarget,noEvent
6382,2,39,rld,14:22:03.528,12626,2.479,0.000,0.170,0.000,0.000,waitingForTarget,noEvent
6382,2,39,rld,14:22:03.566,12627,2.529,0.000,0.170,0.000,0.000,waitingForTarget,noEvent
6382,2,39,rld,14:22:03.616,12628,2.568,0.000,0.170,0.000,0.000,waitingForTarget,noEvent
6382,2,39,rld,14:22:03.661,12629,2.619,0.000,0.170,0.000,0.000,waitingForTarget,noEvent
6382,2,39,rld,14:22:03.701,12630,2.661,0.000,0.170,0.000,0.000,waitingForTarget,noEvent
6382,2,39,rld,14:22:03.752,12631,2.712,0.000,0.170,0.000,0.000,waitingForTarget,noEvent
6382,2,39,rld,14:22:03.801,12632,0.043,0.000,0.170,0.000,0.000,activeTracking,targetAppeared
6382,2,39,rld,14:22:03.850,12633,0.102,0.000,0.170,0.000,0.000,activeTracking,noEvent
6382,2,39,rld,14:22:03.875,12634,0.129,0.000,0.170,0.000,0.000,activeTracking,noEvent
6382,2,39,rld,14:22:03.901,12635,0.152,0.000,0.170,0.000,0.000,activeTracking,noEvent
6382,2,39,rld,14:22:03.915,12636,0.169,0.000,0.170,0.000,0.000,activeTracking,noEvent
6382,2,39,rld,14:22:03.948,12637,0.202,0.000,0.170,0.000,0.000,activeTracking,noEvent
6382,2,39,rld,14:22:03.995,12638,0.248,0.000,0.170,0.000,0.000,activeTracking,noEvent
6382,2,39,rld,14:22:04.045,12639,0.298,0.000,0.170,0.000,0.000,activeTracking,noEvent
6382,2,39,rld,14:22:04.086,12640,0.339,0.000,0.170,0.000,0.000,activeTracking,noEvent
6382,2,39,rld,14:22:04.136,12641,0.387,0.000,0.170,0.000,0.000,activeTracking,noEvent
6382,2,39,rld,14:22:04.186,12642,0.436,0.000,0.170,0.000,0.000,activeTracking,noEvent
6382,2,39,rld,14:22:04.285,12643,0.507,0.000,0.170,0.000,0.000,activeTracking,noEvent
6382,2,39,rld,14:22:04.366,12644,0.609,0.000,0.170,0.000,0.000,activeTracking,noEvent
6382,2,39,rld,14:22:04.419,12645,0.671,-0.214,0.170,-1.900,0.000,activeTracking,noEvent
6382,2,39,rld,14:22:04.459,12646,0.709,-0.409,0.170,-1.100,0.000,activeTracking,noEvent
6382,2,39,rld,14:22:04.485,12647,0.737,-0.576,0.159,-0.900,-0.100,activeTracking,noEvent
6382,2,39,rld,14:22:04.522,12648,0.771,-0.722,0.156,-0.800,0.000,activeTracking,noEvent
6382,2,39,rld,14:22:04.545,12649,0.799,-0.827,0.155,-0.500,0.000,activeTracking,noEvent
6382,2,39,rld,14:22:04.581,12650,0.832,-0.919,0.155,-0.500,0.000,activeTracking,noEvent
6382,2,39,rld,14:22:04.605,12651,0.858,-0.995,0.155,-0.400,0.000,activeTracking,noEvent
6382,2,39,rld,14:22:04.712,12652,0.958,-1.123,0.155,-0.900,0.000,activeTracking,noEvent
6382,2,39,rld,14:22:04.736,12653,0.990,-1.189,0.155,-0.200,0.000,activeTracking,noEvent
6382,2,39,rld,14:22:04.766,12654,1.018,-1.234,0.155,-0.200,0.000,activeTracking,noEvent
6382,2,39,rld,14:22:04.804,12655,1.058,-1.260,0.155,-0.100,0.000,activeTracking,noEvent
6382,2,39,rld,14:22:04.846,12656,1.100,-1.269,0.155,0.000,0.000,activeTracking,noEvent
6382,2,39,rld,14:22:04.896,12657,1.149,-1.272,0.155,0.000,0.000,activeTracking,noEvent
6382,2,39,rld,14:22:04.945,12658,1.198,-1.273,0.155,0.000,0.000,activeTracking,noEvent
6382,2,39,rld,14:22:04.985,12659,1.238,-1.273,0.155,0.000,0.000,activeTracking,noEvent
6382,2,39,rld,14:22:05.032,12660,1.284,-1.273,0.155,0.000,0.000,activeTracking,noEvent
6382,2,39,rld,14:22:05.080,12661,1.334,-1.273,0.155,0.000,0.000,activeTracking,noEvent
6382,2,39,rld,14:22:05.124,12662,1.377,-1.273,0.155,0.000,0.000,activeTracking,noEvent
6382,2,39,rld,14:22:05.181,12663,1.433,-1.630,0.054,-3.100,-0.900,activeTracking,noEvent
6382,2,39,rld,14:22:05.235,12664,1.485,-2.124,-0.129,-3.200,-1.300,activeTracking,noEvent
6382,2,39,rld,14:22:05.271,12665,1.521,-2.410,-0.226,-1.000,-0.300,activeTracking,noEvent
6382,2,39,rld,14:22:05.322,12666,1.570,-2.603,-0.282,-0.800,-0.200,onTarget,noEvent
6382,2,39,rld,14:22:05.381,12667,1.630,-2.716,-0.313,-0.400,-0.100,onTarget,noEvent
6382,2,39,rld,14:22:05.469,12668,1.717,-2.815,-0.323,-0.500,0.000,onTarget,noEvent
6382,2,39,rld,14:22:05.564,12669,1.815,-3.008,-0.328,-1.300,0.000,activeTracking,noEvent
6382,2,39,rld,14:22:05.583,12670,1.837,-3.097,-0.330,-0.200,0.000,activeTracking,noEvent
6382,2,39,rld,14:22:05.602,12671,1.852,-3.177,-0.331,-0.400,0.000,activeTracking,noEvent
6382,2,39,rld,14:22:05.618,12672,1.871,-3.216,-0.343,-0.100,-0.100,activeTracking,noEvent
6382,2,39,rld,14:22:05.647,12673,1.900,-3.267,-0.347,-0.300,0.000,activeTracking,noEvent
6382,2,39,rld,14:22:05.696,12674,1.950,-3.321,-0.349,-0.300,0.000,activeTracking,noEvent
6382,2,39,rld,14:22:05.733,12675,1.986,-3.352,-0.350,-0.100,0.000,activeTracking,noEvent
6382,2,39,rld,14:22:05.781,12676,2.035,-3.362,-0.350,0.000,0.000,activeTracking,noEvent
6382,2,39,rld,14:22:05.845,12677,2.089,-3.053,-0.159,2.500,1.600,activeTracking,noEvent
6382,2,39,rld,14:22:05.905,12678,2.135,-2.890,-0.073,0.500,0.200,onTarget,noEvent
6382,2,39,rld,14:22:06.020,12679,2.269,-2.739,0.038,0.800,0.700,onTarget,noEvent
6382,2,39,rld,14:22:06.045,12680,2.298,-2.677,0.086,0.100,0.100,onTarget,noEvent
6382,2,39,rld,14:22:06.067,12681,2.321,-2.620,0.137,0.300,0.300,onTarget,noEvent
6382,2,39,rld,14:22:06.101,12682,2.355,-2.576,0.165,0.200,0.100,onTarget,noEvent
6382,2,39,rld,14:22:06.141,12683,2.390,-2.538,0.186,0.200,0.100,onTarget,noEvent
6382,2,39,rld,14:22:06.155,12684,2.409,-2.525,0.193,0.000,0.000,onTarget,noEvent
6382,2,39,rld,14:22:06.198,12685,2.452,-2.509,0.219,0.100,0.200,onTarget,noEvent
6382,2,39,rld,14:22:06.246,12686,2.499,-2.492,0.227,0.100,0.000,onTarget,noEvent
6382,2,39,rld,14:22:06.285,12687,2.538,-2.474,0.230,0.100,0.000,onTarget,noEvent
6382,2,39,rld,14:22:06.332,12688,2.586,-2.468,0.231,0.000,0.000,onTarget,noEvent
6382,2,39,rld,14:22:06.385,12689,2.638,-2.466,0.231,0.000,0.000,onTarget,noEvent
6382,2,39,rld,14:22:06.484,12690,2.721,-2.465,0.231,0.000,0.000,onTarget,noEvent
6382,2,39,rld,14:22:06.515,12691,2.765,-2.465,0.231,0.000,0.000,onTarget,noEvent
6382,2,39,rld,14:22:06.606,12692,2.857,-2.453,0.219,0.100,-0.100,onTarget,noEvent
6382,2,39,rld,14:22:06.672,12693,2.920,-2.449,0.192,0.000,-0.200,onTarget,noEvent
6382,2,39,rld,14:22:06.700,12694,2.951,-2.448,0.172,0.000,-0.100,onTarget,noEvent
6382,2,39,rld,14:22:06.721,12695,2.975,-2.459,0.153,-0.100,-0.100,onTarget,noEvent
6382,2,39,rld,14:22:06.735,12696,2.989,-2.463,0.147,0.000,0.000,onTarget,noEvent
6382,2,39,rld,14:22:06.751,12697,3.006,-2.464,0.145,0.000,0.000,onTarget,noEvent
6382,2,39,rld,14:22:06.803,12698,3.056,-2.477,0.121,-0.100,-0.200,onTarget,noEvent
6382,2,39,rld,14:22:06.849,12699,3.100,-2.481,0.101,0.000,-0.100,onTarget,noEvent
6382,2,39,rld,14:22:06.922,12700,3.168,-2.482,0.083,0.000,-0.100,onTarget,noEvent
6382,2,39,rld,14:22:06.951,12701,3.203,-2.483,0.077,0.000,0.000,onTarget,noEvent
6382,2,39,rld,14:22:06.984,12702,3.238,-2.483,0.075,0.000,0.000,onTarget,noEvent
6382,2,39,rld,14:22:07.034,12703,3.286,-2.483,0.075,0.000,0.000,onTarget,noEvent
6382,2,39,rld,14:22:07.085,12704,3.338,-2.483,0.074,0.000,0.000,onTarget,noEvent
6382,2,39,rld,14:22:07.204,12705,3.433,-2.483,0.074,0.000,0.000,onTarget,noEvent
6382,2,39,rld,14:22:07.276,12706,3.521,-2.483,0.074,0.000,0.000,onTarget,noEvent
6382,2,39,rld,14:22:07.324,12707,3.571,-2.483,0.074,0.000,0.000,onTarget,noEvent
6382,2,39,rld,14:22:07.352,12708,3.601,-2.495,0.063,-0.100,-0.100,onTarget,noEvent
6382,2,39,rld,14:22:07.379,12709,3.629,-2.499,0.059,0.000,0.000,onTarget,noEvent
6382,2,39,rld,14:22:07.400,12710,3.650,-2.500,0.046,0.000,-0.100,onTarget,noEvent
6382,2,39,rld,14:22:07.422,12711,3.675,-2.501,0.042,0.000,0.000,onTarget,noEvent
6382,2,39,rld,14:22:07.445,12712,3.699,-2.501,0.040,0.000,0.000,onTarget,noEvent
6382,2,39,rld,14:22:07.507,12713,3.755,-2.501,0.040,0.000,0.000,onTarget,noEvent
6382,2,39,rld,14:22:07.585,12714,3.837,-2.501,0.040,0.000,0.000,onTarget,noEvent
6382,2,39,rld,14:22:07.642,12715,3.890,-2.501,0.039,0.000,0.000,onTarget,noEvent
6382,2,39,rld,14:22:07.703,12716,3.951,-2.501,0.039,0.000,0.000,onTarget,noEvent
6382,2,40,rld,14:22:11.002,12788,0.047,0.051,-0.066,0.000,0.000,activeTracking,targetAppeared
6382,2,40,rld,14:22:11.064,12789,0.098,0.051,-0.066,0.000,0.000,activeTracking,noEvent
6382,2,40,rld,14:22:11.146,12790,0.185,0.051,-0.066,0.000,0.000,activeTracking,noEvent
6382,2,40,rld,14:22:11.164,12791,0.209,0.051,-0.066,0.000,0.000,activeTracking,noEvent
6382,2,40,rld,14:22:11.202,12792,0.243,0.051,-0.066,0.000,0.000,activeTracking,noEvent
6382,2,40,rld,14:22:11.262,12793,0.298,0.051,-0.066,0.000,0.000,activeTracking,noEvent
6382,2,40,rld,14:22:11.362,12794,0.382,0.051,-0.066,0.000,0.000,activeTracking,noEvent
6382,2,40,rld,14:22:11.420,12795,0.461,0.051,-0.066,0.000,0.000,activeTracking,noEvent
6382,2,40,rld,14:22:11.461,12796,0.497,0.051,-0.066,0.000,0.000,activeTracking,noEvent
6382,2,40,rld,14:22:11.525,12797,0.562,0.051,-0.066,0.000,0.000,activeTracking,noEvent
6382,2,40,rld,14:22:11.566,12798,0.600,0.017,-0.066,-0.300,0.000,activeTracking,noEvent
6382,2,40,rld,14:22:11.632,12799,0.673,-0.096,-0.066,-0.900,0.000,activeTracking,noEvent
6382,2,40,rld,14:22:11.663,12800,0.707,-0.178,-0.066,-0.400,0.000,activeTracking,noEvent
6382,2,40,rld,14:22:11.695,12801,0.738,-0.262,-0.055,-0.500,0.100,activeTracking,noEvent
6382,2,40,rld,14:22:11.711,12802,0.756,-0.301,-0.051,-0.100,0.000,activeTracking,noEvent
6382,2,40,rld,14:22:11.753,12803,0.797,-0.359,-0.050,-0.400,0.000,activeTracking,noEvent
6382,2,40,rld,14:22:11.775,12804,0.820,-0.401,-0.050,-0.200,0.000,activeTracking,noEvent
6382,2,40,rld,14:22:11.810,12805,0.851,-0.426,-0.049,-0.100,0.000,activeTracking,noEvent
6382,2,40,rld,14:22:11.853,12806,0.893,-0.367,-0.049,0.600,0.000,activeTracking,noEvent
6382,2,40,rld,14:22:11.944,12807,0.950,0.035,-0.049,3.400,0.000,activeTracking,noEvent
6382,2,40,rld,14:22:12.014,12808,1.048,0.699,-0.049,4.700,0.000,activeTracking,noEvent
6382,2,40,rld,14:22:12.027,12809,1.070,1.024,-0.049,0.900,0.000,activeTracking,noEvent
6382,2,40,rld,14:22:12.047,12810,1.091,1.144,-0.049,0.100,0.000,activeTracking,noEvent
6382,2,40,rld,14:22:12.094,12811,1.139,1.207,-0.049,0.200,0.000,activeTracking,noEvent
6382,2,40,rld,14:22:12.137,12812,1.181,1.263,-0.049,0.300,0.000,activeTracking,noEvent
6382,2,40,rld,14:22:12.186,12813,1.226,1.304,-0.049,0.200,0.000,activeTracking,noEvent
6382,2,40,rld,14:22:12.238,12814,1.282,1.341,-0.060,0.200,-0.100,activeTracking,noEvent
6382,2,40,rld,14:22:12.279,12815,1.323,1.353,-0.064,0.000,0.000,activeTracking,noEvent
6382,2,40,rld,14:22:12.335,12816,1.373,1.357,-0.065,0.000,0.000,activeTracking,noEvent
6382,2,40,rld,14:22:12.371,12817,1.414,1.358,-0.066,0.000,0.000,activeTracking,noEvent
6382,2,40,rld,14:22:12.470,12818,1.509,1.359,-0.066,0.000,0.000,activeTracking,noEvent
6382,2,40,rld,14:22:12.504,12819,1.548,1.359,-0.066,0.000,0.000,activeTracking,noEvent
6382,2,40,rld,14:22:12.554,12820,1.597,1.359,-0.066,0.000,0.000,activeTracking,noEvent
6382,2,40,rld,14:22:12.568,12821,1.613,1.359,-0.066,0.000,0.000,activeTracking,noEvent
6382,2,40,rld,14:22:12.582,12822,1.627,1.359,-0.066,0.000,0.000,activeTracking,noEvent
6382,2,40,rld,14:22:12.605,12823,1.649,1.359,-0.066,0.000,0.000,activeTracking,noEvent
6382,2,40,rld,14:22:12.663,12824,1.700,1.371,-0.066,0.100,0.000,activeTracking,noEvent
6382,2,40,rld,14:22:12.765,12825,1.792,1.478,-0.077,0.900,-0.100,activeTracking,noEvent
6382,2,40,rld,14:22:12.864,12826,1.901,1.618,-0.104,0.900,-0.200,activeTracking,noEvent
6382,2,40,rld,14:22:12.901,12827,1.942,1.699,-0.124,0.300,-0.100,activeTracking,noEvent
6382,2,40,rld,14:22:12.921,12828,1.966,1.750,-0.131,0.200,0.000,activeTracking,noEvent
6382,2,40,rld,14:22:12.951,12829,1.996,1.813,-0.145,0.400,-0.100,activeTracking,noEvent
6382,2,40,rld,14:22:12.997,12830,2.033,1.869,-0.149,0.300,0.000,activeTracking,noEvent
6382,2,40,rld,14:22:13.042,12831,2.079,1.935,-0.174,0.400,-0.200,activeTracking,noEvent
6382,2,40,rld,14:22:13.086,12832,2.128,2.003,-0.205,0.400,-0.200,activeTracking,noEvent
6382,2,40,rld,14:22:13.185,12833,2.224,2.073,-0.239,0.400,-0.200,activeTracking,noEvent
6382,2,40,rld,14:22:13.251,12834,2.291,2.097,-0.250,0.000,0.000,activeTracking,noEvent
6382,2,40,rld,14:22:13.302,12835,2.342,2.105,-0.254,0.000,0.000,activeTracking,noEvent
6382,2,40,rld,14:22:13.360,12836,2.403,2.107,-0.255,0.000,0.000,activeTracking,noEvent
6382,2,40,rld,14:22:13.375,12837,2.420,2.108,-0.255,0.000,0.000,activeTracking,noEvent
6382,2,40,rld,14:22:13.397,12838,2.441,2.108,-0.255,0.000,0.000,activeTracking,noEvent
6382,2,40,rld,14:22:13.416,12839,2.461,2.108,-0.255,0.000,0.000,activeTracking,noEvent
6382,2,40,rld,14:22:13.451,12840,2.496,2.108,-0.255,0.000,0.000,activeTracking,noEvent
6382,2,40,rld,14:22:13.497,12841,2.541,2.108,-0.255,0.000,0.000,activeTracking,noEvent
6382,2,40,rld,14:22:13.561,12842,2.598,2.108,-0.255,0.000,0.000,activeTracking,noEvent
6382,2,40,rld,14:22:13.685,12843,2.691,2.167,-0.256,0.500,0.000,activeTracking,noEvent
6382,2,40,rld,14:22:13.737,12844,2.779,2.270,-0.244,0.700,0.100,activeTracking,noEvent
6382,2,40,rld,14:22:13.759,12845,2.801,2.316,-0.241,0.100,0.000,activeTracking,noEvent
6382,2,40,rld,14:22:13.770,12846,2.814,2.344,-0.228,0.100,0.100,activeTracking,noEvent
6382,2,40,rld,14:22:13.782,12847,2.828,2.353,-0.224,0.000,0.000,activeTracking,noEvent
6382,2,40,rld,14:22:13.837,12848,2.877,2.404,-0.176,0.400,0.400,onTarget,noEvent
6382,2,40,rld,14:22:13.877,12849,2.917,2.540,-0.091,1.000,0.600,onTarget,noEvent
6382,2,40,rld,14:22:13.943,12850,2.972,2.671,-0.027,0.700,0.300,onTarget,noEvent
6382,2,40,rld,14:22:14.075,12851,3.097,2.787,0.030,0.600,0.300,onTarget,noEvent
6382,2,40,rld,14:22:14.112,12852,3.156,2.863,0.049,0.300,0.000,onTarget,noEvent
6382,2,40,rld,14:22:14.136,12853,3.180,2.901,0.055,0.100,0.000,onTarget,noEvent
6382,2,40,rld,14:22:14.165,12854,3.210,2.926,0.058,0.100,0.000,onTarget,noEvent
6382,2,40,rld,14:22:14.178,12855,3.222,2.934,0.058,0.000,0.000,onTarget,noEvent
6382,2,40,rld,14:22:14.196,12856,3.241,2.937,0.059,0.000,0.000,onTarget,noEvent
6382,2,40,rld,14:22:14.246,12857,3.290,2.950,0.082,0.100,0.200,onTarget,noEvent
6382,2,40,rld,14:22:14.303,12858,3.335,2.954,0.090,0.000,0.000,onTarget,noEvent
6382,2,40,rld,14:22:14.400,12859,3.431,2.956,0.093,0.000,0.000,onTarget,noEvent
6382,2,40,rld,14:22:14.466,12860,3.483,2.956,0.082,0.000,-0.100,onTarget,noEvent
6382,2,40,rld,14:22:14.513,12861,3.551,2.956,0.067,0.000,-0.100,onTarget,noEvent
6382,2,40,rld,14:22:14.533,12862,3.575,2.956,0.061,0.000,0.000,onTarget,noEvent
6382,2,40,rld,14:22:14.547,12863,3.592,2.956,0.060,0.000,0.000,onTarget,noEvent
6382,2,40,rld,14:22:14.563,12864,3.609,2.956,0.059,0.000,0.000,onTarget,noEvent
6382,2,40,rld,14:22:14.605,12865,3.650,2.956,0.059,0.000,0.000,onTarget,noEvent
6382,2,40,rld,14:22:14.653,12866,3.695,2.956,0.059,0.000,0.000,onTarget,noEvent
6382,2,40,rld,14:22:14.705,12867,3.749,2.956,0.059,0.000,0.000,onTarget,noEvent
6382,2,40,rld,14:22:14.747,12868,3.792,2.956,0.059,0.000,0.000,onTarget,noEvent
6382,2,40,rld,14:22:14.803,12869,3.848,2.956,0.059,0.000,0.000,onTarget,noEvent
6382,2,40,rld,14:22:14.836,12870,3.879,2.956,0.059,0.000,0.000,onTarget,noEvent
6382,2,40,rld,14:22:14.880,12871,3.923,2.956,0.059,0.000,0.000,onTarget,noEvent
6382,2,40,rld,14:22:14.926,12872,3.967,2.944,0.059,-0.100,0.000,onTarget,noEvent
6382,2,41,rld,14:22:19.715,12975,0.027,0.017,-0.016,0.000,0.000,activeTracking,targetAppeared
6382,2,41,rld,14:22:19.727,12976,0.043,0.017,-0.016,0.000,0.000,activeTracking,noEvent
6382,2,41,rld,14:22:19.747,12977,0.063,0.017,-0.016,0.000,0.000,activeTracking,noEvent
6382,2,41,rld,14:22:19.837,12978,0.144,0.017,-0.016,0.000,0.000,activeTracking,noEvent
6382,2,41,rld,14:22:19.904,12979,0.216,0.017,-0.016,0.000,0.000,activeTracking,noEvent
6382,2,41,rld,14:22:19.944,12980,0.254,0.017,-0.016,0.000,0.000,activeTracking,noEvent
6382,2,41,rld,14:22:19.984,12981,0.298,0.017,-0.016,0.000,0.000,activeTracking,noEvent
6382,2,41,rld,14:22:20.055,12982,0.364,0.017,-0.016,0.000,0.000,activeTracking,noEvent
6382,2,41,rld,14:22:20.118,12983,0.432,0.017,-0.016,0.000,0.000,activeTracking,noEvent
6382,2,41,rld,14:22:20.169,12984,0.480,0.017,-0.016,0.000,0.000,activeTracking,noEvent
6382,2,41,rld,14:22:20.231,12985,0.541,0.671,-0.004,5.800,0.100,activeTracking,noEvent
6382,2,41,rld,14:22:20.259,12986,0.568,1.003,-0.023,1.000,-0.200,activeTracking,noEvent
6382,2,41,rld,14:22:20.283,12987,0.598,1.229,-0.040,1.000,-0.100,activeTracking,noEvent
6382,2,41,rld,14:22:20.323,12988,0.633,1.384,-0.046,0.700,0.000,activeTracking,noEvent
6382,2,41,rld,14:22:20.354,12989,0.662,1.482,-0.048,0.400,0.000,activeTracking,noEvent
6382,2,41,rld,14:22:20.430,12990,0.745,1.723,-0.048,1.800,0.000,activeTracking,noEvent
6382,2,41,rld,14:22:20.465,12991,0.774,1.944,-0.048,1.200,0.000,activeTracking,noEvent
6382,2,41,rld,14:22:20.533,12992,0.813,2.207,-0.048,1.600,0.000,activeTracking,noEvent
6382,2,41,rld,14:22:20.617,12993,0.928,2.607,-0.024,2.600,0.200,onTarget,noEvent
6382,2,41,rld,14:22:20.641,12994,0.953,2.754,-0.016,0.100,0.000,onTarget,noEvent
6382,2,41,rld,14:22:20.665,12995,0.980,2.815,-0.013,0.100,0.000,onTarget,noEvent
6382,2,41,rld,14:22:20.679,12996,0.994,2.848,-0.012,0.100,0.000,onTarget,noEvent
6382,2,41,rld,14:22:20.703,12997,1.018,2.871,-0.012,0.100,0.000,onTarget,noEvent
6382,2,41,rld,14:22:20.748,12998,1.062,2.891,-0.012,0.100,0.000,onTarget,noEvent
6382,2,41,rld,14:22:20.795,12999,1.102,2.910,-0.012,0.100,0.000,onTarget,noEvent
6382,2,41,rld,14:22:20.833,13000,1.148,2.953,-0.012,0.300,0.000,onTarget,noEvent
6382,2,41,rld,14:22:20.882,13001,1.198,3.005,-0.023,0.300,-0.100,onTarget,noEvent
6382,2,41,rld,14:22:20.927,13002,1.236,3.034,-0.039,0.100,-0.100,onTarget,noEvent
6382,2,41,rld,14:22:20.979,13003,1.283,3.044,-0.056,0.000,-0.100,onTarget,noEvent
6382,2,41,rld,14:22:21.121,13004,1.403,3.010,-0.038,-0.300,0.200,onTarget,noEvent
6382,2,41,rld,14:22:21.158,13005,1.473,2.937,-0.021,-0.500,0.100,onTarget,noEvent
6382,2,41,rld,14:22:21.188,13006,1.504,2.864,-0.015,-0.400,0.000,onTarget,noEvent
6382,2,41,rld,14:22:21.216,13007,1.531,2.803,-0.013,-0.300,0.000,onTarget,noEvent
6382,2,41,rld,14:22:21.242,13008,1.553,2.759,-0.013,-0.200,0.000,onTarget,noEvent
6382,2,41,rld,14:22:21.269,13009,1.583,2.732,-0.012,-0.100,0.000,onTarget,noEvent
6382,2,41,rld,14:22:21.284,13010,1.600,2.723,-0.012,0.000,0.000,onTarget,noEvent
6382,2,41,rld,14:22:21.365,13011,1.671,2.695,-0.012,-0.200,0.000,onTarget,noEvent
6382,2,41,rld,14:22:21.397,13012,1.712,2.674,-0.012,-0.100,0.000,onTarget,noEvent
6382,2,41,rld,14:22:21.427,13013,1.742,2.667,-0.012,0.000,0.000,onTarget,noEvent
6382,2,41,rld,14:22:21.493,13014,1.788,2.665,-0.012,0.000,0.000,onTarget,noEvent
6382,2,41,rld,14:22:21.597,13015,1.901,2.640,0.011,-0.200,0.200,onTarget,noEvent
6382,2,41,rld,14:22:21.652,13016,1.967,2.631,0.030,0.000,0.100,onTarget,noEvent
6382,2,41,rld,14:22:21.676,13017,1.990,2.629,0.037,0.000,0.000,onTarget,noEvent
6382,2,41,rld,14:22:21.694,13018,2.006,2.628,0.039,0.000,0.000,onTarget,noEvent
6382,2,41,rld,14:22:21.719,13019,2.033,2.627,0.040,0.000,0.000,onTarget,noEvent
6382,2,41,rld,14:22:21.834,13020,2.147,2.627,0.040,0.000,0.000,onTarget,targetClick
6382,2,42,rld,14:22:24.530,13078,2.209,-0.094,-0.168,0.100,0.000,waitingForTarget,middleTargetClick
6382,2,42,rld,14:22:24.542,13079,2.225,-0.088,-0.168,0.000,0.000,waitingForTarget,noEvent
6382,2,42,rld,14:22:24.558,13080,2.240,-0.085,-0.168,0.000,0.000,waitingForTarget,noEvent
6382,2,42,rld,14:22:24.576,13081,2.258,-0.085,-0.168,0.000,0.000,waitingForTarget,noEvent
6382,2,42,rld,14:22:24.616,13082,2.296,-0.085,-0.168,0.000,0.000,waitingForTarget,noEvent
6382,2,42,rld,14:22:24.668,13083,2.348,-0.084,-0.168,0.000,0.000,waitingForTarget,noEvent
6382,2,42,rld,14:22:24.715,13084,2.393,-0.084,-0.168,0.000,0.000,waitingForTarget,noEvent
6382,2,42,rld,14:22:24.761,13085,2.444,-0.084,-0.168,0.000,0.000,waitingForTarget,noEvent
6382,2,42,rld,14:22:24.811,13086,2.492,-0.084,-0.168,0.000,0.000,waitingForTarget,noEvent
6382,2,42,rld,14:22:24.856,13087,2.536,-0.084,-0.168,0.000,0.000,waitingForTarget,noEvent
6382,2,42,rld,14:22:24.901,13088,2.581,-0.084,-0.168,0.000,0.000,waitingForTarget,noEvent
6382,2,42,rld,14:22:24.946,13089,2.627,-0.084,-0.168,0.000,0.000,waitingForTarget,noEvent
6382,2,42,rld,14:22:24.999,13090,0.050,-0.084,-0.168,0.000,0.000,activeTracking,targetAppeared
6382,2,42,rld,14:22:25.061,13091,0.108,-0.084,-0.168,0.000,0.000,activeTracking,noEvent
6382,2,42,rld,14:22:25.117,13092,0.163,-0.084,-0.168,0.000,0.000,activeTracking,noEvent
6382,2,42,rld,14:22:25.200,13093,0.239,-0.084,-0.168,0.000,0.000,activeTracking,noEvent
6382,2,42,rld,14:22:25.260,13094,0.303,-0.084,-0.168,0.000,0.000,activeTracking,noEvent
6382,2,42,rld,14:22:25.304,13095,0.357,-0.084,-0.168,0.000,0.000,activeTracking,noEvent
6382,2,42,rld,14:22:25.353,13096,0.402,-0.084,-0.168,0.000,0.000,activeTracking,noEvent
6382,2,42,rld,14:22:25.402,13097,0.443,-0.084,-0.168,0.000,0.000,activeTracking,noEvent
6382,2,42,rld,14:22:25.462,13098,0.507,-0.084,-0.168,0.000,0.000,activeTracking,noEvent
6382,2,42,rld,14:22:25.500,13099,0.552,-0.084,-0.168,0.000,0.000,activeTracking,noEvent
6382,2,42,rld,14:22:25.554,13100,0.604,-0.084,-0.168,0.000,0.000,activeTracking,noEvent
6382,2,42,rld,14:22:25.594,13101,0.649,-0.084,-0.168,0.000,0.000,activeTracking,noEvent
6382,2,42,rld,14:22:25.616,13102,0.669,-0.084,-0.168,0.000,0.000,activeTracking,noEvent
6382,2,42,rld,14:22:25.634,13103,0.686,-0.084,-0.168,0.000,0.000,activeTracking,noEvent
6382,2,42,rld,14:22:25.750,13104,0.792,0.637,-0.134,6.400,0.300,activeTracking,noEvent
6382,2,42,rld,14:22:25.812,13105,0.857,1.071,-0.100,1.700,0.200,activeTracking,noEvent
6382,2,42,rld,14:22:25.843,13106,0.893,1.378,-0.043,1.400,0.400,activeTracking,noEvent
6382,2,42,rld,14:22:25.866,13107,0.920,1.619,0.010,1.200,0.300,activeTracking,noEvent
6382,2,42,rld,14:22:25.895,13108,0.949,1.804,0.051,0.900,0.200,activeTracking,noEvent
6382,2,42,rld,14:22:25.927,13109,0.980,1.971,0.088,0.900,0.200,activeTracking,noEvent
6382,2,42,rld,14:22:25.949,13110,1.002,2.063,0.101,0.300,0.000,activeTracking,noEvent
6382,2,42,rld,14:22:26.034,13111,1.084,2.330,0.118,2.000,0.100,activeTracking,noEvent
6382,2,42,rld,14:22:26.059,13112,1.111,2.492,0.124,0.600,0.000,onTarget,noEvent
6382,2,42,rld,14:22:26.078,13113,1.133,2.582,0.126,0.300,0.000,onTarget,noEvent
6382,2,42,rld,14:22:26.126,13114,1.177,2.685,0.127,0.600,0.000,onTarget,noEvent
6382,2,42,rld,14:22:26.169,13115,1.223,2.768,0.128,0.400,0.000,onTarget,noEvent
6382,2,42,rld,14:22:26.218,13116,1.267,2.832,0.117,0.300,-0.100,onTarget,noEvent
6382,2,42,rld,14:22:26.262,13117,1.317,2.866,0.101,0.100,-0.100,onTarget,noEvent
6382,2,42,rld,14:22:26.332,13118,1.372,2.889,0.085,0.100,-0.100,onTarget,noEvent
6382,2,42,rld,14:22:26.425,13119,1.472,2.909,0.056,0.100,-0.200,onTarget,noEvent
6382,2,42,rld,14:22:26.513,13120,1.553,2.916,0.046,0.000,0.000,onTarget,noEvent
6382,2,42,rld,14:22:26.535,13121,1.587,2.918,0.043,0.000,0.000,onTarget,noEvent
6382,2,42,rld,14:22:26.554,13122,1.609,2.919,0.042,0.000,0.000,onTarget,noEvent
6382,2,42,rld,14:22:26.567,13123,1.621,2.919,0.041,0.000,0.000,onTarget,noEvent
6382,2,42,rld,14:22:26.582,13124,1.635,2.920,0.041,0.000,0.000,onTarget,noEvent
6382,2,42,rld,14:22:26.626,13125,1.680,2.920,0.041,0.000,0.000,onTarget,noEvent
6382,2,42,rld,14:22:26.670,13126,1.720,2.920,0.041,0.000,0.000,onTarget,noEvent
6382,2,42,rld,14:22:26.715,13127,1.768,2.920,0.041,0.000,0.000,onTarget,noEvent
6382,2,42,rld,14:22:26.814,13128,1.868,2.920,0.041,0.000,0.000,onTarget,noEvent
6382,2,42,rld,14:22:26.827,13129,1.882,2.920,0.041,0.000,0.000,onTarget,noEvent
6382,2,42,rld,14:22:26.852,13130,1.906,2.920,0.041,0.000,0.000,onTarget,noEvent
6382,2,42,rld,14:22:26.895,13131,1.950,2.920,0.041,0.000,0.000,onTarget,noEvent
6382,2,42,rld,14:22:26.945,13132,1.993,2.920,0.041,0.000,0.000,onTarget,noEvent
6382,2,42,rld,14:22:27.063,13133,2.102,2.920,0.041,0.000,0.000,onTarget,targetClick
6382,2,43,rld,14:22:29.736,13192,2.119,0.388,0.170,0.000,0.000,waitingForTarget,middleTargetClick
6382,2,43,rld,14:22:29.768,13193,2.150,0.388,0.170,0.000,0.000,waitingForTarget,noEvent
6382,2,43,rld,14:22:29.813,13194,2.196,0.388,0.170,0.000,0.000,waitingForTarget,noEvent
6382,2,43,rld,14:22:29.859,13195,2.239,0.388,0.170,0.000,0.000,waitingForTarget,noEvent
6382,2,43,rld,14:22:29.903,13196,2.286,0.388,0.170,0.000,0.000,waitingForTarget,noEvent
6382,2,43,rld,14:22:29.948,13197,2.331,0.388,0.170,0.000,0.000,waitingForTarget,noEvent
6382,2,43,rld,14:22:29.996,13198,2.379,0.388,0.170,0.000,0.000,waitingForTarget,noEvent
6382,2,43,rld,14:22:30.043,13199,2.421,0.388,0.170,0.000,0.000,waitingForTarget,noEvent
6382,2,43,rld,14:22:30.086,13200,2.469,0.388,0.170,0.000,0.000,waitingForTarget,noEvent
6382,2,43,rld,14:22:30.131,13201,2.513,0.388,0.170,0.000,0.000,waitingForTarget,noEvent
6382,2,43,rld,14:22:30.183,13202,2.566,0.388,0.170,0.000,0.000,waitingForTarget,noEvent
6382,2,43,rld,14:22:30.231,13203,0.045,0.388,0.170,0.000,0.000,activeTracking,targetAppeared
6382,2,43,rld,14:22:30.279,13204,0.088,0.388,0.170,0.000,0.000,activeTracking,noEvent
6382,2,43,rld,14:22:30.366,13205,0.180,0.388,0.170,0.000,0.000,activeTracking,noEvent
6382,2,43,rld,14:22:30.421,13206,0.232,0.388,0.170,0.000,0.000,activeTracking,noEvent
6382,2,43,rld,14:22:30.487,13207,0.301,0.388,0.170,0.000,0.000,activeTracking,noEvent
6382,2,43,rld,14:22:30.535,13208,0.351,0.388,0.170,0.000,0.000,activeTracking,noEvent
6382,2,43,rld,14:22:30.583,13209,0.399,0.388,0.170,0.000,0.000,activeTracking,noEvent
6382,2,43,rld,14:22:30.637,13210,0.452,0.388,0.170,0.000,0.000,activeTracking,noEvent
6382,2,43,rld,14:22:30.670,13211,0.480,0.388,0.170,0.000,0.000,activeTracking,noEvent
6382,2,43,rld,14:22:30.732,13212,0.534,0.388,0.170,0.000,0.000,activeTracking,noEvent
6382,2,43,rld,14:22:30.780,13213,0.589,0.388,0.170,0.000,0.000,activeTracking,noEvent
6382,2,43,rld,14:22:30.846,13214,0.660,0.727,0.182,3.000,0.100,activeTracking,noEvent
6382,2,43,rld,14:22:30.875,13215,0.685,1.125,0.187,2.500,0.000,activeTracking,noEvent
6382,2,43,rld,14:22:30.903,13216,0.720,1.499,0.190,2.100,0.000,activeTracking,noEvent
6382,2,43,rld,14:22:30.925,13217,0.739,1.764,0.180,1.200,-0.100,activeTracking,noEvent
6382,2,43,rld,14:22:30.952,13218,0.766,1.970,0.155,1.000,-0.200,activeTracking,noEvent
6382,2,43,rld,14:22:30.989,13219,0.801,2.097,0.135,0.500,-0.100,activeTracking,noEvent
6382,2,43,rld,14:22:31.116,13220,0.872,2.199,0.117,0.500,-0.100,activeTracking,noEvent
6382,2,43,rld,14:22:31.165,13221,0.965,2.340,0.088,0.900,-0.200,activeTracking,noEvent
6382,2,43,rld,14:22:31.222,13222,1.036,2.483,0.056,0.800,-0.200,onTarget,noEvent
6382,2,43,rld,14:22:31.241,13223,1.055,2.555,0.045,0.200,0.000,onTarget,noEvent
6382,2,43,rld,14:22:31.257,13224,1.075,2.579,0.042,0.000,0.000,onTarget,noEvent
6382,2,43,rld,14:22:31.277,13225,1.095,2.611,0.029,0.200,-0.100,onTarget,noEvent
6382,2,43,rld,14:22:31.312,13226,1.126,2.634,0.025,0.100,0.000,onTarget,noEvent
6382,2,43,rld,14:22:31.354,13227,1.170,2.642,0.000,0.000,-0.200,onTarget,noEvent
6382,2,43,rld,14:22:31.395,13228,1.212,2.644,-0.008,0.000,0.000,onTarget,noEvent
6382,2,43,rld,14:22:31.444,13229,1.260,2.645,-0.023,0.000,-0.100,onTarget,noEvent
6382,2,43,rld,14:22:31.486,13230,1.302,2.645,-0.028,0.000,0.000,onTarget,noEvent
6382,2,43,rld,14:22:31.535,13231,1.346,2.645,-0.029,0.000,0.000,onTarget,noEvent
6382,2,43,rld,14:22:31.596,13232,1.410,2.645,-0.030,0.000,0.000,onTarget,noEvent
6382,2,43,rld,14:22:31.668,13233,1.484,2.645,-0.030,0.000,0.000,onTarget,noEvent
6382,2,43,rld,14:22:31.750,13234,1.562,2.645,-0.030,0.000,0.000,onTarget,noEvent
6382,2,43,rld,14:22:31.803,13235,1.620,2.645,-0.030,0.000,0.000,onTarget,noEvent
6382,2,43,rld,14:22:31.824,13236,1.642,2.645,-0.030,0.000,0.000,onTarget,noEvent
6382,2,43,rld,14:22:31.842,13237,1.659,2.645,-0.030,0.000,0.000,onTarget,noEvent
6382,2,43,rld,14:22:31.886,13238,1.700,2.645,-0.030,0.000,0.000,onTarget,targetClick
6382,2,44,rld,14:22:34.833,13301,1.747,-0.035,-0.050,0.000,0.000,waitingForTarget,middleTargetClick
6382,2,44,rld,14:22:34.843,13302,1.759,-0.034,-0.050,0.000,0.000,waitingForTarget,noEvent
6382,2,44,rld,14:22:34.901,13303,1.814,-0.034,-0.049,0.000,0.000,waitingForTarget,noEvent
6382,2,44,rld,14:22:34.926,13304,1.842,-0.034,-0.049,0.000,0.000,waitingForTarget,noEvent
6382,2,44,rld,14:22:34.962,13305,1.876,-0.034,-0.049,0.000,0.000,waitingForTarget,noEvent
6382,2,44,rld,14:22:35.011,13306,1.924,-0.034,-0.049,0.000,0.000,waitingForTarget,noEvent
6382,2,44,rld,14:22:35.063,13307,1.974,-0.034,-0.049,0.000,0.000,waitingForTarget,noEvent
6382,2,44,rld,14:22:35.115,13308,2.028,-0.034,-0.049,0.000,0.000,waitingForTarget,noEvent
6382,2,44,rld,14:22:35.156,13309,2.068,-0.034,-0.049,0.000,0.000,waitingForTarget,noEvent
6382,2,44,rld,14:22:35.198,13310,2.112,-0.034,-0.049,0.000,0.000,waitingForTarget,noEvent
6382,2,44,rld,14:22:35.249,13311,2.163,-0.034,-0.049,0.000,0.000,waitingForTarget,noEvent
6382,2,44,rld,14:22:35.309,13312,0.052,-0.034,-0.049,0.000,0.000,activeTracking,targetAppeared
6382,2,44,rld,14:22:35.367,13313,0.117,-0.034,-0.049,0.000,0.000,activeTracking,noEvent
6382,2,44,rld,14:22:35.435,13314,0.184,-0.034,-0.049,0.000,0.000,activeTracking,noEvent
6382,2,44,rld,14:22:35.483,13315,0.218,-0.034,-0.049,0.000,0.000,activeTracking,noEvent
6382,2,44,rld,14:22:35.545,13316,0.289,-0.034,-0.049,0.000,0.000,activeTracking,noEvent
6382,2,44,rld,14:22:35.612,13317,0.347,-0.034,-0.049,0.000,0.000,activeTracking,noEvent
6382,2,44,rld,14:22:35.658,13318,0.399,-0.034,-0.049,0.000,0.000,activeTracking,noEvent
6382,2,44,rld,14:22:35.695,13319,0.446,-0.034,-0.049,0.000,0.000,activeTracking,noEvent
6382,2,44,rld,14:22:35.744,13320,0.482,-0.034,-0.049,0.000,0.000,activeTracking,noEvent
6382,2,44,rld,14:22:35.836,13321,0.550,-0.034,-0.049,0.000,0.000,activeTracking,noEvent
6382,2,44,rld,14:22:35.867,13322,0.612,0.473,0.007,4.500,0.500,activeTracking,noEvent
6382,2,44,rld,14:22:35.903,13323,0.653,1.039,0.026,3.500,0.000,activeTracking,noEvent
6382,2,44,rld,14:22:35.929,13324,0.681,1.459,0.022,2.000,-0.100,activeTracking,noEvent
6382,2,44,rld,14:22:35.957,13325,0.704,1.646,0.021,0.400,0.000,activeTracking,noEvent
6382,2,44,rld,14:22:35.983,13326,0.729,1.860,0.021,1.300,0.000,activeTracking,noEvent
6382,2,44,rld,14:22:36.004,13327,0.754,1.990,0.021,0.500,0.000,activeTracking,noEvent
6382,2,44,rld,14:22:36.091,13328,0.837,2.151,0.021,1.000,0.000,activeTracking,noEvent
6382,2,44,rld,14:22:36.119,13329,0.868,2.241,0.021,0.300,0.000,activeTracking,noEvent
6382,2,44,rld,14:22:36.157,13330,0.900,2.342,0.022,0.600,0.000,onTarget,noEvent
6382,2,44,rld,14:22:36.186,13331,0.937,2.472,0.022,0.800,0.000,onTarget,noEvent
6382,2,44,rld,14:22:36.244,13332,0.986,2.599,0.022,0.700,0.000,onTarget,noEvent
6382,2,44,rld,14:22:36.281,13333,1.029,2.678,0.023,0.300,0.000,onTarget,noEvent
6382,2,44,rld,14:22:36.332,13334,1.078,2.741,0.023,0.300,0.000,onTarget,noEvent
6382,2,44,rld,14:22:36.368,13335,1.119,2.762,0.023,0.000,0.000,onTarget,noEvent
6382,2,44,rld,14:22:36.428,13336,1.167,2.782,0.011,0.100,-0.100,onTarget,noEvent
6382,2,44,rld,14:22:36.525,13337,1.270,2.800,0.007,0.100,0.000,onTarget,noEvent
6382,2,44,rld,14:22:36.544,13338,1.296,2.806,0.006,0.000,0.000,onTarget,noEvent
6382,2,44,rld,14:22:36.571,13339,1.320,2.808,0.006,0.000,0.000,onTarget,noEvent
6382,2,44,rld,14:22:36.594,13340,1.346,2.809,0.006,0.000,0.000,onTarget,noEvent
6382,2,44,rld,14:22:36.656,13341,1.398,2.809,0.005,0.000,0.000,onTarget,noEvent
6382,2,44,rld,14:22:36.715,13342,1.458,2.809,0.005,0.000,0.000,onTarget,noEvent
6382,2,44,rld,14:22:36.832,13343,1.582,2.809,0.005,0.000,0.000,onTarget,noEvent
6382,2,44,rld,14:22:36.864,13344,1.615,2.809,0.005,0.000,0.000,onTarget,targetClick
6382,2,45,rld,14:22:39.932,13412,1.661,0.236,0.103,0.000,0.000,waitingForTarget,middleTargetClick
6382,2,45,rld,14:22:39.977,13413,1.708,0.236,0.103,0.000,0.000,waitingForTarget,noEvent
6382,2,45,rld,14:22:40.025,13414,1.757,0.236,0.103,0.000,0.000,waitingForTarget,noEvent
6382,2,45,rld,14:22:40.068,13415,1.800,0.236,0.103,0.000,0.000,waitingForTarget,noEvent
6382,2,45,rld,14:22:40.139,13416,1.867,0.236,0.103,0.000,0.000,waitingForTarget,noEvent
6382,2,45,rld,14:22:40.182,13417,1.914,0.236,0.103,0.000,0.000,waitingForTarget,noEvent
6382,2,45,rld,14:22:40.263,13418,1.976,0.236,0.103,0.000,0.000,waitingForTarget,noEvent
6382,2,45,rld,14:22:40.303,13419,2.032,0.236,0.103,0.000,0.000,waitingForTarget,noEvent
6382,2,45,rld,14:22:40.375,13420,2.099,0.236,0.103,0.000,0.000,waitingForTarget,noEvent
6382,2,45,rld,14:22:40.435,13421,0.051,0.236,0.103,0.000,0.000,activeTracking,targetAppeared
6382,2,45,rld,14:22:40.492,13422,0.115,0.236,0.103,0.000,0.000,activeTracking,noEvent
6382,2,45,rld,14:22:40.527,13423,0.158,0.236,0.103,0.000,0.000,activeTracking,noEvent
6382,2,45,rld,14:22:40.546,13424,0.176,0.236,0.103,0.000,0.000,activeTracking,noEvent
6382,2,45,rld,14:22:40.579,13425,0.199,0.236,0.103,0.000,0.000,activeTracking,noEvent
6382,2,45,rld,14:22:40.633,13426,0.261,0.236,0.103,0.000,0.000,activeTracking,noEvent
6382,2,45,rld,14:22:40.687,13427,0.303,0.236,0.103,0.000,0.000,activeTracking,noEvent
6382,2,45,rld,14:22:40.752,13428,0.370,0.236,0.103,0.000,0.000,activeTracking,noEvent
6382,2,45,rld,14:22:40.803,13429,0.432,0.236,0.103,0.000,0.000,activeTracking,noEvent
6382,2,45,rld,14:22:40.858,13430,0.485,0.236,0.103,0.000,0.000,activeTracking,noEvent
6382,2,45,rld,14:22:40.868,13431,0.502,0.236,0.103,0.000,0.000,activeTracking,noEvent
6382,2,45,rld,14:22:40.885,13432,0.518,0.236,0.103,0.000,0.000,activeTracking,noEvent
6382,2,45,rld,14:22:40.918,13433,0.548,0.236,0.103,0.000,0.000,activeTracking,noEvent
6382,2,45,rld,14:22:40.975,13434,0.599,0.236,0.103,0.000,0.000,activeTracking,noEvent
6382,2,45,rld,14:22:41.025,13435,0.649,0.236,0.103,0.000,0.000,activeTracking,noEvent
6382,2,45,rld,14:22:41.149,13436,0.775,-0.079,0.080,-2.800,-0.200,activeTracking,noEvent
6382,2,45,rld,14:22:41.186,13437,0.815,-0.308,0.061,-1.100,-0.100,activeTracking,noEvent
6382,2,45,rld,14:22:41.254,13438,0.850,-0.474,0.044,-0.800,-0.100,activeTracking,noEvent
6382,2,45,rld,14:22:41.294,13439,0.925,-0.620,0.038,-0.800,0.000,activeTracking,noEvent
6382,2,45,rld,14:22:41.312,13440,0.945,-0.669,0.036,0.000,0.000,activeTracking,noEvent
6382,2,45,rld,14:22:41.326,13441,0.960,-0.685,0.036,0.000,0.000,activeTracking,noEvent
6382,2,45,rld,14:22:41.344,13442,0.978,-0.690,0.035,0.000,0.000,activeTracking,noEvent
6382,2,45,rld,14:22:41.382,13443,1.015,-0.692,0.035,0.000,0.000,activeTracking,noEvent
6382,2,45,rld,14:22:41.425,13444,1.059,-0.693,0.035,0.000,0.000,activeTracking,noEvent
6382,2,45,rld,14:22:41.476,13445,1.108,-0.693,0.035,0.000,0.000,activeTracking,noEvent
6382,2,45,rld,14:22:41.533,13446,1.161,-0.693,0.035,0.000,0.000,activeTracking,noEvent
6382,2,45,rld,14:22:41.578,13447,1.209,-0.693,0.035,0.000,0.000,activeTracking,noEvent
6382,2,45,rld,14:22:41.617,13448,1.248,-0.693,0.035,0.000,0.000,activeTracking,noEvent
6382,2,45,rld,14:22:41.695,13449,1.316,-0.999,0.036,-2.700,0.000,activeTracking,noEvent
6382,2,45,rld,14:22:41.738,13450,1.361,-1.307,0.036,-1.800,0.000,activeTracking,noEvent
6382,2,45,rld,14:22:41.761,13451,1.394,-1.549,0.037,-1.200,0.000,activeTracking,noEvent
6382,2,45,rld,14:22:41.833,13452,1.453,-1.792,0.049,-1.400,0.100,activeTracking,noEvent
6382,2,45,rld,14:22:41.903,13453,1.509,-1.921,0.064,-0.400,0.100,activeTracking,noEvent
6382,2,45,rld,14:22:41.932,13454,1.564,-2.034,0.093,-0.600,0.200,activeTracking,noEvent
6382,2,45,rld,14:22:41.958,13455,1.586,-2.107,0.103,-0.300,0.000,activeTracking,noEvent
6382,2,45,rld,14:22:41.996,13456,1.629,-2.179,0.106,-0.400,0.000,activeTracking,noEvent
6382,2,45,rld,14:22:42.077,13457,1.693,-2.250,0.107,-0.400,0.000,activeTracking,noEvent
6382,2,45,rld,14:22:42.162,13458,1.787,-2.381,0.120,-0.900,0.100,onTarget,noEvent
6382,2,45,rld,14:22:42.174,13459,1.806,-2.437,0.124,-0.100,0.000,onTarget,noEvent
6382,2,45,rld,14:22:42.196,13460,1.828,-2.456,0.126,0.000,0.000,onTarget,noEvent
6382,2,45,rld,14:22:42.234,13461,1.867,-2.474,0.126,-0.100,0.000,onTarget,noEvent
6382,2,45,rld,14:22:42.281,13462,1.911,-2.504,0.127,-0.200,0.000,onTarget,noEvent
6382,2,45,rld,14:22:42.332,13463,1.960,-2.514,0.127,0.000,0.000,onTarget,noEvent
6382,2,45,rld,14:22:42.377,13464,2.010,-2.517,0.127,0.000,0.000,onTarget,noEvent
6382,2,45,rld,14:22:42.429,13465,2.051,-2.518,0.127,0.000,0.000,onTarget,noEvent
6382,2,45,rld,14:22:42.493,13466,2.112,-2.519,0.127,0.000,0.000,onTarget,noEvent
6382,2,45,rld,14:22:42.575,13467,2.201,-2.519,0.127,0.000,0.000,onTarget,noEvent
6382,2,45,rld,14:22:42.650,13468,2.266,-2.519,0.127,0.000,0.000,onTarget,noEvent
6382,2,45,rld,14:22:42.693,13469,2.319,-2.519,0.127,0.000,0.000,onTarget,noEvent
6382,2,45,rld,14:22:42.713,13470,2.342,-2.519,0.127,0.000,0.000,onTarget,noEvent
6382,2,45,rld,14:22:42.757,13471,2.371,-2.519,0.127,0.000,0.000,onTarget,noEvent
6382,2,45,rld,14:22:42.837,13472,2.466,-2.519,0.127,0.000,0.000,onTarget,noEvent
6382,2,45,rld,14:22:42.850,13473,2.481,-2.519,0.127,0.000,0.000,onTarget,noEvent
6382,2,45,rld,14:22:42.861,13474,2.494,-2.519,0.127,0.000,0.000,onTarget,noEvent
6382,2,45,rld,14:22:42.884,13475,2.516,-2.519,0.127,0.000,0.000,onTarget,targetClick
6382,2,46,rld,14:22:45.776,13535,2.556,-0.101,-0.152,0.000,0.000,waitingForTarget,middleTargetClick
6382,2,46,rld,14:22:45.835,13536,2.625,-0.101,-0.151,0.000,0.000,waitingForTarget,noEvent
6382,2,46,rld,14:22:45.850,13537,2.640,-0.101,-0.151,0.000,0.000,waitingForTarget,noEvent
6382,2,46,rld,14:22:45.863,13538,2.654,-0.101,-0.151,0.000,0.000,waitingForTarget,noEvent
6382,2,46,rld,14:22:45.897,13539,2.688,-0.101,-0.151,0.000,0.000,waitingForTarget,noEvent
6382,2,46,rld,14:22:45.946,13540,2.734,-0.101,-0.151,0.000,0.000,waitingForTarget,noEvent
6382,2,46,rld,14:22:46.043,13541,2.824,-0.101,-0.151,0.000,0.000,waitingForTarget,noEvent
6382,2,46,rld,14:22:46.091,13542,2.877,-0.101,-0.151,0.000,0.000,waitingForTarget,noEvent
6382,2,46,rld,14:22:46.145,13543,2.936,-0.101,-0.151,0.000,0.000,waitingForTarget,noEvent
6382,2,46,rld,14:22:46.197,13544,2.976,-0.101,-0.151,0.000,0.000,waitingForTarget,noEvent
6382,2,46,rld,14:22:46.249,13545,0.063,-0.101,-0.151,0.000,0.000,activeTracking,targetAppeared
6382,2,46,rld,14:22:46.283,13546,0.098,-0.101,-0.151,0.000,0.000,activeTracking,noEvent
6382,2,46,rld,14:22:46.316,13547,0.131,-0.101,-0.151,0.000,0.000,activeTracking,noEvent
6382,2,46,rld,14:22:46.361,13548,0.174,-0.101,-0.151,0.000,0.000,activeTracking,noEvent
6382,2,46,rld,14:22:46.414,13549,0.223,-0.101,-0.151,0.000,0.000,activeTracking,noEvent
6382,2,46,rld,14:22:46.470,13550,0.274,-0.101,-0.151,0.000,0.000,activeTracking,noEvent
6382,2,46,rld,14:22:46.551,13551,0.332,-0.101,-0.151,0.000,0.000,activeTracking,noEvent
6382,2,46,rld,14:22:46.579,13552,0.391,-0.101,-0.151,0.000,0.000,activeTracking,noEvent
6382,2,46,rld,14:22:46.597,13553,0.413,-0.101,-0.151,0.000,0.000,activeTracking,noEvent
6382,2,46,rld,14:22:46.612,13554,0.427,-0.101,-0.151,0.000,0.000,activeTracking,noEvent
6382,2,46,rld,14:22:46.631,13555,0.443,-0.101,-0.151,0.000,0.000,activeTracking,noEvent
6382,2,46,rld,14:22:46.667,13556,0.482,-0.101,-0.151,0.000,0.000,activeTracking,noEvent
6382,2,46,rld,14:22:46.717,13557,0.531,-0.101,-0.151,0.000,0.000,activeTracking,noEvent
6382,2,46,rld,14:22:46.768,13558,0.580,-0.101,-0.151,0.000,0.000,activeTracking,noEvent
6382,2,46,rld,14:22:46.860,13559,0.665,-0.101,-0.151,0.000,0.000,activeTracking,noEvent
6382,2,46,rld,14:22:46.904,13560,0.719,-0.101,-0.151,0.000,0.000,activeTracking,noEvent
6382,2,46,rld,14:22:46.961,13561,0.768,-0.101,-0.151,0.000,0.000,activeTracking,noEvent
6382,2,46,rld,14:22:47.046,13562,0.840,-0.101,-0.139,0.000,0.100,activeTracking,noEvent
6382,2,46,rld,14:22:47.112,13563,0.920,0.101,-0.057,1.800,0.700,activeTracking,noEvent
6382,2,46,rld,14:22:47.139,13564,0.953,0.371,0.004,1.800,0.300,activeTracking,noEvent
6382,2,46,rld,14:22:47.175,13565,0.983,0.631,0.036,1.500,0.100,activeTracking,noEvent
6382,2,46,rld,14:22:47.203,13566,1.015,0.865,0.047,1.300,0.000,activeTracking,noEvent
6382,2,46,rld,14:22:47.222,13567,1.036,1.057,0.051,1.000,0.000,activeTracking,noEvent
6382,2,46,rld,14:22:47.245,13568,1.061,1.247,0.053,1.100,0.000,activeTracking,noEvent
6382,2,46,rld,14:22:47.300,13569,1.103,1.459,0.065,1.300,0.100,activeTracking,noEvent
6382,2,46,rld,14:22:47.387,13570,1.202,1.785,0.070,2.200,0.000,activeTracking,noEvent
6382,2,46,rld,14:22:47.483,13571,1.294,2.047,0.072,1.300,0.000,activeTracking,noEvent
6382,2,46,rld,14:22:47.503,13572,1.317,2.171,0.073,0.300,0.000,activeTracking,noEvent
6382,2,46,rld,14:22:47.524,13573,1.334,2.212,0.073,0.000,0.000,activeTracking,noEvent
6382,2,46,rld,14:22:47.559,13574,1.373,2.273,0.073,0.400,0.000,activeTracking,noEvent
6382,2,46,rld,14:22:47.578,13575,1.393,2.305,0.074,0.100,0.000,activeTracking,noEvent
6382,2,46,rld,14:22:47.670,13576,1.478,2.376,0.074,0.500,0.000,onTarget,noEvent
6382,2,46,rld,14:22:47.685,13577,1.500,2.423,0.074,0.200,0.000,onTarget,noEvent
6382,2,46,rld,14:22:47.707,13578,1.520,2.439,0.074,0.000,0.000,onTarget,noEvent
6382,2,46,rld,14:22:47.760,13579,1.564,2.456,0.074,0.100,0.000,onTarget,noEvent
6382,2,46,rld,14:22:47.803,13580,1.619,2.474,0.074,0.100,0.000,onTarget,noEvent
6382,2,46,rld,14:22:47.862,13581,1.675,2.480,0.074,0.000,0.000,onTarget,noEvent
6382,2,46,rld,14:22:47.894,13582,1.710,2.482,0.074,0.000,0.000,onTarget,noEvent
6382,2,46,rld,14:22:47.942,13583,1.753,2.483,0.074,0.000,0.000,onTarget,noEvent
6382,2,46,rld,14:22:47.986,13584,1.801,2.483,0.074,0.000,0.000,onTarget,noEvent
6382,2,46,rld,14:22:48.043,13585,1.853,2.483,0.074,0.000,0.000,onTarget,noEvent
6382,2,46,rld,14:22:48.156,13586,1.951,2.507,0.074,0.200,0.000,onTarget,noEvent
6382,2,46,rld,14:22:48.225,13587,2.025,2.527,0.074,0.100,0.000,onTarget,noEvent
6382,2,46,rld,14:22:48.260,13588,2.073,2.534,0.074,0.000,0.000,onTarget,noEvent
6382,2,46,rld,14:22:48.284,13589,2.099,2.536,0.074,0.000,0.000,onTarget,noEvent
6382,2,46,rld,14:22:48.346,13590,2.144,2.537,0.074,0.000,0.000,onTarget,noEvent
6382,2,46,rld,14:22:48.403,13591,2.202,2.537,0.075,0.000,0.000,onTarget,noEvent
6382,2,46,rld,14:22:48.441,13592,2.253,2.537,0.075,0.000,0.000,onTarget,noEvent
6382,2,46,rld,14:22:48.461,13593,2.276,2.537,0.075,0.000,0.000,onTarget,noEvent
6382,2,46,rld,14:22:48.477,13594,2.291,2.537,0.075,0.000,0.000,onTarget,noEvent
6382,2,46,rld,14:22:48.512,13595,2.323,2.537,0.075,0.000,0.000,onTarget,noEvent
6382,2,46,rld,14:22:48.565,13596,2.368,2.537,0.075,0.000,0.000,onTarget,noEvent
6382,2,46,rld,14:22:48.635,13597,2.432,2.537,0.075,0.000,0.000,onTarget,noEvent
6382,2,46,rld,14:22:48.716,13598,2.516,2.537,0.075,0.000,0.000,onTarget,targetClick
6382,2,47,rld,14:22:51.914,13667,2.578,0.034,0.018,0.000,0.000,waitingForTarget,middleTargetClick
6382,2,47,rld,14:22:51.974,13668,2.644,0.034,0.018,0.000,0.000,waitingForTarget,noEvent
6382,2,47,rld,14:22:52.022,13669,2.686,0.034,0.018,0.000,0.000,waitingForTarget,noEvent
6382,2,47,rld,14:22:52.067,13670,2.734,0.034,0.018,0.000,0.000,waitingForTarget,noEvent
6382,2,47,rld,14:22:52.105,13671,2.765,0.034,0.018,0.000,0.000,waitingForTarget,noEvent
6382,2,47,rld,14:22:52.164,13672,2.835,0.034,0.018,0.000,0.000,waitingForTarget,noEvent
6382,2,47,rld,14:22:52.200,13673,2.870,0.034,0.018,0.000,0.000,waitingForTarget,noEvent
6382,2,47,rld,14:22:52.253,13674,2.920,0.034,0.018,0.000,0.000,waitingForTarget,noEvent
6382,2,47,rld,14:22:52.301,13675,2.969,0.034,0.018,0.000,0.000,waitingForTarget,noEvent
6382,2,47,rld,14:22:52.314,13676,2.986,0.034,0.018,0.000,0.000,waitingForTarget,noEvent
6382,2,47,rld,14:22:52.345,13677,0.030,0.034,0.018,0.000,0.000,activeTracking,targetAppeared
6382,2,47,rld,14:22:52.367,13678,0.051,0.034,0.018,0.000,0.000,activeTracking,noEvent
6382,2,47,rld,14:22:52.396,13679,0.082,0.034,0.018,0.000,0.000,activeTracking,noEvent
6382,2,47,rld,14:22:52.444,13680,0.129,0.034,0.018,0.000,0.000,activeTracking,noEvent
6382,2,47,rld,14:22:52.494,13681,0.180,0.034,0.018,0.000,0.000,activeTracking,noEvent
6382,2,47,rld,14:22:52.549,13682,0.230,0.034,0.018,0.000,0.000,activeTracking,noEvent
6382,2,47,rld,14:22:52.597,13683,0.279,0.034,0.018,0.000,0.000,activeTracking,noEvent
6382,2,47,rld,14:22:52.635,13684,0.318,0.034,0.018,0.000,0.000,activeTracking,noEvent
6382,2,47,rld,14:22:52.705,13685,0.386,0.034,0.018,0.000,0.000,activeTracking,noEvent
6382,2,47,rld,14:22:52.786,13686,0.470,0.034,0.018,0.000,0.000,activeTracking,noEvent
6382,2,47,rld,14:22:52.849,13687,0.531,0.124,0.007,0.800,-0.100,activeTracking,noEvent
6382,2,47,rld,14:22:52.862,13688,0.544,0.154,0.003,0.000,0.000,activeTracking,noEvent
6382,2,47,rld,14:22:52.885,13689,0.569,0.186,0.002,0.200,0.000,activeTracking,noEvent
6382,2,47,rld,14:22:52.925,13690,0.606,0.208,0.001,0.100,0.000,activeTracking,noEvent
6382,2,47,rld,14:22:52.975,13691,0.651,-0.009,0.024,-2.000,0.200,activeTracking,noEvent
6382,2,47,rld,14:22:53.061,13692,0.707,-0.838,0.032,-6.700,0.000,activeTracking,noEvent
6382,2,47,rld,14:22:53.147,13693,0.814,-1.414,0.035,-2.600,0.000,activeTracking,noEvent
6382,2,47,rld,14:22:53.191,13694,0.872,-1.642,0.037,-0.300,0.000,activeTracking,noEvent
6382,2,47,rld,14:22:53.235,13695,0.916,-1.731,0.048,-0.100,0.100,activeTracking,noEvent
6382,2,47,rld,14:22:53.297,13696,0.972,-1.760,0.052,0.000,0.000,activeTracking,noEvent
6382,2,47,rld,14:22:53.341,13697,1.022,-1.770,0.054,0.000,0.000,activeTracking,noEvent
6382,2,47,rld,14:22:53.379,13698,1.052,-1.773,0.054,0.000,0.000,activeTracking,noEvent
6382,2,47,rld,14:22:53.443,13699,1.112,-1.774,0.054,0.000,0.000,activeTracking,noEvent
6382,2,47,rld,14:22:53.483,13700,1.165,-1.775,0.054,0.000,0.000,activeTracking,noEvent
6382,2,47,rld,14:22:53.497,13701,1.181,-1.775,0.054,0.000,0.000,activeTracking,noEvent
6382,2,47,rld,14:22:53.519,13702,1.203,-1.775,0.054,0.000,0.000,activeTracking,noEvent
6382,2,47,rld,14:22:53.585,13703,1.263,-1.775,0.054,0.000,0.000,activeTracking,noEvent
6382,2,47,rld,14:22:53.677,13704,1.358,-1.845,0.055,-0.600,0.000,activeTracking,noEvent
6382,2,47,rld,14:22:53.734,13705,1.414,-1.962,0.055,-0.800,0.000,activeTracking,noEvent
6382,2,47,rld,14:22:53.763,13706,1.448,-2.012,0.055,-0.100,0.000,activeTracking,noEvent
6382,2,47,rld,14:22:53.829,13707,1.511,-2.076,0.055,-0.400,0.000,activeTracking,noEvent
6382,2,47,rld,14:22:53.849,13708,1.535,-2.109,0.055,-0.100,0.000,activeTracking,noEvent
6382,2,47,rld,14:22:53.856,13709,1.542,-2.121,0.056,0.000,0.000,activeTracking,noEvent
6382,2,47,rld,14:22:53.876,13710,1.562,-2.148,0.056,-0.200,0.000,activeTracking,noEvent
6382,2,47,rld,14:22:53.927,13711,1.607,-2.228,0.056,-0.600,0.000,activeTracking,noEvent
6382,2,47,rld,14:22:53.965,13712,1.647,-2.302,0.045,-0.400,-0.100,activeTracking,noEvent
6382,2,47,rld,14:22:54.023,13713,1.697,-2.363,0.041,-0.300,0.000,onTarget,noEvent
6382,2,47,rld,14:22:54.072,13714,1.752,-2.443,0.040,-0.500,0.000,onTarget,noEvent
6382,2,47,rld,14:22:54.151,13715,1.831,-2.529,0.040,-0.500,0.000,onTarget,noEvent
6382,2,47,rld,14:22:54.249,13716,1.923,-2.583,0.040,-0.200,0.000,onTarget,noEvent
6382,2,47,rld,14:22:54.286,13717,1.971,-2.600,0.040,0.000,0.000,onTarget,noEvent
6382,2,47,rld,14:22:54.306,13718,1.990,-2.606,0.040,0.000,0.000,onTarget,noEvent
6382,2,47,rld,14:22:54.327,13719,2.011,-2.620,0.040,-0.100,0.000,onTarget,noEvent
6382,2,47,rld,14:22:54.344,13720,2.030,-2.637,0.040,-0.100,0.000,onTarget,noEvent
6382,2,47,rld,14:22:54.429,13721,2.107,-2.667,0.040,-0.200,0.000,onTarget,noEvent
6382,2,47,rld,14:22:54.447,13722,2.133,-2.689,0.040,-0.100,0.000,onTarget,noEvent
6382,2,47,rld,14:22:54.476,13723,2.161,-2.708,0.040,-0.100,0.000,onTarget,noEvent
6382,2,47,rld,14:22:54.518,13724,2.203,-2.715,0.040,0.000,0.000,onTarget,noEvent
6382,2,47,rld,14:22:54.567,13725,2.250,-2.717,0.040,0.000,0.000,onTarget,noEvent
6382,2,47,rld,14:22:54.611,13726,2.297,-2.718,0.040,0.000,0.000,onTarget,noEvent
6382,2,47,rld,14:22:54.658,13727,2.340,-2.718,0.052,0.000,0.100,onTarget,noEvent
6382,2,47,rld,14:22:54.701,13728,2.383,-2.718,0.056,0.000,0.000,onTarget,noEvent
6382,2,47,rld,14:22:54.746,13729,2.431,-2.718,0.057,0.000,0.000,onTarget,noEvent
6382,2,47,rld,14:22:54.847,13730,2.521,-2.718,0.058,0.000,0.000,onTarget,noEvent
6382,2,47,rld,14:22:54.930,13731,2.603,-2.718,0.058,0.000,0.000,onTarget,targetClick
6382,2,48,rld,14:22:57.774,13793,2.670,0.017,0.119,0.000,0.000,waitingForTarget,middleTargetClick
6382,2,48,rld,14:22:57.843,13794,2.765,0.017,0.119,0.000,0.000,waitingForTarget,noEvent
6382,2,48,rld,14:22:57.924,13795,2.815,0.017,0.119,0.000,0.000,waitingForTarget,noEvent
6382,2,48,rld,14:22:57.967,13796,2.890,0.017,0.119,0.000,0.000,waitingForTarget,noEvent
6382,2,48,rld,14:22:57.982,13797,2.906,0.017,0.119,0.000,0.000,waitingForTarget,noEvent
6382,2,48,rld,14:22:57.998,13798,2.922,0.017,0.119,0.000,0.000,waitingForTarget,noEvent
6382,2,48,rld,14:22:58.018,13799,2.942,0.017,0.119,0.000,0.000,waitingForTarget,noEvent
6382,2,48,rld,14:22:58.057,13800,2.977,0.017,0.119,0.000,0.000,waitingForTarget,noEvent
6382,2,48,rld,14:22:58.100,13801,3.023,0.017,0.119,0.000,0.000,waitingForTarget,noEvent
6382,2,48,rld,14:22:58.149,13802,3.073,0.017,0.119,0.000,0.000,waitingForTarget,noEvent
6382,2,48,rld,14:22:58.218,13803,0.066,0.017,0.119,0.000,0.000,activeTracking,targetAppeared
6382,2,48,rld,14:22:58.245,13804,0.090,0.017,0.119,0.000,0.000,activeTracking,noEvent
6382,2,48,rld,14:22:58.292,13805,0.138,0.017,0.119,0.000,0.000,activeTracking,noEvent
6382,2,48,rld,14:22:58.361,13806,0.199,0.017,0.119,0.000,0.000,activeTracking,noEvent
6382,2,48,rld,14:22:58.434,13807,0.272,0.017,0.119,0.000,0.000,activeTracking,noEvent
6382,2,48,rld,14:22:58.483,13808,0.323,0.017,0.119,0.000,0.000,activeTracking,noEvent
6382,2,48,rld,14:22:58.562,13809,0.401,0.017,0.119,0.000,0.000,activeTracking,noEvent
6382,2,48,rld,14:22:58.614,13810,0.460,0.017,0.119,0.000,0.000,activeTracking,noEvent
6382,2,48,rld,14:22:58.679,13811,0.519,0.006,0.119,-0.100,0.000,activeTracking,noEvent
6382,2,48,rld,14:22:58.717,13812,0.567,-0.032,0.119,-0.300,0.000,activeTracking,noEvent
6382,2,48,rld,14:22:58.746,13813,0.597,-0.011,0.119,0.300,0.000,activeTracking,noEvent
6382,2,48,rld,14:22:58.786,13814,0.636,0.481,0.120,4.300,0.000,activeTracking,noEvent
6382,2,48,rld,14:22:58.842,13815,0.686,1.167,0.212,4.600,0.800,activeTracking,noEvent
6382,2,48,rld,14:22:58.910,13816,0.756,1.594,0.290,1.700,0.400,activeTracking,noEvent
6382,2,48,rld,14:22:58.935,13817,0.787,1.772,0.339,0.300,0.200,activeTracking,noEvent
6382,2,48,rld,14:22:58.961,13818,0.814,1.832,0.356,0.000,0.000,activeTracking,noEvent
6382,2,48,rld,14:22:58.980,13819,0.831,1.852,0.362,0.000,0.000,activeTracking,noEvent
6382,2,48,rld,14:22:58.992,13820,0.844,1.859,0.363,0.000,0.000,activeTracking,noEvent
6382,2,48,rld,14:22:59.035,13821,0.886,1.861,0.364,0.000,0.000,activeTracking,noEvent
6382,2,48,rld,14:22:59.082,13822,0.934,1.862,0.364,0.000,0.000,activeTracking,noEvent
6382,2,48,rld,14:22:59.134,13823,0.986,1.862,0.364,0.000,0.000,activeTracking,noEvent
6382,2,48,rld,14:22:59.181,13824,1.034,1.862,0.364,0.000,0.000,activeTracking,noEvent
6382,2,48,rld,14:22:59.231,13825,1.079,1.862,0.364,0.000,0.000,activeTracking,noEvent
6382,2,48,rld,14:22:59.326,13826,1.137,1.862,0.364,0.000,0.000,activeTracking,noEvent
6382,2,48,rld,14:22:59.452,13827,1.294,2.014,0.320,1.300,-0.400,activeTracking,noEvent
6382,2,48,rld,14:22:59.497,13828,1.349,2.101,0.247,0.300,-0.500,activeTracking,noEvent
6382,2,48,rld,14:22:59.542,13829,1.391,2.153,0.166,0.200,-0.500,activeTracking,noEvent
6382,2,48,rld,14:22:59.579,13830,1.429,2.218,0.081,0.400,-0.500,activeTracking,noEvent
6382,2,48,rld,14:22:59.625,13831,1.477,2.334,-0.016,0.800,-0.600,activeTracking,noEvent
6382,2,48,rld,14:22:59.650,13832,1.498,2.421,-0.072,0.400,-0.200,onTarget,noEvent
6382,2,48,rld,14:22:59.697,13833,1.538,2.474,-0.114,0.200,-0.200,onTarget,noEvent
6382,2,48,rld,14:22:59.730,13834,1.580,2.516,-0.151,0.200,-0.200,onTarget,noEvent
6382,2,48,rld,14:22:59.746,13835,1.598,2.530,-0.175,0.000,-0.100,onTarget,noEvent
6382,2,48,rld,14:22:59.767,13836,1.618,2.547,-0.183,0.100,0.000,onTarget,noEvent
6382,2,48,rld,14:22:59.814,13837,1.664,2.564,-0.198,0.100,-0.100,onTarget,noEvent
6382,2,48,rld,14:22:59.861,13838,1.710,2.570,-0.202,0.000,0.000,onTarget,noEvent
6382,2,48,rld,14:22:59.908,13839,1.753,2.572,-0.204,0.000,0.000,onTarget,noEvent
6382,2,48,rld,14:22:59.951,13840,1.800,2.573,-0.205,0.000,0.000,onTarget,noEvent
6382,2,48,rld,14:23:00.014,13841,1.860,2.597,-0.216,0.200,-0.100,onTarget,noEvent
6382,2,48,rld,14:23:00.047,13842,1.898,2.617,-0.220,0.100,0.000,onTarget,noEvent
6382,2,48,rld,14:23:00.096,13843,1.946,2.636,-0.222,0.100,0.000,onTarget,noEvent
6382,2,48,rld,14:23:00.135,13844,1.986,2.642,-0.222,0.000,0.000,onTarget,noEvent
6382,2,48,rld,14:23:00.181,13845,2.034,2.644,-0.222,0.000,0.000,onTarget,noEvent
6382,2,48,rld,14:23:00.228,13846,2.079,2.645,-0.222,0.000,0.000,onTarget,noEvent
6382,2,48,rld,14:23:00.274,13847,2.120,2.645,-0.222,0.000,0.000,onTarget,noEvent
6382,2,48,rld,14:23:00.315,13848,2.167,2.645,-0.222,0.000,0.000,onTarget,noEvent
6382,2,48,rld,14:23:00.379,13849,2.229,2.645,-0.222,0.000,0.000,onTarget,noEvent
6382,2,48,rld,14:23:00.496,13850,2.333,2.645,-0.199,0.000,0.200,onTarget,noEvent
6382,2,48,rld,14:23:00.559,13851,2.404,2.645,-0.168,0.000,0.200,onTarget,noEvent
6382,2,48,rld,14:23:00.583,13852,2.426,2.645,-0.158,0.000,0.000,onTarget,noEvent
6382,2,48,rld,14:23:00.614,13853,2.459,2.645,-0.143,0.000,0.100,onTarget,noEvent
6382,2,48,rld,14:23:00.625,13854,2.478,2.645,-0.138,0.000,0.000,onTarget,noEvent
6382,2,48,rld,14:23:00.657,13855,2.500,2.645,-0.124,0.000,0.100,onTarget,noEvent
6382,2,48,rld,14:23:00.692,13856,2.544,2.645,-0.108,0.000,0.100,onTarget,noEvent
6382,2,48,rld,14:23:00.734,13857,2.586,2.645,-0.091,0.000,0.100,onTarget,noEvent
6382,2,48,rld,14:23:00.778,13858,2.629,2.645,-0.085,0.000,0.000,onTarget,noEvent
6382,2,48,rld,14:23:00.851,13859,2.698,2.645,-0.072,0.000,0.100,onTarget,noEvent
6382,2,48,rld,14:23:00.886,13860,2.736,2.645,-0.067,0.000,0.000,onTarget,noEvent
6382,2,48,rld,14:23:00.957,13861,2.799,2.645,-0.054,0.000,0.100,onTarget,noEvent
6382,2,48,rld,14:23:01.067,13862,2.915,2.645,-0.050,0.000,0.000,onTarget,noEvent
6382,2,48,rld,14:23:01.091,13863,2.939,2.645,-0.048,0.000,0.000,onTarget,noEvent
6382,2,48,rld,14:23:01.115,13864,2.967,2.645,-0.048,0.000,0.000,onTarget,noEvent
6382,2,48,rld,14:23:01.135,13865,2.987,2.645,-0.048,0.000,0.000,onTarget,noEvent
6382,2,48,rld,14:23:01.162,13866,3.004,2.645,-0.048,0.000,0.000,onTarget,noEvent
6382,2,48,rld,14:23:01.222,13867,3.068,2.645,-0.048,0.000,0.000,onTarget,targetClick
6382,2,49,rld,14:23:03.802,13921,3.129,-0.101,-0.016,0.000,0.000,waitingForTarget,middleTargetClick
6382,2,49,rld,14:23:03.868,13922,3.196,-0.101,-0.016,0.000,0.000,waitingForTarget,noEvent
6382,2,49,rld,14:23:03.899,13923,3.229,-0.101,-0.016,0.000,0.000,waitingForTarget,noEvent
6382,2,49,rld,14:23:03.919,13924,3.250,-0.101,-0.016,0.000,0.000,waitingForTarget,noEvent
6382,2,49,rld,14:23:03.930,13925,3.262,-0.101,-0.016,0.000,0.000,waitingForTarget,noEvent
6382,2,49,rld,14:23:03.945,13926,3.277,-0.101,-0.016,0.000,0.000,waitingForTarget,noEvent
6382,2,49,rld,14:23:04.002,13927,3.328,-0.101,-0.016,0.000,0.000,waitingForTarget,noEvent
6382,2,49,rld,14:23:04.067,13928,3.384,-0.101,-0.016,0.000,0.000,waitingForTarget,noEvent
6382,2,49,rld,14:23:04.122,13929,3.446,-0.101,-0.016,0.000,0.000,waitingForTarget,noEvent
6382,2,49,rld,14:23:04.185,13930,3.514,-0.101,-0.016,0.000,0.000,waitingForTarget,noEvent
6382,2,49,rld,14:23:04.228,13931,3.551,-0.101,-0.016,0.000,0.000,waitingForTarget,noEvent
6382,2,49,rld,14:23:04.279,13932,0.046,-0.101,-0.016,0.000,0.000,activeTracking,targetAppeared
6382,2,49,rld,14:23:04.351,13933,0.115,-0.101,-0.016,0.000,0.000,activeTracking,noEvent
6382,2,49,rld,14:23:04.409,13934,0.175,-0.101,-0.016,0.000,0.000,activeTracking,noEvent
6382,2,49,rld,14:23:04.451,13935,0.226,-0.101,-0.016,0.000,0.000,activeTracking,noEvent
6382,2,49,rld,14:23:04.501,13936,0.267,-0.101,-0.016,0.000,0.000,activeTracking,noEvent
6382,2,49,rld,14:23:04.549,13937,0.328,-0.101,-0.016,0.000,0.000,activeTracking,noEvent
6382,2,49,rld,14:23:04.592,13938,0.358,-0.101,-0.016,0.000,0.000,activeTracking,noEvent
6382,2,49,rld,14:23:04.660,13939,0.431,0.180,0.029,2.500,0.400,activeTracking,noEvent
6382,2,49,rld,14:23:04.697,13940,0.475,0.703,0.090,3.800,0.400,activeTracking,noEvent
6382,2,49,rld,14:23:04.755,13941,0.531,1.368,0.168,4.300,0.500,activeTracking,noEvent
6382,2,49,rld,14:23:04.775,13942,0.555,1.731,0.219,1.200,0.200,activeTracking,noEvent
6382,2,49,rld,14:23:04.826,13943,0.606,1.994,0.248,1.200,0.100,activeTracking,noEvent
6382,2,49,rld,14:23:04.856,13944,0.637,2.141,0.259,0.500,0.000,activeTracking,noEvent
6382,2,49,rld,14:23:04.872,13945,0.650,2.249,0.262,0.500,0.000,activeTracking,noEvent
6382,2,49,rld,14:23:04.994,13946,0.767,2.537,0.266,2.100,0.000,onTarget,noEvent
6382,2,49,rld,14:23:05.025,13947,0.800,2.670,0.268,0.300,0.000,onTarget,noEvent
6382,2,49,rld,14:23:05.057,13948,0.833,2.738,0.268,0.200,0.000,onTarget,noEvent
6382,2,49,rld,14:23:05.076,13949,0.856,2.786,0.269,0.200,0.000,onTarget,noEvent
6382,2,49,rld,14:23:05.134,13950,0.911,2.814,0.269,0.100,0.000,onTarget,noEvent
6382,2,49,rld,14:23:05.154,13951,0.933,2.835,0.270,0.100,0.000,onTarget,noEvent
6382,2,49,rld,14:23:05.177,13952,0.957,2.842,0.270,0.000,0.000,onTarget,noEvent
6382,2,49,rld,14:23:05.226,13953,1.005,2.845,0.270,0.000,0.000,onTarget,noEvent
6382,2,49,rld,14:23:05.264,13954,1.044,2.846,0.270,0.000,0.000,onTarget,noEvent
6382,2,49,rld,14:23:05.311,13955,1.089,2.846,0.270,0.000,0.000,onTarget,noEvent
6382,2,49,rld,14:23:05.358,13956,1.138,2.846,0.270,0.000,0.000,onTarget,noEvent
6382,2,49,rld,14:23:05.399,13957,1.179,2.846,0.270,0.000,0.000,onTarget,noEvent
6382,2,49,rld,14:23:05.442,13958,1.223,2.846,0.258,0.000,-0.100,onTarget,noEvent
6382,2,49,rld,14:23:05.499,13959,1.273,2.846,0.230,0.000,-0.200,onTarget,noEvent
6382,2,49,rld,14:23:05.597,13960,1.370,2.846,0.210,0.000,-0.100,onTarget,noEvent
6382,2,49,rld,14:23:05.669,13961,1.446,2.846,0.203,0.000,0.000,onTarget,noEvent
6382,2,49,rld,14:23:05.716,13962,1.494,2.846,0.200,0.000,0.000,onTarget,noEvent
6382,2,49,rld,14:23:05.729,13963,1.510,2.846,0.200,0.000,0.000,onTarget,noEvent
6382,2,49,rld,14:23:05.749,13964,1.530,2.846,0.199,0.000,0.000,onTarget,noEvent
6382,2,49,rld,14:23:05.766,13965,1.546,2.846,0.199,0.000,0.000,onTarget,noEvent
6382,2,49,rld,14:23:05.845,13966,1.625,2.846,0.199,0.000,0.000,onTarget,noEvent
6382,2,49,rld,14:23:05.867,13967,1.647,2.846,0.199,0.000,0.000,onTarget,noEvent
6382,2,49,rld,14:23:05.897,13968,1.677,2.846,0.199,0.000,0.000,onTarget,noEvent
6382,2,49,rld,14:23:05.962,13969,1.731,2.846,0.199,0.000,0.000,onTarget,targetClick
6382,2,50,rld,14:23:08.485,14024,1.751,0.051,0.069,0.000,0.000,waitingForTarget,middleTargetClick
6382,2,50,rld,14:23:08.532,14025,1.797,0.051,0.069,0.000,0.000,waitingForTarget,noEvent
6382,2,50,rld,14:23:08.581,14026,1.847,0.051,0.069,0.000,0.000,waitingForTarget,noEvent
6382,2,50,rld,14:23:08.635,14027,1.897,0.051,0.069,0.000,0.000,waitingForTarget,noEvent
6382,2,50,rld,14:23:08.680,14028,1.944,0.051,0.069,0.000,0.000,waitingForTarget,noEvent
6382,2,50,rld,14:23:08.731,14029,1.996,0.051,0.069,0.000,0.000,waitingForTarget,noEvent
6382,2,50,rld,14:23:08.794,14030,2.056,0.051,0.069,0.000,0.000,waitingForTarget,noEvent
6382,2,50,rld,14:23:08.866,14031,2.117,0.051,0.069,0.000,0.000,waitingForTarget,noEvent
6382,2,50,rld,14:23:08.933,14032,2.184,0.051,0.069,0.000,0.000,waitingForTarget,noEvent
6382,2,50,rld,14:23:09.007,14033,0.085,0.051,0.069,0.000,0.000,activeTracking,targetAppeared
6382,2,50,rld,14:23:09.035,14034,0.119,0.051,0.069,0.000,0.000,activeTracking,noEvent
6382,2,50,rld,14:23:09.077,14035,0.150,0.051,0.069,0.000,0.000,activeTracking,noEvent
6382,2,50,rld,14:23:09.132,14036,0.201,0.051,0.069,0.000,0.000,activeTracking,noEvent
6382,2,50,rld,14:23:09.177,14037,0.250,0.051,0.069,0.000,0.000,activeTracking,noEvent
6382,2,50,rld,14:23:09.235,14038,0.307,0.051,0.069,0.000,0.000,activeTracking,noEvent
6382,2,50,rld,14:23:09.276,14039,0.359,0.051,0.069,0.000,0.000,activeTracking,noEvent
6382,2,50,rld,14:23:09.299,14040,0.382,0.051,0.069,0.000,0.000,activeTracking,noEvent
6382,2,50,rld,14:23:09.381,14041,0.456,0.118,0.069,0.600,0.000,activeTracking,noEvent
6382,2,50,rld,14:23:09.409,14042,0.486,0.231,0.069,0.800,0.000,activeTracking,noEvent
6382,2,50,rld,14:23:09.462,14043,0.520,0.302,0.069,0.300,0.000,activeTracking,noEvent
6382,2,50,rld,14:23:09.516,14044,0.597,0.360,0.069,0.300,0.000,activeTracking,noEvent
6382,2,50,rld,14:23:09.611,14045,0.690,-0.297,0.103,-6.000,0.300,activeTracking,noEvent
6382,2,50,rld,14:23:09.631,14046,0.716,-0.787,0.092,-2.400,-0.200,activeTracking,noEvent
6382,2,50,rld,14:23:09.653,14047,0.737,-1.008,0.089,-0.500,0.000,activeTracking,noEvent
6382,2,50,rld,14:23:09.680,14048,0.761,-1.139,0.088,-0.500,0.000,activeTracking,noEvent
6382,2,50,rld,14:23:09.698,14049,0.782,-1.217,0.076,-0.300,-0.100,activeTracking,noEvent
6382,2,50,rld,14:23:09.719,14050,0.804,-1.277,0.061,-0.300,-0.100,activeTracking,noEvent
6382,2,50,rld,14:23:09.773,14051,0.851,-1.366,0.045,-0.600,-0.100,activeTracking,noEvent
6382,2,50,rld,14:23:09.816,14052,0.900,-1.465,0.039,-0.600,0.000,activeTracking,noEvent
6382,2,50,rld,14:23:09.864,14053,0.944,-1.567,0.038,-0.600,0.000,activeTracking,noEvent
6382,2,50,rld,14:23:09.909,14054,0.988,-1.694,0.037,-0.800,0.000,activeTracking,noEvent
6382,2,50,rld,14:23:09.952,14055,1.030,-1.794,0.037,-0.500,0.000,activeTracking,noEvent
6382,2,50,rld,14:23:09.998,14056,1.079,-1.851,0.060,-0.200,0.200,activeTracking,noEvent
6382,2,50,rld,14:23:10.056,14057,1.134,-1.835,0.114,0.300,0.400,activeTracking,noEvent
6382,2,50,rld,14:23:10.094,14058,1.178,-1.807,0.143,0.200,0.100,activeTracking,noEvent
6382,2,50,rld,14:23:10.141,14059,1.226,-1.785,0.153,0.100,0.000,activeTracking,noEvent
6382,2,50,rld,14:23:10.185,14060,1.269,-1.767,0.156,0.100,0.000,activeTracking,noEvent
6382,2,50,rld,14:23:10.231,14061,1.312,-1.760,0.157,0.000,0.000,activeTracking,noEvent
6382,2,50,rld,14:23:10.301,14062,1.363,-1.805,0.157,-0.400,0.000,activeTracking,noEvent
6382,2,50,rld,14:23:10.426,14063,1.475,-1.960,0.181,-1.200,0.200,activeTracking,noEvent
6382,2,50,rld,14:23:10.474,14064,1.553,-2.059,0.190,-0.400,0.000,activeTracking,noEvent
6382,2,50,rld,14:23:10.492,14065,1.576,-2.104,0.192,-0.100,0.000,activeTracking,noEvent
6382,2,50,rld,14:23:10.508,14066,1.592,-2.119,0.193,0.000,0.000,activeTracking,noEvent
6382,2,50,rld,14:23:10.527,14067,1.610,-2.124,0.194,0.000,0.000,activeTracking,noEvent
6382,2,50,rld,14:23:10.564,14068,1.649,-2.137,0.194,-0.100,0.000,activeTracking,noEvent
6382,2,50,rld,14:23:10.614,14069,1.694,-2.177,0.194,-0.300,0.000,activeTracking,noEvent
6382,2,50,rld,14:23:10.657,14070,1.736,-2.202,0.194,-0.100,0.000,activeTracking,noEvent
6382,2,50,rld,14:23:10.708,14071,1.783,-2.234,0.195,-0.200,0.000,activeTracking,noEvent
6382,2,50,rld,14:23:10.752,14072,1.833,-2.245,0.195,0.000,0.000,activeTracking,noEvent
6382,2,50,rld,14:23:10.843,14073,1.913,-2.248,0.195,0.000,0.000,activeTracking,noEvent
6382,2,50,rld,14:23:10.898,14074,1.981,-2.250,0.195,0.000,0.000,activeTracking,noEvent
6382,2,50,rld,14:23:10.984,14075,2.049,-2.250,0.195,0.000,0.000,activeTracking,noEvent
6382,2,50,rld,14:23:11.030,14076,2.109,-2.250,0.195,0.000,0.000,activeTracking,noEvent
6382,2,50,rld,14:23:11.076,14077,2.160,-2.441,0.022,-1.600,-1.500,onTarget,noEvent
6382,2,50,rld,14:23:11.098,14078,2.183,-2.565,-0.106,-0.500,-0.600,onTarget,noEvent
6382,2,50,rld,14:23:11.133,14079,2.210,-2.643,-0.172,-0.300,-0.200,onTarget,noEvent
6382,2,50,rld,14:23:11.166,14080,2.248,-2.693,-0.217,-0.200,-0.200,onTarget,noEvent
6382,2,50,rld,14:23:11.215,14081,2.298,-2.722,-0.244,-0.100,-0.100,onTarget,noEvent
6382,2,50,rld,14:23:11.236,14082,2.319,-2.744,-0.265,-0.100,-0.100,onTarget,noEvent
6382,2,50,rld,14:23:11.265,14083,2.350,-2.751,-0.272,0.000,0.000,onTarget,noEvent
6382,2,50,rld,14:23:11.312,14084,2.395,-2.778,-0.274,-0.200,0.000,onTarget,noEvent
6382,2,50,rld,14:23:11.355,14085,2.437,-2.787,-0.275,0.000,0.000,onTarget,noEvent
6382,2,50,rld,14:23:11.400,14086,2.482,-2.802,-0.276,-0.100,0.000,onTarget,noEvent
6382,2,50,rld,14:23:11.445,14087,2.528,-2.819,-0.287,-0.100,-0.100,onTarget,noEvent
6382,2,50,rld,14:23:11.508,14088,2.580,-2.849,-0.292,-0.200,0.000,onTarget,noEvent
6382,2,50,rld,14:23:11.582,14089,2.663,-2.872,-0.293,-0.100,0.000,onTarget,noEvent
6382,2,50,rld,14:23:11.675,14090,2.748,-2.879,-0.294,0.000,0.000,onTarget,noEvent
6382,2,50,rld,14:23:11.720,14091,2.800,-2.869,-0.270,0.100,0.200,onTarget,noEvent
6382,2,50,rld,14:23:11.756,14092,2.836,-2.854,-0.251,0.100,0.100,onTarget,noEvent
6382,2,50,rld,14:23:11.826,14093,2.907,-2.849,-0.221,0.000,0.200,onTarget,noEvent
6382,2,50,rld,14:23:11.861,14094,2.941,-2.835,-0.199,0.100,0.100,onTarget,noEvent
6382,2,50,rld,14:23:11.882,14095,2.963,-2.830,-0.180,0.000,0.100,onTarget,noEvent
6382,2,50,rld,14:23:11.898,14096,2.982,-2.816,-0.162,0.100,0.100,onTarget,noEvent
6382,2,50,rld,14:23:11.923,14097,3.002,-2.812,-0.144,0.000,0.100,onTarget,noEvent
6382,2,50,rld,14:23:11.957,14098,3.040,-2.810,-0.126,0.000,0.100,onTarget,noEvent
6382,2,50,rld,14:23:11.997,14099,3.081,-2.797,-0.109,0.100,0.100,onTarget,noEvent
6382,2,50,rld,14:23:12.059,14100,3.133,-2.793,-0.091,0.000,0.100,onTarget,noEvent
6382,2,50,rld,14:23:12.151,14101,3.228,-2.792,-0.085,0.000,0.000,onTarget,noEvent
6382,2,50,rld,14:23:12.230,14102,3.313,-2.791,-0.083,0.000,0.000,onTarget,noEvent
6382,2,50,rld,14:23:12.244,14103,3.330,-2.791,-0.083,0.000,0.000,onTarget,noEvent
6382,2,50,rld,14:23:12.264,14104,3.349,-2.791,-0.083,0.000,0.000,onTarget,noEvent
6382,2,50,rld,14:23:12.297,14105,3.379,-2.791,-0.082,0.000,0.000,onTarget,noEvent
6382,2,50,rld,14:23:12.344,14106,3.427,-2.791,-0.082,0.000,0.000,onTarget,noEvent
6382,2,50,rld,14:23:12.427,14107,3.503,-2.791,-0.082,0.000,0.000,onTarget,noEvent
6382,2,50,rld,14:23:12.497,14108,3.562,-2.791,-0.082,0.000,0.000,onTarget,noEvent
6382,2,50,rld,14:23:12.556,14109,3.628,-2.791,-0.082,0.000,0.000,onTarget,noEvent
6382,2,50,rld,14:23:12.581,14110,3.662,-2.791,-0.082,0.000,0.000,onTarget,targetClick
6382,2,51,rld,14:23:15.080,14163,3.785,-0.186,-0.049,0.000,0.000,waitingForTarget,middleTargetClick
6382,2,51,rld,14:23:15.096,14164,3.810,-0.186,-0.049,0.000,0.000,waitingForTarget,noEvent
6382,2,51,rld,14:23:15.124,14165,3.837,-0.186,-0.049,0.000,0.000,waitingForTarget,noEvent
6382,2,51,rld,14:23:15.140,14166,3.853,-0.186,-0.049,0.000,0.000,waitingForTarget,noEvent
6382,2,51,rld,14:23:15.215,14167,3.921,-0.186,-0.049,0.000,0.000,waitingForTarget,noEvent
6382,2,51,rld,14:23:15.237,14168,3.951,-0.186,-0.049,0.000,0.000,waitingForTarget,noEvent
6382,2,51,rld,14:23:15.274,14169,3.979,-0.186,-0.049,0.000,0.000,waitingForTarget,noEvent
6382,2,51,rld,14:23:15.650,14175,0.148,-0.186,-0.049,0.000,0.000,activeTracking,targetAppeared
6382,2,51,rld,14:23:15.668,14176,0.168,-0.186,-0.049,0.000,0.000,activeTracking,noEvent
6382,2,51,rld,14:23:15.703,14177,0.195,-0.186,-0.049,0.000,0.000,activeTracking,noEvent
6382,2,51,rld,14:23:15.717,14178,0.217,-0.186,-0.049,0.000,0.000,activeTracking,noEvent
6382,2,51,rld,14:23:15.783,14179,0.283,-0.186,-0.049,0.000,0.000,activeTracking,noEvent
6382,2,51,rld,14:23:15.846,14180,0.345,-0.186,-0.049,0.000,0.000,activeTracking,noEvent
6382,2,51,rld,14:23:15.962,14181,0.462,-0.186,-0.049,0.000,0.000,activeTracking,noEvent
6382,2,51,rld,14:23:15.989,14182,0.486,-0.186,-0.049,0.000,0.000,activeTracking,noEvent
6382,2,51,rld,14:23:16.004,14183,0.505,-0.186,-0.049,0.000,0.000,activeTracking,noEvent
6382,2,51,rld,14:23:16.015,14184,0.516,-0.186,-0.049,0.000,0.000,activeTracking,noEvent
6382,2,51,rld,14:23:16.032,14185,0.532,-0.186,-0.049,0.000,0.000,activeTracking,noEvent
6382,2,51,rld,14:23:16.074,14186,0.574,-0.186,-0.049,0.000,0.000,activeTracking,noEvent
6382,2,51,rld,14:23:16.127,14187,0.626,0.152,0.007,3.000,0.500,activeTracking,noEvent
6382,2,51,rld,14:23:16.175,14188,0.668,0.671,0.082,3.600,0.500,activeTracking,noEvent
6382,2,51,rld,14:23:16.217,14189,0.713,0.992,0.131,1.300,0.200,activeTracking,noEvent
6382,2,51,rld,14:23:16.275,14190,0.762,1.259,0.159,1.400,0.100,activeTracking,noEvent
6382,2,51,rld,14:23:16.363,14191,0.818,1.418,0.168,0.600,0.000,activeTracking,noEvent
6382,2,51,rld,14:23:16.452,14192,0.951,1.597,0.172,1.100,0.000,activeTracking,noEvent
6382,2,51,rld,14:23:16.478,14193,0.978,1.692,0.174,0.300,0.000,activeTracking,noEvent
6382,2,51,rld,14:23:16.508,14194,1.004,1.782,0.174,0.500,0.000,activeTracking,noEvent
6382,2,51,rld,14:23:16.582,14195,1.079,1.847,0.175,0.300,0.000,activeTracking,noEvent
6382,2,51,rld,14:23:16.643,14196,1.141,1.869,0.175,0.000,0.000,activeTracking,noEvent
6382,2,51,rld,14:23:16.660,14197,1.159,1.876,0.175,0.000,0.000,activeTracking,noEvent
6382,2,51,rld,14:23:16.674,14198,1.175,1.878,0.175,0.000,0.000,activeTracking,noEvent
6382,2,51,rld,14:23:16.691,14199,1.192,1.879,0.175,0.000,0.000,activeTracking,noEvent
6382,2,51,rld,14:23:16.733,14200,1.233,1.880,0.175,0.000,0.000,activeTracking,noEvent
6382,2,51,rld,14:23:16.781,14201,1.278,1.880,0.175,0.000,0.000,activeTracking,noEvent
6382,2,51,rld,14:23:16.844,14202,1.339,1.880,0.175,0.000,0.000,activeTracking,noEvent
6382,2,51,rld,14:23:16.973,14203,1.435,1.880,0.175,0.000,0.000,activeTracking,noEvent
6382,2,51,rld,14:23:17.010,14204,1.499,2.268,0.085,3.300,-0.800,activeTracking,noEvent
6382,2,51,rld,14:23:17.046,14205,1.542,2.483,0.032,0.700,-0.200,onTarget,noEvent
6382,2,51,rld,14:23:17.122,14206,1.618,2.615,0.002,0.500,-0.100,onTarget,noEvent
6382,2,51,rld,14:23:17.145,14207,1.645,2.672,-0.007,0.100,0.000,onTarget,noEvent
6382,2,51,rld,14:23:17.178,14208,1.675,2.715,-0.011,0.200,0.000,onTarget,noEvent
6382,2,51,rld,14:23:17.194,14209,1.693,2.729,-0.012,0.000,0.000,onTarget,noEvent
6382,2,51,rld,14:23:17.226,14210,1.726,2.746,-0.012,0.100,0.000,onTarget,noEvent
6382,2,51,rld,14:23:17.265,14211,1.753,2.752,-0.012,0.000,0.000,onTarget,noEvent
6382,2,51,rld,14:23:17.384,14212,1.875,2.851,-0.047,0.800,-0.300,onTarget,noEvent
6382,2,51,rld,14:23:17.432,14213,1.916,2.897,-0.071,0.100,-0.100,onTarget,noEvent
6382,2,51,rld,14:23:17.457,14214,1.957,2.924,-0.078,0.100,0.000,onTarget,noEvent
6382,2,51,rld,14:23:17.468,14215,1.968,2.933,-0.081,0.000,0.000,onTarget,noEvent
6382,2,51,rld,14:23:17.485,14216,1.986,2.936,-0.082,0.000,0.000,onTarget,noEvent
6382,2,51,rld,14:23:17.532,14217,2.029,2.937,-0.082,0.000,0.000,onTarget,noEvent
6382,2,51,rld,14:23:17.625,14218,2.098,2.913,-0.082,-0.200,0.000,onTarget,noEvent
6382,2,51,rld,14:23:17.746,14219,2.219,2.856,-0.082,-0.400,0.000,onTarget,noEvent
6382,2,51,rld,14:23:17.772,14220,2.268,2.837,-0.082,0.000,0.000,onTarget,noEvent
6382,2,51,rld,14:23:17.794,14221,2.295,2.831,-0.082,0.000,0.000,onTarget,noEvent
6382,2,51,rld,14:23:17.829,14222,2.328,2.829,-0.082,0.000,0.000,onTarget,noEvent
6382,2,51,rld,14:23:17.837,14223,2.338,2.828,-0.082,0.000,0.000,onTarget,noEvent
6382,2,51,rld,14:23:17.875,14224,2.375,2.828,-0.082,0.000,0.000,onTarget,noEvent
6382,2,51,rld,14:23:17.905,14225,2.402,2.828,-0.082,0.000,0.000,onTarget,noEvent
6382,2,51,rld,14:23:17.948,14226,2.446,2.828,-0.082,0.000,0.000,onTarget,noEvent
6382,2,51,rld,14:23:18.023,14227,2.513,2.828,-0.082,0.000,0.000,onTarget,noEvent
6382,2,51,rld,14:23:18.055,14228,2.552,2.828,-0.082,0.000,0.000,onTarget,noEvent
6382,2,51,rld,14:23:18.133,14229,2.608,2.828,-0.082,0.000,0.000,onTarget,targetClick
6382,2,52,rld,14:23:20.840,14286,2.712,0.137,-0.007,0.200,0.100,waitingForTarget,middleTargetClick
6382,2,52,rld,14:23:20.861,14287,2.740,0.147,-0.002,0.000,0.000,waitingForTarget,noEvent
6382,2,52,rld,14:23:20.926,14288,2.800,0.150,0.000,0.000,0.000,waitingForTarget,noEvent
6382,2,52,rld,14:23:20.983,14289,2.848,0.151,0.001,0.000,0.000,waitingForTarget,noEvent
6382,2,52,rld,14:23:21.043,14290,2.918,0.152,0.001,0.000,0.000,waitingForTarget,noEvent
6382,2,52,rld,14:23:21.112,14291,2.989,0.152,0.001,0.000,0.000,waitingForTarget,noEvent
6382,2,52,rld,14:23:21.149,14292,3.030,0.152,0.001,0.000,0.000,waitingForTarget,noEvent
6382,2,52,rld,14:23:21.179,14293,3.059,0.152,0.001,0.000,0.000,waitingForTarget,noEvent
6382,2,52,rld,14:23:21.237,14294,3.098,0.152,0.001,0.000,0.000,waitingForTarget,noEvent
6382,2,52,rld,14:23:21.293,14295,3.160,0.152,0.001,0.000,0.000,waitingForTarget,noEvent
6382,2,52,rld,14:23:21.333,14296,0.055,0.152,0.001,0.000,0.000,activeTracking,targetAppeared
6382,2,52,rld,14:23:21.383,14297,0.105,0.152,0.001,0.000,0.000,activeTracking,noEvent
6382,2,52,rld,14:23:21.432,14298,0.149,0.152,0.001,0.000,0.000,activeTracking,noEvent
6382,2,52,rld,14:23:21.481,14299,0.198,0.152,0.001,0.000,0.000,activeTracking,noEvent
6382,2,52,rld,14:23:21.534,14300,0.251,0.152,0.001,0.000,0.000,activeTracking,noEvent
6382,2,52,rld,14:23:21.583,14301,0.298,0.152,0.001,0.000,0.000,activeTracking,noEvent
6382,2,52,rld,14:23:21.610,14302,0.330,0.152,0.001,0.000,0.000,activeTracking,noEvent
6382,2,52,rld,14:23:21.688,14303,0.390,0.152,0.001,0.000,0.000,activeTracking,noEvent
6382,2,52,rld,14:23:21.744,14304,0.456,0.208,0.001,0.500,0.000,activeTracking,noEvent
6382,2,52,rld,14:23:21.783,14305,0.497,0.283,0.013,0.500,0.100,activeTracking,noEvent
6382,2,52,rld,14:23:21.827,14306,0.547,0.353,0.016,0.400,0.000,activeTracking,noEvent
6382,2,52,rld,14:23:21.855,14307,0.575,0.388,0.018,0.100,0.000,activeTracking,noEvent
6382,2,52,rld,14:23:21.897,14308,0.611,0.354,0.052,-0.400,0.300,activeTracking,noEvent
6382,2,52,rld,14:23:21.944,14309,0.656,-0.366,0.176,-6.300,1.000,activeTracking,noEvent
6382,2,52,rld,14:23:21.987,14310,0.705,-1.174,0.208,-5.000,-0.100,activeTracking,noEvent
6382,2,52,rld,14:23:22.016,14311,0.738,-1.643,0.197,-1.700,-0.200,activeTracking,noEvent
6382,2,52,rld,14:23:22.056,14312,0.774,-1.824,0.194,-0.200,0.000,activeTracking,noEvent
6382,2,52,rld,14:23:22.111,14313,0.819,-1.896,0.193,-0.100,0.000,activeTracking,noEvent
6382,2,52,rld,14:23:22.147,14314,0.867,-1.920,0.193,0.000,0.000,activeTracking,noEvent
6382,2,52,rld,14:23:22.196,14315,0.917,-1.928,0.193,0.000,0.000,activeTracking,noEvent
6382,2,52,rld,14:23:22.229,14316,0.949,-1.931,0.193,0.000,0.000,activeTracking,noEvent
6382,2,52,rld,14:23:22.254,14317,0.974,-1.932,0.193,0.000,0.000,activeTracking,noEvent
6382,2,52,rld,14:23:22.297,14318,1.018,-1.932,0.193,0.000,0.000,activeTracking,noEvent
6382,2,52,rld,14:23:22.348,14319,1.068,-1.932,0.193,0.000,0.000,activeTracking,noEvent
6382,2,52,rld,14:23:22.496,14320,1.213,-2.085,0.171,-1.300,-0.200,activeTracking,noEvent
6382,2,52,rld,14:23:22.523,14321,1.241,-2.160,0.152,-0.200,-0.100,activeTracking,noEvent
6382,2,52,rld,14:23:22.560,14322,1.275,-2.196,0.146,-0.100,0.000,activeTracking,noEvent
6382,2,52,rld,14:23:22.630,14323,1.347,-2.220,0.132,-0.100,-0.100,activeTracking,noEvent
6382,2,52,rld,14:23:22.695,14324,1.398,-2.240,0.104,-0.100,-0.200,activeTracking,noEvent
6382,2,52,rld,14:23:22.744,14325,1.465,-2.294,0.084,-0.400,-0.100,activeTracking,noEvent
6382,2,52,rld,14:23:22.775,14326,1.494,-2.336,0.066,-0.200,-0.100,activeTracking,noEvent
6382,2,52,rld,14:23:22.822,14327,1.539,-2.386,0.060,-0.300,0.000,onTarget,noEvent
6382,2,52,rld,14:23:22.855,14328,1.575,-2.427,0.058,-0.200,0.000,onTarget,noEvent
6382,2,52,rld,14:23:22.876,14329,1.598,-2.440,0.057,0.000,0.000,onTarget,noEvent
6382,2,52,rld,14:23:22.898,14330,1.619,-2.457,0.057,-0.100,0.000,onTarget,noEvent
6382,2,52,rld,14:23:22.925,14331,1.647,-2.462,0.057,0.000,0.000,onTarget,noEvent
6382,2,52,rld,14:23:22.964,14332,1.687,-2.464,0.057,0.000,0.000,onTarget,noEvent
6382,2,52,rld,14:23:23.014,14333,1.733,-2.465,0.057,0.000,0.000,onTarget,noEvent
6382,2,52,rld,14:23:23.061,14334,1.781,-2.465,0.057,0.000,0.000,onTarget,noEvent
6382,2,52,rld,14:23:23.112,14335,1.830,-2.465,0.057,0.000,0.000,onTarget,noEvent
6382,2,52,rld,14:23:23.163,14336,1.883,-2.465,0.057,0.000,0.000,onTarget,noEvent
6382,2,52,rld,14:23:23.232,14337,1.947,-2.465,0.057,0.000,0.000,onTarget,noEvent
6382,2,52,rld,14:23:23.309,14338,2.019,-2.465,0.057,0.000,0.000,onTarget,noEvent
6382,2,52,rld,14:23:23.400,14339,2.101,-2.465,0.057,0.000,0.000,onTarget,noEvent
6382,2,52,rld,14:23:23.441,14340,2.161,-2.465,0.057,0.000,0.000,onTarget,targetClick
6382,2,53,rld,14:23:25.646,14388,2.223,-0.219,0.001,0.000,0.000,waitingForTarget,middleTargetClick
6382,2,53,rld,14:23:25.743,14389,2.316,-0.219,0.001,0.000,0.000,waitingForTarget,noEvent
6382,2,53,rld,14:23:25.814,14390,2.367,-0.219,0.001,0.000,0.000,waitingForTarget,noEvent
6382,2,53,rld,14:23:25.866,14391,2.447,-0.219,0.001,0.000,0.000,waitingForTarget,noEvent
6382,2,53,rld,14:23:25.886,14392,2.469,-0.219,0.001,0.000,0.000,waitingForTarget,noEvent
6382,2,53,rld,14:23:25.906,14393,2.483,-0.219,0.001,0.000,0.000,waitingForTarget,noEvent
6382,2,53,rld,14:23:25.926,14394,2.508,-0.219,0.001,0.000,0.000,waitingForTarget,noEvent
6382,2,53,rld,14:23:25.964,14395,2.545,-0.219,0.001,0.000,0.000,waitingForTarget,noEvent
6382,2,53,rld,14:23:26.031,14396,2.601,-0.219,0.001,0.000,0.000,waitingForTarget,noEvent
6382,2,53,rld,14:23:26.112,14397,2.680,-0.219,0.001,0.000,0.000,waitingForTarget,noEvent
6382,2,53,rld,14:23:26.184,14398,0.080,-0.219,0.001,0.000,0.000,activeTracking,targetAppeared
6382,2,53,rld,14:23:26.233,14399,0.130,-0.219,0.001,0.000,0.000,activeTracking,noEvent
6382,2,53,rld,14:23:26.261,14400,0.164,-0.219,0.001,0.000,0.000,activeTracking,noEvent
6382,2,53,rld,14:23:26.310,14401,0.209,-0.219,0.001,0.000,0.000,activeTracking,noEvent
6382,2,53,rld,14:23:26.361,14402,0.253,-0.219,0.001,0.000,0.000,activeTracking,noEvent
6382,2,53,rld,14:23:26.425,14403,0.315,-0.219,0.001,0.000,0.000,activeTracking,noEvent
6382,2,53,rld,14:23:26.464,14404,0.365,-0.219,0.001,0.000,0.000,activeTracking,noEvent
6382,2,53,rld,14:23:26.496,14405,0.392,-0.219,0.001,0.000,0.000,activeTracking,noEvent
6382,2,53,rld,14:23:26.539,14406,0.441,-0.219,0.001,0.000,0.000,activeTracking,noEvent
6382,2,53,rld,14:23:26.628,14407,0.525,-0.219,0.001,0.000,0.000,activeTracking,noEvent
6382,2,53,rld,14:23:26.651,14408,0.548,-0.219,0.001,0.000,0.000,activeTracking,noEvent
6382,2,53,rld,14:23:26.687,14409,0.585,-0.219,0.001,0.000,0.000,activeTracking,noEvent
6382,2,53,rld,14:23:26.701,14410,0.601,-0.219,0.001,0.000,0.000,activeTracking,noEvent
6382,2,53,rld,14:23:26.731,14411,0.634,-0.219,0.001,0.000,0.000,activeTracking,noEvent
6382,2,53,rld,14:23:26.764,14412,0.668,-0.219,0.001,0.000,0.000,activeTracking,noEvent
6382,2,53,rld,14:23:26.880,14413,0.770,-0.219,0.001,0.000,0.000,activeTracking,noEvent
6382,2,53,rld,14:23:26.942,14414,0.833,-0.219,0.001,0.000,0.000,activeTracking,noEvent
6382,2,53,rld,14:23:26.995,14415,0.894,-0.219,0.001,0.000,0.000,activeTracking,noEvent
6382,2,53,rld,14:23:27.027,14416,0.921,-0.219,0.001,0.000,0.000,activeTracking,noEvent
6382,2,53,rld,14:23:27.078,14417,0.980,-0.219,0.001,0.000,0.000,activeTracking,noEvent
6382,2,53,rld,14:23:27.145,14418,1.035,-0.219,0.001,0.000,0.000,activeTracking,noEvent
6382,2,53,rld,14:23:27.190,14419,1.086,-0.219,0.001,0.000,0.000,activeTracking,noEvent
6382,2,53,rld,14:23:27.213,14420,1.113,-0.219,0.001,0.000,0.000,activeTracking,noEvent
6382,2,53,rld,14:23:27.224,14421,1.127,-0.219,0.001,0.000,0.000,activeTracking,noEvent
6382,2,53,rld,14:23:27.245,14422,1.148,-0.219,0.001,0.000,0.000,activeTracking,noEvent
6382,2,53,rld,14:23:27.282,14423,1.185,-0.219,0.001,0.000,0.000,activeTracking,noEvent
6382,2,53,rld,14:23:27.329,14424,1.230,-0.219,0.001,0.000,0.000,activeTracking,noEvent
6382,2,53,rld,14:23:27.384,14425,1.284,-0.219,0.001,0.000,0.000,activeTracking,noEvent
6382,2,53,rld,14:23:27.456,14426,1.346,-0.219,0.001,0.000,0.000,activeTracking,noEvent
6382,2,53,rld,14:23:27.497,14427,1.397,-0.219,0.001,0.000,0.000,activeTracking,noEvent
6382,2,53,rld,14:23:27.548,14428,1.450,-0.219,0.001,0.000,0.000,activeTracking,noEvent
6382,2,53,rld,14:23:27.594,14429,1.497,-0.219,0.001,0.000,0.000,activeTracking,noEvent
6382,2,53,rld,14:23:27.664,14430,1.561,-0.219,0.001,0.000,0.000,activeTracking,noEvent
6382,2,53,rld,14:23:27.723,14431,1.611,-0.219,0.001,0.000,0.000,activeTracking,noEvent
6382,2,53,rld,14:23:27.797,14432,1.689,-0.219,0.001,0.000,0.000,activeTracking,noEvent
6382,2,53,rld,14:23:27.846,14433,1.746,-0.219,0.001,0.000,0.000,activeTracking,noEvent
6382,2,53,rld,14:23:27.871,14434,1.775,-0.219,0.001,0.000,0.000,activeTracking,noEvent
6382,2,53,rld,14:23:27.882,14435,1.787,-0.219,0.001,0.000,0.000,activeTracking,noEvent
6382,2,53,rld,14:23:27.998,14436,1.900,-0.186,0.001,0.300,0.000,activeTracking,noEvent
6382,2,53,rld,14:23:28.076,14437,1.970,0.208,0.013,3.400,0.100,activeTracking,noEvent
6382,2,53,rld,14:23:28.123,14438,2.015,0.509,0.016,1.500,0.000,activeTracking,noEvent
6382,2,53,rld,14:23:28.156,14439,2.054,0.722,0.018,1.000,0.000,activeTracking,noEvent
6382,2,53,rld,14:23:28.191,14440,2.088,0.839,0.018,0.400,0.000,activeTracking,noEvent
6382,2,53,rld,14:23:28.230,14441,2.129,0.946,0.019,0.600,0.000,activeTracking,noEvent
6382,2,53,rld,14:23:28.277,14442,2.172,1.050,0.019,0.600,0.000,activeTracking,noEvent
6382,2,53,rld,14:23:28.311,14443,2.211,1.119,0.019,0.300,0.000,activeTracking,noEvent
6382,2,53,rld,14:23:28.330,14444,2.233,1.164,0.019,0.200,0.000,activeTracking,noEvent
6382,2,53,rld,14:23:28.371,14445,2.270,1.225,0.030,0.400,0.100,activeTracking,noEvent
6382,2,53,rld,14:23:28.451,14446,2.334,1.395,0.091,1.300,0.500,activeTracking,noEvent
6382,2,53,rld,14:23:28.492,14447,2.385,1.578,0.135,1.100,0.200,activeTracking,noEvent
6382,2,53,rld,14:23:28.584,14448,2.469,1.697,0.150,0.500,0.000,activeTracking,noEvent
6382,2,53,rld,14:23:28.637,14449,2.536,1.796,0.155,0.500,0.000,activeTracking,noEvent
6382,2,53,rld,14:23:28.676,14450,2.571,1.875,0.157,0.400,0.000,activeTracking,noEvent
6382,2,53,rld,14:23:28.725,14451,2.611,1.960,0.147,0.500,-0.100,activeTracking,noEvent
6382,2,53,rld,14:23:28.776,14452,2.667,2.059,0.143,0.600,0.000,activeTracking,noEvent
6382,2,53,rld,14:23:28.826,14453,2.721,2.151,0.143,0.500,0.000,activeTracking,noEvent
6382,2,53,rld,14:23:28.866,14454,2.766,2.217,0.143,0.300,0.000,activeTracking,noEvent
6382,2,53,rld,14:23:28.909,14455,2.800,2.263,0.131,0.200,-0.100,activeTracking,noEvent
6382,2,53,rld,14:23:28.944,14456,2.844,2.302,0.116,0.200,-0.100,activeTracking,noEvent
6382,2,53,rld,14:23:28.983,14457,2.885,2.363,0.111,0.400,0.000,onTarget,noEvent
6382,2,53,rld,14:23:29.023,14458,2.921,2.407,0.098,0.200,-0.100,onTarget,noEvent
6382,2,53,rld,14:23:29.067,14459,2.968,2.469,0.059,0.400,-0.300,onTarget,noEvent
6382,2,53,rld,14:23:29.091,14460,2.993,2.502,0.046,0.100,0.000,onTarget,noEvent
6382,2,53,rld,14:23:29.150,14461,3.048,2.561,0.030,0.400,-0.100,onTarget,noEvent
6382,2,53,rld,14:23:29.198,14462,3.100,2.605,0.013,0.200,-0.100,onTarget,noEvent
6382,2,53,rld,14:23:29.224,14463,3.127,2.632,0.008,0.100,0.000,onTarget,noEvent
6382,2,53,rld,14:23:29.250,14464,3.152,2.653,0.006,0.100,0.000,onTarget,noEvent
6382,2,53,rld,14:23:29.291,14465,3.188,2.660,-0.006,0.000,-0.100,onTarget,noEvent
6382,2,53,rld,14:23:29.330,14466,3.230,2.662,-0.010,0.000,0.000,onTarget,noEvent
6382,2,53,rld,14:23:29.381,14467,3.281,2.663,-0.012,0.000,0.000,onTarget,noEvent
6382,2,53,rld,14:23:29.439,14468,3.337,2.663,-0.012,0.000,0.000,onTarget,noEvent
6382,2,53,rld,14:23:29.545,14469,3.422,2.676,-0.012,0.100,0.000,onTarget,noEvent
6382,2,53,rld,14:23:29.612,14470,3.509,2.680,-0.012,0.000,0.000,onTarget,noEvent
6382,2,53,rld,14:23:29.633,14471,3.534,2.681,-0.012,0.000,0.000,onTarget,noEvent
6382,2,53,rld,14:23:29.651,14472,3.550,2.682,-0.012,0.000,0.000,onTarget,noEvent
6382,2,53,rld,14:23:29.672,14473,3.576,2.682,-0.012,0.000,0.000,onTarget,noEvent
6382,2,53,rld,14:23:29.700,14474,3.602,2.682,-0.012,0.000,0.000,onTarget,noEvent
6382,2,53,rld,14:23:29.757,14475,3.651,2.682,-0.012,0.000,0.000,onTarget,noEvent
6382,2,53,rld,14:23:29.853,14476,3.749,2.682,-0.012,0.000,0.000,onTarget,noEvent
6382,2,53,rld,14:23:29.892,14477,3.791,2.682,-0.012,0.000,0.000,onTarget,noEvent
6382,2,53,rld,14:23:29.934,14478,3.829,2.682,-0.012,0.000,0.000,onTarget,noEvent
6382,2,53,rld,14:23:30.015,14479,3.905,2.682,-0.012,0.000,0.000,onTarget,noEvent
6382,2,53,rld,14:23:30.071,14480,3.968,2.682,-0.012,0.000,0.000,onTarget,noEvent
6382,2,53,rld,14:23:30.095,14481,3.995,2.682,-0.012,0.000,0.000,onTarget,noEvent
6382,2,54,rld,14:23:34.567,14576,0.053,0.034,-0.049,0.000,0.000,activeTracking,targetAppeared
6382,2,54,rld,14:23:34.637,14577,0.105,0.034,-0.049,0.000,0.000,activeTracking,noEvent
6382,2,54,rld,14:23:34.692,14578,0.171,0.034,-0.049,0.000,0.000,activeTracking,noEvent
6382,2,54,rld,14:23:34.729,14579,0.215,0.034,-0.049,0.000,0.000,activeTracking,noEvent
6382,2,54,rld,14:23:34.797,14580,0.263,0.034,-0.049,0.000,0.000,activeTracking,noEvent
6382,2,54,rld,14:23:34.840,14581,0.327,0.034,-0.049,0.000,0.000,activeTracking,noEvent
6382,2,54,rld,14:23:34.864,14582,0.346,0.034,-0.049,0.000,0.000,activeTracking,noEvent
6382,2,54,rld,14:23:34.876,14583,0.363,0.034,-0.049,0.000,0.000,activeTracking,noEvent
6382,2,54,rld,14:23:34.900,14584,0.386,0.034,-0.049,0.000,0.000,activeTracking,noEvent
6382,2,54,rld,14:23:34.934,14585,0.420,0.034,-0.049,0.000,0.000,activeTracking,noEvent
6382,2,54,rld,14:23:34.982,14586,0.465,0.034,-0.049,0.000,0.000,activeTracking,noEvent
6382,2,54,rld,14:23:35.175,14587,0.648,1.119,0.144,9.600,1.700,activeTracking,noEvent
6382,2,54,rld,14:23:35.231,14588,0.709,1.670,0.187,1.600,-0.200,activeTracking,noEvent
6382,2,54,rld,14:23:35.263,14589,0.749,1.938,0.191,0.700,-0.100,activeTracking,noEvent
6382,2,54,rld,14:23:35.325,14590,0.800,2.193,0.194,1.400,0.000,activeTracking,noEvent
6382,2,54,rld,14:23:35.374,14591,0.855,2.638,0.197,3.000,0.000,onTarget,noEvent
6382,2,54,rld,14:23:35.423,14592,0.898,2.899,0.211,0.900,0.100,onTarget,noEvent
6382,2,54,rld,14:23:35.474,14593,0.953,3.085,0.217,0.800,0.000,activeTracking,noEvent
6382,2,54,rld,14:23:35.508,14594,0.992,3.210,0.220,0.500,0.000,activeTracking,noEvent
6382,2,54,rld,14:23:35.550,14595,1.027,3.290,0.221,0.300,0.000,activeTracking,noEvent
6382,2,54,rld,14:23:35.561,14596,1.047,3.342,0.221,0.200,0.000,activeTracking,noEvent
6382,2,54,rld,14:23:35.593,14597,1.071,3.384,0.222,0.200,0.000,activeTracking,noEvent
6382,2,54,rld,14:23:35.646,14598,1.132,3.424,0.222,0.200,0.000,activeTracking,noEvent
6382,2,54,rld,14:23:35.672,14599,1.159,3.449,0.223,0.100,0.000,activeTracking,noEvent
6382,2,54,rld,14:23:35.692,14600,1.180,3.458,0.223,0.000,0.000,activeTracking,noEvent
6382,2,54,rld,14:23:35.740,14601,1.222,3.461,0.223,0.000,0.000,activeTracking,noEvent
6382,2,54,rld,14:23:35.778,14602,1.264,3.462,0.211,0.000,-0.100,activeTracking,noEvent
6382,2,54,rld,14:23:35.848,14603,1.325,3.386,0.158,-0.600,-0.400,activeTracking,noEvent
6382,2,54,rld,14:23:35.894,14604,1.379,3.186,0.080,-1.400,-0.500,activeTracking,noEvent
6382,2,54,rld,14:23:35.929,14605,1.414,3.057,0.042,-0.500,-0.100,onTarget,noEvent
6382,2,54,rld,14:23:35.960,14606,1.447,2.978,0.018,-0.300,-0.100,onTarget,noEvent
6382,2,54,rld,14:23:36.007,14607,1.485,2.927,-0.002,-0.200,-0.100,onTarget,noEvent
6382,2,54,rld,14:23:36.046,14608,1.533,2.897,-0.009,-0.100,0.000,onTarget,noEvent
6382,2,54,rld,14:23:36.097,14609,1.579,2.863,-0.011,-0.200,0.000,onTarget,noEvent
6382,2,54,rld,14:23:36.144,14610,1.621,2.815,-0.012,-0.300,0.000,onTarget,noEvent
6382,2,54,rld,14:23:36.180,14611,1.662,2.750,-0.012,-0.400,0.000,onTarget,noEvent
6382,2,54,rld,14:23:36.225,14612,1.711,2.705,-0.012,-0.200,0.000,onTarget,noEvent
6382,2,54,rld,14:23:36.267,14613,1.752,2.653,-0.012,-0.300,0.000,onTarget,noEvent
6382,2,54,rld,14:23:36.316,14614,1.796,2.624,-0.013,-0.100,0.000,onTarget,noEvent
6382,2,54,rld,14:23:36.417,14615,1.890,2.590,-0.013,-0.200,0.000,onTarget,noEvent
6382,2,54,rld,14:23:36.499,14616,1.972,2.579,-0.013,0.000,0.000,onTarget,noEvent
6382,2,54,rld,14:23:36.543,14617,2.022,2.575,-0.013,0.000,0.000,onTarget,noEvent
6382,2,54,rld,14:23:36.596,14618,2.077,2.574,-0.013,0.000,0.000,onTarget,noEvent
6382,2,54,rld,14:23:36.645,14619,2.121,2.573,-0.013,0.000,0.000,onTarget,noEvent
6382,2,54,rld,14:23:36.690,14620,2.170,2.573,-0.013,0.000,0.000,onTarget,targetClick
6382,2,55,rld,14:23:41.313,14720,2.218,-0.068,0.238,0.000,0.000,waitingForTarget,middleTargetClick
6382,2,55,rld,14:23:41.406,14721,2.309,-0.068,0.238,0.000,0.000,waitingForTarget,noEvent
6382,2,55,rld,14:23:41.458,14722,2.359,-0.068,0.238,0.000,0.000,waitingForTarget,noEvent
6382,2,55,rld,14:23:41.544,14723,2.443,-0.068,0.238,0.000,0.000,waitingForTarget,noEvent
6382,2,55,rld,14:23:41.594,14724,2.499,-0.068,0.238,0.000,0.000,waitingForTarget,noEvent
6382,2,55,rld,14:23:41.624,14725,2.528,-0.068,0.238,0.000,0.000,waitingForTarget,noEvent
6382,2,55,rld,14:23:41.675,14726,2.577,-0.068,0.238,0.000,0.000,waitingForTarget,noEvent
6382,2,55,rld,14:23:41.737,14727,2.639,-0.068,0.238,0.000,0.000,waitingForTarget,noEvent
6382,2,55,rld,14:23:41.766,14728,0.039,-0.068,0.238,0.000,0.000,activeTracking,targetAppeared
6382,2,55,rld,14:23:41.842,14729,0.106,-0.068,0.238,0.000,0.000,activeTracking,noEvent
6382,2,55,rld,14:23:41.865,14730,0.135,-0.068,0.238,0.000,0.000,activeTracking,noEvent
6382,2,55,rld,14:23:41.891,14731,0.164,-0.068,0.238,0.000,0.000,activeTracking,noEvent
6382,2,55,rld,14:23:41.909,14732,0.180,-0.068,0.238,0.000,0.000,activeTracking,noEvent
6382,2,55,rld,14:23:41.933,14733,0.205,-0.068,0.238,0.000,0.000,activeTracking,noEvent
6382,2,55,rld,14:23:41.973,14734,0.244,-0.068,0.238,0.000,0.000,activeTracking,noEvent
6382,2,55,rld,14:23:42.025,14735,0.288,-0.068,0.238,0.000,0.000,activeTracking,noEvent
6382,2,55,rld,14:23:42.086,14736,0.348,-0.068,0.238,0.000,0.000,activeTracking,noEvent
6382,2,55,rld,14:23:42.163,14737,0.433,-0.068,0.238,0.000,0.000,activeTracking,noEvent
6382,2,55,rld,14:23:42.223,14738,0.485,-0.068,0.238,0.000,0.000,activeTracking,noEvent
6382,2,55,rld,14:23:42.333,14739,0.600,0.914,0.273,8.700,0.300,activeTracking,noEvent
6382,2,55,rld,14:23:42.380,14740,0.651,1.382,0.264,1.200,-0.200,activeTracking,noEvent
6382,2,55,rld,14:23:42.416,14741,0.688,1.574,0.261,0.300,0.000,activeTracking,noEvent
6382,2,55,rld,14:23:42.461,14742,0.727,1.684,0.249,0.400,-0.100,activeTracking,noEvent
6382,2,55,rld,14:23:42.505,14743,0.770,1.768,0.234,0.400,-0.100,activeTracking,noEvent
6382,2,55,rld,14:23:42.540,14744,0.806,1.877,0.206,0.700,-0.200,activeTracking,noEvent
6382,2,55,rld,14:23:42.582,14745,0.848,2.043,0.164,1.100,-0.300,activeTracking,noEvent
6382,2,55,rld,14:23:42.616,14746,0.888,2.240,0.127,1.200,-0.200,activeTracking,noEvent
6382,2,55,rld,14:23:42.654,14747,0.923,2.449,0.104,1.200,-0.100,onTarget,noEvent
6382,2,55,rld,14:23:42.705,14748,0.972,2.640,0.073,1.000,-0.200,onTarget,noEvent
6382,2,55,rld,14:23:42.747,14749,1.015,2.741,0.051,0.300,-0.100,onTarget,noEvent
6382,2,55,rld,14:23:42.777,14750,1.046,2.799,0.033,0.200,-0.100,onTarget,noEvent
6382,2,55,rld,14:23:42.827,14751,1.099,2.830,0.026,0.100,0.000,onTarget,noEvent
6382,2,55,rld,14:23:42.856,14752,1.128,2.853,0.013,0.100,-0.100,onTarget,noEvent
6382,2,55,rld,14:23:42.912,14753,1.178,2.873,-0.004,0.100,-0.100,onTarget,noEvent
6382,2,55,rld,14:23:42.948,14754,1.219,2.904,-0.021,0.200,-0.100,onTarget,noEvent
6382,2,55,rld,14:23:42.983,14755,1.255,2.927,-0.050,0.100,-0.200,onTarget,noEvent
6382,2,55,rld,14:23:43.023,14756,1.288,2.946,-0.060,0.100,0.000,onTarget,noEvent
6382,2,55,rld,14:23:43.060,14757,1.329,2.965,-0.075,0.100,-0.100,onTarget,noEvent
6382,2,55,rld,14:23:43.195,14758,1.450,2.972,-0.092,0.000,-0.100,onTarget,noEvent
6382,2,55,rld,14:23:43.223,14759,1.489,2.974,-0.097,0.000,0.000,onTarget,noEvent
6382,2,55,rld,14:23:43.264,14760,1.531,2.975,-0.099,0.000,0.000,onTarget,noEvent
6382,2,55,rld,14:23:43.330,14761,1.587,2.975,-0.100,0.000,0.000,onTarget,noEvent
6382,2,55,rld,14:23:43.384,14762,1.650,2.975,-0.100,0.000,0.000,onTarget,noEvent
6382,2,55,rld,14:23:43.407,14763,1.676,2.975,-0.100,0.000,0.000,onTarget,noEvent
6382,2,55,rld,14:23:43.424,14764,1.694,2.975,-0.100,0.000,0.000,onTarget,noEvent
6382,2,55,rld,14:23:43.453,14765,1.718,2.975,-0.100,0.000,0.000,onTarget,noEvent
6382,2,55,rld,14:23:43.497,14766,1.760,2.975,-0.100,0.000,0.000,onTarget,targetClick
6382,2,56,rld,14:23:49.036,14886,1.797,0.068,0.153,0.000,0.000,waitingForTarget,middleTargetClick
6382,2,56,rld,14:23:49.077,14887,1.841,0.068,0.153,0.000,0.000,waitingForTarget,noEvent
6382,2,56,rld,14:23:49.121,14888,1.885,0.068,0.153,0.000,0.000,waitingForTarget,noEvent
6382,2,56,rld,14:23:49.170,14889,1.930,0.068,0.153,0.000,0.000,waitingForTarget,noEvent
6382,2,56,rld,14:23:49.215,14890,1.978,0.068,0.153,0.000,0.000,waitingForTarget,noEvent
6382,2,56,rld,14:23:49.261,14891,2.022,0.068,0.153,0.000,0.000,waitingForTarget,noEvent
6382,2,56,rld,14:23:49.306,14892,2.069,0.068,0.153,0.000,0.000,waitingForTarget,noEvent
6382,2,56,rld,14:23:49.356,14893,2.112,0.068,0.153,0.000,0.000,waitingForTarget,noEvent
6382,2,56,rld,14:23:49.397,14894,2.160,0.068,0.153,0.000,0.000,waitingForTarget,noEvent
6382,2,56,rld,14:23:49.455,14895,2.209,0.068,0.153,0.000,0.000,waitingForTarget,noEvent
6382,2,56,rld,14:23:49.505,14896,0.052,0.068,0.153,0.000,0.000,activeTracking,targetAppeared
6382,2,56,rld,14:23:49.581,14897,0.134,0.068,0.153,0.000,0.000,activeTracking,noEvent
6382,2,56,rld,14:23:49.657,14898,0.210,0.068,0.153,0.000,0.000,activeTracking,noEvent
6382,2,56,rld,14:23:49.724,14899,0.262,0.068,0.153,0.000,0.000,activeTracking,noEvent
6382,2,56,rld,14:23:49.764,14900,0.315,0.068,0.153,0.000,0.000,activeTracking,noEvent
6382,2,56,rld,14:23:49.794,14901,0.341,0.068,0.153,0.000,0.000,activeTracking,noEvent
6382,2,56,rld,14:23:49.845,14902,0.393,0.068,0.153,0.000,0.000,activeTracking,noEvent
6382,2,56,rld,14:23:49.904,14903,0.441,0.068,0.153,0.000,0.000,activeTracking,noEvent
6382,2,56,rld,14:23:49.949,14904,0.499,0.068,0.153,0.000,0.000,activeTracking,noEvent
6382,2,56,rld,14:23:49.997,14905,0.546,0.068,0.153,0.000,0.000,activeTracking,noEvent
6382,2,56,rld,14:23:50.040,14906,0.591,0.068,0.153,0.000,0.000,activeTracking,noEvent
6382,2,56,rld,14:23:50.082,14907,0.620,0.068,0.153,0.000,0.000,activeTracking,noEvent
6382,2,56,rld,14:23:50.139,14908,0.681,0.068,0.153,0.000,0.000,activeTracking,noEvent
6382,2,56,rld,14:23:50.185,14909,0.732,0.068,0.153,0.000,0.000,activeTracking,noEvent
6382,2,56,rld,14:23:50.226,14910,0.772,0.068,0.153,0.000,0.000,activeTracking,noEvent
6382,2,56,rld,14:23:50.281,14911,0.828,0.068,0.153,0.000,0.000,activeTracking,noEvent
6382,2,56,rld,14:23:50.327,14912,0.878,0.068,0.153,0.000,0.000,activeTracking,noEvent
6382,2,56,rld,14:23:50.343,14913,0.895,0.068,0.153,0.000,0.000,activeTracking,noEvent
6382,2,56,rld,14:23:50.353,14914,0.907,0.068,0.153,0.000,0.000,activeTracking,noEvent
6382,2,56,rld,14:23:50.374,14915,0.928,0.068,0.153,0.000,0.000,activeTracking,noEvent
6382,2,56,rld,14:23:50.431,14916,0.982,0.068,0.153,0.000,0.000,activeTracking,noEvent
6382,2,56,rld,14:23:50.485,14917,1.036,0.068,0.153,0.000,0.000,activeTracking,noEvent
6382,2,56,rld,14:23:50.550,14918,1.095,0.068,0.153,0.000,0.000,activeTracking,noEvent
6382,2,56,rld,14:23:50.576,14919,1.128,0.068,0.153,0.000,0.000,activeTracking,noEvent
6382,2,56,rld,14:23:50.625,14920,1.171,0.068,0.153,0.000,0.000,activeTracking,noEvent
6382,2,56,rld,14:23:50.746,14921,1.288,0.068,0.153,0.000,0.000,activeTracking,noEvent
6382,2,56,rld,14:23:50.804,14922,1.358,0.068,0.153,0.000,0.000,activeTracking,noEvent
6382,2,56,rld,14:23:50.826,14923,1.378,0.068,0.153,0.000,0.000,activeTracking,noEvent
6382,2,56,rld,14:23:50.837,14924,1.391,0.068,0.153,0.000,0.000,activeTracking,noEvent
6382,2,56,rld,14:23:50.890,14925,1.438,0.068,0.153,0.000,0.000,activeTracking,noEvent
6382,2,56,rld,14:23:50.914,14926,1.467,0.068,0.153,0.000,0.000,activeTracking,noEvent
6382,2,56,rld,14:23:50.965,14927,1.512,0.068,0.153,0.000,0.000,activeTracking,noEvent
6382,2,56,rld,14:23:51.039,14928,1.587,0.068,0.153,0.000,0.000,activeTracking,noEvent
6382,2,56,rld,14:23:51.056,14929,1.609,0.068,0.153,0.000,0.000,activeTracking,noEvent
6382,2,56,rld,14:23:51.089,14930,1.637,0.068,0.153,0.000,0.000,activeTracking,noEvent
6382,2,56,rld,14:23:51.132,14931,1.681,0.068,0.153,0.000,0.000,activeTracking,noEvent
6382,2,56,rld,14:23:51.182,14932,1.734,0.068,0.153,0.000,0.000,activeTracking,noEvent
6382,2,56,rld,14:23:51.276,14933,1.822,0.068,0.153,0.000,0.000,activeTracking,noEvent
6382,2,56,rld,14:23:51.330,14934,1.868,0.068,0.153,0.000,0.000,activeTracking,noEvent
6382,2,56,rld,14:23:51.413,14935,1.954,0.068,0.153,0.000,0.000,activeTracking,noEvent
6382,2,56,rld,14:23:51.464,14936,2.011,0.034,0.153,-0.300,0.000,activeTracking,noEvent
6382,2,56,rld,14:23:51.508,14937,2.062,-0.518,0.030,-4.800,-1.100,activeTracking,noEvent
6382,2,56,rld,14:23:51.562,14938,2.113,-0.861,-0.023,-1.400,-0.100,activeTracking,noEvent
6382,2,56,rld,14:23:51.582,14939,2.133,-1.010,-0.040,-0.300,0.000,activeTracking,noEvent
6382,2,56,rld,14:23:51.597,14940,2.151,-1.071,-0.046,-0.100,0.000,activeTracking,noEvent
6382,2,56,rld,14:23:51.616,14941,2.170,-1.126,-0.048,-0.300,0.000,activeTracking,noEvent
6382,2,56,rld,14:23:51.655,14942,2.205,-1.212,-0.037,-0.600,0.100,activeTracking,noEvent
6382,2,56,rld,14:23:51.699,14943,2.249,-1.367,-0.011,-1.100,0.200,activeTracking,noEvent
6382,2,56,rld,14:23:51.756,14944,2.299,-1.569,0.021,-1.300,0.200,activeTracking,noEvent
6382,2,56,rld,14:23:51.864,14945,2.408,-1.892,0.044,-2.200,0.100,activeTracking,noEvent
6382,2,56,rld,14:23:51.926,14946,2.459,-2.048,0.063,-0.400,0.100,activeTracking,noEvent
6382,2,56,rld,14:23:51.993,14947,2.544,-2.147,0.070,-0.400,0.000,activeTracking,noEvent
6382,2,56,rld,14:23:52.006,14948,2.560,-2.180,0.072,0.000,0.000,activeTracking,noEvent
6382,2,56,rld,14:23:52.022,14949,2.577,-2.203,0.073,-0.100,0.000,activeTracking,noEvent
6382,2,56,rld,14:23:52.043,14950,2.598,-2.223,0.085,-0.100,0.100,activeTracking,noEvent
6382,2,56,rld,14:23:52.082,14951,2.631,-2.253,0.100,-0.200,0.100,activeTracking,noEvent
6382,2,56,rld,14:23:52.155,14952,2.684,-2.311,0.129,-0.400,0.200,activeTracking,noEvent
6382,2,56,rld,14:23:52.307,14953,2.814,-2.425,0.174,-0.800,0.300,onTarget,noEvent
6382,2,56,rld,14:23:52.332,14954,2.882,-2.500,0.201,-0.300,0.100,onTarget,noEvent
6382,2,56,rld,14:23:52.350,14955,2.903,-2.536,0.210,-0.100,0.000,onTarget,noEvent
6382,2,56,rld,14:23:52.365,14956,2.920,-2.549,0.213,0.000,0.000,onTarget,noEvent
6382,2,56,rld,14:23:52.393,14957,2.947,-2.553,0.214,0.000,0.000,onTarget,noEvent
6382,2,56,rld,14:23:52.457,14958,3.011,-2.554,0.214,0.000,0.000,onTarget,noEvent
6382,2,56,rld,14:23:52.481,14959,3.034,-2.555,0.214,0.000,0.000,onTarget,noEvent
6382,2,56,rld,14:23:52.511,14960,3.065,-2.555,0.214,0.000,0.000,onTarget,noEvent
6382,2,56,rld,14:23:52.561,14961,3.113,-2.555,0.214,0.000,0.000,onTarget,noEvent
6382,2,56,rld,14:23:52.606,14962,3.161,-2.555,0.214,0.000,0.000,onTarget,noEvent
6382,2,56,rld,14:23:52.647,14963,3.201,-2.567,0.214,-0.100,0.000,onTarget,noEvent
6382,2,56,rld,14:23:52.693,14964,3.246,-2.571,0.214,0.000,0.000,onTarget,noEvent
6382,2,56,rld,14:23:52.738,14965,3.288,-2.572,0.214,0.000,0.000,onTarget,noEvent
6382,2,56,rld,14:23:52.780,14966,3.334,-2.573,0.214,0.000,0.000,onTarget,noEvent
6382,2,56,rld,14:23:52.825,14967,3.379,-2.573,0.214,0.000,0.000,onTarget,noEvent
6382,2,56,rld,14:23:52.886,14968,3.430,-2.573,0.214,0.000,0.000,onTarget,noEvent
6382,2,56,rld,14:23:52.948,14969,3.495,-2.573,0.214,0.000,0.000,onTarget,noEvent
6382,2,56,rld,14:23:53.028,14970,3.571,-2.573,0.214,0.000,0.000,onTarget,noEvent
6382,2,56,rld,14:23:53.098,14971,3.638,-2.573,0.214,0.000,0.000,onTarget,noEvent
6382,2,56,rld,14:23:53.152,14972,3.702,-2.573,0.214,0.000,0.000,onTarget,targetClick
6382,2,57,rld,14:23:55.956,15032,3.751,0.084,0.187,0.000,0.000,waitingForTarget,middleTargetClick
6382,2,57,rld,14:23:55.996,15033,3.795,0.084,0.187,0.000,0.000,waitingForTarget,noEvent
6382,2,57,rld,14:23:56.047,15034,3.849,0.084,0.187,0.000,0.000,waitingForTarget,noEvent
6382,2,57,rld,14:23:56.091,15035,3.888,0.084,0.187,0.000,0.000,waitingForTarget,noEvent
6382,2,57,rld,14:23:56.109,15036,3.914,0.084,0.187,0.000,0.000,waitingForTarget,noEvent
6382,2,57,rld,14:23:56.177,15037,3.977,0.084,0.187,0.000,0.000,waitingForTarget,noEvent
6382,2,57,rld,14:23:56.415,15042,0.049,0.084,0.187,0.000,0.000,activeTracking,targetAppeared
6382,2,57,rld,14:23:56.465,15043,0.099,0.084,0.187,0.000,0.000,activeTracking,noEvent
6382,2,57,rld,14:23:56.507,15044,0.142,0.084,0.187,0.000,0.000,activeTracking,noEvent
6382,2,57,rld,14:23:56.555,15045,0.183,0.084,0.187,0.000,0.000,activeTracking,noEvent
6382,2,57,rld,14:23:56.636,15046,0.267,0.084,0.187,0.000,0.000,activeTracking,noEvent
6382,2,57,rld,14:23:56.656,15047,0.296,0.084,0.187,0.000,0.000,activeTracking,noEvent
6382,2,57,rld,14:23:56.673,15048,0.315,0.084,0.187,0.000,0.000,activeTracking,noEvent
6382,2,57,rld,14:23:56.689,15049,0.332,0.084,0.187,0.000,0.000,activeTracking,noEvent
6382,2,57,rld,14:23:56.719,15050,0.361,0.084,0.187,0.000,0.000,activeTracking,noEvent
6382,2,57,rld,14:23:56.742,15051,0.384,0.084,0.187,0.000,0.000,activeTracking,noEvent
6382,2,57,rld,14:23:56.833,15052,0.467,0.084,0.187,0.000,0.000,activeTracking,noEvent
6382,2,57,rld,14:23:56.904,15053,0.538,0.017,0.176,-0.600,-0.100,activeTracking,noEvent
6382,2,57,rld,14:23:57.009,15054,0.639,-0.073,0.138,-0.600,-0.300,activeTracking,noEvent
6382,2,57,rld,14:23:57.040,15055,0.680,-0.126,0.126,-0.200,0.000,activeTracking,noEvent
6382,2,57,rld,14:23:57.062,15056,0.704,-0.143,0.122,0.000,0.000,activeTracking,noEvent
6382,2,57,rld,14:23:57.077,15057,0.718,-0.149,0.120,0.000,0.000,activeTracking,noEvent
6382,2,57,rld,14:23:57.102,15058,0.743,-0.140,0.120,0.100,0.000,activeTracking,noEvent
6382,2,57,rld,14:23:57.140,15059,0.775,-0.002,0.131,1.200,0.100,activeTracking,noEvent
6382,2,57,rld,14:23:57.176,15060,0.815,0.450,0.169,3.600,0.300,activeTracking,noEvent
6382,2,57,rld,14:23:57.230,15061,0.866,0.793,0.193,1.700,0.100,activeTracking,noEvent
6382,2,57,rld,14:23:57.276,15062,0.908,1.021,0.213,1.000,0.100,activeTracking,noEvent
6382,2,57,rld,14:23:57.404,15063,1.000,1.189,0.220,0.800,0.000,activeTracking,noEvent
6382,2,57,rld,14:23:57.462,15064,1.101,1.406,0.178,1.400,-0.400,activeTracking,noEvent
6382,2,57,rld,14:23:57.490,15065,1.124,1.501,0.152,0.200,-0.100,activeTracking,noEvent
6382,2,57,rld,14:23:57.516,15066,1.155,1.556,0.132,0.200,-0.100,activeTracking,noEvent
6382,2,57,rld,14:23:57.532,15067,1.170,1.586,0.114,0.100,-0.100,activeTracking,noEvent
6382,2,57,rld,14:23:57.555,15068,1.197,1.607,0.108,0.100,0.000,activeTracking,noEvent
6382,2,57,rld,14:23:57.620,15069,1.252,1.638,0.106,0.200,0.000,activeTracking,noEvent
6382,2,57,rld,14:23:57.745,15070,1.376,1.694,0.083,0.400,-0.200,activeTracking,noEvent
6382,2,57,rld,14:23:57.785,15071,1.425,1.736,0.053,0.200,-0.200,activeTracking,noEvent
6382,2,57,rld,14:23:57.823,15072,1.465,1.785,0.020,0.300,-0.200,activeTracking,noEvent
6382,2,57,rld,14:23:57.840,15073,1.482,1.802,-0.003,0.000,-0.100,activeTracking,noEvent
6382,2,57,rld,14:23:57.908,15074,1.539,1.830,-0.045,0.200,-0.300,activeTracking,noEvent
6382,2,57,rld,14:23:57.930,15075,1.572,1.840,-0.082,0.000,-0.200,activeTracking,noEvent
6382,2,57,rld,14:23:57.959,15076,1.601,1.866,-0.105,0.200,-0.100,activeTracking,noEvent
6382,2,57,rld,14:23:58.006,15077,1.647,1.875,-0.113,0.000,0.000,activeTracking,noEvent
6382,2,57,rld,14:23:58.046,15078,1.687,1.878,-0.116,0.000,0.000,activeTracking,noEvent
6382,2,57,rld,14:23:58.091,15079,1.733,1.879,-0.117,0.000,0.000,activeTracking,noEvent
6382,2,57,rld,14:23:58.140,15080,1.782,1.879,-0.117,0.000,0.000,activeTracking,noEvent
6382,2,57,rld,14:23:58.182,15081,1.823,1.880,-0.117,0.000,0.000,activeTracking,noEvent
6382,2,57,rld,14:23:58.225,15082,1.867,1.880,-0.117,0.000,0.000,activeTracking,noEvent
6382,2,57,rld,14:23:58.272,15083,1.913,1.880,-0.117,0.000,0.000,activeTracking,noEvent
6382,2,57,rld,14:23:58.320,15084,1.956,1.915,-0.117,0.300,0.000,activeTracking,noEvent
6382,2,57,rld,14:23:58.372,15085,2.004,2.138,-0.117,1.800,0.000,activeTracking,noEvent
6382,2,57,rld,14:23:58.410,15086,2.051,2.248,-0.117,0.300,0.000,activeTracking,noEvent
6382,2,57,rld,14:23:58.494,15087,2.118,2.309,-0.117,0.200,0.000,activeTracking,noEvent
6382,2,57,rld,14:23:58.603,15088,2.242,2.413,-0.094,0.700,0.200,onTarget,noEvent
6382,2,57,rld,14:23:58.641,15089,2.276,2.507,-0.063,0.500,0.200,onTarget,noEvent
6382,2,57,rld,14:23:58.671,15090,2.309,2.648,-0.006,0.900,0.400,onTarget,noEvent
6382,2,57,rld,14:23:58.692,15091,2.331,2.755,0.025,0.500,0.100,onTarget,noEvent
6382,2,57,rld,14:23:58.796,15092,2.415,2.889,0.059,0.800,0.200,onTarget,noEvent
6382,2,57,rld,14:23:58.829,15093,2.467,2.983,0.071,0.400,0.000,onTarget,noEvent
6382,2,57,rld,14:23:58.854,15094,2.496,3.039,0.075,0.200,0.000,onTarget,noEvent
6382,2,57,rld,14:23:58.890,15095,2.529,3.058,0.076,0.000,0.000,onTarget,noEvent
6382,2,57,rld,14:23:58.932,15096,2.566,3.077,0.077,0.100,0.000,activeTracking,noEvent
6382,2,57,rld,14:23:58.944,15097,2.586,3.083,0.077,0.000,0.000,activeTracking,noEvent
6382,2,57,rld,14:23:59.014,15098,2.655,3.085,0.077,0.000,0.000,activeTracking,noEvent
6382,2,57,rld,14:23:59.036,15099,2.678,3.086,0.077,0.000,0.000,activeTracking,noEvent
6382,2,57,rld,14:23:59.061,15100,2.703,3.098,0.077,0.100,0.000,activeTracking,noEvent
6382,2,57,rld,14:23:59.107,15101,2.748,3.103,0.077,0.000,0.000,activeTracking,noEvent
6382,2,57,rld,14:23:59.146,15102,2.788,3.104,0.077,0.000,0.000,activeTracking,noEvent
6382,2,57,rld,14:23:59.192,15103,2.833,3.104,0.077,0.000,0.000,activeTracking,noEvent
6382,2,57,rld,14:23:59.238,15104,2.879,3.105,0.077,0.000,0.000,activeTracking,noEvent
6382,2,57,rld,14:23:59.282,15105,2.923,3.105,0.077,0.000,0.000,activeTracking,noEvent
6382,2,57,rld,14:23:59.329,15106,2.968,3.105,0.077,0.000,0.000,activeTracking,noEvent
6382,2,57,rld,14:23:59.425,15107,3.057,3.105,0.077,0.000,0.000,activeTracking,noEvent
6382,2,57,rld,14:23:59.505,15108,3.120,3.105,0.077,0.000,0.000,activeTracking,noEvent
6382,2,57,rld,14:23:59.554,15109,3.190,3.105,0.077,0.000,0.000,activeTracking,failedClick
6382,2,58,rld,14:24:03.158,15187,3.251,0.355,0.306,0.000,0.000,waitingForTarget,middleTargetClick
6382,2,58,rld,14:24:03.214,15188,3.321,0.355,0.306,0.000,0.000,waitingForTarget,noEvent
6382,2,58,rld,14:24:03.255,15189,3.360,0.355,0.306,0.000,0.000,waitingForTarget,noEvent
6382,2,58,rld,14:24:03.275,15190,3.384,0.355,0.306,0.000,0.000,waitingForTarget,noEvent
6382,2,58,rld,14:24:03.331,15191,3.439,0.355,0.306,0.000,0.000,waitingForTarget,noEvent
6382,2,58,rld,14:24:03.391,15192,3.495,0.355,0.306,0.000,0.000,waitingForTarget,noEvent
6382,2,58,rld,14:24:03.441,15193,3.549,0.355,0.306,0.000,0.000,waitingForTarget,noEvent
6382,2,58,rld,14:24:03.481,15194,3.579,0.355,0.306,0.000,0.000,waitingForTarget,noEvent
6382,2,58,rld,14:24:03.527,15195,3.628,0.355,0.306,0.000,0.000,waitingForTarget,noEvent
6382,2,58,rld,14:24:03.580,15196,3.677,0.355,0.306,0.000,0.000,waitingForTarget,noEvent
6382,2,58,rld,14:24:03.628,15197,0.059,0.355,0.306,0.000,0.000,activeTracking,targetAppeared
6382,2,58,rld,14:24:03.647,15198,0.081,0.355,0.306,0.000,0.000,activeTracking,noEvent
6382,2,58,rld,14:24:03.674,15199,0.100,0.355,0.306,0.000,0.000,activeTracking,noEvent
6382,2,58,rld,14:24:03.745,15200,0.173,0.355,0.306,0.000,0.000,activeTracking,noEvent
6382,2,58,rld,14:24:03.813,15201,0.249,0.355,0.306,0.000,0.000,activeTracking,noEvent
6382,2,58,rld,14:24:03.834,15202,0.267,0.355,0.306,0.000,0.000,activeTracking,noEvent
6382,2,58,rld,14:24:03.842,15203,0.278,0.355,0.306,0.000,0.000,activeTracking,noEvent
6382,2,58,rld,14:24:03.861,15204,0.297,0.355,0.306,0.000,0.000,activeTracking,noEvent
6382,2,58,rld,14:24:03.923,15205,0.350,0.355,0.306,0.000,0.000,activeTracking,noEvent
6382,2,58,rld,14:24:03.976,15206,0.406,0.355,0.306,0.000,0.000,activeTracking,noEvent
6382,2,58,rld,14:24:04.047,15207,0.481,0.355,0.306,0.000,0.000,activeTracking,noEvent
6382,2,58,rld,14:24:04.112,15208,0.529,0.355,0.306,0.000,0.000,activeTracking,noEvent
6382,2,58,rld,14:24:04.204,15209,0.631,-1.388,0.059,-15.400,-2.200,activeTracking,noEvent
6382,2,58,rld,14:24:04.244,15210,0.668,-2.445,-0.092,-3.900,-0.600,onTarget,noEvent
6382,2,58,rld,14:24:04.273,15211,0.705,-2.980,-0.156,-1.400,-0.100,onTarget,noEvent
6382,2,58,rld,14:24:04.306,15212,0.741,-3.237,-0.178,-0.600,0.000,activeTracking,noEvent
6382,2,58,rld,14:24:04.346,15213,0.779,-3.337,-0.186,-0.100,0.000,activeTracking,noEvent
6382,2,58,rld,14:24:04.430,15214,0.851,-3.382,-0.188,-0.100,0.000,activeTracking,noEvent
6382,2,58,rld,14:24:04.471,15215,0.899,-3.398,-0.189,0.000,0.000,activeTracking,noEvent
6382,2,58,rld,14:24:04.487,15216,0.922,-3.403,-0.189,0.000,0.000,activeTracking,noEvent
6382,2,58,rld,14:24:04.503,15217,0.940,-3.404,-0.189,0.000,0.000,activeTracking,noEvent
6382,2,58,rld,14:24:04.563,15218,0.993,-3.405,-0.189,0.000,0.000,activeTracking,noEvent
6382,2,58,rld,14:24:04.643,15219,1.062,-3.405,-0.189,0.000,0.000,activeTracking,noEvent
6382,2,58,rld,14:24:04.691,15220,1.127,-3.405,-0.189,0.000,0.000,activeTracking,noEvent
6382,2,58,rld,14:24:04.732,15221,1.163,-3.405,-0.189,0.000,0.000,activeTracking,noEvent
6382,2,58,rld,14:24:04.791,15222,1.218,-3.405,-0.189,0.000,0.000,activeTracking,noEvent
6382,2,58,rld,14:24:04.832,15223,1.264,-3.292,-0.189,0.900,0.000,activeTracking,noEvent
6382,2,58,rld,14:24:04.892,15224,1.327,-3.130,-0.177,1.000,0.100,activeTracking,noEvent
6382,2,58,rld,14:24:04.934,15225,1.368,-2.965,-0.149,0.900,0.200,onTarget,noEvent
6382,2,58,rld,14:24:04.963,15226,1.397,-2.861,-0.140,0.400,0.000,onTarget,noEvent
6382,2,58,rld,14:24:04.995,15227,1.430,-2.778,-0.137,0.400,0.000,onTarget,noEvent
6382,2,58,rld,14:24:05.012,15228,1.447,-2.726,-0.136,0.200,0.000,onTarget,noEvent
6382,2,58,rld,14:24:05.031,15229,1.466,-2.709,-0.135,0.000,0.000,onTarget,noEvent
6382,2,58,rld,14:24:05.065,15230,1.501,-2.679,-0.135,0.200,0.000,onTarget,noEvent
6382,2,58,rld,14:24:05.105,15231,1.540,-2.656,-0.135,0.100,0.000,onTarget,noEvent
6382,2,58,rld,14:24:05.165,15232,1.600,-2.637,-0.135,0.100,0.000,onTarget,noEvent
6382,2,58,rld,14:24:05.236,15233,1.659,-2.618,-0.135,0.100,0.000,onTarget,noEvent
6382,2,58,rld,14:24:05.330,15234,1.746,-2.612,-0.135,0.000,0.000,onTarget,noEvent
6382,2,58,rld,14:24:05.385,15235,1.815,-2.610,-0.135,0.000,0.000,onTarget,noEvent
6382,2,58,rld,14:24:05.408,15236,1.841,-2.610,-0.135,0.000,0.000,onTarget,noEvent
6382,2,58,rld,14:24:05.419,15237,1.854,-2.609,-0.135,0.000,0.000,onTarget,noEvent
6382,2,58,rld,14:24:05.440,15238,1.874,-2.609,-0.135,0.000,0.000,onTarget,noEvent
6382,2,58,rld,14:24:05.478,15239,1.914,-2.609,-0.135,0.000,0.000,onTarget,noEvent
6382,2,58,rld,14:24:05.523,15240,1.959,-2.609,-0.135,0.000,0.000,onTarget,noEvent
6382,2,58,rld,14:24:05.574,15241,2.009,-2.609,-0.135,0.000,0.000,onTarget,noEvent
6382,2,58,rld,14:24:05.645,15242,2.078,-2.609,-0.135,0.000,0.000,onTarget,targetClick
6382,2,59,rld,14:24:08.496,15300,2.122,0.169,-0.032,0.000,0.000,waitingForTarget,middleTargetClick
6382,2,59,rld,14:24:08.530,15301,2.157,0.169,-0.032,0.000,0.000,waitingForTarget,noEvent
6382,2,59,rld,14:24:08.575,15302,2.203,0.169,-0.032,0.000,0.000,waitingForTarget,noEvent
6382,2,59,rld,14:24:08.624,15303,2.252,0.169,-0.032,0.000,0.000,waitingForTarget,noEvent
6382,2,59,rld,14:24:08.665,15304,2.294,0.169,-0.032,0.000,0.000,waitingForTarget,noEvent
6382,2,59,rld,14:24:08.713,15305,2.337,0.169,-0.032,0.000,0.000,waitingForTarget,noEvent
6382,2,59,rld,14:24:08.761,15306,2.387,0.169,-0.032,0.000,0.000,waitingForTarget,noEvent
6382,2,59,rld,14:24:08.813,15307,2.442,0.169,-0.032,0.000,0.000,waitingForTarget,noEvent
6382,2,59,rld,14:24:08.847,15308,2.475,0.169,-0.032,0.000,0.000,waitingForTarget,noEvent
6382,2,59,rld,14:24:08.895,15309,2.521,0.169,-0.032,0.000,0.000,waitingForTarget,noEvent
6382,2,59,rld,14:24:08.940,15310,2.568,0.169,-0.032,0.000,0.000,waitingForTarget,noEvent
6382,2,59,rld,14:24:08.996,15311,0.057,0.169,-0.032,0.000,0.000,activeTracking,targetAppeared
6382,2,59,rld,14:24:09.094,15312,0.142,0.169,-0.032,0.000,0.000,activeTracking,noEvent
6382,2,59,rld,14:24:09.157,15313,0.216,0.169,-0.032,0.000,0.000,activeTracking,noEvent
6382,2,59,rld,14:24:09.229,15314,0.285,0.169,-0.032,0.000,0.000,activeTracking,noEvent
6382,2,59,rld,14:24:09.264,15315,0.326,0.169,-0.032,0.000,0.000,activeTracking,noEvent
6382,2,59,rld,14:24:09.304,15316,0.361,0.169,-0.032,0.000,0.000,activeTracking,noEvent
6382,2,59,rld,14:24:09.357,15317,0.417,0.169,-0.032,0.000,0.000,activeTracking,noEvent
6382,2,59,rld,14:24:09.458,15318,0.506,-0.360,-0.044,-4.700,-0.100,activeTracking,noEvent
6382,2,59,rld,14:24:09.536,15319,0.589,-1.643,-0.024,-9.700,0.200,activeTracking,noEvent
6382,2,59,rld,14:24:09.625,15320,0.684,-2.271,-0.017,-1.600,0.000,activeTracking,noEvent
6382,2,59,rld,14:24:09.669,15321,0.727,-2.556,-0.014,-0.600,0.000,onTarget,noEvent
6382,2,59,rld,14:24:09.725,15322,0.775,-2.700,-0.013,-0.400,0.000,onTarget,noEvent
6382,2,59,rld,14:24:09.774,15323,0.833,-2.809,-0.012,-0.500,0.000,onTarget,noEvent
6382,2,59,rld,14:24:09.845,15324,0.902,-2.944,-0.012,-0.800,0.000,onTarget,noEvent
6382,2,59,rld,14:24:09.881,15325,0.940,-3.026,-0.012,-0.300,0.000,onTarget,noEvent
6382,2,59,rld,14:24:09.919,15326,0.977,-3.079,0.000,-0.200,0.100,activeTracking,noEvent
6382,2,59,rld,14:24:09.961,15327,1.009,-3.121,0.004,-0.200,0.000,activeTracking,noEvent
6382,2,59,rld,14:24:09.993,15328,1.051,-3.147,0.006,-0.100,0.000,activeTracking,noEvent
6382,2,59,rld,14:24:10.027,15329,1.086,-3.156,0.006,0.000,0.000,activeTracking,noEvent
6382,2,59,rld,14:24:10.058,15330,1.117,-3.159,0.006,0.000,0.000,activeTracking,noEvent
6382,2,59,rld,14:24:10.129,15331,1.185,-3.061,0.030,0.800,0.200,onTarget,noEvent
6382,2,59,rld,14:24:10.234,15332,1.259,-2.954,0.037,0.600,0.000,onTarget,noEvent
6382,2,59,rld,14:24:10.323,15333,1.372,-2.578,0.097,2.800,0.500,onTarget,noEvent
6382,2,59,rld,14:24:10.387,15334,1.445,-2.347,0.127,0.900,0.100,activeTracking,noEvent
6382,2,59,rld,14:24:10.430,15335,1.487,-2.223,0.137,0.400,0.000,activeTracking,noEvent
6382,2,59,rld,14:24:10.462,15336,1.522,-2.170,0.140,0.100,0.000,activeTracking,noEvent
6382,2,59,rld,14:24:10.520,15337,1.574,-2.129,0.141,0.200,0.000,activeTracking,noEvent
6382,2,59,rld,14:24:10.553,15338,1.610,-2.103,0.142,0.100,0.000,activeTracking,noEvent
6382,2,59,rld,14:24:10.596,15339,1.653,-2.083,0.142,0.100,0.000,activeTracking,noEvent
6382,2,59,rld,14:24:10.624,15340,1.686,-2.076,0.142,0.000,0.000,activeTracking,noEvent
6382,2,59,rld,14:24:10.704,15341,1.742,-2.074,0.142,0.000,0.000,activeTracking,noEvent
6382,2,59,rld,14:24:10.723,15342,1.784,-2.073,0.142,0.000,0.000,activeTracking,noEvent
6382,2,59,rld,14:24:10.780,15343,1.828,-2.061,0.142,0.100,0.000,activeTracking,noEvent
6382,2,59,rld,14:24:10.865,15344,1.919,-2.057,0.130,0.000,-0.100,activeTracking,noEvent
6382,2,59,rld,14:24:10.907,15345,1.967,-2.056,0.115,0.000,-0.100,activeTracking,noEvent
6382,2,59,rld,14:24:10.945,15346,2.006,-2.056,0.110,0.000,0.000,activeTracking,noEvent
6382,2,59,rld,14:24:10.995,15347,2.050,-2.067,0.108,-0.100,0.000,activeTracking,noEvent
6382,2,59,rld,14:24:11.071,15348,2.128,-2.118,0.108,-0.400,0.000,activeTracking,noEvent
6382,2,59,rld,14:24:11.119,15349,2.177,-2.159,0.108,-0.200,0.000,activeTracking,noEvent
6382,2,59,rld,14:24:11.168,15350,2.227,-2.196,0.108,-0.200,0.000,activeTracking,noEvent
6382,2,59,rld,14:24:11.211,15351,2.270,-2.232,0.108,-0.200,0.000,activeTracking,noEvent
6382,2,59,rld,14:24:11.262,15352,2.319,-2.256,0.108,-0.100,0.000,activeTracking,noEvent
6382,2,59,rld,14:24:11.304,15353,2.360,-2.276,0.108,-0.100,0.000,activeTracking,noEvent
6382,2,59,rld,14:24:11.355,15354,2.406,-2.283,0.108,0.000,0.000,activeTracking,noEvent
6382,2,59,rld,14:24:11.407,15355,2.465,-2.309,0.120,-0.200,0.100,activeTracking,noEvent
6382,2,59,rld,14:24:11.496,15356,2.556,-2.365,0.147,-0.400,0.200,activeTracking,noEvent
6382,2,59,rld,14:24:11.545,15357,2.603,-2.396,0.156,-0.100,0.000,onTarget,noEvent
6382,2,59,rld,14:24:11.589,15358,2.645,-2.418,0.160,-0.100,0.000,onTarget,noEvent
6382,2,59,rld,14:24:11.638,15359,2.693,-2.425,0.161,0.000,0.000,onTarget,noEvent
6382,2,59,rld,14:24:11.679,15360,2.738,-2.428,0.161,0.000,0.000,onTarget,noEvent
6382,2,59,rld,14:24:11.732,15361,2.786,-2.429,0.161,0.000,0.000,onTarget,noEvent
6382,2,59,rld,14:24:11.774,15362,2.827,-2.429,0.161,0.000,0.000,onTarget,noEvent
6382,2,59,rld,14:24:11.848,15363,2.900,-2.429,0.161,0.000,0.000,onTarget,noEvent
6382,2,59,rld,14:24:11.911,15364,2.957,-2.453,0.161,-0.200,0.000,onTarget,noEvent
6382,2,59,rld,14:24:11.961,15365,3.010,-2.473,0.161,-0.100,0.000,onTarget,noEvent
6382,2,59,rld,14:24:11.998,15366,3.057,-2.480,0.161,0.000,0.000,onTarget,noEvent
6382,2,59,rld,14:24:12.041,15367,3.101,-2.482,0.161,0.000,0.000,onTarget,noEvent
6382,2,59,rld,14:24:12.091,15368,3.152,-2.482,0.161,0.000,0.000,onTarget,noEvent
6382,2,59,rld,14:24:12.143,15369,3.190,-2.483,0.161,0.000,0.000,onTarget,noEvent
6382,2,59,rld,14:24:12.181,15370,3.240,-2.483,0.161,0.000,0.000,onTarget,noEvent
6382,2,59,rld,14:24:12.242,15371,3.290,-2.495,0.162,-0.100,0.000,onTarget,noEvent
6382,2,59,rld,14:24:12.288,15372,3.338,-2.511,0.162,-0.100,0.000,onTarget,noEvent
6382,2,59,rld,14:24:12.325,15373,3.378,-2.516,0.162,0.000,0.000,onTarget,noEvent
6382,2,59,rld,14:24:12.375,15374,3.434,-2.530,0.162,-0.100,0.000,onTarget,noEvent
6382,2,59,rld,14:24:12.425,15375,3.474,-2.535,0.162,0.000,0.000,onTarget,noEvent
6382,2,59,rld,14:24:12.473,15376,3.526,-2.536,0.162,0.000,0.000,onTarget,noEvent
6382,2,59,rld,14:24:12.510,15377,3.571,-2.537,0.162,0.000,0.000,onTarget,noEvent
6382,2,59,rld,14:24:12.563,15378,3.619,-2.537,0.162,0.000,0.000,onTarget,noEvent
6382,2,59,rld,14:24:12.602,15379,3.660,-2.537,0.162,0.000,0.000,onTarget,noEvent
6382,2,59,rld,14:24:12.687,15380,3.748,-2.549,0.150,-0.100,-0.100,onTarget,noEvent
6382,2,59,rld,14:24:12.761,15381,3.807,-2.565,0.146,-0.100,0.000,onTarget,noEvent
6382,2,59,rld,14:24:12.827,15382,3.888,-2.594,0.134,-0.200,-0.100,onTarget,noEvent
6382,2,59,rld,14:24:12.864,15383,3.926,-2.604,0.129,0.000,0.000,onTarget,noEvent
6382,2,59,rld,14:24:12.896,15384,3.957,-2.608,0.128,0.000,0.000,onTarget,noEvent
6382,2,59,rld,14:24:12.930,15385,3.988,-2.609,0.128,0.000,0.000,onTarget,noEvent
6382,2,60,rld,14:24:15.669,15436,0.082,-0.068,-0.117,0.000,0.000,activeTracking,targetAppeared
6382,2,60,rld,14:24:15.726,15437,0.142,-0.068,-0.117,0.000,0.000,activeTracking,noEvent
6382,2,60,rld,14:24:15.786,15438,0.204,-0.068,-0.117,0.000,0.000,activeTracking,noEvent
6382,2,60,rld,14:24:15.859,15439,0.276,-0.068,-0.117,0.000,0.000,activeTracking,noEvent
6382,2,60,rld,14:24:15.915,15440,0.334,-0.068,-0.117,0.000,0.000,activeTracking,noEvent
6382,2,60,rld,14:24:15.972,15441,0.392,-0.068,-0.117,0.000,0.000,activeTracking,noEvent
6382,2,60,rld,14:24:16.035,15442,0.450,-0.068,-0.117,0.000,0.000,activeTracking,noEvent
6382,2,60,rld,14:24:16.085,15443,0.502,-0.068,-0.117,0.000,0.000,activeTracking,noEvent
6382,2,60,rld,14:24:16.138,15444,0.553,-0.068,-0.117,0.000,0.000,activeTracking,noEvent
6382,2,60,rld,14:24:16.196,15445,0.617,-0.068,-0.117,0.000,0.000,activeTracking,noEvent
6382,2,60,rld,14:24:16.244,15446,0.654,-0.068,-0.117,0.000,0.000,activeTracking,noEvent
6382,2,60,rld,14:24:16.304,15447,0.717,-0.068,-0.117,0.000,0.000,activeTracking,noEvent
6382,2,60,rld,14:24:16.369,15448,0.782,-0.068,-0.117,0.000,0.000,activeTracking,noEvent
6382,2,60,rld,14:24:16.425,15449,0.843,-0.068,-0.117,0.000,0.000,activeTracking,noEvent
6382,2,60,rld,14:24:16.564,15450,0.974,0.654,-0.049,6.400,0.600,activeTracking,noEvent
6382,2,60,rld,14:24:16.688,15451,1.086,1.237,-0.038,3.000,-0.100,activeTracking,noEvent
6382,2,60,rld,14:24:16.752,15452,1.169,1.618,-0.033,1.600,0.000,activeTracking,noEvent
6382,2,60,rld,14:24:16.826,15453,1.241,1.827,-0.032,0.700,0.000,activeTracking,noEvent
6382,2,60,rld,14:24:16.880,15454,1.299,2.014,-0.043,1.000,-0.100,activeTracking,noEvent
6382,2,60,rld,14:24:16.939,15455,1.354,2.112,-0.046,0.300,0.000,activeTracking,noEvent
6382,2,60,rld,14:24:16.981,15456,1.403,2.169,-0.047,0.200,0.000,activeTracking,noEvent
6382,2,60,rld,14:24:17.041,15457,1.457,2.211,-0.048,0.200,0.000,activeTracking,noEvent
6382,2,60,rld,14:24:17.087,15458,1.510,2.225,-0.060,0.000,-0.100,activeTracking,noEvent
6382,2,60,rld,14:24:17.133,15459,1.546,2.230,-0.063,0.000,0.000,activeTracking,noEvent
6382,2,60,rld,14:24:17.181,15460,1.604,2.244,-0.065,0.100,0.000,activeTracking,noEvent
6382,2,60,rld,14:24:17.302,15461,1.684,2.284,-0.088,0.300,-0.200,activeTracking,noEvent
6382,2,60,rld,14:24:17.363,15462,1.774,2.321,-0.096,0.200,0.000,activeTracking,noEvent
6382,2,60,rld,14:24:17.411,15463,1.836,2.333,-0.099,0.000,0.000,activeTracking,noEvent
6382,2,60,rld,14:24:17.447,15464,1.872,2.337,-0.100,0.000,0.000,activeTracking,noEvent
6382,2,60,rld,14:24:17.507,15465,1.933,2.351,-0.100,0.100,0.000,activeTracking,noEvent
6382,2,60,rld,14:24:17.556,15466,1.983,2.391,-0.100,0.300,0.000,onTarget,noEvent
6382,2,60,rld,14:24:17.620,15467,2.039,2.428,-0.100,0.200,0.000,onTarget,noEvent
6382,2,60,rld,14:24:17.685,15468,2.105,2.453,-0.100,0.100,0.000,onTarget,noEvent
6382,2,60,rld,14:24:17.756,15469,2.169,2.473,-0.100,0.100,0.000,onTarget,noEvent
6382,2,60,rld,14:24:17.840,15470,2.253,2.479,-0.100,0.000,0.000,onTarget,noEvent
6382,2,60,rld,14:24:17.889,15471,2.313,2.482,-0.100,0.000,0.000,onTarget,noEvent
6382,2,60,rld,14:24:17.946,15472,2.360,2.482,-0.100,0.000,0.000,onTarget,noEvent
6382,2,60,rld,14:24:18.010,15473,2.421,2.483,-0.100,0.000,0.000,onTarget,noEvent
6382,2,60,rld,14:24:18.074,15474,2.486,2.483,-0.100,0.000,0.000,onTarget,noEvent
6382,2,60,rld,14:24:18.126,15475,2.549,2.483,-0.100,0.000,0.000,onTarget,noEvent
6382,2,60,rld,14:24:18.164,15476,2.581,2.483,-0.100,0.000,0.000,onTarget,noEvent
6382,2,60,rld,14:24:18.208,15477,2.623,2.483,-0.100,0.000,0.000,onTarget,noEvent
6382,2,60,rld,14:24:18.255,15478,2.670,2.483,-0.100,0.000,0.000,onTarget,noEvent
6382,2,60,rld,14:24:18.297,15479,2.714,2.483,-0.100,0.000,0.000,onTarget,noEvent
6382,2,60,rld,14:24:18.411,15480,2.819,2.483,-0.100,0.000,0.000,onTarget,noEvent
6382,2,60,rld,14:24:18.476,15481,2.901,2.483,-0.100,0.000,0.000,onTarget,targetClick;
6382,3,1,rld,14:24:53.793,16121,2.938,-0.186,0.035,0.000,0.000,waitingForTarget,middleTargetClick
6382,3,1,rld,14:24:53.855,16122,3.004,-0.186,0.035,0.000,0.000,waitingForTarget,noEvent
6382,3,1,rld,14:24:53.882,16123,3.037,-0.186,0.035,0.000,0.000,waitingForTarget,noEvent
6382,3,1,rld,14:24:53.922,16124,3.071,-0.186,0.035,0.000,0.000,waitingForTarget,noEvent
6382,3,1,rld,14:24:53.959,16125,3.104,-0.186,0.035,0.000,0.000,waitingForTarget,noEvent
6382,3,1,rld,14:24:53.987,16126,3.142,-0.186,0.035,0.000,0.000,waitingForTarget,noEvent
6382,3,1,rld,14:24:54.041,16127,3.195,-0.186,0.035,0.000,0.000,waitingForTarget,noEvent
6382,3,1,rld,14:24:54.092,16128,3.248,-0.186,0.035,0.000,0.000,waitingForTarget,noEvent
6382,3,1,rld,14:24:54.121,16129,3.277,-0.186,0.035,0.000,0.000,waitingForTarget,noEvent
6382,3,1,rld,14:24:54.190,16130,3.343,-0.186,0.035,0.000,0.000,waitingForTarget,noEvent
6382,3,1,rld,14:24:54.239,16131,0.050,-0.186,0.035,0.000,0.000,activeTracking,targetAppeared
6382,3,1,rld,14:24:54.281,16132,0.089,-0.186,0.035,0.000,0.000,activeTracking,noEvent
6382,3,1,rld,14:24:54.330,16133,0.138,-0.186,0.035,0.000,0.000,activeTracking,noEvent
6382,3,1,rld,14:24:54.377,16134,0.178,-0.186,0.035,0.000,0.000,activeTracking,noEvent
6382,3,1,rld,14:24:54.405,16135,0.218,-0.186,0.035,0.000,0.000,activeTracking,noEvent
6382,3,1,rld,14:24:54.436,16136,0.248,-0.186,0.035,0.000,0.000,activeTracking,noEvent
6382,3,1,rld,14:24:54.473,16137,0.284,-0.186,0.035,0.000,0.000,activeTracking,noEvent
6382,3,1,rld,14:24:54.507,16138,0.318,-0.186,0.035,0.000,0.000,activeTracking,noEvent
6382,3,1,rld,14:24:54.543,16139,0.355,-0.186,0.035,0.000,0.000,activeTracking,noEvent
6382,3,1,rld,14:24:54.592,16140,0.402,-0.186,0.035,0.000,0.000,activeTracking,noEvent
6382,3,1,rld,14:24:54.658,16141,0.468,-0.186,0.035,0.000,0.000,activeTracking,noEvent
6382,3,1,rld,14:24:54.694,16142,0.503,-0.186,0.035,0.000,0.000,activeTracking,noEvent
6382,3,1,rld,14:24:54.758,16143,0.560,-0.186,0.035,0.000,0.000,activeTracking,noEvent
6382,3,1,rld,14:24:54.890,16144,0.673,-0.186,0.035,0.000,0.000,activeTracking,noEvent
6382,3,1,rld,14:24:55.111,16145,0.888,0.863,0.318,9.300,2.500,activeTracking,noEvent
6382,3,1,rld,14:24:55.355,16146,1.122,1.711,0.361,4.300,-0.500,activeTracking,noEvent
6382,3,1,rld,14:24:55.472,16147,1.283,2.461,0.370,3.900,-0.100,activeTracking,noEvent
6382,3,1,rld,14:24:55.519,16148,1.330,2.741,0.374,0.200,0.000,activeTracking,noEvent
6382,3,1,rld,14:24:55.570,16149,1.381,2.835,0.375,0.000,0.000,activeTracking,noEvent
6382,3,1,rld,14:24:55.640,16150,1.442,2.867,0.376,0.000,0.000,activeTracking,noEvent
6382,3,1,rld,14:24:55.745,16151,1.501,2.877,0.376,0.000,0.000,activeTracking,noEvent
6382,3,1,rld,14:24:55.874,16152,1.669,2.979,0.342,0.800,-0.300,activeTracking,noEvent
6382,3,1,rld,14:24:55.985,16153,1.786,2.878,0.282,-1.100,-0.400,onTarget,noEvent
6382,3,1,rld,14:24:56.101,16154,1.887,2.650,0.213,-1.600,-0.400,onTarget,noEvent
6382,3,1,rld,14:24:56.178,16155,1.978,2.514,0.167,-0.500,-0.200,onTarget,noEvent
6382,3,1,rld,14:24:56.258,16156,2.056,2.445,0.128,-0.200,-0.200,onTarget,noEvent
6382,3,1,rld,14:24:56.341,16157,2.150,2.422,0.092,0.000,-0.200,onTarget,noEvent
6382,3,1,rld,14:24:56.396,16158,2.204,2.415,0.080,0.000,0.000,onTarget,noEvent
6382,3,1,rld,14:24:56.466,16159,2.269,2.412,0.053,0.000,-0.200,onTarget,noEvent
6382,3,1,rld,14:24:56.525,16160,2.325,2.411,0.044,0.000,0.000,onTarget,noEvent
6382,3,1,rld,14:24:56.591,16161,2.392,2.411,0.029,0.000,-0.100,onTarget,noEvent
6382,3,1,rld,14:24:56.640,16162,2.443,2.411,0.024,0.000,0.000,onTarget,noEvent
6382,3,1,rld,14:24:56.757,16163,2.553,2.411,-0.001,0.000,-0.200,onTarget,noEvent
6382,3,1,rld,14:24:56.853,16164,2.652,2.411,-0.020,0.000,-0.100,onTarget,noEvent
6382,3,1,rld,14:24:56.894,16165,2.704,2.411,-0.027,0.000,0.000,onTarget,noEvent
6382,3,1,rld,14:24:56.954,16166,2.753,2.411,-0.029,0.000,0.000,onTarget,noEvent
6382,3,1,rld,14:24:57.002,16167,2.807,2.411,-0.030,0.000,0.000,onTarget,noEvent
6382,3,1,rld,14:24:57.071,16168,2.876,2.411,-0.030,0.000,0.000,onTarget,noEvent
6382,3,1,rld,14:24:57.122,16169,2.933,2.411,-0.030,0.000,0.000,onTarget,noEvent
6382,3,1,rld,14:24:57.187,16170,2.985,2.411,-0.030,0.000,0.000,onTarget,noEvent
6382,3,1,rld,14:24:57.309,16171,3.103,2.447,-0.019,0.300,0.100,onTarget,noEvent
6382,3,1,rld,14:24:57.426,16172,3.208,2.543,0.055,0.700,0.600,onTarget,noEvent
6382,3,1,rld,14:24:57.495,16173,3.302,2.587,0.127,0.100,0.400,onTarget,noEvent
6382,3,1,rld,14:24:57.566,16174,3.375,2.602,0.174,0.000,0.200,onTarget,noEvent
6382,3,1,rld,14:24:57.625,16175,3.437,2.607,0.189,0.000,0.000,onTarget,noEvent
6382,3,1,rld,14:24:57.710,16176,3.509,2.608,0.195,0.000,0.000,onTarget,noEvent
6382,3,1,rld,14:24:57.766,16177,3.560,2.609,0.196,0.000,0.000,onTarget,noEvent
6382,3,1,rld,14:24:57.851,16178,3.653,2.609,0.197,0.000,0.000,onTarget,noEvent
6382,3,1,rld,14:24:57.908,16179,3.707,2.609,0.197,0.000,0.000,onTarget,noEvent
6382,3,1,rld,14:24:57.967,16180,3.766,2.609,0.197,0.000,0.000,onTarget,noEvent
6382,3,1,rld,14:24:58.027,16181,3.826,2.609,0.197,0.000,0.000,onTarget,noEvent
6382,3,1,rld,14:24:58.091,16182,3.899,2.633,0.186,0.200,-0.100,onTarget,noEvent
6382,3,1,rld,14:24:58.174,16183,3.969,2.641,0.170,0.000,-0.100,onTarget,noEvent
6382,3,2,rld,14:25:03.659,16250,0.067,0.017,0.052,0.000,0.000,activeTracking,targetAppeared
6382,3,2,rld,14:25:03.708,16251,0.115,0.017,0.052,0.000,0.000,activeTracking,noEvent
6382,3,2,rld,14:25:03.777,16252,0.171,0.017,0.052,0.000,0.000,activeTracking,noEvent
6382,3,2,rld,14:25:03.852,16253,0.255,0.017,0.052,0.000,0.000,activeTracking,noEvent
6382,3,2,rld,14:25:03.894,16254,0.303,0.017,0.052,0.000,0.000,activeTracking,noEvent
6382,3,2,rld,14:25:03.973,16255,0.370,0.017,0.052,0.000,0.000,activeTracking,noEvent
6382,3,2,rld,14:25:04.093,16256,0.463,0.006,0.052,-0.100,0.000,activeTracking,noEvent
6382,3,2,rld,14:25:04.311,16257,0.684,-1.449,0.031,-12.800,-0.200,activeTracking,noEvent
6382,3,2,rld,14:25:04.411,16258,0.800,-2.074,0.025,-1.100,0.000,activeTracking,noEvent
6382,3,2,rld,14:25:04.573,16259,0.974,-2.477,0.023,-1.600,0.000,onTarget,noEvent
6382,3,2,rld,14:25:04.637,16260,1.047,-2.686,0.023,-0.600,0.000,onTarget,noEvent
6382,3,2,rld,14:25:04.705,16261,1.102,-2.756,0.023,0.000,0.000,onTarget,noEvent
6382,3,2,rld,14:25:04.765,16262,1.168,-2.779,0.023,0.000,0.000,onTarget,noEvent
6382,3,2,rld,14:25:04.840,16263,1.238,-2.787,0.023,0.000,0.000,onTarget,noEvent
6382,3,2,rld,14:25:04.891,16264,1.296,-2.790,0.023,0.000,0.000,onTarget,noEvent
6382,3,2,rld,14:25:04.942,16265,1.339,-2.791,0.023,0.000,0.000,onTarget,noEvent
6382,3,2,rld,14:25:05.000,16266,1.400,-2.791,0.023,0.000,0.000,onTarget,noEvent
6382,3,2,rld,14:25:05.054,16267,1.451,-2.791,0.023,0.000,0.000,onTarget,noEvent
6382,3,2,rld,14:25:05.109,16268,1.502,-2.791,0.023,0.000,0.000,onTarget,noEvent
6382,3,2,rld,14:25:05.160,16269,1.565,-2.791,0.023,0.000,0.000,onTarget,noEvent
6382,3,2,rld,14:25:05.239,16270,1.637,-2.791,0.023,0.000,0.000,onTarget,noEvent
6382,3,2,rld,14:25:05.292,16271,1.688,-2.791,0.023,0.000,0.000,onTarget,noEvent
6382,3,2,rld,14:25:05.370,16272,1.771,-2.791,0.023,0.000,0.000,onTarget,targetClick
6382,3,3,rld,14:25:09.282,16320,1.843,0.017,-0.184,0.000,0.000,waitingForTarget,middleTargetClick
6382,3,3,rld,14:25:09.343,16321,1.900,0.017,-0.184,0.000,0.000,waitingForTarget,noEvent
6382,3,3,rld,14:25:09.394,16322,1.950,0.017,-0.184,0.000,0.000,waitingForTarget,noEvent
6382,3,3,rld,14:25:09.456,16323,2.020,0.017,-0.184,0.000,0.000,waitingForTarget,noEvent
6382,3,3,rld,14:25:09.506,16324,2.076,0.017,-0.184,0.000,0.000,waitingForTarget,noEvent
6382,3,3,rld,14:25:09.558,16325,2.123,0.017,-0.184,0.000,0.000,waitingForTarget,noEvent
6382,3,3,rld,14:25:09.607,16326,2.171,0.017,-0.184,0.000,0.000,waitingForTarget,noEvent
6382,3,3,rld,14:25:09.660,16327,2.213,0.017,-0.184,0.000,0.000,waitingForTarget,noEvent
6382,3,3,rld,14:25:09.726,16328,2.283,0.017,-0.184,0.000,0.000,waitingForTarget,noEvent
6382,3,3,rld,14:25:09.790,16329,0.067,0.017,-0.184,0.000,0.000,activeTracking,targetAppeared
6382,3,3,rld,14:25:09.890,16330,0.130,0.017,-0.184,0.000,0.000,activeTracking,noEvent
6382,3,3,rld,14:25:09.960,16331,0.246,0.017,-0.184,0.000,0.000,activeTracking,noEvent
6382,3,3,rld,14:25:10.027,16332,0.295,0.017,-0.184,0.000,0.000,activeTracking,noEvent
6382,3,3,rld,14:25:10.107,16333,0.367,0.017,-0.184,0.000,0.000,activeTracking,noEvent
6382,3,3,rld,14:25:10.168,16334,0.433,0.017,-0.184,0.000,0.000,activeTracking,noEvent
6382,3,3,rld,14:25:10.241,16335,0.524,0.017,-0.184,0.000,0.000,activeTracking,noEvent
6382,3,3,rld,14:25:10.305,16336,0.577,0.017,-0.184,0.000,0.000,activeTracking,noEvent
6382,3,3,rld,14:25:10.421,16337,0.667,0.017,-0.162,0.000,0.200,activeTracking,noEvent
6382,3,3,rld,14:25:10.656,16338,0.858,-1.159,-0.121,-10.400,0.300,activeTracking,noEvent
6382,3,3,rld,14:25:10.857,16339,1.062,-1.835,-0.015,-2.400,0.800,activeTracking,noEvent
6382,3,3,rld,14:25:10.951,16340,1.228,-2.217,0.067,-1.300,0.400,activeTracking,noEvent
6382,3,3,rld,14:25:11.020,16341,1.300,-2.370,0.106,-0.200,0.100,onTarget,noEvent
6382,3,3,rld,14:25:11.076,16342,1.358,-2.421,0.120,0.000,0.000,onTarget,noEvent
6382,3,3,rld,14:25:11.135,16343,1.408,-2.438,0.124,0.000,0.000,onTarget,noEvent
6382,3,3,rld,14:25:11.184,16344,1.466,-2.444,0.126,0.000,0.000,onTarget,noEvent
6382,3,3,rld,14:25:11.253,16345,1.527,-2.446,0.126,0.000,0.000,onTarget,noEvent
6382,3,3,rld,14:25:11.300,16346,1.583,-2.447,0.126,0.000,0.000,onTarget,noEvent
6382,3,3,rld,14:25:11.389,16347,1.666,-2.447,0.126,0.000,0.000,onTarget,noEvent
6382,3,3,rld,14:25:11.434,16348,1.720,-2.447,0.126,0.000,0.000,onTarget,noEvent
6382,3,3,rld,14:25:11.491,16349,1.778,-2.447,0.126,0.000,0.000,onTarget,noEvent
6382,3,3,rld,14:25:11.693,16350,1.934,-2.507,0.034,-0.500,-0.800,onTarget,noEvent
6382,3,3,rld,14:25:11.777,16351,2.057,-2.551,-0.055,-0.200,-0.500,onTarget,noEvent
6382,3,3,rld,14:25:11.864,16352,2.144,-2.566,-0.108,0.000,-0.200,onTarget,noEvent
6382,3,3,rld,14:25:11.942,16353,2.225,-2.595,-0.126,-0.200,0.000,onTarget,noEvent
6382,3,3,rld,14:25:12.002,16354,2.287,-2.616,-0.132,-0.100,0.000,onTarget,noEvent
6382,3,3,rld,14:25:12.054,16355,2.339,-2.624,-0.134,0.000,0.000,onTarget,noEvent
6382,3,3,rld,14:25:12.127,16356,2.401,-2.626,-0.135,0.000,0.000,onTarget,noEvent
6382,3,3,rld,14:25:12.181,16357,2.457,-2.627,-0.135,0.000,0.000,onTarget,noEvent
6382,3,3,rld,14:25:12.259,16358,2.546,-2.627,-0.135,0.000,0.000,onTarget,noEvent
6382,3,3,rld,14:25:12.345,16359,2.616,-2.627,-0.135,0.000,0.000,onTarget,targetClick
6382,3,4,rld,14:25:15.922,16399,2.703,0.034,0.136,0.000,0.000,waitingForTarget,middleTargetClick
6382,3,4,rld,14:25:15.990,16400,2.777,0.034,0.136,0.000,0.000,waitingForTarget,noEvent
6382,3,4,rld,14:25:16.060,16401,2.836,0.034,0.136,0.000,0.000,waitingForTarget,noEvent
6382,3,4,rld,14:25:16.134,16402,2.913,0.034,0.136,0.000,0.000,waitingForTarget,noEvent
6382,3,4,rld,14:25:16.189,16403,2.978,0.034,0.136,0.000,0.000,waitingForTarget,noEvent
6382,3,4,rld,14:25:16.272,16404,3.048,0.034,0.136,0.000,0.000,waitingForTarget,noEvent
6382,3,4,rld,14:25:16.338,16405,3.126,0.034,0.136,0.000,0.000,waitingForTarget,noEvent
6382,3,4,rld,14:25:16.391,16406,0.055,0.034,0.136,0.000,0.000,activeTracking,targetAppeared
6382,3,4,rld,14:25:16.458,16407,0.121,0.034,0.136,0.000,0.000,activeTracking,noEvent
6382,3,4,rld,14:25:16.532,16408,0.189,0.034,0.136,0.000,0.000,activeTracking,noEvent
6382,3,4,rld,14:25:16.592,16409,0.245,0.034,0.136,0.000,0.000,activeTracking,noEvent
6382,3,4,rld,14:25:16.642,16410,0.301,0.034,0.136,0.000,0.000,activeTracking,noEvent
6382,3,4,rld,14:25:16.722,16411,0.383,0.034,0.136,0.000,0.000,activeTracking,noEvent
6382,3,4,rld,14:25:16.790,16412,0.446,0.034,0.136,0.000,0.000,activeTracking,noEvent
6382,3,4,rld,14:25:16.874,16413,0.527,0.034,0.136,0.000,0.000,activeTracking,noEvent
6382,3,4,rld,14:25:17.076,16414,0.714,0.654,0.137,5.500,0.000,activeTracking,noEvent
6382,3,4,rld,14:25:17.320,16415,0.976,1.674,0.083,7.100,-0.500,activeTracking,noEvent
6382,3,4,rld,14:25:17.408,16416,1.062,2.222,0.054,1.700,-0.100,activeTracking,noEvent
6382,3,4,rld,14:25:17.521,16417,1.175,2.479,0.045,0.600,0.000,onTarget,noEvent
6382,3,4,rld,14:25:17.574,16418,1.238,2.566,0.041,0.000,0.000,onTarget,noEvent
6382,3,4,rld,14:25:17.618,16419,1.279,2.595,0.040,0.000,0.000,onTarget,noEvent
6382,3,4,rld,14:25:17.677,16420,1.340,2.604,0.040,0.000,0.000,onTarget,noEvent
6382,3,4,rld,14:25:17.741,16421,1.397,2.608,0.040,0.000,0.000,onTarget,noEvent
6382,3,4,rld,14:25:17.841,16422,1.506,2.609,0.040,0.000,0.000,onTarget,noEvent
6382,3,4,rld,14:25:17.910,16423,1.558,2.609,0.040,0.000,0.000,onTarget,noEvent
6382,3,4,rld,14:25:17.973,16424,1.635,2.633,0.040,0.200,0.000,onTarget,noEvent
6382,3,4,rld,14:25:18.076,16425,1.728,2.617,0.040,-0.200,0.000,onTarget,noEvent
6382,3,4,rld,14:25:18.149,16426,1.807,2.552,0.040,-0.500,0.000,onTarget,noEvent
6382,3,4,rld,14:25:18.215,16427,1.877,2.506,0.039,-0.200,0.000,onTarget,noEvent
6382,3,4,rld,14:25:18.279,16428,1.930,2.490,0.039,0.000,0.000,onTarget,noEvent
6382,3,4,rld,14:25:18.342,16429,1.997,2.485,0.039,0.000,0.000,onTarget,noEvent
6382,3,4,rld,14:25:18.392,16430,2.047,2.484,0.039,0.000,0.000,onTarget,noEvent
6382,3,4,rld,14:25:18.461,16431,2.111,2.483,0.039,0.000,0.000,onTarget,noEvent
6382,3,4,rld,14:25:18.538,16432,2.201,2.483,0.039,0.000,0.000,onTarget,targetClick
6382,3,5,rld,14:25:22.102,16478,2.257,-0.016,0.204,0.000,0.000,waitingForTarget,middleTargetClick
6382,3,5,rld,14:25:22.144,16479,2.311,-0.016,0.204,0.000,0.000,waitingForTarget,noEvent
6382,3,5,rld,14:25:22.207,16480,2.360,-0.017,0.204,0.000,0.000,waitingForTarget,noEvent
6382,3,5,rld,14:25:22.258,16481,2.421,-0.017,0.204,0.000,0.000,waitingForTarget,noEvent
6382,3,5,rld,14:25:22.317,16482,2.477,-0.017,0.204,0.000,0.000,waitingForTarget,noEvent
6382,3,5,rld,14:25:22.367,16483,2.533,-0.017,0.204,0.000,0.000,waitingForTarget,noEvent
6382,3,5,rld,14:25:22.411,16484,2.577,-0.017,0.204,0.000,0.000,waitingForTarget,noEvent
6382,3,5,rld,14:25:22.469,16485,2.629,-0.017,0.204,0.000,0.000,waitingForTarget,noEvent
6382,3,5,rld,14:25:22.532,16486,2.688,-0.017,0.204,0.000,0.000,waitingForTarget,noEvent
6382,3,5,rld,14:25:22.590,16487,0.058,-0.017,0.204,0.000,0.000,activeTracking,targetAppeared
6382,3,5,rld,14:25:22.638,16488,0.108,-0.017,0.204,0.000,0.000,activeTracking,noEvent
6382,3,5,rld,14:25:22.694,16489,0.170,-0.017,0.204,0.000,0.000,activeTracking,noEvent
6382,3,5,rld,14:25:22.749,16490,0.218,-0.017,0.204,0.000,0.000,activeTracking,noEvent
6382,3,5,rld,14:25:22.788,16491,0.260,-0.017,0.204,0.000,0.000,activeTracking,noEvent
6382,3,5,rld,14:25:22.859,16492,0.332,-0.017,0.204,0.000,0.000,activeTracking,noEvent
6382,3,5,rld,14:25:22.895,16493,0.372,-0.017,0.204,0.000,0.000,activeTracking,noEvent
6382,3,5,rld,14:25:22.977,16494,0.442,-0.017,0.204,0.000,0.000,activeTracking,noEvent
6382,3,5,rld,14:25:23.035,16495,0.501,-0.017,0.204,0.000,0.000,activeTracking,noEvent
6382,3,5,rld,14:25:23.206,16496,0.633,-0.886,0.058,-7.700,-1.300,activeTracking,noEvent
6382,3,5,rld,14:25:23.285,16497,0.753,-1.430,-0.024,-2.200,-0.300,activeTracking,noEvent
6382,3,5,rld,14:25:23.339,16498,0.813,-1.613,-0.052,0.000,0.000,activeTracking,noEvent
6382,3,5,rld,14:25:23.374,16499,0.843,-1.674,-0.061,0.000,0.000,activeTracking,noEvent
6382,3,5,rld,14:25:23.440,16500,0.909,-1.695,-0.064,0.000,0.000,activeTracking,noEvent
6382,3,5,rld,14:25:23.494,16501,0.972,-1.702,-0.065,0.000,0.000,activeTracking,noEvent
6382,3,5,rld,14:25:23.619,16502,1.024,-1.704,-0.066,0.000,0.000,activeTracking,noEvent
6382,3,5,rld,14:25:23.711,16503,1.172,-2.591,-0.240,-7.500,-1.500,onTarget,noEvent
6382,3,5,rld,14:25:23.773,16504,1.241,-2.907,-0.300,-0.100,0.000,activeTracking,noEvent
6382,3,5,rld,14:25:23.864,16505,1.331,-3.014,-0.320,0.000,0.000,activeTracking,noEvent
6382,3,5,rld,14:25:23.901,16506,1.380,-3.050,-0.327,0.000,0.000,activeTracking,noEvent
6382,3,5,rld,14:25:23.972,16507,1.442,-3.062,-0.329,0.000,0.000,activeTracking,noEvent
6382,3,5,rld,14:25:24.083,16508,1.549,-3.103,-0.330,-0.300,0.000,activeTracking,noEvent
6382,3,5,rld,14:25:24.152,16509,1.614,-3.166,-0.331,-0.400,0.000,activeTracking,noEvent
6382,3,5,rld,14:25:24.220,16510,1.688,-3.200,-0.331,-0.100,0.000,activeTracking,noEvent
6382,3,5,rld,14:25:24.327,16511,1.800,-3.149,-0.295,0.500,0.300,activeTracking,noEvent
6382,3,5,rld,14:25:24.472,16512,1.890,-3.008,-0.212,1.000,0.600,activeTracking,noEvent
6382,3,5,rld,14:25:24.556,16513,2.022,-2.888,-0.137,0.600,0.400,onTarget,noEvent
6382,3,5,rld,14:25:24.630,16514,2.090,-2.823,-0.101,0.200,0.100,onTarget,noEvent
6382,3,5,rld,14:25:24.744,16515,2.216,-2.741,-0.042,0.500,0.400,onTarget,noEvent
6382,3,5,rld,14:25:24.850,16516,2.317,-2.665,-0.011,0.400,0.100,onTarget,noEvent
6382,3,5,rld,14:25:24.902,16517,2.373,-2.640,0.000,0.000,0.000,onTarget,noEvent
6382,3,5,rld,14:25:24.959,16518,2.430,-2.631,0.003,0.000,0.000,onTarget,noEvent
6382,3,5,rld,14:25:25.021,16519,2.487,-2.629,0.004,0.000,0.000,onTarget,noEvent
6382,3,5,rld,14:25:25.073,16520,2.536,-2.628,0.005,0.000,0.000,onTarget,noEvent
6382,3,5,rld,14:25:25.160,16521,2.632,-2.627,0.005,0.000,0.000,onTarget,noEvent
6382,3,5,rld,14:25:25.211,16522,2.690,-2.627,0.005,0.000,0.000,onTarget,noEvent
6382,3,5,rld,14:25:25.288,16523,2.753,-2.627,0.005,0.000,0.000,onTarget,noEvent
6382,3,5,rld,14:25:25.367,16524,2.832,-2.627,0.005,0.000,0.000,onTarget,targetClick
6382,3,6,rld,14:25:29.236,16568,2.926,-0.085,0.069,0.000,0.000,waitingForTarget,middleTargetClick
6382,3,6,rld,14:25:29.305,16569,3.001,-0.084,0.069,0.000,0.000,waitingForTarget,noEvent
6382,3,6,rld,14:25:29.366,16570,3.057,-0.084,0.069,0.000,0.000,waitingForTarget,noEvent
6382,3,6,rld,14:25:29.422,16571,3.112,-0.084,0.069,0.000,0.000,waitingForTarget,noEvent
6382,3,6,rld,14:25:29.490,16572,3.193,-0.084,0.069,0.000,0.000,waitingForTarget,noEvent
6382,3,6,rld,14:25:29.568,16573,3.258,-0.084,0.069,0.000,0.000,waitingForTarget,noEvent
6382,3,6,rld,14:25:29.624,16574,3.314,-0.084,0.069,0.000,0.000,waitingForTarget,noEvent
6382,3,6,rld,14:25:29.683,16575,3.367,-0.084,0.069,0.000,0.000,waitingForTarget,noEvent
6382,3,6,rld,14:25:29.742,16576,0.079,-0.084,0.069,0.000,0.000,activeTracking,targetAppeared
6382,3,6,rld,14:25:29.810,16577,0.143,-0.084,0.069,0.000,0.000,activeTracking,noEvent
6382,3,6,rld,14:25:29.887,16578,0.211,-0.084,0.069,0.000,0.000,activeTracking,noEvent
6382,3,6,rld,14:25:29.939,16579,0.270,-0.084,0.069,0.000,0.000,activeTracking,noEvent
6382,3,6,rld,14:25:29.987,16580,0.314,-0.084,0.069,0.000,0.000,activeTracking,noEvent
6382,3,6,rld,14:25:30.049,16581,0.378,-0.084,0.069,0.000,0.000,activeTracking,noEvent
6382,3,6,rld,14:25:30.107,16582,0.433,-0.084,0.069,0.000,0.000,activeTracking,noEvent
6382,3,6,rld,14:25:30.170,16583,0.498,-0.084,0.069,0.000,0.000,activeTracking,noEvent
6382,3,6,rld,14:25:30.402,16584,0.661,1.022,0.070,9.800,0.000,activeTracking,noEvent
6382,3,6,rld,14:25:30.606,16585,0.839,1.858,0.003,4.000,-0.600,activeTracking,noEvent
6382,3,6,rld,14:25:30.739,16586,1.042,2.464,-0.030,2.700,-0.100,onTarget,noEvent
6382,3,6,rld,14:25:30.940,16587,1.250,2.913,-0.041,2.000,0.000,onTarget,noEvent
6382,3,6,rld,14:25:31.008,16588,1.336,3.127,-0.057,0.500,-0.100,activeTracking,noEvent
6382,3,6,rld,14:25:31.071,16589,1.398,3.224,-0.074,0.200,-0.100,activeTracking,noEvent
6382,3,6,rld,14:25:31.160,16590,1.491,3.282,-0.091,0.200,-0.100,activeTracking,noEvent
6382,3,6,rld,14:25:31.219,16591,1.553,3.326,-0.097,0.200,0.000,activeTracking,noEvent
6382,3,6,rld,14:25:31.281,16592,1.608,3.341,-0.099,0.000,0.000,activeTracking,noEvent
6382,3,6,rld,14:25:31.340,16593,1.670,3.346,-0.112,0.000,-0.100,activeTracking,noEvent
6382,3,6,rld,14:25:31.392,16594,1.724,3.348,-0.116,0.000,0.000,activeTracking,noEvent
6382,3,6,rld,14:25:31.451,16595,1.780,3.348,-0.117,0.000,0.000,activeTracking,noEvent
6382,3,6,rld,14:25:31.482,16596,1.814,3.348,-0.118,0.000,0.000,activeTracking,noEvent
6382,3,6,rld,14:25:31.655,16597,1.972,3.211,-0.106,-1.100,0.100,activeTracking,noEvent
6382,3,6,rld,14:25:31.721,16598,2.043,3.127,-0.090,-0.300,0.100,activeTracking,noEvent
6382,3,6,rld,14:25:31.788,16599,2.111,3.087,-0.085,-0.100,0.000,activeTracking,noEvent
6382,3,6,rld,14:25:31.921,16600,2.216,3.000,-0.060,-0.600,0.200,onTarget,noEvent
6382,3,6,rld,14:25:32.005,16601,2.328,2.873,-0.028,-0.800,0.200,onTarget,noEvent
6382,3,6,rld,14:25:32.088,16602,2.415,2.782,0.006,-0.400,0.200,onTarget,noEvent
6382,3,6,rld,14:25:32.160,16603,2.480,2.739,0.017,-0.100,0.000,onTarget,noEvent
6382,3,6,rld,14:25:32.242,16604,2.577,2.713,0.021,-0.100,0.000,onTarget,noEvent
6382,3,6,rld,14:25:32.305,16605,2.630,2.704,0.022,0.000,0.000,onTarget,noEvent
6382,3,6,rld,14:25:32.359,16606,2.695,2.701,0.022,0.000,0.000,onTarget,noEvent
6382,3,6,rld,14:25:32.458,16607,2.783,2.700,0.023,0.000,0.000,onTarget,targetClick
6382,3,7,rld,14:25:40.134,16739,2.849,-0.084,-0.016,0.000,0.000,waitingForTarget,middleTargetClick
6382,3,7,rld,14:25:40.185,16740,2.910,-0.084,-0.016,0.000,0.000,waitingForTarget,noEvent
6382,3,7,rld,14:25:40.231,16741,2.960,-0.084,-0.016,0.000,0.000,waitingForTarget,noEvent
6382,3,7,rld,14:25:40.273,16742,3.002,-0.084,-0.016,0.000,0.000,waitingForTarget,noEvent
6382,3,7,rld,14:25:40.320,16743,3.046,-0.084,-0.016,0.000,0.000,waitingForTarget,noEvent
6382,3,7,rld,14:25:40.384,16744,3.104,-0.084,-0.016,0.000,0.000,waitingForTarget,noEvent
6382,3,7,rld,14:25:40.489,16745,3.217,-0.084,-0.016,0.000,0.000,waitingForTarget,noEvent
6382,3,7,rld,14:25:40.539,16746,3.270,-0.084,-0.016,0.000,0.000,waitingForTarget,noEvent
6382,3,7,rld,14:25:40.618,16747,0.065,-0.084,-0.016,0.000,0.000,activeTracking,targetAppeared
6382,3,7,rld,14:25:40.677,16748,0.135,-0.084,-0.016,0.000,0.000,activeTracking,noEvent
6382,3,7,rld,14:25:40.738,16749,0.185,-0.084,-0.016,0.000,0.000,activeTracking,noEvent
6382,3,7,rld,14:25:40.793,16750,0.253,-0.084,-0.016,0.000,0.000,activeTracking,noEvent
6382,3,7,rld,14:25:40.870,16751,0.315,-0.084,-0.016,0.000,0.000,activeTracking,noEvent
6382,3,7,rld,14:25:40.937,16752,0.390,-0.084,-0.016,0.000,0.000,activeTracking,noEvent
6382,3,7,rld,14:25:40.985,16753,0.434,-0.084,-0.016,0.000,0.000,activeTracking,noEvent
6382,3,7,rld,14:25:41.040,16754,0.485,-0.084,-0.016,0.000,0.000,activeTracking,noEvent
6382,3,7,rld,14:25:41.092,16755,0.544,-0.084,-0.016,0.000,0.000,activeTracking,noEvent
6382,3,7,rld,14:25:41.147,16756,0.596,-0.084,-0.016,0.000,0.000,activeTracking,noEvent
6382,3,7,rld,14:25:41.192,16757,0.653,-0.084,-0.016,0.000,0.000,activeTracking,noEvent
6382,3,7,rld,14:25:41.249,16758,0.703,-0.084,-0.016,0.000,0.000,activeTracking,noEvent
6382,3,7,rld,14:25:41.406,16759,0.840,0.321,0.153,3.600,1.500,activeTracking,noEvent
6382,3,7,rld,14:25:41.723,16760,1.133,1.886,0.192,12.500,-0.200,activeTracking,noEvent
6382,3,7,rld,14:25:41.937,16761,1.337,3.119,0.190,5.700,-0.200,activeTracking,noEvent
6382,3,7,rld,14:25:42.091,16762,1.516,3.821,0.144,2.100,-0.400,activeTracking,noEvent
6382,3,7,rld,14:25:42.204,16763,1.653,4.672,0.034,4.500,-0.800,activeTracking,noEvent
6382,3,7,rld,14:25:42.292,16764,1.731,5.011,-0.029,0.300,-0.200,activeTracking,noEvent
6382,3,7,rld,14:25:42.437,16765,1.879,4.998,-0.102,-0.900,-0.400,activeTracking,noEvent
6382,3,7,rld,14:25:42.549,16766,1.995,4.880,-0.164,-0.800,-0.300,activeTracking,noEvent
6382,3,7,rld,14:25:42.640,16767,2.085,4.799,-0.184,-0.300,0.000,activeTracking,noEvent
6382,3,7,rld,14:25:42.782,16768,2.222,4.440,-0.140,-2.400,0.400,activeTracking,noEvent
6382,3,7,rld,14:25:42.955,16769,2.398,3.600,-0.077,-5.500,0.400,activeTracking,noEvent
6382,3,7,rld,14:25:43.098,16770,2.495,3.256,-0.045,-0.600,0.100,activeTracking,noEvent
6382,3,7,rld,14:25:43.288,16771,2.656,2.957,0.059,-1.500,0.800,onTarget,noEvent
6382,3,7,rld,14:25:43.409,16772,2.835,2.700,0.198,-1.300,0.900,onTarget,noEvent
6382,3,7,rld,14:25:43.498,16773,2.935,2.579,0.279,-0.300,0.300,onTarget,noEvent
6382,3,7,rld,14:25:43.566,16774,3.013,2.527,0.305,-0.100,0.000,onTarget,noEvent
6382,3,7,rld,14:25:43.621,16775,3.074,2.510,0.314,0.000,0.000,activeTracking,noEvent
6382,3,7,rld,14:25:43.684,16776,3.140,2.504,0.317,0.000,0.000,activeTracking,noEvent
6382,3,7,rld,14:25:43.756,16777,3.218,2.502,0.318,0.000,0.000,activeTracking,noEvent
6382,3,7,rld,14:25:43.851,16778,3.304,2.501,0.318,0.000,0.000,activeTracking,noEvent
6382,3,7,rld,14:25:43.906,16779,3.353,2.501,0.319,0.000,0.000,activeTracking,noEvent
6382,3,7,rld,14:25:44.073,16780,3.501,2.573,0.296,0.600,-0.200,onTarget,noEvent
6382,3,7,rld,14:25:44.170,16781,3.614,2.645,0.266,0.400,-0.200,onTarget,noEvent
6382,3,7,rld,14:25:44.226,16782,3.680,2.682,0.232,0.100,-0.200,onTarget,noEvent
6382,3,7,rld,14:25:44.285,16783,3.743,2.694,0.221,0.000,0.000,onTarget,noEvent
6382,3,7,rld,14:25:44.340,16784,3.794,2.698,0.206,0.000,-0.100,onTarget,noEvent
6382,3,7,rld,14:25:44.407,16785,3.862,2.711,0.189,0.100,-0.100,onTarget,noEvent
6382,3,7,rld,14:25:44.456,16786,3.912,2.716,0.183,0.000,0.000,onTarget,noEvent
6382,3,7,rld,14:25:44.520,16787,3.968,2.717,0.182,0.000,0.000,onTarget,noEvent
6382,3,8,rld,14:25:50.835,16877,0.101,0.000,-0.032,0.000,0.000,activeTracking,targetAppeared
6382,3,8,rld,14:25:50.890,16878,0.154,0.000,-0.032,0.000,0.000,activeTracking,noEvent
6382,3,8,rld,14:25:50.935,16879,0.190,0.000,-0.032,0.000,0.000,activeTracking,noEvent
6382,3,8,rld,14:25:51.005,16880,0.260,0.000,-0.032,0.000,0.000,activeTracking,noEvent
6382,3,8,rld,14:25:51.053,16881,0.309,0.000,-0.032,0.000,0.000,activeTracking,noEvent
6382,3,8,rld,14:25:51.104,16882,0.359,0.000,-0.032,0.000,0.000,activeTracking,noEvent
6382,3,8,rld,14:25:51.164,16883,0.409,0.000,-0.032,0.000,0.000,activeTracking,noEvent
6382,3,8,rld,14:25:51.224,16884,0.479,0.000,-0.032,0.000,0.000,activeTracking,noEvent
6382,3,8,rld,14:25:51.276,16885,0.529,0.000,-0.032,0.000,0.000,activeTracking,noEvent
6382,3,8,rld,14:25:51.337,16886,0.591,0.000,-0.032,0.000,0.000,activeTracking,noEvent
6382,3,8,rld,14:25:51.388,16887,0.641,0.000,-0.032,0.000,0.000,activeTracking,noEvent
6382,3,8,rld,14:25:51.449,16888,0.695,0.000,-0.032,0.000,0.000,activeTracking,noEvent
6382,3,8,rld,14:25:51.499,16889,0.756,0.000,-0.032,0.000,0.000,activeTracking,noEvent
6382,3,8,rld,14:25:51.538,16890,0.805,0.000,-0.032,0.000,0.000,activeTracking,noEvent
6382,3,8,rld,14:25:51.616,16891,0.861,0.000,-0.032,0.000,0.000,activeTracking,noEvent
6382,3,8,rld,14:25:51.669,16892,0.926,0.000,-0.032,0.000,0.000,activeTracking,noEvent
6382,3,8,rld,14:25:51.723,16893,0.979,0.000,-0.032,0.000,0.000,activeTracking,noEvent
6382,3,8,rld,14:25:51.783,16894,1.039,0.000,-0.032,0.000,0.000,activeTracking,noEvent
6382,3,8,rld,14:25:51.941,16895,1.141,-0.248,-0.032,-2.200,0.000,activeTracking,noEvent
6382,3,8,rld,14:25:52.201,16896,1.403,-1.420,-0.066,-9.600,-0.300,activeTracking,noEvent
6382,3,8,rld,14:25:52.290,16897,1.543,-2.242,-0.123,-3.600,-0.400,activeTracking,noEvent
6382,3,8,rld,14:25:52.341,16898,1.606,-2.558,-0.143,-0.300,0.000,onTarget,noEvent
6382,3,8,rld,14:25:52.369,16899,1.634,-2.665,-0.149,0.000,0.000,onTarget,noEvent
6382,3,8,rld,14:25:52.405,16900,1.673,-2.700,-0.151,0.000,0.000,onTarget,noEvent
6382,3,8,rld,14:25:52.449,16901,1.709,-2.712,-0.152,0.000,0.000,onTarget,noEvent
6382,3,8,rld,14:25:52.493,16902,1.758,-2.716,-0.152,0.000,0.000,onTarget,noEvent
6382,3,8,rld,14:25:52.533,16903,1.796,-2.717,-0.153,0.000,0.000,onTarget,noEvent
6382,3,8,rld,14:25:52.584,16904,1.852,-2.718,-0.153,0.000,0.000,onTarget,noEvent
6382,3,8,rld,14:25:52.719,16905,1.973,-2.840,-0.129,-1.000,0.200,onTarget,noEvent
6382,3,8,rld,14:25:52.788,16906,2.050,-3.416,-0.074,-4.300,0.400,activeTracking,noEvent
6382,3,8,rld,14:25:52.906,16907,2.161,-3.549,-0.055,0.500,0.000,activeTracking,noEvent
6382,3,8,rld,14:25:52.991,16908,2.244,-3.428,-0.037,1.300,0.100,activeTracking,noEvent
6382,3,8,rld,14:25:53.057,16909,2.320,-3.337,-0.032,0.400,0.000,activeTracking,noEvent
6382,3,8,rld,14:25:53.136,16910,2.383,-3.282,-0.030,0.200,0.000,activeTracking,noEvent
6382,3,8,rld,14:25:53.192,16911,2.456,-3.238,-0.029,0.200,0.000,activeTracking,noEvent
6382,3,8,rld,14:25:53.266,16912,2.518,-3.187,-0.029,0.300,0.000,activeTracking,noEvent
6382,3,8,rld,14:25:53.349,16913,2.601,-3.120,-0.017,0.400,0.100,activeTracking,noEvent
6382,3,8,rld,14:25:53.426,16914,2.687,-3.011,-0.014,0.700,0.000,onTarget,noEvent
6382,3,8,rld,14:25:53.519,16915,2.761,-2.938,-0.012,0.300,0.000,onTarget,noEvent
6382,3,8,rld,14:25:53.580,16916,2.843,-2.889,-0.012,0.200,0.000,onTarget,noEvent
6382,3,8,rld,14:25:53.637,16917,2.901,-2.872,-0.012,0.000,0.000,onTarget,noEvent
6382,3,8,rld,14:25:53.687,16918,2.949,-2.867,-0.012,0.000,0.000,onTarget,noEvent
6382,3,8,rld,14:25:53.757,16919,3.008,-2.865,-0.012,0.000,0.000,onTarget,noEvent
6382,3,8,rld,14:25:53.829,16920,3.091,-2.865,-0.012,0.000,0.000,onTarget,noEvent
6382,3,8,rld,14:25:53.895,16921,3.145,-2.864,-0.012,0.000,0.000,onTarget,noEvent
6382,3,8,rld,14:25:53.964,16922,3.219,-2.864,-0.012,0.000,0.000,onTarget,noEvent
6382,3,8,rld,14:25:54.027,16923,3.284,-2.864,-0.012,0.000,0.000,onTarget,noEvent
6382,3,8,rld,14:25:54.092,16924,3.350,-2.864,-0.012,0.000,0.000,onTarget,noEvent
6382,3,8,rld,14:25:54.157,16925,3.410,-2.864,-0.012,0.000,0.000,onTarget,noEvent
6382,3,8,rld,14:25:54.232,16926,3.489,-2.864,-0.012,0.000,0.000,onTarget,noEvent
6382,3,8,rld,14:25:54.299,16927,3.552,-2.864,-0.012,0.000,0.000,onTarget,noEvent
6382,3,8,rld,14:25:54.368,16928,3.618,-2.864,-0.012,0.000,0.000,onTarget,noEvent
6382,3,8,rld,14:25:54.403,16929,3.666,-2.864,-0.012,0.000,0.000,onTarget,noEvent
6382,3,8,rld,14:25:54.483,16930,3.737,-2.864,-0.012,0.000,0.000,onTarget,noEvent
6382,3,8,rld,14:25:54.550,16931,3.802,-2.864,-0.012,0.000,0.000,onTarget,noEvent
6382,3,8,rld,14:25:54.616,16932,3.869,-2.864,-0.012,0.000,0.000,onTarget,noEvent
6382,3,8,rld,14:25:54.666,16933,3.929,-2.864,-0.012,0.000,0.000,onTarget,noEvent
6382,3,9,rld,14:25:59.007,16990,0.062,-0.068,-0.066,0.000,0.000,activeTracking,targetAppeared
6382,3,9,rld,14:25:59.071,16991,0.111,-0.068,-0.066,0.000,0.000,activeTracking,noEvent
6382,3,9,rld,14:25:59.126,16992,0.170,-0.068,-0.066,0.000,0.000,activeTracking,noEvent
6382,3,9,rld,14:25:59.237,16993,0.244,-0.068,-0.066,0.000,0.000,activeTracking,noEvent
6382,3,9,rld,14:25:59.322,16994,0.374,-0.180,-0.044,-1.000,0.200,activeTracking,noEvent
6382,3,9,rld,14:25:59.439,16995,0.441,-0.195,-0.025,0.200,0.100,activeTracking,noEvent
6382,3,9,rld,14:25:59.737,16996,0.733,0.803,0.061,8.900,0.700,activeTracking,noEvent
6382,3,9,rld,14:25:59.891,16997,0.917,1.540,0.034,3.500,-0.500,activeTracking,noEvent
6382,3,9,rld,14:25:59.938,16998,0.989,1.789,0.025,0.000,0.000,activeTracking,noEvent
6382,3,9,rld,14:25:59.981,16999,1.029,1.873,0.022,0.000,0.000,activeTracking,noEvent
6382,3,9,rld,14:26:00.061,17000,1.106,1.901,0.021,0.000,0.000,activeTracking,noEvent
6382,3,9,rld,14:26:00.104,17001,1.160,1.910,0.021,0.000,0.000,activeTracking,noEvent
6382,3,9,rld,14:26:00.183,17002,1.238,1.913,0.020,0.000,0.000,activeTracking,noEvent
6382,3,9,rld,14:26:00.245,17003,1.282,1.914,0.020,0.000,0.000,activeTracking,noEvent
6382,3,9,rld,14:26:00.349,17004,1.381,1.973,-0.002,0.500,-0.200,activeTracking,noEvent
6382,3,9,rld,14:26:00.437,17005,1.474,2.040,-0.010,0.400,0.000,activeTracking,noEvent
6382,3,9,rld,14:26:00.534,17006,1.567,2.121,-0.035,0.500,-0.200,activeTracking,noEvent
6382,3,9,rld,14:26:00.604,17007,1.642,2.160,-0.055,0.100,-0.100,activeTracking,noEvent
6382,3,9,rld,14:26:00.748,17008,1.777,2.291,-0.097,1.000,-0.300,activeTracking,noEvent
6382,3,9,rld,14:26:00.834,17009,1.876,2.359,-0.134,0.200,-0.200,activeTracking,noEvent
6382,3,9,rld,14:26:00.935,17010,1.948,2.418,-0.146,0.300,0.000,onTarget,noEvent
6382,3,9,rld,14:26:01.074,17011,2.125,2.533,-0.174,0.800,-0.200,onTarget,noEvent
6382,3,9,rld,14:26:01.172,17012,2.224,2.668,-0.206,0.800,-0.200,onTarget,noEvent
6382,3,9,rld,14:26:01.235,17013,2.278,2.726,-0.217,0.100,0.000,onTarget,noEvent
6382,3,9,rld,14:26:01.285,17014,2.332,2.757,-0.221,0.100,0.000,onTarget,noEvent
6382,3,9,rld,14:26:01.348,17015,2.397,2.780,-0.222,0.100,0.000,onTarget,noEvent
6382,3,9,rld,14:26:01.420,17016,2.474,2.812,-0.223,0.200,0.000,onTarget,noEvent
6382,3,9,rld,14:26:01.487,17017,2.528,2.835,-0.223,0.100,0.000,onTarget,noEvent
6382,3,9,rld,14:26:01.548,17018,2.593,2.842,-0.223,0.000,0.000,onTarget,noEvent
6382,3,9,rld,14:26:01.606,17019,2.656,2.857,-0.223,0.100,0.000,onTarget,noEvent
6382,3,9,rld,14:26:01.676,17020,2.719,2.862,-0.211,0.000,0.100,onTarget,noEvent
6382,3,9,rld,14:26:01.736,17021,2.778,2.864,-0.208,0.000,0.000,onTarget,noEvent
6382,3,9,rld,14:26:01.867,17022,2.900,2.864,-0.183,0.000,0.200,onTarget,noEvent
6382,3,9,rld,14:26:01.935,17023,2.977,2.864,-0.175,0.000,0.000,onTarget,targetClick
6382,3,10,rld,14:26:05.369,17067,3.058,0.083,0.071,0.000,0.000,waitingForTarget,middleTargetClick
6382,3,10,rld,14:26:05.409,17068,3.102,0.084,0.070,0.000,0.000,waitingForTarget,noEvent
6382,3,10,rld,14:26:05.466,17069,3.158,0.084,0.069,0.000,0.000,waitingForTarget,noEvent
6382,3,10,rld,14:26:05.499,17070,3.186,0.084,0.069,0.000,0.000,waitingForTarget,noEvent
6382,3,10,rld,14:26:05.574,17071,3.253,0.084,0.069,0.000,0.000,waitingForTarget,noEvent
6382,3,10,rld,14:26:05.632,17072,3.314,0.084,0.069,0.000,0.000,waitingForTarget,noEvent
6382,3,10,rld,14:26:05.687,17073,3.367,0.084,0.069,0.000,0.000,waitingForTarget,noEvent
6382,3,10,rld,14:26:05.732,17074,3.414,0.084,0.069,0.000,0.000,waitingForTarget,noEvent
6382,3,10,rld,14:26:05.776,17075,3.463,0.084,0.069,0.000,0.000,waitingForTarget,noEvent
6382,3,10,rld,14:26:05.859,17076,0.079,0.084,0.069,0.000,0.000,activeTracking,targetAppeared
6382,3,10,rld,14:26:05.914,17077,0.141,0.084,0.069,0.000,0.000,activeTracking,noEvent
6382,3,10,rld,14:26:05.961,17078,0.183,0.084,0.069,0.000,0.000,activeTracking,noEvent
6382,3,10,rld,14:26:06.001,17079,0.221,0.084,0.069,0.000,0.000,activeTracking,noEvent
6382,3,10,rld,14:26:06.040,17080,0.272,0.084,0.069,0.000,0.000,activeTracking,noEvent
6382,3,10,rld,14:26:06.100,17081,0.323,0.084,0.069,0.000,0.000,activeTracking,noEvent
6382,3,10,rld,14:26:06.150,17082,0.374,0.084,0.069,0.000,0.000,activeTracking,noEvent
6382,3,10,rld,14:26:06.188,17083,0.413,0.084,0.069,0.000,0.000,activeTracking,noEvent
6382,3,10,rld,14:26:06.235,17084,0.459,0.084,0.069,0.000,0.000,activeTracking,noEvent
6382,3,10,rld,14:26:06.265,17085,0.492,0.084,0.069,0.000,0.000,activeTracking,noEvent
6382,3,10,rld,14:26:06.316,17086,0.541,0.084,0.069,0.000,0.000,activeTracking,noEvent
6382,3,10,rld,14:26:06.359,17087,0.582,0.084,0.069,0.000,0.000,activeTracking,noEvent
6382,3,10,rld,14:26:06.399,17088,0.630,0.084,0.069,0.000,0.000,activeTracking,noEvent
6382,3,10,rld,14:26:06.451,17089,0.672,0.084,0.069,0.000,0.000,activeTracking,noEvent
6382,3,10,rld,14:26:06.497,17090,0.718,0.084,0.069,0.000,0.000,activeTracking,noEvent
6382,3,10,rld,14:26:06.565,17091,0.785,0.084,0.069,0.000,0.000,activeTracking,noEvent
6382,3,10,rld,14:26:06.613,17092,0.834,0.084,0.069,0.000,0.000,activeTracking,noEvent
6382,3,10,rld,14:26:06.654,17093,0.885,0.084,0.069,0.000,0.000,activeTracking,noEvent
6382,3,10,rld,14:26:06.693,17094,0.920,0.084,0.069,0.000,0.000,activeTracking,noEvent
6382,3,10,rld,14:26:06.751,17095,0.975,0.084,0.069,0.000,0.000,activeTracking,noEvent
6382,3,10,rld,14:26:06.833,17096,1.052,0.084,0.069,0.000,0.000,activeTracking,noEvent
6382,3,10,rld,14:26:06.882,17097,1.107,0.084,0.069,0.000,0.000,activeTracking,noEvent
6382,3,10,rld,14:26:06.921,17098,1.150,0.084,0.069,0.000,0.000,activeTracking,noEvent
6382,3,10,rld,14:26:06.972,17099,1.199,0.084,0.069,0.000,0.000,activeTracking,noEvent
6382,3,10,rld,14:26:07.020,17100,1.251,0.084,0.069,0.000,0.000,activeTracking,noEvent
6382,3,10,rld,14:26:07.057,17101,1.284,0.084,0.069,0.000,0.000,activeTracking,noEvent
6382,3,10,rld,14:26:07.103,17102,1.332,0.084,0.069,0.000,0.000,activeTracking,noEvent
6382,3,10,rld,14:26:07.138,17103,1.363,0.084,0.069,0.000,0.000,activeTracking,noEvent
6382,3,10,rld,14:26:07.175,17104,1.403,0.084,0.069,0.000,0.000,activeTracking,noEvent
6382,3,10,rld,14:26:07.230,17105,1.454,0.084,0.069,0.000,0.000,activeTracking,noEvent
6382,3,10,rld,14:26:07.284,17106,1.507,0.084,0.069,0.000,0.000,activeTracking,noEvent
6382,3,10,rld,14:26:07.332,17107,1.549,0.084,0.069,0.000,0.000,activeTracking,noEvent
6382,3,10,rld,14:26:07.371,17108,1.591,0.084,0.069,0.000,0.000,activeTracking,noEvent
6382,3,10,rld,14:26:07.404,17109,1.634,0.084,0.069,0.000,0.000,activeTracking,noEvent
6382,3,10,rld,14:26:07.449,17110,1.679,0.084,0.069,0.000,0.000,activeTracking,noEvent
6382,3,10,rld,14:26:07.492,17111,1.720,0.084,0.069,0.000,0.000,activeTracking,noEvent
6382,3,10,rld,14:26:07.556,17112,1.784,0.084,0.069,0.000,0.000,activeTracking,noEvent
6382,3,10,rld,14:26:07.601,17113,1.821,0.084,0.069,0.000,0.000,activeTracking,noEvent
6382,3,10,rld,14:26:07.634,17114,1.863,0.084,0.069,0.000,0.000,activeTracking,noEvent
6382,3,10,rld,14:26:07.675,17115,1.904,0.084,0.069,0.000,0.000,activeTracking,noEvent
6382,3,10,rld,14:26:07.724,17116,1.951,0.084,0.069,0.000,0.000,activeTracking,noEvent
6382,3,10,rld,14:26:07.768,17117,1.989,0.084,0.069,0.000,0.000,activeTracking,noEvent
6382,3,10,rld,14:26:07.842,17118,2.065,0.084,0.069,0.000,0.000,activeTracking,noEvent
6382,3,10,rld,14:26:07.889,17119,2.113,0.084,0.069,0.000,0.000,activeTracking,noEvent
6382,3,10,rld,14:26:07.930,17120,2.158,0.084,0.069,0.000,0.000,activeTracking,noEvent
6382,3,10,rld,14:26:07.986,17121,2.205,0.084,0.069,0.000,0.000,activeTracking,noEvent
6382,3,10,rld,14:26:08.020,17122,2.251,0.084,0.069,0.000,0.000,activeTracking,noEvent
6382,3,10,rld,14:26:08.058,17123,2.285,0.084,0.069,0.000,0.000,activeTracking,noEvent
6382,3,10,rld,14:26:08.098,17124,2.329,0.084,0.069,0.000,0.000,activeTracking,noEvent
6382,3,10,rld,14:26:08.159,17125,2.383,0.084,0.069,0.000,0.000,activeTracking,noEvent
6382,3,10,rld,14:26:08.201,17126,2.425,0.084,0.069,0.000,0.000,activeTracking,noEvent
6382,3,10,rld,14:26:08.262,17127,2.481,0.084,0.069,0.000,0.000,activeTracking,noEvent
6382,3,10,rld,14:26:08.309,17128,2.534,0.084,0.069,0.000,0.000,activeTracking,noEvent
6382,3,10,rld,14:26:08.356,17129,2.575,0.084,0.069,0.000,0.000,activeTracking,noEvent
6382,3,10,rld,14:26:08.398,17130,2.622,0.084,0.069,0.000,0.000,activeTracking,noEvent
6382,3,10,rld,14:26:08.447,17131,2.664,0.084,0.069,0.000,0.000,activeTracking,noEvent
6382,3,10,rld,14:26:08.482,17132,2.712,0.084,0.069,0.000,0.000,activeTracking,noEvent
6382,3,10,rld,14:26:08.539,17133,2.750,0.084,0.069,0.000,0.000,activeTracking,noEvent
6382,3,10,rld,14:26:08.591,17134,2.816,0.084,0.069,0.000,0.000,activeTracking,noEvent
6382,3,10,rld,14:26:08.641,17135,2.866,0.084,0.069,0.000,0.000,activeTracking,noEvent
6382,3,10,rld,14:26:08.700,17136,2.918,0.084,0.069,0.000,0.000,activeTracking,noEvent
6382,3,10,rld,14:26:08.740,17137,2.967,0.084,0.069,0.000,0.000,activeTracking,noEvent
6382,3,10,rld,14:26:08.801,17138,3.015,0.084,0.069,0.000,0.000,activeTracking,noEvent
6382,3,10,rld,14:26:08.862,17139,3.084,0.084,0.069,0.000,0.000,activeTracking,noEvent
6382,3,10,rld,14:26:08.903,17140,3.123,0.084,0.069,0.000,0.000,activeTracking,noEvent
6382,3,10,rld,14:26:08.951,17141,3.171,0.084,0.069,0.000,0.000,activeTracking,noEvent
6382,3,10,rld,14:26:08.999,17142,3.215,0.084,0.069,0.000,0.000,activeTracking,noEvent
6382,3,10,rld,14:26:09.039,17143,3.265,0.084,0.069,0.000,0.000,activeTracking,noEvent
6382,3,10,rld,14:26:09.085,17144,3.307,0.084,0.069,0.000,0.000,activeTracking,noEvent
6382,3,10,rld,14:26:09.135,17145,3.364,0.084,0.069,0.000,0.000,activeTracking,noEvent
6382,3,10,rld,14:26:09.179,17146,3.403,0.084,0.069,0.000,0.000,activeTracking,noEvent
6382,3,10,rld,14:26:09.236,17147,3.455,0.084,0.069,0.000,0.000,activeTracking,noEvent
6382,3,10,rld,14:26:09.297,17148,3.514,0.084,0.069,0.000,0.000,activeTracking,noEvent
6382,3,10,rld,14:26:09.341,17149,3.572,0.084,0.069,0.000,0.000,activeTracking,noEvent
6382,3,10,rld,14:26:09.406,17150,3.623,0.084,0.069,0.000,0.000,activeTracking,noEvent
6382,3,10,rld,14:26:09.450,17151,3.673,0.084,0.069,0.000,0.000,activeTracking,noEvent
6382,3,10,rld,14:26:09.512,17152,3.725,0.084,0.069,0.000,0.000,activeTracking,noEvent
6382,3,10,rld,14:26:09.550,17153,3.773,0.084,0.069,0.000,0.000,activeTracking,noEvent
6382,3,10,rld,14:26:09.600,17154,3.824,0.084,0.069,0.000,0.000,activeTracking,noEvent
6382,3,10,rld,14:26:09.648,17155,3.866,0.084,0.069,0.000,0.000,activeTracking,noEvent
6382,3,10,rld,14:26:09.682,17156,3.913,0.084,0.069,0.000,0.000,activeTracking,noEvent
6382,3,10,rld,14:26:09.730,17157,3.958,0.084,0.069,0.000,0.000,activeTracking,noEvent
6382,3,11,rld,14:26:37.704,17692,0.049,-0.034,0.136,0.000,0.000,activeTracking,targetAppeared
6382,3,11,rld,14:26:37.766,17693,0.103,-0.034,0.136,0.000,0.000,activeTracking,noEvent
6382,3,11,rld,14:26:37.839,17694,0.178,-0.034,0.136,0.000,0.000,activeTracking,noEvent
6382,3,11,rld,14:26:37.883,17695,0.219,-0.034,0.136,0.000,0.000,activeTracking,noEvent
6382,3,11,rld,14:26:37.921,17696,0.264,-0.034,0.136,0.000,0.000,activeTracking,noEvent
6382,3,11,rld,14:26:37.960,17697,0.300,-0.034,0.136,0.000,0.000,activeTracking,noEvent
6382,3,11,rld,14:26:38.002,17698,0.347,-0.034,0.136,0.000,0.000,activeTracking,noEvent
6382,3,11,rld,14:26:38.049,17699,0.393,-0.034,0.136,0.000,0.000,activeTracking,noEvent
6382,3,11,rld,14:26:38.085,17700,0.432,-0.034,0.136,0.000,0.000,activeTracking,noEvent
6382,3,11,rld,14:26:38.129,17701,0.471,-0.034,0.136,0.000,0.000,activeTracking,noEvent
6382,3,11,rld,14:26:38.181,17702,0.519,-0.034,0.136,0.000,0.000,activeTracking,noEvent
6382,3,11,rld,14:26:38.231,17703,0.572,-0.034,0.136,0.000,0.000,activeTracking,noEvent
6382,3,11,rld,14:26:38.287,17704,0.621,-0.034,0.136,0.000,0.000,activeTracking,noEvent
6382,3,11,rld,14:26:38.331,17705,0.667,-0.034,0.136,0.000,0.000,activeTracking,noEvent
6382,3,11,rld,14:26:38.371,17706,0.710,-0.034,0.136,0.000,0.000,activeTracking,noEvent
6382,3,11,rld,14:26:38.420,17707,0.756,-0.034,0.136,0.000,0.000,activeTracking,noEvent
6382,3,11,rld,14:26:38.454,17708,0.799,-0.034,0.136,0.000,0.000,activeTracking,noEvent
6382,3,11,rld,14:26:38.498,17709,0.845,-0.034,0.136,0.000,0.000,activeTracking,noEvent
6382,3,11,rld,14:26:38.549,17710,0.885,-0.034,0.136,0.000,0.000,activeTracking,noEvent
6382,3,11,rld,14:26:38.598,17711,0.927,-0.034,0.136,0.000,0.000,activeTracking,noEvent
6382,3,11,rld,14:26:38.645,17712,0.987,-0.034,0.136,0.000,0.000,activeTracking,noEvent
6382,3,11,rld,14:26:38.680,17713,1.026,-0.034,0.136,0.000,0.000,activeTracking,noEvent
6382,3,11,rld,14:26:38.728,17714,1.066,-0.034,0.136,0.000,0.000,activeTracking,noEvent
6382,3,11,rld,14:26:38.765,17715,1.107,-0.034,0.136,0.000,0.000,activeTracking,noEvent
6382,3,11,rld,14:26:38.839,17716,1.181,-0.034,0.136,0.000,0.000,activeTracking,noEvent
6382,3,11,rld,14:26:38.877,17717,1.222,-0.034,0.136,0.000,0.000,activeTracking,noEvent
6382,3,11,rld,14:26:38.930,17718,1.267,-0.034,0.136,0.000,0.000,activeTracking,noEvent
6382,3,11,rld,14:26:38.962,17719,1.306,-0.034,0.136,0.000,0.000,activeTracking,noEvent
6382,3,11,rld,14:26:39.007,17720,1.350,-0.034,0.136,0.000,0.000,activeTracking,noEvent
6382,3,11,rld,14:26:39.044,17721,1.392,-0.034,0.136,0.000,0.000,activeTracking,noEvent
6382,3,11,rld,14:26:39.085,17722,1.430,-0.034,0.136,0.000,0.000,activeTracking,noEvent
6382,3,11,rld,14:26:39.110,17723,1.454,-0.034,0.136,0.000,0.000,activeTracking,noEvent
6382,3,11,rld,14:26:39.145,17724,1.491,-0.034,0.136,0.000,0.000,activeTracking,noEvent
6382,3,11,rld,14:26:39.187,17725,1.532,-0.034,0.136,0.000,0.000,activeTracking,noEvent
6382,3,11,rld,14:26:39.222,17726,1.570,-0.034,0.136,0.000,0.000,activeTracking,noEvent
6382,3,11,rld,14:26:39.271,17727,1.616,-0.034,0.136,0.000,0.000,activeTracking,noEvent
6382,3,11,rld,14:26:39.304,17728,1.648,-0.034,0.136,0.000,0.000,activeTracking,noEvent
6382,3,11,rld,14:26:39.355,17729,1.699,-0.034,0.136,0.000,0.000,activeTracking,noEvent
6382,3,11,rld,14:26:39.390,17730,1.737,-0.034,0.136,0.000,0.000,activeTracking,noEvent
6382,3,11,rld,14:26:39.437,17731,1.782,-0.034,0.136,0.000,0.000,activeTracking,noEvent
6382,3,11,rld,14:26:39.488,17732,1.834,-0.034,0.136,0.000,0.000,activeTracking,noEvent
6382,3,11,rld,14:26:39.540,17733,1.887,-0.034,0.136,0.000,0.000,activeTracking,noEvent
6382,3,11,rld,14:26:39.589,17734,1.930,-0.034,0.136,0.000,0.000,activeTracking,noEvent
6382,3,11,rld,14:26:39.634,17735,1.981,-0.034,0.136,0.000,0.000,activeTracking,noEvent
6382,3,11,rld,14:26:39.682,17736,2.022,-0.034,0.136,0.000,0.000,activeTracking,noEvent
6382,3,11,rld,14:26:39.721,17737,2.069,-0.034,0.136,0.000,0.000,activeTracking,noEvent
6382,3,11,rld,14:26:39.769,17738,2.116,-0.034,0.136,0.000,0.000,activeTracking,noEvent
6382,3,11,rld,14:26:39.836,17739,2.179,-0.034,0.136,0.000,0.000,activeTracking,noEvent
6382,3,11,rld,14:26:39.884,17740,2.230,-0.034,0.136,0.000,0.000,activeTracking,noEvent
6382,3,11,rld,14:26:39.929,17741,2.270,-0.034,0.136,0.000,0.000,activeTracking,noEvent
6382,3,11,rld,14:26:39.966,17742,2.313,-0.034,0.136,0.000,0.000,activeTracking,noEvent
6382,3,11,rld,14:26:39.998,17743,2.346,-0.034,0.136,0.000,0.000,activeTracking,noEvent
6382,3,11,rld,14:26:40.048,17744,2.388,-0.034,0.136,0.000,0.000,activeTracking,noEvent
6382,3,11,rld,14:26:40.088,17745,2.432,-0.034,0.136,0.000,0.000,activeTracking,noEvent
6382,3,11,rld,14:26:40.144,17746,2.489,-0.034,0.136,0.000,0.000,activeTracking,noEvent
6382,3,11,rld,14:26:40.188,17747,2.532,-0.034,0.136,0.000,0.000,activeTracking,noEvent
6382,3,11,rld,14:26:40.230,17748,2.571,-0.034,0.136,0.000,0.000,activeTracking,noEvent
6382,3,11,rld,14:26:40.270,17749,2.617,-0.034,0.136,0.000,0.000,activeTracking,noEvent
6382,3,11,rld,14:26:40.318,17750,2.665,-0.034,0.136,0.000,0.000,activeTracking,noEvent
6382,3,11,rld,14:26:40.377,17751,2.720,-0.034,0.136,0.000,0.000,activeTracking,noEvent
6382,3,11,rld,14:26:40.424,17752,2.771,-0.034,0.136,0.000,0.000,activeTracking,noEvent
6382,3,11,rld,14:26:40.473,17753,2.819,-0.034,0.136,0.000,0.000,activeTracking,noEvent
6382,3,11,rld,14:26:40.522,17754,2.868,-0.034,0.136,0.000,0.000,activeTracking,noEvent
6382,3,11,rld,14:26:40.580,17755,2.925,-0.034,0.136,0.000,0.000,activeTracking,noEvent
6382,3,11,rld,14:26:40.656,17756,2.971,-0.034,0.136,0.000,0.000,activeTracking,noEvent
6382,3,11,rld,14:26:40.718,17757,3.055,-0.034,0.136,0.000,0.000,activeTracking,noEvent
6382,3,11,rld,14:26:40.768,17758,3.109,-0.034,0.136,0.000,0.000,activeTracking,noEvent
6382,3,11,rld,14:26:40.837,17759,3.183,-0.034,0.136,0.000,0.000,activeTracking,noEvent
6382,3,11,rld,14:26:40.889,17760,3.232,-0.034,0.136,0.000,0.000,activeTracking,noEvent
6382,3,11,rld,14:26:40.939,17761,3.286,-0.034,0.136,0.000,0.000,activeTracking,noEvent
6382,3,11,rld,14:26:40.990,17762,3.330,-0.034,0.136,0.000,0.000,activeTracking,noEvent
6382,3,11,rld,14:26:41.049,17763,3.386,-0.034,0.136,0.000,0.000,activeTracking,noEvent
6382,3,11,rld,14:26:41.097,17764,3.437,-0.034,0.136,0.000,0.000,activeTracking,noEvent
6382,3,11,rld,14:26:41.138,17765,3.484,-0.034,0.136,0.000,0.000,activeTracking,noEvent
6382,3,11,rld,14:26:41.196,17766,3.531,-0.034,0.136,0.000,0.000,activeTracking,noEvent
6382,3,11,rld,14:26:41.234,17767,3.581,-0.034,0.136,0.000,0.000,activeTracking,noEvent
6382,3,11,rld,14:26:41.298,17768,3.632,-0.034,0.136,0.000,0.000,activeTracking,noEvent
6382,3,11,rld,14:26:41.339,17769,3.682,-0.034,0.136,0.000,0.000,activeTracking,noEvent
6382,3,11,rld,14:26:41.389,17770,3.729,-0.034,0.136,0.000,0.000,activeTracking,noEvent
6382,3,11,rld,14:26:41.446,17771,3.781,-0.034,0.136,0.000,0.000,activeTracking,noEvent
6382,3,11,rld,14:26:41.489,17772,3.832,-0.034,0.136,0.000,0.000,activeTracking,noEvent
6382,3,11,rld,14:26:41.530,17773,3.870,-0.034,0.136,0.000,0.000,activeTracking,noEvent
6382,3,11,rld,14:26:41.584,17774,3.920,-0.034,0.136,0.000,0.000,activeTracking,noEvent
6382,3,11,rld,14:26:41.621,17775,3.968,-0.034,0.136,0.000,0.000,activeTracking,noEvent
6382,3,12,rld,14:26:57.532,18025,0.079,-0.203,-0.252,0.000,0.000,activeTracking,targetAppeared
6382,3,12,rld,14:26:57.599,18026,0.148,-0.203,-0.252,0.000,0.000,activeTracking,noEvent
6382,3,12,rld,14:26:57.648,18027,0.193,-0.203,-0.252,0.000,0.000,activeTracking,noEvent
6382,3,12,rld,14:26:57.705,18028,0.249,-0.203,-0.252,0.000,0.000,activeTracking,noEvent
6382,3,12,rld,14:26:57.780,18029,0.305,-0.203,-0.252,0.000,0.000,activeTracking,noEvent
6382,3,12,rld,14:26:57.868,18030,0.403,-0.203,-0.252,0.000,0.000,activeTracking,noEvent
6382,3,12,rld,14:26:57.918,18031,0.461,-0.203,-0.252,0.000,0.000,activeTracking,noEvent
6382,3,12,rld,14:26:57.970,18032,0.508,-0.203,-0.252,0.000,0.000,activeTracking,noEvent
6382,3,12,rld,14:26:58.038,18033,0.571,-0.203,-0.252,0.000,0.000,activeTracking,noEvent
6382,3,12,rld,14:26:58.098,18034,0.635,-0.203,-0.252,0.000,0.000,activeTracking,noEvent
6382,3,12,rld,14:26:58.134,18035,0.682,-0.203,-0.252,0.000,0.000,activeTracking,noEvent
6382,3,12,rld,14:26:58.198,18036,0.737,-0.203,-0.252,0.000,0.000,activeTracking,noEvent
6382,3,12,rld,14:26:58.248,18037,0.786,-0.203,-0.252,0.000,0.000,activeTracking,noEvent
6382,3,12,rld,14:26:58.288,18038,0.831,-0.203,-0.252,0.000,0.000,activeTracking,noEvent
6382,3,12,rld,14:26:58.336,18039,0.882,-0.203,-0.252,0.000,0.000,activeTracking,noEvent
6382,3,12,rld,14:26:58.386,18040,0.920,-0.203,-0.252,0.000,0.000,activeTracking,noEvent
6382,3,12,rld,14:26:58.422,18041,0.969,-0.203,-0.252,0.000,0.000,activeTracking,noEvent
6382,3,12,rld,14:26:58.470,18042,1.019,-0.203,-0.252,0.000,0.000,activeTracking,noEvent
6382,3,12,rld,14:26:58.528,18043,1.070,-0.203,-0.252,0.000,0.000,activeTracking,noEvent
6382,3,12,rld,14:26:58.569,18044,1.112,-0.203,-0.252,0.000,0.000,activeTracking,noEvent
6382,3,12,rld,14:26:58.620,18045,1.162,-0.203,-0.252,0.000,0.000,activeTracking,noEvent
6382,3,12,rld,14:26:58.661,18046,1.206,-0.203,-0.252,0.000,0.000,activeTracking,noEvent
6382,3,12,rld,14:26:58.706,18047,1.247,-0.203,-0.252,0.000,0.000,activeTracking,noEvent
6382,3,12,rld,14:26:58.751,18048,1.290,-0.203,-0.252,0.000,0.000,activeTracking,noEvent
6382,3,12,rld,14:26:58.789,18049,1.335,-0.203,-0.252,0.000,0.000,activeTracking,noEvent
6382,3,12,rld,14:26:58.843,18050,1.385,-0.203,-0.252,0.000,0.000,activeTracking,noEvent
6382,3,12,rld,14:26:58.872,18051,1.421,-0.203,-0.252,0.000,0.000,activeTracking,noEvent
6382,3,12,rld,14:26:58.929,18052,1.463,-0.203,-0.252,0.000,0.000,activeTracking,noEvent
6382,3,12,rld,14:26:58.968,18053,1.510,-0.203,-0.252,0.000,0.000,activeTracking,noEvent
6382,3,12,rld,14:26:59.018,18054,1.568,-0.203,-0.252,0.000,0.000,activeTracking,noEvent
6382,3,12,rld,14:26:59.056,18055,1.597,-0.203,-0.252,0.000,0.000,activeTracking,noEvent
6382,3,12,rld,14:26:59.106,18056,1.652,-0.203,-0.252,0.000,0.000,activeTracking,noEvent
6382,3,12,rld,14:26:59.152,18057,1.701,-0.203,-0.252,0.000,0.000,activeTracking,noEvent
6382,3,12,rld,14:26:59.196,18058,1.740,-0.203,-0.252,0.000,0.000,activeTracking,noEvent
6382,3,12,rld,14:26:59.248,18059,1.786,-0.203,-0.252,0.000,0.000,activeTracking,noEvent
6382,3,12,rld,14:26:59.288,18060,1.833,-0.203,-0.252,0.000,0.000,activeTracking,noEvent
6382,3,12,rld,14:26:59.350,18061,1.897,-0.203,-0.252,0.000,0.000,activeTracking,noEvent
6382,3,12,rld,14:26:59.384,18062,1.933,-0.203,-0.252,0.000,0.000,activeTracking,noEvent
6382,3,12,rld,14:26:59.422,18063,1.970,-0.203,-0.252,0.000,0.000,activeTracking,noEvent
6382,3,12,rld,14:26:59.468,18064,2.013,-0.203,-0.252,0.000,0.000,activeTracking,noEvent
6382,3,12,rld,14:26:59.502,18065,2.050,-0.203,-0.252,0.000,0.000,activeTracking,noEvent
6382,3,12,rld,14:26:59.548,18066,2.096,-0.203,-0.252,0.000,0.000,activeTracking,noEvent
6382,3,12,rld,14:26:59.604,18067,2.150,-0.203,-0.252,0.000,0.000,activeTracking,noEvent
6382,3,12,rld,14:26:59.655,18068,2.200,-0.203,-0.252,0.000,0.000,activeTracking,noEvent
6382,3,12,rld,14:26:59.698,18069,2.243,-0.203,-0.252,0.000,0.000,activeTracking,noEvent
6382,3,12,rld,14:26:59.730,18070,2.278,-0.203,-0.252,0.000,0.000,activeTracking,noEvent
6382,3,12,rld,14:26:59.798,18071,2.337,-0.203,-0.252,0.000,0.000,activeTracking,noEvent
6382,3,12,rld,14:26:59.848,18072,2.390,-0.203,-0.252,0.000,0.000,activeTracking,noEvent
6382,3,12,rld,14:26:59.887,18073,2.423,-0.203,-0.252,0.000,0.000,activeTracking,noEvent
6382,3,12,rld,14:26:59.931,18074,2.473,-0.203,-0.252,0.000,0.000,activeTracking,noEvent
6382,3,12,rld,14:26:59.971,18075,2.520,-0.203,-0.252,0.000,0.000,activeTracking,noEvent
6382,3,12,rld,14:27:00.018,18076,2.568,-0.203,-0.252,0.000,0.000,activeTracking,noEvent
6382,3,12,rld,14:27:00.052,18077,2.601,-0.203,-0.252,0.000,0.000,activeTracking,noEvent
6382,3,12,rld,14:27:00.122,18078,2.668,-0.203,-0.252,0.000,0.000,activeTracking,noEvent
6382,3,12,rld,14:27:00.199,18079,2.733,-0.203,-0.252,0.000,0.000,activeTracking,noEvent
6382,3,12,rld,14:27:00.237,18080,2.783,-0.203,-0.252,0.000,0.000,activeTracking,noEvent
6382,3,12,rld,14:27:00.298,18081,2.833,-0.203,-0.252,0.000,0.000,activeTracking,noEvent
6382,3,12,rld,14:27:00.349,18082,2.884,-0.203,-0.252,0.000,0.000,activeTracking,noEvent
6382,3,12,rld,14:27:00.394,18083,2.936,-0.203,-0.252,0.000,0.000,activeTracking,noEvent
6382,3,12,rld,14:27:00.437,18084,2.982,-0.203,-0.252,0.000,0.000,activeTracking,noEvent
6382,3,12,rld,14:27:00.502,18085,3.049,-0.203,-0.252,0.000,0.000,activeTracking,noEvent
6382,3,12,rld,14:27:00.537,18086,3.082,-0.203,-0.252,0.000,0.000,activeTracking,noEvent
6382,3,12,rld,14:27:00.598,18087,3.136,-0.203,-0.252,0.000,0.000,activeTracking,noEvent
6382,3,12,rld,14:27:00.635,18088,3.183,-0.203,-0.252,0.000,0.000,activeTracking,noEvent
6382,3,12,rld,14:27:00.695,18089,3.233,-0.203,-0.252,0.000,0.000,activeTracking,noEvent
6382,3,12,rld,14:27:00.731,18090,3.272,-0.203,-0.252,0.000,0.000,activeTracking,noEvent
6382,3,12,rld,14:27:00.842,18091,3.380,-0.203,-0.252,0.000,0.000,activeTracking,noEvent
6382,3,12,rld,14:27:00.881,18092,3.423,-0.203,-0.252,0.000,0.000,activeTracking,noEvent
6382,3,12,rld,14:27:00.922,18093,3.471,-0.203,-0.252,0.000,0.000,activeTracking,noEvent
6382,3,12,rld,14:27:00.984,18094,3.519,-0.203,-0.252,0.000,0.000,activeTracking,noEvent
6382,3,12,rld,14:27:01.029,18095,3.571,-0.203,-0.252,0.000,0.000,activeTracking,noEvent
6382,3,12,rld,14:27:01.081,18096,3.620,-0.203,-0.252,0.000,0.000,activeTracking,noEvent
6382,3,12,rld,14:27:01.132,18097,3.672,-0.203,-0.252,0.000,0.000,activeTracking,noEvent
6382,3,12,rld,14:27:01.184,18098,3.730,-0.203,-0.252,0.000,0.000,activeTracking,noEvent
6382,3,12,rld,14:27:01.218,18099,3.764,-0.203,-0.252,0.000,0.000,activeTracking,noEvent
6382,3,12,rld,14:27:01.269,18100,3.811,-0.203,-0.252,0.000,0.000,activeTracking,noEvent
6382,3,12,rld,14:27:01.313,18101,3.851,-0.203,-0.252,0.000,0.000,activeTracking,noEvent
6382,3,12,rld,14:27:01.350,18102,3.889,-0.203,-0.252,0.000,0.000,activeTracking,noEvent
6382,3,12,rld,14:27:01.403,18103,3.932,-0.203,-0.252,0.000,0.000,activeTracking,noEvent
6382,3,12,rld,14:27:01.447,18104,3.989,-0.203,-0.252,0.000,0.000,activeTracking,noEvent
6382,3,13,rld,14:27:13.721,18321,0.042,-0.186,-0.083,0.000,0.000,activeTracking,targetAppeared
6382,3,13,rld,14:27:13.765,18322,0.091,-0.186,-0.083,0.000,0.000,activeTracking,noEvent
6382,3,13,rld,14:27:13.838,18323,0.159,-0.186,-0.083,0.000,0.000,activeTracking,noEvent
6382,3,13,rld,14:27:13.868,18324,0.193,-0.186,-0.083,0.000,0.000,activeTracking,noEvent
6382,3,13,rld,14:27:13.916,18325,0.233,-0.186,-0.083,0.000,0.000,activeTracking,noEvent
6382,3,13,rld,14:27:13.959,18326,0.276,-0.186,-0.083,0.000,0.000,activeTracking,noEvent
6382,3,13,rld,14:27:13.998,18327,0.325,-0.186,-0.083,0.000,0.000,activeTracking,noEvent
6382,3,13,rld,14:27:14.043,18328,0.363,-0.186,-0.083,0.000,0.000,activeTracking,noEvent
6382,3,13,rld,14:27:14.095,18329,0.412,-0.186,-0.083,0.000,0.000,activeTracking,noEvent
6382,3,13,rld,14:27:14.143,18330,0.460,-0.186,-0.083,0.000,0.000,activeTracking,noEvent
6382,3,13,rld,14:27:14.183,18331,0.508,-0.186,-0.083,0.000,0.000,activeTracking,noEvent
6382,3,13,rld,14:27:14.246,18332,0.560,-0.186,-0.083,0.000,0.000,activeTracking,noEvent
6382,3,13,rld,14:27:14.289,18333,0.615,-0.186,-0.083,0.000,0.000,activeTracking,noEvent
6382,3,13,rld,14:27:14.472,18334,0.767,0.343,0.052,4.700,1.200,activeTracking,noEvent
6382,3,13,rld,14:27:14.582,18335,0.879,0.780,0.109,2.300,0.100,activeTracking,noEvent
6382,3,13,rld,14:27:14.672,18336,0.980,1.040,0.128,1.000,0.000,activeTracking,noEvent
6382,3,13,rld,14:27:14.764,18337,1.079,1.252,0.135,1.100,0.000,activeTracking,noEvent
6382,3,13,rld,14:27:14.910,18338,1.199,1.473,0.138,1.300,0.000,activeTracking,noEvent
6382,3,13,rld,14:27:14.987,18339,1.297,1.593,0.139,0.400,0.000,activeTracking,noEvent
6382,3,13,rld,14:27:15.037,18340,1.361,1.644,0.140,0.100,0.000,activeTracking,noEvent
6382,3,13,rld,14:27:15.095,18341,1.416,1.673,0.140,0.100,0.000,activeTracking,noEvent
6382,3,13,rld,14:27:15.169,18342,1.487,1.706,0.140,0.200,0.000,activeTracking,noEvent
6382,3,13,rld,14:27:15.258,18343,1.578,1.775,0.129,0.500,-0.100,activeTracking,noEvent
6382,3,13,rld,14:27:15.327,18344,1.641,1.833,0.125,0.300,0.000,activeTracking,noEvent
6382,3,13,rld,14:27:15.388,18345,1.708,1.876,0.124,0.200,0.000,activeTracking,noEvent
6382,3,13,rld,14:27:15.511,18346,1.821,1.890,0.124,0.000,0.000,activeTracking,noEvent
6382,3,13,rld,14:27:15.554,18347,1.876,1.895,0.124,0.000,0.000,activeTracking,noEvent
6382,3,13,rld,14:27:15.597,18348,1.921,1.896,0.124,0.000,0.000,activeTracking,noEvent
6382,3,13,rld,14:27:15.635,18349,1.958,1.897,0.124,0.000,0.000,activeTracking,noEvent
6382,3,13,rld,14:27:15.686,18350,2.010,1.897,0.124,0.000,0.000,activeTracking,noEvent
6382,3,13,rld,14:27:15.732,18351,2.049,1.897,0.124,0.000,0.000,activeTracking,noEvent
6382,3,13,rld,14:27:15.779,18352,2.100,1.897,0.124,0.000,0.000,activeTracking,noEvent
6382,3,13,rld,14:27:15.842,18353,2.161,1.897,0.124,0.000,0.000,activeTracking,noEvent
6382,3,13,rld,14:27:15.880,18354,2.207,1.897,0.124,0.000,0.000,activeTracking,noEvent
6382,3,13,rld,14:27:15.942,18355,2.257,1.897,0.124,0.000,0.000,activeTracking,noEvent
6382,3,13,rld,14:27:15.999,18356,2.310,1.897,0.124,0.000,0.000,activeTracking,noEvent
6382,3,13,rld,14:27:16.041,18357,2.366,1.897,0.124,0.000,0.000,activeTracking,noEvent
6382,3,13,rld,14:27:16.094,18358,2.417,1.897,0.124,0.000,0.000,activeTracking,noEvent
6382,3,13,rld,14:27:16.142,18359,2.465,1.897,0.124,0.000,0.000,activeTracking,noEvent
6382,3,13,rld,14:27:16.210,18360,2.531,1.897,0.124,0.000,0.000,activeTracking,noEvent
6382,3,13,rld,14:27:16.254,18361,2.575,1.897,0.124,0.000,0.000,activeTracking,noEvent
6382,3,13,rld,14:27:16.311,18362,2.638,1.897,0.124,0.000,0.000,activeTracking,noEvent
6382,3,13,rld,14:27:16.362,18363,2.683,1.897,0.124,0.000,0.000,activeTracking,noEvent
6382,3,13,rld,14:27:16.417,18364,2.738,1.897,0.124,0.000,0.000,activeTracking,noEvent
6382,3,13,rld,14:27:16.464,18365,2.781,1.897,0.124,0.000,0.000,activeTracking,noEvent
6382,3,13,rld,14:27:16.517,18366,2.830,1.897,0.124,0.000,0.000,activeTracking,noEvent
6382,3,13,rld,14:27:16.561,18367,2.888,1.897,0.124,0.000,0.000,activeTracking,noEvent
6382,3,13,rld,14:27:16.621,18368,2.944,1.897,0.124,0.000,0.000,activeTracking,noEvent
6382,3,13,rld,14:27:16.683,18369,2.996,1.897,0.124,0.000,0.000,activeTracking,noEvent
6382,3,13,rld,14:27:16.764,18370,3.070,1.897,0.124,0.000,0.000,activeTracking,noEvent
6382,3,13,rld,14:27:16.986,18371,3.273,2.179,0.125,2.400,0.000,activeTracking,noEvent
6382,3,13,rld,14:27:17.082,18372,3.401,2.429,0.115,1.300,-0.100,onTarget,noEvent
6382,3,13,rld,14:27:17.179,18373,3.490,2.585,0.088,0.600,-0.200,onTarget,noEvent
6382,3,13,rld,14:27:17.269,18374,3.576,2.710,0.080,0.600,0.000,onTarget,noEvent
6382,3,13,rld,14:27:17.321,18375,3.640,2.776,0.065,0.200,-0.100,onTarget,noEvent
6382,3,13,rld,14:27:17.399,18376,3.710,2.835,0.061,0.300,0.000,onTarget,noEvent
6382,3,13,rld,14:27:17.444,18377,3.770,2.855,0.059,0.000,0.000,onTarget,noEvent
6382,3,13,rld,14:27:17.516,18378,3.826,2.861,0.047,0.000,-0.100,onTarget,noEvent
6382,3,13,rld,14:27:17.571,18379,3.884,2.863,0.031,0.000,-0.100,onTarget,noEvent
6382,3,13,rld,14:27:17.625,18380,3.948,2.864,0.026,0.000,0.000,onTarget,noEvent
6382,3,13,rld,14:27:17.683,18381,3.998,2.864,0.024,0.000,0.000,onTarget,noEvent
6382,3,14,rld,14:27:23.129,18476,0.067,0.321,0.153,0.000,0.000,activeTracking,targetAppeared
6382,3,14,rld,14:27:23.182,18477,0.128,0.321,0.153,0.000,0.000,activeTracking,noEvent
6382,3,14,rld,14:27:23.230,18478,0.166,0.321,0.153,0.000,0.000,activeTracking,noEvent
6382,3,14,rld,14:27:23.293,18479,0.230,0.321,0.153,0.000,0.000,activeTracking,noEvent
6382,3,14,rld,14:27:23.342,18480,0.269,0.321,0.153,0.000,0.000,activeTracking,noEvent
6382,3,14,rld,14:27:23.379,18481,0.316,0.321,0.153,0.000,0.000,activeTracking,noEvent
6382,3,14,rld,14:27:23.418,18482,0.362,0.321,0.153,0.000,0.000,activeTracking,noEvent
6382,3,14,rld,14:27:23.459,18483,0.397,0.321,0.153,0.000,0.000,activeTracking,noEvent
6382,3,14,rld,14:27:23.498,18484,0.445,0.321,0.153,0.000,0.000,activeTracking,noEvent
6382,3,14,rld,14:27:23.551,18485,0.497,0.321,0.153,0.000,0.000,activeTracking,noEvent
6382,3,14,rld,14:27:23.596,18486,0.534,0.321,0.153,0.000,0.000,activeTracking,noEvent
6382,3,14,rld,14:27:23.680,18487,0.619,0.321,0.153,0.000,0.000,activeTracking,noEvent
6382,3,14,rld,14:27:23.767,18488,0.684,0.321,0.153,0.000,0.000,activeTracking,noEvent
6382,3,14,rld,14:27:24.020,18489,0.917,-0.467,0.041,-7.000,-1.000,activeTracking,noEvent
6382,3,14,rld,14:27:24.198,18490,1.124,-1.220,-0.064,-4.300,-0.600,activeTracking,noEvent
6382,3,14,rld,14:27:24.311,18491,1.246,-2.067,-0.191,-5.100,-0.800,activeTracking,noEvent
6382,3,14,rld,14:27:24.444,18492,1.366,-2.619,-0.236,-2.200,0.000,onTarget,noEvent
6382,3,14,rld,14:27:24.553,18493,1.448,-2.929,-0.251,-1.000,0.000,onTarget,noEvent
6382,3,14,rld,14:27:24.628,18494,1.557,-3.158,-0.257,-1.000,0.000,activeTracking,noEvent
6382,3,14,rld,14:27:24.699,18495,1.643,-3.297,-0.260,-0.500,0.000,activeTracking,noEvent
6382,3,14,rld,14:27:24.777,18496,1.716,-3.369,-0.249,-0.200,0.100,activeTracking,noEvent
6382,3,14,rld,14:27:24.854,18497,1.789,-3.393,-0.233,0.000,0.100,activeTracking,noEvent
6382,3,14,rld,14:27:24.911,18498,1.857,-3.401,-0.228,0.000,0.000,activeTracking,noEvent
6382,3,14,rld,14:27:24.968,18499,1.909,-3.404,-0.214,0.000,0.100,activeTracking,noEvent
6382,3,14,rld,14:27:25.114,18500,2.016,-3.304,-0.209,0.800,0.000,activeTracking,noEvent
6382,3,14,rld,14:27:25.222,18501,2.164,-3.047,-0.207,1.800,0.000,activeTracking,noEvent
6382,3,14,rld,14:27:25.304,18502,2.242,-2.900,-0.206,0.500,0.000,onTarget,noEvent
6382,3,14,rld,14:27:25.365,18503,2.307,-2.803,-0.206,0.400,0.000,onTarget,noEvent
6382,3,14,rld,14:27:25.460,18504,2.394,-2.710,-0.205,0.500,0.000,onTarget,noEvent
6382,3,14,rld,14:27:25.534,18505,2.467,-2.631,-0.205,0.400,0.000,onTarget,noEvent
6382,3,14,rld,14:27:25.604,18506,2.530,-2.580,-0.205,0.200,0.000,onTarget,noEvent
6382,3,14,rld,14:27:25.686,18507,2.618,-2.551,-0.205,0.100,0.000,onTarget,noEvent
6382,3,14,rld,14:27:25.751,18508,2.685,-2.542,-0.193,0.000,0.100,onTarget,noEvent
6382,3,14,rld,14:27:25.852,18509,2.785,-2.538,-0.154,0.000,0.300,onTarget,noEvent
6382,3,14,rld,14:27:25.937,18510,2.882,-2.537,-0.106,0.000,0.300,onTarget,noEvent
6382,3,14,rld,14:27:26.013,18511,2.950,-2.573,-0.067,-0.300,0.200,onTarget,noEvent
6382,3,14,rld,14:27:26.100,18512,3.046,-2.609,-0.007,-0.200,0.400,onTarget,noEvent
6382,3,14,rld,14:27:26.170,18513,3.102,-2.621,0.036,0.000,0.200,onTarget,noEvent
6382,3,14,rld,14:27:26.267,18514,3.197,-2.649,0.074,-0.200,0.200,onTarget,noEvent
6382,3,14,rld,14:27:26.337,18515,3.281,-2.659,0.110,0.000,0.200,onTarget,noEvent
6382,3,14,rld,14:27:26.450,18516,3.393,-2.662,0.122,0.000,0.000,onTarget,noEvent
6382,3,14,rld,14:27:26.499,18517,3.444,-2.663,0.126,0.000,0.000,onTarget,noEvent
6382,3,14,rld,14:27:26.610,18518,3.517,-2.663,0.127,0.000,0.000,onTarget,noEvent
6382,3,14,rld,14:27:26.721,18519,3.658,-2.627,0.069,0.300,-0.500,onTarget,noEvent
6382,3,14,rld,14:27:26.781,18520,3.727,-2.603,0.026,0.100,-0.200,onTarget,noEvent
6382,3,14,rld,14:27:26.885,18521,3.810,-2.595,0.000,0.000,-0.100,onTarget,noEvent
6382,3,14,rld,14:27:26.944,18522,3.880,-2.592,-0.008,0.000,0.000,onTarget,noEvent
6382,3,14,rld,14:27:26.998,18523,3.945,-2.592,-0.011,0.000,0.000,onTarget,noEvent
6382,3,14,rld,14:27:27.067,18524,3.997,-2.591,-0.012,0.000,0.000,onTarget,noEvent
6382,3,15,rld,14:27:32.264,18605,0.056,0.236,-0.083,0.000,0.000,activeTracking,targetAppeared
6382,3,15,rld,14:27:32.300,18606,0.100,0.236,-0.083,0.000,0.000,activeTracking,noEvent
6382,3,15,rld,14:27:32.349,18607,0.148,0.236,-0.083,0.000,0.000,activeTracking,noEvent
6382,3,15,rld,14:27:32.391,18608,0.187,0.236,-0.083,0.000,0.000,activeTracking,noEvent
6382,3,15,rld,14:27:32.441,18609,0.238,0.236,-0.083,0.000,0.000,activeTracking,noEvent
6382,3,15,rld,14:27:32.479,18610,0.274,0.236,-0.083,0.000,0.000,activeTracking,noEvent
6382,3,15,rld,14:27:32.526,18611,0.325,0.236,-0.083,0.000,0.000,activeTracking,noEvent
6382,3,15,rld,14:27:32.569,18612,0.365,0.236,-0.083,0.000,0.000,activeTracking,noEvent
6382,3,15,rld,14:27:32.618,18613,0.414,0.236,-0.083,0.000,0.000,activeTracking,noEvent
6382,3,15,rld,14:27:32.668,18614,0.468,0.236,-0.083,0.000,0.000,activeTracking,noEvent
6382,3,15,rld,14:27:32.715,18615,0.517,0.236,-0.083,0.000,0.000,activeTracking,noEvent
6382,3,15,rld,14:27:32.763,18616,0.559,0.236,-0.083,0.000,0.000,activeTracking,noEvent
6382,3,15,rld,14:27:32.815,18617,0.619,0.236,-0.083,0.000,0.000,activeTracking,noEvent
6382,3,15,rld,14:27:32.870,18618,0.666,0.236,-0.083,0.000,0.000,activeTracking,noEvent
6382,3,15,rld,14:27:32.927,18619,0.720,0.236,-0.083,0.000,0.000,activeTracking,noEvent
6382,3,15,rld,14:27:32.980,18620,0.776,0.236,-0.083,0.000,0.000,activeTracking,noEvent
6382,3,15,rld,14:27:33.143,18621,0.921,0.484,-0.061,2.200,0.200,activeTracking,noEvent
6382,3,15,rld,14:27:33.341,18622,1.115,1.351,-0.019,6.900,0.300,activeTracking,noEvent
6382,3,15,rld,14:27:33.491,18623,1.275,2.029,-0.050,3.300,-0.400,activeTracking,noEvent
6382,3,15,rld,14:27:33.582,18624,1.365,2.486,-0.060,1.900,0.000,onTarget,noEvent
6382,3,15,rld,14:27:33.650,18625,1.451,2.725,-0.063,0.700,0.000,onTarget,noEvent
6382,3,15,rld,14:27:33.719,18626,1.508,2.818,-0.064,0.100,0.000,onTarget,noEvent
6382,3,15,rld,14:27:33.800,18627,1.604,2.886,-0.065,0.300,0.000,onTarget,noEvent
6382,3,15,rld,14:27:33.870,18628,1.668,2.921,-0.065,0.100,0.000,onTarget,noEvent
6382,3,15,rld,14:27:33.938,18629,1.736,2.932,-0.065,0.000,0.000,onTarget,noEvent
6382,3,15,rld,14:27:34.002,18630,1.790,2.936,-0.065,0.000,0.000,onTarget,noEvent
6382,3,15,rld,14:27:34.064,18631,1.852,2.937,-0.065,0.000,0.000,onTarget,noEvent
6382,3,15,rld,14:27:34.148,18632,1.947,2.876,-0.065,-0.500,0.000,onTarget,noEvent
6382,3,15,rld,14:27:34.230,18633,2.026,2.759,-0.065,-0.800,0.000,onTarget,noEvent
6382,3,15,rld,14:27:34.291,18634,2.085,2.683,-0.065,-0.300,0.000,onTarget,noEvent
6382,3,15,rld,14:27:34.351,18635,2.148,2.634,-0.065,-0.200,0.000,onTarget,noEvent
6382,3,15,rld,14:27:34.402,18636,2.200,2.617,-0.065,0.000,0.000,onTarget,noEvent
6382,3,15,rld,14:27:34.445,18637,2.243,2.612,-0.065,0.000,0.000,onTarget,noEvent
6382,3,15,rld,14:27:34.487,18638,2.283,2.610,-0.065,0.000,0.000,onTarget,noEvent
6382,3,15,rld,14:27:34.528,18639,2.322,2.609,-0.065,0.000,0.000,onTarget,noEvent
6382,3,15,rld,14:27:34.580,18640,2.368,2.609,-0.065,0.000,0.000,onTarget,noEvent
6382,3,15,rld,14:27:34.641,18641,2.426,2.609,-0.065,0.000,0.000,onTarget,noEvent
6382,3,15,rld,14:27:34.686,18642,2.476,2.609,-0.065,0.000,0.000,onTarget,targetClick
6382,3,16,rld,14:27:39.353,18708,2.542,-0.084,0.069,0.000,0.000,waitingForTarget,middleTargetClick
6382,3,16,rld,14:27:39.395,18709,2.588,-0.084,0.069,0.000,0.000,waitingForTarget,noEvent
6382,3,16,rld,14:27:39.439,18710,2.631,-0.084,0.069,0.000,0.000,waitingForTarget,noEvent
6382,3,16,rld,14:27:39.490,18711,2.676,-0.084,0.069,0.000,0.000,waitingForTarget,noEvent
6382,3,16,rld,14:27:39.535,18712,2.713,-0.084,0.069,0.000,0.000,waitingForTarget,noEvent
6382,3,16,rld,14:27:39.587,18713,2.777,-0.084,0.069,0.000,0.000,waitingForTarget,noEvent
6382,3,16,rld,14:27:39.631,18714,2.815,-0.084,0.069,0.000,0.000,waitingForTarget,noEvent
6382,3,16,rld,14:27:39.684,18715,2.875,-0.084,0.069,0.000,0.000,waitingForTarget,noEvent
6382,3,16,rld,14:27:39.742,18716,2.927,-0.084,0.069,0.000,0.000,waitingForTarget,noEvent
6382,3,16,rld,14:27:39.783,18717,2.965,-0.084,0.069,0.000,0.000,waitingForTarget,noEvent
6382,3,16,rld,14:27:39.851,18718,0.078,-0.084,0.069,0.000,0.000,activeTracking,targetAppeared
6382,3,16,rld,14:27:39.898,18719,0.127,-0.084,0.069,0.000,0.000,activeTracking,noEvent
6382,3,16,rld,14:27:39.948,18720,0.166,-0.084,0.069,0.000,0.000,activeTracking,noEvent
6382,3,16,rld,14:27:39.993,18721,0.211,-0.084,0.069,0.000,0.000,activeTracking,noEvent
6382,3,16,rld,14:27:40.034,18722,0.248,-0.084,0.069,0.000,0.000,activeTracking,noEvent
6382,3,16,rld,14:27:40.081,18723,0.299,-0.084,0.069,0.000,0.000,activeTracking,noEvent
6382,3,16,rld,14:27:40.114,18724,0.340,-0.084,0.069,0.000,0.000,activeTracking,noEvent
6382,3,16,rld,14:27:40.166,18725,0.386,-0.084,0.069,0.000,0.000,activeTracking,noEvent
6382,3,16,rld,14:27:40.201,18726,0.429,-0.084,0.069,0.000,0.000,activeTracking,noEvent
6382,3,16,rld,14:27:40.253,18727,0.474,-0.084,0.069,0.000,0.000,activeTracking,noEvent
6382,3,16,rld,14:27:40.299,18728,0.517,-0.084,0.069,0.000,0.000,activeTracking,noEvent
6382,3,16,rld,14:27:40.410,18729,0.597,-0.084,0.069,0.000,0.000,activeTracking,noEvent
6382,3,16,rld,14:27:40.592,18730,0.809,-1.618,0.140,-13.500,0.600,activeTracking,noEvent
6382,3,16,rld,14:27:40.742,18731,0.942,-2.345,0.178,-1.700,0.100,activeTracking,noEvent
6382,3,16,rld,14:27:40.847,18732,1.063,-2.787,0.240,-1.600,0.400,onTarget,noEvent
6382,3,16,rld,14:27:40.945,18733,1.154,-3.035,0.285,-0.800,0.200,activeTracking,noEvent
6382,3,16,rld,14:27:41.017,18734,1.233,-3.156,0.301,-0.300,0.000,activeTracking,noEvent
6382,3,16,rld,14:27:41.084,18735,1.301,-3.209,0.307,-0.100,0.000,activeTracking,noEvent
6382,3,16,rld,14:27:41.134,18736,1.360,-3.227,0.309,0.000,0.000,activeTracking,noEvent
6382,3,16,rld,14:27:41.195,18737,1.421,-3.220,0.297,0.100,-0.100,activeTracking,noEvent
6382,3,16,rld,14:27:41.269,18738,1.496,-3.193,0.281,0.200,-0.100,activeTracking,noEvent
6382,3,16,rld,14:27:41.391,18739,1.599,-2.899,0.226,2.300,-0.400,onTarget,noEvent
6382,3,16,rld,14:27:41.528,18740,1.712,-2.524,0.135,2.300,-0.600,onTarget,noEvent
6382,3,16,rld,14:27:41.598,18741,1.810,-2.365,0.071,0.300,-0.300,onTarget,noEvent
6382,3,16,rld,14:27:41.652,18742,1.876,-2.300,0.049,0.100,0.000,activeTracking,noEvent
6382,3,16,rld,14:27:41.710,18743,1.929,-2.279,0.042,0.000,0.000,activeTracking,noEvent
6382,3,16,rld,14:27:41.746,18744,1.974,-2.272,0.040,0.000,0.000,activeTracking,noEvent
6382,3,16,rld,14:27:41.827,18745,2.049,-2.269,0.039,0.000,0.000,activeTracking,noEvent
6382,3,16,rld,14:27:41.891,18746,2.112,-2.268,0.039,0.000,0.000,activeTracking,noEvent
6382,3,16,rld,14:27:41.944,18747,2.160,-2.268,0.039,0.000,0.000,activeTracking,noEvent
6382,3,16,rld,14:27:42.001,18748,2.222,-2.268,0.039,0.000,0.000,activeTracking,noEvent
6382,3,16,rld,14:27:42.044,18749,2.267,-2.268,0.039,0.000,0.000,activeTracking,noEvent
6382,3,16,rld,14:27:42.117,18750,2.330,-2.280,0.039,-0.100,0.000,activeTracking,noEvent
6382,3,16,rld,14:27:42.179,18751,2.397,-2.308,0.039,-0.200,0.000,activeTracking,noEvent
6382,3,16,rld,14:27:42.250,18752,2.463,-2.341,0.039,-0.200,0.000,activeTracking,noEvent
6382,3,16,rld,14:27:42.294,18753,2.520,-2.364,0.039,-0.100,0.000,onTarget,noEvent
6382,3,16,rld,14:27:42.367,18754,2.590,-2.371,0.039,0.000,0.000,onTarget,noEvent
6382,3,16,rld,14:27:42.426,18755,2.652,-2.374,0.039,0.000,0.000,onTarget,noEvent
6382,3,16,rld,14:27:42.496,18756,2.710,-2.375,0.039,0.000,0.000,onTarget,noEvent
6382,3,16,rld,14:27:42.561,18757,2.777,-2.375,0.039,0.000,0.000,onTarget,noEvent
6382,3,16,rld,14:27:42.627,18758,2.841,-2.375,0.039,0.000,0.000,onTarget,noEvent
6382,3,16,rld,14:27:42.694,18759,2.922,-2.375,0.039,0.000,0.000,onTarget,noEvent
6382,3,16,rld,14:27:42.736,18760,2.961,-2.375,0.039,0.000,0.000,onTarget,noEvent
6382,3,16,rld,14:27:42.786,18761,3.008,-2.375,0.039,0.000,0.000,onTarget,noEvent
6382,3,16,rld,14:27:42.868,18762,3.082,-2.375,0.039,0.000,0.000,onTarget,noEvent
6382,3,16,rld,14:27:42.934,18763,3.134,-2.375,0.039,0.000,0.000,onTarget,noEvent
6382,3,16,rld,14:27:42.994,18764,3.220,-2.375,0.039,0.000,0.000,onTarget,targetClick
6382,3,17,rld,14:27:45.290,18803,3.287,0.000,-0.016,0.000,0.000,waitingForTarget,middleTargetClick
6382,3,17,rld,14:27:45.335,18804,3.338,0.000,-0.016,0.000,0.000,waitingForTarget,noEvent
6382,3,17,rld,14:27:45.370,18805,3.373,0.000,-0.016,0.000,0.000,waitingForTarget,noEvent
6382,3,17,rld,14:27:45.402,18806,3.408,0.000,-0.016,0.000,0.000,waitingForTarget,noEvent
6382,3,17,rld,14:27:45.450,18807,3.454,0.000,-0.016,0.000,0.000,waitingForTarget,noEvent
6382,3,17,rld,14:27:45.484,18808,3.490,0.000,-0.016,0.000,0.000,waitingForTarget,noEvent
6382,3,17,rld,14:27:45.542,18809,3.541,0.000,-0.016,0.000,0.000,waitingForTarget,noEvent
6382,3,17,rld,14:27:45.598,18810,3.604,0.000,-0.016,0.000,0.000,waitingForTarget,noEvent
6382,3,17,rld,14:27:45.646,18811,3.650,0.000,-0.016,0.000,0.000,waitingForTarget,noEvent
6382,3,17,rld,14:27:45.699,18812,3.699,0.000,-0.016,0.000,0.000,waitingForTarget,noEvent
6382,3,17,rld,14:27:45.719,18813,0.024,0.000,-0.016,0.000,0.000,activeTracking,targetAppeared
6382,3,17,rld,14:27:45.765,18814,0.059,0.000,-0.016,0.000,0.000,activeTracking,noEvent
6382,3,17,rld,14:27:45.865,18815,0.171,0.000,-0.016,0.000,0.000,activeTracking,noEvent
6382,3,17,rld,14:27:45.920,18816,0.227,0.000,-0.016,0.000,0.000,activeTracking,noEvent
6382,3,17,rld,14:27:46.056,18817,0.345,0.450,0.030,4.000,0.400,activeTracking,noEvent
6382,3,17,rld,14:27:46.228,18818,0.501,0.963,0.045,3.200,0.000,activeTracking,noEvent
6382,3,17,rld,14:27:46.370,18819,0.618,1.838,0.132,6.100,0.700,activeTracking,noEvent
6382,3,17,rld,14:27:46.460,18820,0.751,2.457,0.234,2.700,0.600,onTarget,noEvent
6382,3,17,rld,14:27:46.518,18821,0.823,2.691,0.269,0.200,0.000,onTarget,noEvent
6382,3,17,rld,14:27:46.560,18822,0.866,2.770,0.281,0.000,0.000,onTarget,noEvent
6382,3,17,rld,14:27:46.615,18823,0.917,2.796,0.285,0.000,0.000,onTarget,noEvent
6382,3,17,rld,14:27:46.679,18824,0.975,2.805,0.286,0.000,0.000,onTarget,noEvent
6382,3,17,rld,14:27:46.749,18825,1.046,2.808,0.287,0.000,0.000,onTarget,noEvent
6382,3,17,rld,14:27:46.810,18826,1.117,2.809,0.287,0.000,0.000,onTarget,noEvent
6382,3,17,rld,14:27:46.933,18827,1.208,2.785,0.287,-0.200,0.000,onTarget,noEvent
6382,3,17,rld,14:27:47.098,18828,1.393,2.463,0.132,-2.600,-1.300,onTarget,noEvent
6382,3,17,rld,14:27:47.168,18829,1.467,2.297,0.023,-0.500,-0.500,activeTracking,noEvent
6382,3,17,rld,14:27:47.244,18830,1.539,2.242,-0.024,0.000,-0.100,activeTracking,noEvent
6382,3,17,rld,14:27:47.284,18831,1.588,2.224,-0.040,0.000,0.000,activeTracking,noEvent
6382,3,17,rld,14:27:47.360,18832,1.661,2.230,-0.045,0.100,0.000,activeTracking,noEvent
6382,3,17,rld,14:27:47.434,18833,1.729,2.255,-0.047,0.200,0.000,activeTracking,noEvent
6382,3,17,rld,14:27:47.518,18834,1.808,2.288,-0.048,0.200,0.000,activeTracking,noEvent
6382,3,17,rld,14:27:47.582,18835,1.886,2.346,-0.071,0.400,-0.200,activeTracking,noEvent
6382,3,17,rld,14:27:47.670,18836,1.972,2.413,-0.079,0.400,0.000,onTarget,noEvent
6382,3,17,rld,14:27:47.769,18837,2.072,2.484,-0.081,0.400,0.000,onTarget,noEvent
6382,3,17,rld,14:27:47.857,18838,2.150,2.531,-0.082,0.200,0.000,onTarget,noEvent
6382,3,17,rld,14:27:47.900,18839,2.200,2.547,-0.082,0.000,0.000,onTarget,noEvent
6382,3,17,rld,14:27:47.951,18840,2.258,2.552,-0.082,0.000,0.000,onTarget,noEvent
6382,3,17,rld,14:27:47.985,18841,2.290,2.554,-0.083,0.000,0.000,onTarget,noEvent
6382,3,17,rld,14:27:48.026,18842,2.329,2.555,-0.083,0.000,0.000,onTarget,noEvent
6382,3,17,rld,14:27:48.082,18843,2.373,2.555,-0.083,0.000,0.000,onTarget,noEvent
6382,3,17,rld,14:27:48.129,18844,2.423,2.555,-0.083,0.000,0.000,onTarget,noEvent
6382,3,17,rld,14:27:48.185,18845,2.479,2.555,-0.083,0.000,0.000,onTarget,noEvent
6382,3,17,rld,14:27:48.243,18846,2.545,2.555,-0.083,0.000,0.000,onTarget,targetClick
6382,3,18,rld,14:27:51.634,18902,2.601,-0.084,-0.151,0.000,0.000,waitingForTarget,middleTargetClick
6382,3,18,rld,14:27:51.685,18903,2.663,-0.084,-0.151,0.000,0.000,waitingForTarget,noEvent
6382,3,18,rld,14:27:51.733,18904,2.708,-0.084,-0.151,0.000,0.000,waitingForTarget,noEvent
6382,3,18,rld,14:27:51.779,18905,2.750,-0.084,-0.151,0.000,0.000,waitingForTarget,noEvent
6382,3,18,rld,14:27:51.840,18906,2.820,-0.084,-0.151,0.000,0.000,waitingForTarget,noEvent
6382,3,18,rld,14:27:51.881,18907,2.862,-0.084,-0.151,0.000,0.000,waitingForTarget,noEvent
6382,3,18,rld,14:27:51.926,18908,2.903,-0.084,-0.151,0.000,0.000,waitingForTarget,noEvent
6382,3,18,rld,14:27:51.959,18909,2.935,-0.084,-0.151,0.000,0.000,waitingForTarget,noEvent
6382,3,18,rld,14:27:52.012,18910,2.985,-0.084,-0.151,0.000,0.000,waitingForTarget,noEvent
6382,3,18,rld,14:27:52.042,18911,3.016,-0.084,-0.151,0.000,0.000,waitingForTarget,noEvent
6382,3,18,rld,14:27:52.099,18912,0.049,-0.084,-0.151,0.000,0.000,activeTracking,targetAppeared
6382,3,18,rld,14:27:52.159,18913,0.120,-0.084,-0.151,0.000,0.000,activeTracking,noEvent
6382,3,18,rld,14:27:52.198,18914,0.158,-0.084,-0.151,0.000,0.000,activeTracking,noEvent
6382,3,18,rld,14:27:52.244,18915,0.208,-0.084,-0.151,0.000,0.000,activeTracking,noEvent
6382,3,18,rld,14:27:52.275,18916,0.240,-0.084,-0.151,0.000,0.000,activeTracking,noEvent
6382,3,18,rld,14:27:52.314,18917,0.280,-0.084,-0.151,0.000,0.000,activeTracking,noEvent
6382,3,18,rld,14:27:52.359,18918,0.316,-0.084,-0.151,0.000,0.000,activeTracking,noEvent
6382,3,18,rld,14:27:52.394,18919,0.354,-0.084,-0.151,0.000,0.000,activeTracking,noEvent
6382,3,18,rld,14:27:52.452,18920,0.417,-0.084,-0.151,0.000,0.000,activeTracking,noEvent
6382,3,18,rld,14:27:52.518,18921,0.471,-0.084,-0.151,0.000,0.000,activeTracking,noEvent
6382,3,18,rld,14:27:52.682,18922,0.630,0.897,-0.060,8.700,0.800,activeTracking,noEvent
6382,3,18,rld,14:27:52.868,18923,0.748,2.003,-0.075,6.700,-0.400,activeTracking,noEvent
6382,3,18,rld,14:27:52.981,18924,0.900,2.573,-0.092,1.600,-0.100,onTarget,noEvent
6382,3,18,rld,14:27:53.044,18925,0.998,2.840,-0.097,0.600,0.000,onTarget,noEvent
6382,3,18,rld,14:27:53.153,18926,1.100,3.028,-0.087,0.800,0.100,onTarget,noEvent
6382,3,18,rld,14:27:53.236,18927,1.194,3.154,-0.084,0.500,0.000,activeTracking,noEvent
6382,3,18,rld,14:27:53.280,18928,1.246,3.208,-0.083,0.100,0.000,activeTracking,noEvent
6382,3,18,rld,14:27:53.342,18929,1.307,3.226,-0.082,0.000,0.000,activeTracking,noEvent
6382,3,18,rld,14:27:53.409,18930,1.371,3.208,-0.082,-0.200,0.000,activeTracking,noEvent
6382,3,18,rld,14:27:53.478,18931,1.433,3.189,-0.082,-0.100,0.000,activeTracking,noEvent
6382,3,18,rld,14:27:53.599,18932,1.555,2.960,-0.082,-1.800,0.000,onTarget,noEvent
6382,3,18,rld,14:27:53.716,18933,1.668,2.762,-0.094,-1.000,-0.100,onTarget,noEvent
6382,3,18,rld,14:27:53.777,18934,1.725,2.660,-0.098,-0.300,0.000,onTarget,noEvent
6382,3,18,rld,14:27:53.847,18935,1.806,2.614,-0.099,-0.100,0.000,onTarget,noEvent
6382,3,18,rld,14:27:53.891,18936,1.849,2.599,-0.100,0.000,0.000,onTarget,noEvent
6382,3,18,rld,14:27:53.957,18937,1.914,2.594,-0.100,0.000,0.000,onTarget,noEvent
6382,3,18,rld,14:27:54.002,18938,1.968,2.592,-0.100,0.000,0.000,onTarget,noEvent
6382,3,18,rld,14:27:54.045,18939,2.011,2.591,-0.100,0.000,0.000,onTarget,noEvent
6382,3,18,rld,14:27:54.090,18940,2.048,2.591,-0.100,0.000,0.000,onTarget,noEvent
6382,3,18,rld,14:27:54.130,18941,2.085,2.591,-0.100,0.000,0.000,onTarget,noEvent
6382,3,18,rld,14:27:54.180,18942,2.133,2.591,-0.100,0.000,0.000,onTarget,noEvent
6382,3,18,rld,14:27:54.220,18943,2.182,2.591,-0.100,0.000,0.000,onTarget,noEvent
6382,3,18,rld,14:27:54.294,18944,2.249,2.591,-0.100,0.000,0.000,onTarget,targetClick
6382,3,19,rld,14:27:57.591,18996,2.314,-0.068,-0.016,0.000,0.000,waitingForTarget,middleTargetClick
6382,3,19,rld,14:27:57.630,18997,2.357,-0.068,-0.016,0.000,0.000,waitingForTarget,noEvent
6382,3,19,rld,14:27:57.689,18998,2.414,-0.068,-0.016,0.000,0.000,waitingForTarget,noEvent
6382,3,19,rld,14:27:57.727,18999,2.456,-0.068,-0.016,0.000,0.000,waitingForTarget,noEvent
6382,3,19,rld,14:27:57.802,19000,2.529,-0.068,-0.016,0.000,0.000,waitingForTarget,noEvent
6382,3,19,rld,14:27:57.860,19001,2.594,-0.068,-0.016,0.000,0.000,waitingForTarget,noEvent
6382,3,19,rld,14:27:57.901,19002,2.636,-0.068,-0.016,0.000,0.000,waitingForTarget,noEvent
6382,3,19,rld,14:27:57.940,19003,2.673,-0.068,-0.016,0.000,0.000,waitingForTarget,noEvent
6382,3,19,rld,14:27:57.980,19004,2.707,-0.068,-0.016,0.000,0.000,waitingForTarget,noEvent
6382,3,19,rld,14:27:58.029,19005,2.749,-0.068,-0.016,0.000,0.000,waitingForTarget,noEvent
6382,3,19,rld,14:27:58.066,19006,0.051,-0.068,-0.016,0.000,0.000,activeTracking,targetAppeared
6382,3,19,rld,14:27:58.126,19007,0.105,-0.068,-0.016,0.000,0.000,activeTracking,noEvent
6382,3,19,rld,14:27:58.158,19008,0.138,-0.068,-0.016,0.000,0.000,activeTracking,noEvent
6382,3,19,rld,14:27:58.198,19009,0.183,-0.068,-0.016,0.000,0.000,activeTracking,noEvent
6382,3,19,rld,14:27:58.245,19010,0.224,-0.068,-0.016,0.000,0.000,activeTracking,noEvent
6382,3,19,rld,14:27:58.283,19011,0.265,-0.068,-0.016,0.000,0.000,activeTracking,noEvent
6382,3,19,rld,14:27:58.340,19012,0.316,-0.068,-0.016,0.000,0.000,activeTracking,noEvent
6382,3,19,rld,14:27:58.410,19013,0.385,-0.068,-0.016,0.000,0.000,activeTracking,noEvent
6382,3,19,rld,14:27:58.602,19014,0.563,0.586,-0.049,5.800,-0.300,activeTracking,noEvent
6382,3,19,rld,14:27:58.752,19015,0.719,1.455,-0.037,5.700,0.200,activeTracking,noEvent
6382,3,19,rld,14:27:58.883,19016,0.849,2.100,0.002,3.000,0.300,activeTracking,noEvent
6382,3,19,rld,14:27:59.006,19017,0.986,2.450,0.050,1.100,0.300,onTarget,noEvent
6382,3,19,rld,14:27:59.069,19018,1.049,2.640,0.067,0.600,0.000,onTarget,noEvent
6382,3,19,rld,14:27:59.133,19019,1.116,2.729,0.073,0.200,0.000,onTarget,noEvent
6382,3,19,rld,14:27:59.194,19020,1.177,2.758,0.075,0.000,0.000,onTarget,noEvent
6382,3,19,rld,14:27:59.243,19021,1.228,2.768,0.075,0.000,0.000,onTarget,noEvent
6382,3,19,rld,14:27:59.289,19022,1.270,2.759,0.075,-0.100,0.000,onTarget,noEvent
6382,3,19,rld,14:27:59.382,19023,1.368,2.720,0.075,-0.300,0.000,onTarget,noEvent
6382,3,19,rld,14:27:59.481,19024,1.451,2.586,0.075,-1.000,0.000,onTarget,noEvent
6382,3,19,rld,14:27:59.534,19025,1.516,2.493,0.074,-0.400,0.000,onTarget,noEvent
6382,3,19,rld,14:27:59.611,19026,1.588,2.450,0.063,-0.100,-0.100,onTarget,noEvent
6382,3,19,rld,14:27:59.652,19027,1.637,2.424,0.047,-0.100,-0.100,onTarget,noEvent
6382,3,19,rld,14:27:59.692,19028,1.677,2.415,0.042,0.000,0.000,onTarget,noEvent
6382,3,19,rld,14:27:59.732,19029,1.716,2.412,0.040,0.000,0.000,onTarget,noEvent
6382,3,19,rld,14:27:59.779,19030,1.756,2.411,0.039,0.000,0.000,onTarget,noEvent
6382,3,19,rld,14:27:59.860,19031,1.835,2.411,0.039,0.000,0.000,onTarget,noEvent
6382,3,19,rld,14:27:59.911,19032,1.890,2.411,0.039,0.000,0.000,onTarget,targetClick
6382,3,20,rld,14:28:04.166,19100,1.948,0.017,0.136,0.000,0.000,waitingForTarget,middleTargetClick
6382,3,20,rld,14:28:04.215,19101,2.006,0.017,0.136,0.000,0.000,waitingForTarget,noEvent
6382,3,20,rld,14:28:04.251,19102,2.043,0.017,0.136,0.000,0.000,waitingForTarget,noEvent
6382,3,20,rld,14:28:04.309,19103,2.097,0.017,0.136,0.000,0.000,waitingForTarget,noEvent
6382,3,20,rld,14:28:04.344,19104,2.136,0.017,0.136,0.000,0.000,waitingForTarget,noEvent
6382,3,20,rld,14:28:04.396,19105,2.190,0.017,0.136,0.000,0.000,waitingForTarget,noEvent
6382,3,20,rld,14:28:04.444,19106,2.228,0.017,0.136,0.000,0.000,waitingForTarget,noEvent
6382,3,20,rld,14:28:04.480,19107,2.272,0.017,0.136,0.000,0.000,waitingForTarget,noEvent
6382,3,20,rld,14:28:04.523,19108,2.315,0.017,0.136,0.000,0.000,waitingForTarget,noEvent
6382,3,20,rld,14:28:04.564,19109,2.357,0.017,0.136,0.000,0.000,waitingForTarget,noEvent
6382,3,20,rld,14:28:04.609,19110,0.033,0.017,0.136,0.000,0.000,activeTracking,targetAppeared
6382,3,20,rld,14:28:04.660,19111,0.084,0.017,0.136,0.000,0.000,activeTracking,noEvent
6382,3,20,rld,14:28:04.707,19112,0.140,0.017,0.136,0.000,0.000,activeTracking,noEvent
6382,3,20,rld,14:28:04.762,19113,0.189,0.017,0.136,0.000,0.000,activeTracking,noEvent
6382,3,20,rld,14:28:04.801,19114,0.239,0.017,0.136,0.000,0.000,activeTracking,noEvent
6382,3,20,rld,14:28:04.866,19115,0.298,0.017,0.136,0.000,0.000,activeTracking,noEvent
6382,3,20,rld,14:28:04.880,19116,0.318,0.017,0.136,0.000,0.000,activeTracking,noEvent
6382,3,20,rld,14:28:04.948,19117,0.373,0.017,0.136,0.000,0.000,activeTracking,noEvent
6382,3,20,rld,14:28:05.010,19118,0.438,0.017,0.136,0.000,0.000,activeTracking,noEvent
6382,3,20,rld,14:28:05.082,19119,0.488,0.017,0.136,0.000,0.000,activeTracking,noEvent
6382,3,20,rld,14:28:05.324,19120,0.739,1.607,0.140,14.000,0.000,activeTracking,noEvent
6382,3,20,rld,14:28:05.392,19121,0.818,2.270,0.120,1.000,-0.200,activeTracking,noEvent
6382,3,20,rld,14:28:05.482,19122,0.901,2.532,0.102,0.300,-0.100,onTarget,noEvent
6382,3,20,rld,14:28:05.561,19123,0.988,2.680,0.096,0.500,0.000,onTarget,noEvent
6382,3,20,rld,14:28:05.630,19124,1.059,2.754,0.082,0.200,-0.100,onTarget,noEvent
6382,3,20,rld,14:28:05.710,19125,1.135,2.791,0.066,0.100,-0.100,onTarget,noEvent
6382,3,20,rld,14:28:05.762,19126,1.199,2.803,0.061,0.000,0.000,onTarget,noEvent
6382,3,20,rld,14:28:05.798,19127,1.236,2.807,0.059,0.000,0.000,onTarget,noEvent
6382,3,20,rld,14:28:05.961,19128,1.371,2.772,0.035,-0.300,-0.200,onTarget,noEvent
6382,3,20,rld,14:28:06.041,19129,1.468,2.712,0.015,-0.400,-0.100,onTarget,noEvent
6382,3,20,rld,14:28:06.084,19130,1.518,2.692,0.008,0.000,0.000,onTarget,noEvent
6382,3,20,rld,14:28:06.142,19131,1.568,2.685,0.006,0.000,0.000,onTarget,noEvent
6382,3,20,rld,14:28:06.192,19132,1.625,2.671,0.005,-0.100,0.000,onTarget,noEvent
6382,3,20,rld,14:28:06.244,19133,1.670,2.666,0.005,0.000,0.000,onTarget,noEvent
6382,3,20,rld,14:28:06.282,19134,1.710,2.664,0.005,0.000,0.000,onTarget,noEvent
6382,3,20,rld,14:28:06.325,19135,1.748,2.664,0.005,0.000,0.000,onTarget,noEvent
6382,3,20,rld,14:28:06.372,19136,1.791,2.664,0.005,0.000,0.000,onTarget,noEvent
6382,3,20,rld,14:28:06.436,19137,1.869,2.664,0.005,0.000,0.000,onTarget,targetClick
6382,3,21,rld,14:28:09.876,19192,1.952,-0.135,0.001,0.000,0.000,waitingForTarget,middleTargetClick
6382,3,21,rld,14:28:09.911,19193,1.996,-0.135,0.001,0.000,0.000,waitingForTarget,noEvent
6382,3,21,rld,14:28:09.950,19194,2.030,-0.135,0.001,0.000,0.000,waitingForTarget,noEvent
6382,3,21,rld,14:28:09.980,19195,2.066,-0.135,0.001,0.000,0.000,waitingForTarget,noEvent
6382,3,21,rld,14:28:10.034,19196,2.109,-0.135,0.001,0.000,0.000,waitingForTarget,noEvent
6382,3,21,rld,14:28:10.095,19197,2.181,-0.135,0.001,0.000,0.000,waitingForTarget,noEvent
6382,3,21,rld,14:28:10.145,19198,2.230,-0.135,0.001,0.000,0.000,waitingForTarget,noEvent
6382,3,21,rld,14:28:10.185,19199,2.267,-0.135,0.001,0.000,0.000,waitingForTarget,noEvent
6382,3,21,rld,14:28:10.227,19200,2.307,-0.135,0.001,0.000,0.000,waitingForTarget,noEvent
6382,3,21,rld,14:28:10.261,19201,2.340,-0.135,0.001,0.000,0.000,waitingForTarget,noEvent
6382,3,21,rld,14:28:10.301,19202,2.387,-0.135,0.001,0.000,0.000,waitingForTarget,noEvent
6382,3,21,rld,14:28:10.347,19203,0.043,-0.135,0.001,0.000,0.000,activeTracking,targetAppeared
6382,3,21,rld,14:28:10.379,19204,0.078,-0.135,0.001,0.000,0.000,activeTracking,noEvent
6382,3,21,rld,14:28:10.423,19205,0.119,-0.135,0.001,0.000,0.000,activeTracking,noEvent
6382,3,21,rld,14:28:10.484,19206,0.179,-0.135,0.001,0.000,0.000,activeTracking,noEvent
6382,3,21,rld,14:28:10.531,19207,0.231,-0.135,0.001,0.000,0.000,activeTracking,noEvent
6382,3,21,rld,14:28:10.591,19208,0.281,-0.135,0.001,0.000,0.000,activeTracking,noEvent
6382,3,21,rld,14:28:10.631,19209,0.320,-0.135,0.001,0.000,0.000,activeTracking,noEvent
6382,3,21,rld,14:28:10.662,19210,0.351,-0.135,0.001,0.000,0.000,activeTracking,noEvent
6382,3,21,rld,14:28:10.739,19211,0.435,-0.135,0.001,0.000,0.000,activeTracking,noEvent
6382,3,21,rld,14:28:10.947,19212,0.623,1.153,0.217,11.400,1.900,activeTracking,noEvent
6382,3,21,rld,14:28:11.100,19213,0.779,2.067,0.318,4.100,0.200,activeTracking,noEvent
6382,3,21,rld,14:28:11.205,19214,0.893,2.607,0.344,1.900,-0.100,activeTracking,noEvent
6382,3,21,rld,14:28:11.326,19215,1.003,3.036,0.345,2.000,-0.100,activeTracking,noEvent
6382,3,21,rld,14:28:11.418,19216,1.094,3.281,0.335,0.800,-0.100,activeTracking,noEvent
6382,3,21,rld,14:28:11.472,19217,1.166,3.376,0.308,0.100,-0.200,activeTracking,noEvent
6382,3,21,rld,14:28:11.540,19218,1.228,3.408,0.287,0.000,-0.100,activeTracking,noEvent
6382,3,21,rld,14:28:11.660,19219,1.318,3.293,0.195,-1.000,-0.700,activeTracking,noEvent
6382,3,21,rld,14:28:11.716,19220,1.403,3.217,0.117,-0.300,-0.400,activeTracking,noEvent
6382,3,21,rld,14:28:11.867,19221,1.548,3.117,-0.182,-0.600,-2.300,activeTracking,noEvent
6382,3,21,rld,14:28:11.941,19222,1.625,3.059,-0.328,-0.200,-0.400,activeTracking,noEvent
6382,3,21,rld,14:28:12.009,19223,1.701,3.015,-0.376,-0.200,0.000,activeTracking,noEvent
6382,3,21,rld,14:28:12.068,19224,1.752,3.001,-0.392,0.000,0.000,activeTracking,noEvent
6382,3,21,rld,14:28:12.135,19225,1.833,3.008,-0.374,0.100,0.200,activeTracking,noEvent
6382,3,21,rld,14:28:12.191,19226,1.878,3.023,-0.357,0.100,0.100,activeTracking,noEvent
6382,3,21,rld,14:28:12.240,19227,1.936,3.040,-0.351,0.100,0.000,activeTracking,noEvent
6382,3,21,rld,14:28:12.288,19228,1.983,3.046,-0.349,0.000,0.000,activeTracking,noEvent
6382,3,21,rld,14:28:12.317,19229,2.015,3.048,-0.348,0.000,0.000,activeTracking,noEvent
6382,3,21,rld,14:28:12.377,19230,2.065,3.049,-0.348,0.000,0.000,activeTracking,noEvent
6382,3,21,rld,14:28:12.422,19231,2.119,3.049,-0.348,0.000,0.000,activeTracking,noEvent
6382,3,21,rld,14:28:12.462,19232,2.149,3.049,-0.348,0.000,0.000,activeTracking,noEvent
6382,3,21,rld,14:28:12.508,19233,2.192,3.049,-0.348,0.000,0.000,activeTracking,noEvent
6382,3,21,rld,14:28:12.561,19234,2.247,3.049,-0.348,0.000,0.000,activeTracking,noEvent
6382,3,21,rld,14:28:12.610,19235,2.298,3.049,-0.348,0.000,0.000,activeTracking,noEvent
6382,3,21,rld,14:28:12.663,19236,2.353,3.049,-0.348,0.000,0.000,activeTracking,noEvent
6382,3,21,rld,14:28:12.792,19237,2.482,2.901,-0.276,-1.200,0.600,onTarget,noEvent
6382,3,21,rld,14:28:12.891,19238,2.566,2.730,-0.217,-1.000,0.300,onTarget,noEvent
6382,3,21,rld,14:28:12.952,19239,2.643,2.662,-0.197,-0.100,0.000,onTarget,noEvent
6382,3,21,rld,14:28:13.011,19240,2.703,2.639,-0.191,0.000,0.000,onTarget,noEvent
6382,3,21,rld,14:28:13.060,19241,2.751,2.631,-0.189,0.000,0.000,onTarget,noEvent
6382,3,21,rld,14:28:13.098,19242,2.792,2.629,-0.188,0.000,0.000,onTarget,noEvent
6382,3,21,rld,14:28:13.180,19243,2.867,2.628,-0.188,0.000,0.000,onTarget,noEvent
6382,3,21,rld,14:28:13.258,19244,2.941,2.627,-0.176,0.000,0.100,onTarget,noEvent
6382,3,21,rld,14:28:13.317,19245,3.002,2.627,-0.172,0.000,0.000,onTarget,noEvent
6382,3,21,rld,14:28:13.375,19246,3.068,2.639,-0.171,0.100,0.000,onTarget,noEvent
6382,3,21,rld,14:28:13.441,19247,3.132,2.656,-0.170,0.100,0.000,onTarget,noEvent
6382,3,21,rld,14:28:13.511,19248,3.201,2.673,-0.170,0.100,0.000,onTarget,noEvent
6382,3,21,rld,14:28:13.551,19249,3.250,2.679,-0.170,0.000,0.000,onTarget,noEvent
6382,3,21,rld,14:28:13.598,19250,3.295,2.681,-0.170,0.000,0.000,onTarget,noEvent
6382,3,21,rld,14:28:13.644,19251,3.343,2.681,-0.170,0.000,0.000,onTarget,noEvent
6382,3,21,rld,14:28:13.741,19252,3.426,2.682,-0.170,0.000,0.000,onTarget,targetClick
6382,3,22,rld,14:28:17.181,19307,3.489,0.169,-0.066,0.000,0.000,waitingForTarget,middleTargetClick
6382,3,22,rld,14:28:17.227,19308,3.539,0.169,-0.066,0.000,0.000,waitingForTarget,noEvent
6382,3,22,rld,14:28:17.296,19309,3.613,0.169,-0.066,0.000,0.000,waitingForTarget,noEvent
6382,3,22,rld,14:28:17.342,19310,3.663,0.169,-0.066,0.000,0.000,waitingForTarget,noEvent
6382,3,22,rld,14:28:17.378,19311,3.700,0.169,-0.066,0.000,0.000,waitingForTarget,noEvent
6382,3,22,rld,14:28:17.422,19312,3.745,0.169,-0.066,0.000,0.000,waitingForTarget,noEvent
6382,3,22,rld,14:28:17.474,19313,3.786,0.169,-0.066,0.000,0.000,waitingForTarget,noEvent
6382,3,22,rld,14:28:17.517,19314,3.827,0.169,-0.066,0.000,0.000,waitingForTarget,noEvent
6382,3,22,rld,14:28:17.563,19315,3.876,0.169,-0.066,0.000,0.000,waitingForTarget,noEvent
6382,3,22,rld,14:28:17.597,19316,3.916,0.169,-0.066,0.000,0.000,waitingForTarget,noEvent
6382,3,22,rld,14:28:17.659,19317,0.051,0.169,-0.066,0.000,0.000,activeTracking,targetAppeared
6382,3,22,rld,14:28:17.707,19318,0.108,0.169,-0.066,0.000,0.000,activeTracking,noEvent
6382,3,22,rld,14:28:17.751,19319,0.149,0.169,-0.066,0.000,0.000,activeTracking,noEvent
6382,3,22,rld,14:28:17.843,19320,0.237,0.169,-0.066,0.000,0.000,activeTracking,noEvent
6382,3,22,rld,14:28:17.947,19321,0.343,0.665,-0.089,4.400,-0.200,activeTracking,noEvent
6382,3,22,rld,14:28:18.014,19322,0.408,1.081,-0.164,2.200,-0.600,activeTracking,noEvent
6382,3,22,rld,14:28:18.079,19323,0.480,1.220,-0.201,0.000,-0.100,activeTracking,noEvent
6382,3,22,rld,14:28:18.214,19324,0.587,0.123,-0.201,-10.100,0.100,activeTracking,noEvent
6382,3,22,rld,14:28:18.380,19325,0.756,-1.054,-0.009,-7.200,1.700,activeTracking,noEvent
6382,3,22,rld,14:28:18.560,19326,0.919,-2.033,0.218,-5.000,1.400,activeTracking,noEvent
6382,3,22,rld,14:28:18.713,19327,1.081,-3.397,0.571,-8.400,2.200,activeTracking,noEvent
6382,3,22,rld,14:28:18.778,19328,1.184,-4.049,0.728,-1.300,0.200,activeTracking,noEvent
6382,3,22,rld,14:28:18.861,19329,1.258,-4.286,0.783,-0.100,0.000,activeTracking,noEvent
6382,3,22,rld,14:28:18.911,19330,1.311,-4.367,0.802,0.000,0.000,activeTracking,noEvent
6382,3,22,rld,14:28:18.982,19331,1.387,-4.366,0.807,0.200,0.000,activeTracking,noEvent
6382,3,22,rld,14:28:19.031,19332,1.438,-4.339,0.808,0.200,0.000,activeTracking,noEvent
6382,3,22,rld,14:28:19.129,19333,1.519,-4.249,0.780,0.600,-0.200,activeTracking,noEvent
6382,3,22,rld,14:28:19.277,19334,1.660,-3.954,0.641,2.000,-1.000,activeTracking,noEvent
6382,3,22,rld,14:28:19.348,19335,1.747,-3.663,0.481,1.500,-0.900,activeTracking,noEvent
6382,3,22,rld,14:28:19.458,19336,1.852,-3.516,0.380,0.400,-0.400,activeTracking,noEvent
6382,3,22,rld,14:28:19.508,19337,1.909,-3.455,0.311,0.100,-0.300,activeTracking,noEvent
6382,3,22,rld,14:28:19.572,19338,1.975,-3.435,0.276,0.000,-0.100,activeTracking,noEvent
6382,3,22,rld,14:28:19.618,19339,2.024,-3.428,0.264,0.000,0.000,activeTracking,noEvent
6382,3,22,rld,14:28:19.680,19340,2.077,-3.425,0.248,0.000,-0.100,activeTracking,noEvent
6382,3,22,rld,14:28:19.746,19341,2.134,-3.425,0.243,0.000,0.000,activeTracking,noEvent
6382,3,22,rld,14:28:19.796,19342,2.198,-3.424,0.229,0.000,-0.100,activeTracking,noEvent
6382,3,22,rld,14:28:19.866,19343,2.266,-3.424,0.225,0.000,0.000,activeTracking,noEvent
6382,3,22,rld,14:28:19.922,19344,2.310,-3.412,0.211,0.100,-0.100,activeTracking,noEvent
6382,3,22,rld,14:28:19.980,19345,2.380,-3.395,0.206,0.100,0.000,activeTracking,noEvent
6382,3,22,rld,14:28:20.105,19346,2.459,-3.351,0.193,0.300,-0.100,activeTracking,noEvent
6382,3,22,rld,14:28:20.299,19347,2.676,-3.087,0.115,2.000,-0.600,activeTracking,noEvent
6382,3,22,rld,14:28:20.381,19348,2.775,-2.938,0.065,0.500,-0.200,onTarget,noEvent
6382,3,22,rld,14:28:20.462,19349,2.867,-2.864,0.049,0.200,0.000,onTarget,noEvent
6382,3,22,rld,14:28:20.530,19350,2.916,-2.840,0.043,0.000,0.000,onTarget,noEvent
6382,3,22,rld,14:28:20.580,19351,2.983,-2.820,0.030,0.100,-0.100,onTarget,noEvent
6382,3,22,rld,14:28:20.663,19352,3.060,-2.801,0.014,0.100,-0.100,onTarget,noEvent
6382,3,22,rld,14:28:20.741,19353,3.139,-2.782,0.008,0.100,0.000,onTarget,noEvent
6382,3,22,rld,14:28:20.797,19354,3.200,-2.776,0.006,0.000,0.000,onTarget,noEvent
6382,3,22,rld,14:28:20.872,19355,3.270,-2.774,0.006,0.000,0.000,onTarget,noEvent
6382,3,22,rld,14:28:20.924,19356,3.331,-2.773,0.005,0.000,0.000,onTarget,noEvent
6382,3,22,rld,14:28:20.975,19357,3.381,-2.773,0.005,0.000,0.000,onTarget,noEvent
6382,3,22,rld,14:28:20.998,19358,3.401,-2.773,0.005,0.000,0.000,onTarget,noEvent
6382,3,22,rld,14:28:21.091,19359,3.474,-2.773,0.005,0.000,0.000,onTarget,noEvent
6382,3,22,rld,14:28:21.179,19360,3.575,-2.773,0.005,0.000,0.000,onTarget,targetClick
6382,3,23,rld,14:28:23.788,19400,3.631,-0.068,-0.032,0.000,0.000,waitingForTarget,middleTargetClick
6382,3,23,rld,14:28:23.846,19401,3.696,-0.068,-0.032,0.000,0.000,waitingForTarget,noEvent
6382,3,23,rld,14:28:23.896,19402,3.738,-0.068,-0.032,0.000,0.000,waitingForTarget,noEvent
6382,3,23,rld,14:28:23.939,19403,3.784,-0.068,-0.032,0.000,0.000,waitingForTarget,noEvent
6382,3,23,rld,14:28:23.991,19404,3.840,-0.068,-0.032,0.000,0.000,waitingForTarget,noEvent
6382,3,23,rld,14:28:24.043,19405,3.896,-0.068,-0.032,0.000,0.000,waitingForTarget,noEvent
6382,3,23,rld,14:28:24.078,19406,3.928,-0.068,-0.032,0.000,0.000,waitingForTarget,noEvent
6382,3,23,rld,14:28:24.128,19407,3.969,-0.068,-0.032,0.000,0.000,waitingForTarget,noEvent
6382,3,23,rld,14:28:24.262,19410,0.042,-0.068,-0.032,0.000,0.000,activeTracking,targetAppeared
6382,3,23,rld,14:28:24.309,19411,0.098,-0.068,-0.032,0.000,0.000,activeTracking,noEvent
6382,3,23,rld,14:28:24.361,19412,0.144,-0.068,-0.032,0.000,0.000,activeTracking,noEvent
6382,3,23,rld,14:28:24.407,19413,0.194,-0.068,-0.032,0.000,0.000,activeTracking,noEvent
6382,3,23,rld,14:28:24.458,19414,0.246,-0.068,-0.032,0.000,0.000,activeTracking,noEvent
6382,3,23,rld,14:28:24.509,19415,0.290,-0.068,-0.032,0.000,0.000,activeTracking,noEvent
6382,3,23,rld,14:28:24.578,19416,0.345,-0.068,-0.032,0.000,0.000,activeTracking,noEvent
6382,3,23,rld,14:28:24.771,19417,0.547,1.016,-0.032,9.600,0.000,activeTracking,noEvent
6382,3,23,rld,14:28:24.959,19418,0.731,1.845,-0.066,4.000,-0.300,activeTracking,noEvent
6382,3,23,rld,14:28:25.081,19419,0.877,2.304,-0.088,1.500,-0.100,activeTracking,noEvent
6382,3,23,rld,14:28:25.148,19420,0.939,2.591,-0.108,1.100,-0.100,onTarget,noEvent
6382,3,23,rld,14:28:25.217,19421,0.997,2.724,-0.114,0.300,0.000,onTarget,noEvent
6382,3,23,rld,14:28:25.283,19422,1.079,2.793,-0.116,0.200,0.000,onTarget,noEvent
6382,3,23,rld,14:28:25.333,19423,1.126,2.816,-0.117,0.000,0.000,onTarget,noEvent
6382,3,23,rld,14:28:25.368,19424,1.164,2.824,-0.117,0.000,0.000,onTarget,noEvent
6382,3,23,rld,14:28:25.432,19425,1.217,2.826,-0.118,0.000,0.000,onTarget,noEvent
6382,3,23,rld,14:28:25.487,19426,1.278,2.827,-0.118,0.000,0.000,onTarget,noEvent
6382,3,23,rld,14:28:25.542,19427,1.329,2.828,-0.118,0.000,0.000,onTarget,noEvent
6382,3,23,rld,14:28:25.591,19428,1.377,2.828,-0.118,0.000,0.000,onTarget,noEvent
6382,3,23,rld,14:28:25.649,19429,1.441,2.828,-0.118,0.000,0.000,onTarget,noEvent
6382,3,23,rld,14:28:25.709,19430,1.505,2.815,-0.106,-0.100,0.100,onTarget,noEvent
6382,3,23,rld,14:28:25.759,19431,1.555,2.811,-0.090,0.000,0.100,onTarget,noEvent
6382,3,23,rld,14:28:25.829,19432,1.625,2.810,-0.085,0.000,0.000,onTarget,noEvent
6382,3,23,rld,14:28:25.866,19433,1.659,2.810,-0.083,0.000,0.000,onTarget,noEvent
6382,3,23,rld,14:28:25.901,19434,1.696,2.809,-0.083,0.000,0.000,onTarget,noEvent
6382,3,23,rld,14:28:25.961,19435,1.740,2.809,-0.083,0.000,0.000,onTarget,noEvent
6382,3,23,rld,14:28:26.011,19436,1.797,2.809,-0.082,0.000,0.000,onTarget,noEvent
6382,3,23,rld,14:28:26.082,19437,1.869,2.809,-0.082,0.000,0.000,onTarget,targetClick
6382,3,24,rld,14:28:29.310,19488,1.933,0.135,0.035,0.000,0.000,waitingForTarget,middleTargetClick
6382,3,24,rld,14:28:29.345,19489,1.976,0.135,0.035,0.000,0.000,waitingForTarget,noEvent
6382,3,24,rld,14:28:29.400,19490,2.029,0.135,0.035,0.000,0.000,waitingForTarget,noEvent
6382,3,24,rld,14:28:29.437,19491,2.067,0.135,0.035,0.000,0.000,waitingForTarget,noEvent
6382,3,24,rld,14:28:29.474,19492,2.103,0.135,0.035,0.000,0.000,waitingForTarget,noEvent
6382,3,24,rld,14:28:29.531,19493,2.165,0.135,0.035,0.000,0.000,waitingForTarget,noEvent
6382,3,24,rld,14:28:29.573,19494,2.206,0.135,0.035,0.000,0.000,waitingForTarget,noEvent
6382,3,24,rld,14:28:29.610,19495,2.235,0.135,0.035,0.000,0.000,waitingForTarget,noEvent
6382,3,24,rld,14:28:29.661,19496,2.290,0.135,0.035,0.000,0.000,waitingForTarget,noEvent
6382,3,24,rld,14:28:29.701,19497,2.325,0.135,0.035,0.000,0.000,waitingForTarget,noEvent
6382,3,24,rld,14:28:29.740,19498,2.372,0.135,0.035,0.000,0.000,waitingForTarget,noEvent
6382,3,24,rld,14:28:29.788,19499,0.040,0.135,0.035,0.000,0.000,activeTracking,targetAppeared
6382,3,24,rld,14:28:29.859,19500,0.120,0.135,0.035,0.000,0.000,activeTracking,noEvent
6382,3,24,rld,14:28:29.900,19501,0.152,0.135,0.035,0.000,0.000,activeTracking,noEvent
6382,3,24,rld,14:28:29.939,19502,0.193,0.135,0.035,0.000,0.000,activeTracking,noEvent
6382,3,24,rld,14:28:29.980,19503,0.233,0.135,0.035,0.000,0.000,activeTracking,noEvent
6382,3,24,rld,14:28:30.033,19504,0.284,0.135,0.035,0.000,0.000,activeTracking,noEvent
6382,3,24,rld,14:28:30.079,19505,0.340,0.135,0.035,0.000,0.000,activeTracking,noEvent
6382,3,24,rld,14:28:30.171,19506,0.422,0.236,0.035,0.900,0.000,activeTracking,noEvent
6382,3,24,rld,14:28:30.276,19507,0.513,1.256,0.036,8.700,0.000,activeTracking,noEvent
6382,3,24,rld,14:28:30.455,19508,0.662,2.114,0.038,4.400,0.000,activeTracking,noEvent
6382,3,24,rld,14:28:30.601,19509,0.824,2.623,0.040,1.800,0.000,onTarget,noEvent
6382,3,24,rld,14:28:30.701,19510,0.956,2.967,0.041,1.400,0.000,onTarget,noEvent
6382,3,24,rld,14:28:30.759,19511,1.017,3.121,0.042,0.300,0.000,activeTracking,noEvent
6382,3,24,rld,14:28:30.841,19512,1.091,3.185,0.042,0.100,0.000,activeTracking,noEvent
6382,3,24,rld,14:28:30.891,19513,1.142,3.206,0.042,0.000,0.000,activeTracking,noEvent
6382,3,24,rld,14:28:30.940,19514,1.194,3.213,0.042,0.000,0.000,activeTracking,noEvent
6382,3,24,rld,14:28:30.986,19515,1.246,3.216,0.042,0.000,0.000,activeTracking,noEvent
6382,3,24,rld,14:28:31.078,19516,1.321,3.191,0.054,-0.200,0.100,activeTracking,noEvent
6382,3,24,rld,14:28:31.148,19517,1.405,3.121,0.069,-0.500,0.100,activeTracking,noEvent
6382,3,24,rld,14:28:31.210,19518,1.469,3.061,0.074,-0.300,0.000,activeTracking,noEvent
6382,3,24,rld,14:28:31.280,19519,1.524,3.028,0.088,-0.100,0.100,onTarget,noEvent
6382,3,24,rld,14:28:31.329,19520,1.579,3.017,0.092,0.000,0.000,onTarget,noEvent
6382,3,24,rld,14:28:31.376,19521,1.630,3.014,0.094,0.000,0.000,onTarget,noEvent
6382,3,24,rld,14:28:31.438,19522,1.688,3.012,0.094,0.000,0.000,onTarget,noEvent
6382,3,24,rld,14:28:31.480,19523,1.738,3.012,0.094,0.000,0.000,onTarget,noEvent
6382,3,24,rld,14:28:31.531,19524,1.791,3.012,0.094,0.000,0.000,onTarget,noEvent
6382,3,24,rld,14:28:31.601,19525,1.859,3.012,0.094,0.000,0.000,onTarget,noEvent
6382,3,24,rld,14:28:31.649,19526,1.900,3.012,0.094,0.000,0.000,onTarget,noEvent
6382,3,24,rld,14:28:31.688,19527,1.942,3.012,0.094,0.000,0.000,onTarget,noEvent
6382,3,24,rld,14:28:31.729,19528,1.980,3.012,0.094,0.000,0.000,onTarget,noEvent
6382,3,24,rld,14:28:31.774,19529,2.022,3.012,0.094,0.000,0.000,onTarget,noEvent
6382,3,24,rld,14:28:31.830,19530,2.089,3.012,0.094,0.000,0.000,onTarget,noEvent
6382,3,24,rld,14:28:31.877,19531,2.130,3.012,0.094,0.000,0.000,onTarget,noEvent
6382,3,24,rld,14:28:31.913,19532,2.171,3.012,0.094,0.000,0.000,onTarget,noEvent
6382,3,24,rld,14:28:31.967,19533,2.223,3.012,0.094,0.000,0.000,onTarget,noEvent
6382,3,24,rld,14:28:32.038,19534,2.288,3.012,0.094,0.000,0.000,onTarget,noEvent
6382,3,24,rld,14:28:32.095,19535,2.344,3.012,0.094,0.000,0.000,onTarget,targetClick
6382,3,25,rld,14:28:36.681,19601,2.400,-0.169,-0.083,0.000,0.000,waitingForTarget,middleTargetClick
6382,3,25,rld,14:28:36.732,19602,2.464,-0.169,-0.083,0.000,0.000,waitingForTarget,noEvent
6382,3,25,rld,14:28:36.797,19603,2.527,-0.169,-0.083,0.000,0.000,waitingForTarget,noEvent
6382,3,25,rld,14:28:36.848,19604,2.574,-0.169,-0.083,0.000,0.000,waitingForTarget,noEvent
6382,3,25,rld,14:28:36.880,19605,2.611,-0.169,-0.083,0.000,0.000,waitingForTarget,noEvent
6382,3,25,rld,14:28:36.928,19606,2.659,-0.169,-0.083,0.000,0.000,waitingForTarget,noEvent
6382,3,25,rld,14:28:37.029,19607,2.747,-0.169,-0.083,0.000,0.000,waitingForTarget,noEvent
6382,3,25,rld,14:28:37.096,19608,2.817,-0.169,-0.083,0.000,0.000,waitingForTarget,noEvent
6382,3,25,rld,14:28:37.159,19609,0.062,-0.169,-0.083,0.000,0.000,activeTracking,targetAppeared
6382,3,25,rld,14:28:37.234,19610,0.146,-0.169,-0.083,0.000,0.000,activeTracking,noEvent
6382,3,25,rld,14:28:37.279,19611,0.184,-0.169,-0.083,0.000,0.000,activeTracking,noEvent
6382,3,25,rld,14:28:37.317,19612,0.230,-0.169,-0.083,0.000,0.000,activeTracking,noEvent
6382,3,25,rld,14:28:37.391,19613,0.296,-0.169,-0.083,0.000,0.000,activeTracking,noEvent
6382,3,25,rld,14:28:37.459,19614,0.361,-0.169,-0.083,0.000,0.000,activeTracking,noEvent
6382,3,25,rld,14:28:37.510,19615,0.418,-0.169,-0.083,0.000,0.000,activeTracking,noEvent
6382,3,25,rld,14:28:37.569,19616,0.468,-0.169,-0.083,0.000,0.000,activeTracking,noEvent
6382,3,25,rld,14:28:37.630,19617,0.539,-0.169,-0.072,0.000,0.100,activeTracking,noEvent
6382,3,25,rld,14:28:37.860,19618,0.754,-1.199,0.114,-9.100,1.600,activeTracking,noEvent
6382,3,25,rld,14:28:37.946,19619,0.842,-2.547,0.299,-8.500,1.000,onTarget,noEvent
6382,3,25,rld,14:28:38.004,19620,0.917,-3.052,0.366,-0.300,0.000,activeTracking,noEvent
6382,3,25,rld,14:28:38.096,19621,0.992,-3.262,0.401,-0.300,0.100,activeTracking,noEvent
6382,3,25,rld,14:28:38.158,19622,1.072,-3.383,0.426,-0.400,0.100,activeTracking,noEvent
6382,3,25,rld,14:28:38.224,19623,1.135,-3.461,0.434,-0.300,0.000,activeTracking,noEvent
6382,3,25,rld,14:28:38.327,19624,1.230,-3.500,0.438,-0.100,0.000,activeTracking,noEvent
6382,3,25,rld,14:28:38.380,19625,1.289,-3.513,0.439,0.000,0.000,activeTracking,noEvent
6382,3,25,rld,14:28:38.556,19626,1.444,-3.416,0.413,0.800,-0.200,activeTracking,noEvent
6382,3,25,rld,14:28:38.720,19627,1.580,-2.972,0.198,3.300,-1.700,onTarget,noEvent
6382,3,25,rld,14:28:38.837,19628,1.698,-2.681,0.045,1.200,-0.700,onTarget,noEvent
6382,3,25,rld,14:28:38.914,19629,1.817,-2.525,-0.040,0.500,-0.300,onTarget,noEvent
6382,3,25,rld,14:28:38.979,19630,1.888,-2.449,-0.068,0.200,0.000,onTarget,noEvent
6382,3,25,rld,14:28:39.021,19631,1.937,-2.424,-0.078,0.000,0.000,onTarget,noEvent
6382,3,25,rld,14:28:39.072,19632,1.982,-2.415,-0.081,0.000,0.000,onTarget,noEvent
6382,3,25,rld,14:28:39.115,19633,2.031,-2.412,-0.082,0.000,0.000,onTarget,noEvent
6382,3,25,rld,14:28:39.171,19634,2.080,-2.411,-0.082,0.000,0.000,onTarget,noEvent
6382,3,25,rld,14:28:39.227,19635,2.131,-2.411,-0.083,0.000,0.000,onTarget,noEvent
6382,3,25,rld,14:28:39.278,19636,2.181,-2.411,-0.083,0.000,0.000,onTarget,noEvent
6382,3,25,rld,14:28:39.342,19637,2.245,-2.411,-0.083,0.000,0.000,onTarget,noEvent
6382,3,25,rld,14:28:39.387,19638,2.299,-2.411,-0.083,0.000,0.000,onTarget,noEvent
6382,3,25,rld,14:28:39.465,19639,2.358,-2.423,-0.083,-0.100,0.000,onTarget,noEvent
6382,3,25,rld,14:28:39.540,19640,2.455,-2.463,-0.059,-0.300,0.200,onTarget,noEvent
6382,3,25,rld,14:28:39.598,19641,2.501,-2.500,-0.028,-0.200,0.200,onTarget,noEvent
6382,3,25,rld,14:28:39.646,19642,2.560,-2.525,-0.018,-0.100,0.000,onTarget,noEvent
6382,3,25,rld,14:28:39.695,19643,2.609,-2.533,-0.014,0.000,0.000,onTarget,noEvent
6382,3,25,rld,14:28:39.763,19644,2.669,-2.536,-0.013,0.000,0.000,onTarget,noEvent
6382,3,25,rld,14:28:39.849,19645,2.745,-2.536,-0.013,0.000,0.000,onTarget,noEvent
6382,3,25,rld,14:28:39.912,19646,2.816,-2.537,-0.013,0.000,0.000,onTarget,noEvent
6382,3,25,rld,14:28:39.967,19647,2.867,-2.537,-0.013,0.000,0.000,onTarget,noEvent
6382,3,25,rld,14:28:40.033,19648,2.935,-2.537,-0.013,0.000,0.000,onTarget,noEvent
6382,3,25,rld,14:28:40.081,19649,2.989,-2.537,-0.013,0.000,0.000,onTarget,noEvent
6382,3,25,rld,14:28:40.125,19650,3.029,-2.537,-0.013,0.000,0.000,onTarget,noEvent
6382,3,25,rld,14:28:40.180,19651,3.093,-2.537,-0.013,0.000,0.000,onTarget,noEvent
6382,3,25,rld,14:28:40.247,19652,3.163,-2.537,-0.013,0.000,0.000,onTarget,noEvent
6382,3,25,rld,14:28:40.307,19653,3.213,-2.537,-0.013,0.000,0.000,onTarget,targetClick
6382,3,26,rld,14:28:42.586,19689,3.281,-0.236,0.018,0.000,0.000,waitingForTarget,middleTargetClick
6382,3,26,rld,14:28:42.636,19690,3.330,-0.236,0.018,0.000,0.000,waitingForTarget,noEvent
6382,3,26,rld,14:28:42.678,19691,3.370,-0.236,0.018,0.000,0.000,waitingForTarget,noEvent
6382,3,26,rld,14:28:42.723,19692,3.414,-0.236,0.018,0.000,0.000,waitingForTarget,noEvent
6382,3,26,rld,14:28:42.762,19693,3.451,-0.236,0.018,0.000,0.000,waitingForTarget,noEvent
6382,3,26,rld,14:28:42.827,19694,3.528,-0.236,0.018,0.000,0.000,waitingForTarget,noEvent
6382,3,26,rld,14:28:42.861,19695,3.563,-0.236,0.018,0.000,0.000,waitingForTarget,noEvent
6382,3,26,rld,14:28:42.911,19696,3.604,-0.236,0.018,0.000,0.000,waitingForTarget,noEvent
6382,3,26,rld,14:28:42.962,19697,3.653,-0.236,0.018,0.000,0.000,waitingForTarget,noEvent
6382,3,26,rld,14:28:42.999,19698,3.700,-0.236,0.018,0.000,0.000,waitingForTarget,noEvent
6382,3,26,rld,14:28:43.056,19699,0.045,-0.236,0.018,0.000,0.000,activeTracking,targetAppeared
6382,3,26,rld,14:28:43.107,19700,0.102,-0.236,0.018,0.000,0.000,activeTracking,noEvent
6382,3,26,rld,14:28:43.152,19701,0.149,-0.236,0.018,0.000,0.000,activeTracking,noEvent
6382,3,26,rld,14:28:43.187,19702,0.185,-0.236,0.018,0.000,0.000,activeTracking,noEvent
6382,3,26,rld,14:28:43.232,19703,0.233,-0.236,0.018,0.000,0.000,activeTracking,noEvent
6382,3,26,rld,14:28:43.326,19704,0.310,-0.236,0.018,0.000,0.000,activeTracking,noEvent
6382,3,26,rld,14:28:43.456,19705,0.425,-0.079,-0.016,1.400,-0.300,activeTracking,noEvent
6382,3,26,rld,14:28:43.496,19706,0.497,0.030,-0.038,0.500,-0.100,activeTracking,noEvent
6382,3,26,rld,14:28:43.589,19707,0.569,-0.148,-0.023,-1.900,0.200,activeTracking,noEvent
6382,3,26,rld,14:28:43.778,19708,0.695,-1.386,0.096,-10.400,1.000,activeTracking,noEvent
6382,3,26,rld,14:28:43.929,19709,0.893,-2.041,0.139,-2.000,0.000,activeTracking,noEvent
6382,3,26,rld,14:28:43.998,19710,0.986,-2.394,0.166,-1.100,0.100,onTarget,noEvent
6382,3,26,rld,14:28:44.076,19711,1.065,-2.561,0.175,-0.400,0.000,onTarget,noEvent
6382,3,26,rld,14:28:44.121,19712,1.124,-2.617,0.178,0.000,0.000,onTarget,noEvent
6382,3,26,rld,14:28:44.162,19713,1.161,-2.636,0.179,0.000,0.000,onTarget,noEvent
6382,3,26,rld,14:28:44.209,19714,1.203,-2.642,0.180,0.000,0.000,onTarget,noEvent
6382,3,26,rld,14:28:44.282,19715,1.275,-2.644,0.180,0.000,0.000,onTarget,noEvent
6382,3,26,rld,14:28:44.398,19716,1.358,-2.609,0.180,0.300,0.000,onTarget,noEvent
6382,3,26,rld,14:28:44.510,19717,1.494,-2.465,0.132,1.100,-0.400,onTarget,noEvent
6382,3,26,rld,14:28:44.574,19718,1.567,-2.322,0.070,0.800,-0.400,activeTracking,noEvent
6382,3,26,rld,14:28:44.630,19719,1.628,-2.262,0.049,0.100,0.000,activeTracking,noEvent
6382,3,26,rld,14:28:44.679,19720,1.679,-2.231,0.030,0.100,-0.100,activeTracking,noEvent
6382,3,26,rld,14:28:44.732,19721,1.733,-2.220,0.024,0.000,0.000,activeTracking,noEvent
6382,3,26,rld,14:28:44.789,19722,1.783,-2.216,0.022,0.000,0.000,activeTracking,noEvent
6382,3,26,rld,14:28:44.862,19723,1.853,-2.215,0.022,0.000,0.000,activeTracking,noEvent
6382,3,26,rld,14:28:44.909,19724,1.900,-2.215,0.021,0.000,0.000,activeTracking,noEvent
6382,3,26,rld,14:28:44.965,19725,1.953,-2.215,0.021,0.000,0.000,activeTracking,noEvent
6382,3,26,rld,14:28:45.012,19726,2.002,-2.215,0.021,0.000,0.000,activeTracking,noEvent
6382,3,26,rld,14:28:45.094,19727,2.094,-2.238,0.021,-0.200,0.000,activeTracking,noEvent
6382,3,26,rld,14:28:45.170,19728,2.158,-2.282,0.010,-0.300,-0.100,activeTracking,noEvent
6382,3,26,rld,14:28:45.226,19729,2.227,-2.320,-0.006,-0.200,-0.100,activeTracking,noEvent
6382,3,26,rld,14:28:45.308,19730,2.302,-2.357,-0.022,-0.200,-0.100,onTarget,noEvent
6382,3,26,rld,14:28:45.359,19731,2.358,-2.393,-0.028,-0.200,0.000,onTarget,noEvent
6382,3,26,rld,14:28:45.433,19732,2.426,-2.429,-0.041,-0.200,-0.100,onTarget,noEvent
6382,3,26,rld,14:28:45.469,19733,2.469,-2.441,-0.046,0.000,0.000,onTarget,noEvent
6382,3,26,rld,14:28:45.527,19734,2.523,-2.445,-0.047,0.000,0.000,onTarget,noEvent
6382,3,26,rld,14:28:45.590,19735,2.580,-2.446,-0.048,0.000,0.000,onTarget,noEvent
6382,3,26,rld,14:28:45.638,19736,2.636,-2.447,-0.048,0.000,0.000,onTarget,noEvent
6382,3,26,rld,14:28:45.708,19737,2.700,-2.447,-0.048,0.000,0.000,onTarget,noEvent
6382,3,26,rld,14:28:45.757,19738,2.752,-2.447,-0.048,0.000,0.000,onTarget,noEvent
6382,3,26,rld,14:28:45.842,19739,2.843,-2.447,-0.048,0.000,0.000,onTarget,noEvent
6382,3,26,rld,14:28:45.910,19740,2.900,-2.447,-0.048,0.000,0.000,onTarget,noEvent
6382,3,26,rld,14:28:45.967,19741,2.965,-2.447,-0.048,0.000,0.000,onTarget,noEvent
6382,3,26,rld,14:28:46.011,19742,3.004,-2.447,-0.048,0.000,0.000,onTarget,noEvent
6382,3,26,rld,14:28:46.063,19743,3.052,-2.447,-0.048,0.000,0.000,onTarget,noEvent
6382,3,26,rld,14:28:46.115,19744,3.112,-2.447,-0.048,0.000,0.000,onTarget,noEvent
6382,3,26,rld,14:28:46.161,19745,3.153,-2.447,-0.048,0.000,0.000,onTarget,noEvent
6382,3,26,rld,14:28:46.222,19746,3.204,-2.447,-0.048,0.000,0.000,onTarget,noEvent
6382,3,26,rld,14:28:46.289,19747,3.271,-2.447,-0.048,0.000,0.000,onTarget,noEvent
6382,3,26,rld,14:28:46.350,19748,3.351,-2.447,-0.048,0.000,0.000,onTarget,targetClick
6382,3,27,rld,14:28:49.462,19796,3.416,-0.135,0.119,0.000,0.000,waitingForTarget,middleTargetClick
6382,3,27,rld,14:28:49.499,19797,3.451,-0.135,0.119,0.000,0.000,waitingForTarget,noEvent
6382,3,27,rld,14:28:49.550,19798,3.498,-0.135,0.119,0.000,0.000,waitingForTarget,noEvent
6382,3,27,rld,14:28:49.593,19799,3.538,-0.135,0.119,0.000,0.000,waitingForTarget,noEvent
6382,3,27,rld,14:28:49.649,19800,3.604,-0.135,0.119,0.000,0.000,waitingForTarget,noEvent
6382,3,27,rld,14:28:49.682,19801,3.639,-0.135,0.119,0.000,0.000,waitingForTarget,noEvent
6382,3,27,rld,14:28:49.724,19802,3.679,-0.135,0.119,0.000,0.000,waitingForTarget,noEvent
6382,3,27,rld,14:28:49.772,19803,3.717,-0.135,0.119,0.000,0.000,waitingForTarget,noEvent
6382,3,27,rld,14:28:49.812,19804,3.769,-0.135,0.119,0.000,0.000,waitingForTarget,noEvent
6382,3,27,rld,14:28:49.866,19805,3.823,-0.135,0.119,0.000,0.000,waitingForTarget,noEvent
6382,3,27,rld,14:28:49.911,19806,0.035,-0.135,0.119,0.000,0.000,activeTracking,targetAppeared
6382,3,27,rld,14:28:49.956,19807,0.085,-0.135,0.119,0.000,0.000,activeTracking,noEvent
6382,3,27,rld,14:28:50.006,19808,0.126,-0.135,0.119,0.000,0.000,activeTracking,noEvent
6382,3,27,rld,14:28:50.047,19809,0.166,-0.135,0.119,0.000,0.000,activeTracking,noEvent
6382,3,27,rld,14:28:50.096,19810,0.228,-0.135,0.119,0.000,0.000,activeTracking,noEvent
6382,3,27,rld,14:28:50.141,19811,0.275,-0.135,0.119,0.000,0.000,activeTracking,noEvent
6382,3,27,rld,14:28:50.199,19812,0.333,-0.135,0.119,0.000,0.000,activeTracking,noEvent
6382,3,27,rld,14:28:50.347,19813,0.476,0.079,0.119,1.900,0.000,activeTracking,noEvent
6382,3,27,rld,14:28:50.492,19814,0.611,0.229,0.120,0.700,0.000,activeTracking,noEvent
6382,3,27,rld,14:28:50.614,19815,0.718,-2.176,-0.025,-21.500,-1.300,activeTracking,noEvent
6382,3,27,rld,14:28:50.681,19816,0.808,-3.184,-0.086,-1.300,-0.100,activeTracking,noEvent
6382,3,27,rld,14:28:50.840,19817,0.951,-3.662,-0.119,-1.000,-0.100,activeTracking,noEvent
6382,3,27,rld,14:28:50.999,19818,1.131,-4.154,-0.143,-2.500,-0.100,activeTracking,noEvent
6382,3,27,rld,14:28:51.061,19819,1.188,-4.417,-0.164,-0.700,-0.100,activeTracking,noEvent
6382,3,27,rld,14:28:51.154,19820,1.285,-4.574,-0.171,-0.500,0.000,activeTracking,noEvent
6382,3,27,rld,14:28:51.208,19821,1.338,-4.641,-0.174,-0.100,0.000,activeTracking,noEvent
6382,3,27,rld,14:28:51.244,19822,1.376,-4.663,-0.175,0.000,0.000,activeTracking,noEvent
6382,3,27,rld,14:28:51.294,19823,1.428,-4.671,-0.175,0.000,0.000,activeTracking,noEvent
6382,3,27,rld,14:28:51.340,19824,1.468,-4.673,-0.175,0.000,0.000,activeTracking,noEvent
6382,3,27,rld,14:28:51.395,19825,1.516,-4.674,-0.175,0.000,0.000,activeTracking,noEvent
6382,3,27,rld,14:28:51.523,19826,1.608,-4.661,-0.187,0.100,-0.100,activeTracking,noEvent
6382,3,27,rld,14:28:51.679,19827,1.777,-4.167,-0.239,3.600,-0.400,activeTracking,noEvent
6382,3,27,rld,14:28:51.846,19828,1.961,-3.810,-0.218,1.500,0.300,activeTracking,noEvent
6382,3,27,rld,14:28:51.932,19829,2.053,-3.539,-0.127,1.200,0.700,activeTracking,noEvent
6382,3,27,rld,14:28:52.043,19830,2.167,-3.374,-0.037,0.600,0.500,activeTracking,noEvent
6382,3,27,rld,14:28:52.109,19831,2.241,-3.294,0.016,0.200,0.200,activeTracking,noEvent
6382,3,27,rld,14:28:52.163,19832,2.281,-3.268,0.034,0.000,0.000,activeTracking,noEvent
6382,3,27,rld,14:28:52.229,19833,2.356,-3.259,0.040,0.000,0.000,activeTracking,noEvent
6382,3,27,rld,14:28:52.272,19834,2.397,-3.256,0.041,0.000,0.000,activeTracking,noEvent
6382,3,27,rld,14:28:52.328,19835,2.447,-3.255,0.042,0.000,0.000,activeTracking,noEvent
6382,3,27,rld,14:28:52.377,19836,2.505,-3.254,0.042,0.000,0.000,activeTracking,noEvent
6382,3,27,rld,14:28:52.459,19837,2.584,-3.254,0.042,0.000,0.000,activeTracking,noEvent
6382,3,27,rld,14:28:52.512,19838,2.646,-3.254,0.042,0.000,0.000,activeTracking,noEvent
6382,3,27,rld,14:28:52.560,19839,2.685,-3.254,0.042,0.000,0.000,activeTracking,noEvent
6382,3,27,rld,14:28:52.714,19840,2.810,-3.130,0.030,1.000,-0.100,activeTracking,noEvent
6382,3,27,rld,14:28:52.878,19841,3.000,-2.903,0.014,1.500,-0.100,onTarget,noEvent
6382,3,27,rld,14:28:52.941,19842,3.065,-2.804,0.008,0.200,0.000,onTarget,noEvent
6382,3,27,rld,14:28:52.998,19843,3.127,-2.747,0.006,0.200,0.000,onTarget,noEvent
6382,3,27,rld,14:28:53.078,19844,3.198,-2.715,0.017,0.100,0.100,onTarget,noEvent
6382,3,27,rld,14:28:53.148,19845,3.276,-2.693,0.021,0.100,0.000,onTarget,noEvent
6382,3,27,rld,14:28:53.211,19846,3.342,-2.661,0.022,0.200,0.000,onTarget,noEvent
6382,3,27,rld,14:28:53.275,19847,3.408,-2.651,0.022,0.000,0.000,onTarget,noEvent
6382,3,27,rld,14:28:53.357,19848,3.478,-2.647,0.022,0.000,0.000,onTarget,noEvent
6382,3,27,rld,14:28:53.409,19849,3.533,-2.646,0.022,0.000,0.000,onTarget,noEvent
6382,3,27,rld,14:28:53.460,19850,3.585,-2.646,0.022,0.000,0.000,onTarget,noEvent
6382,3,27,rld,14:28:53.524,19851,3.647,-2.645,0.022,0.000,0.000,onTarget,noEvent
6382,3,27,rld,14:28:53.561,19852,3.690,-2.645,0.022,0.000,0.000,onTarget,noEvent
6382,3,27,rld,14:28:53.613,19853,3.745,-2.645,0.022,0.000,0.000,onTarget,noEvent
6382,3,27,rld,14:28:53.650,19854,3.777,-2.645,0.022,0.000,0.000,onTarget,noEvent
6382,3,27,rld,14:28:53.699,19855,3.826,-2.645,0.022,0.000,0.000,onTarget,noEvent
6382,3,27,rld,14:28:53.732,19856,3.864,-2.645,0.022,0.000,0.000,onTarget,noEvent
6382,3,27,rld,14:28:53.806,19857,3.918,-2.645,0.022,0.000,0.000,onTarget,noEvent
6382,3,27,rld,14:28:53.873,19858,3.996,-2.645,0.022,0.000,0.000,onTarget,targetClick
6382,3,28,rld,14:28:59.142,19942,0.051,-0.219,-0.134,0.000,0.000,activeTracking,targetAppeared
6382,3,28,rld,14:28:59.191,19943,0.114,-0.219,-0.134,0.000,0.000,activeTracking,noEvent
6382,3,28,rld,14:28:59.229,19944,0.150,-0.219,-0.134,0.000,0.000,activeTracking,noEvent
6382,3,28,rld,14:28:59.279,19945,0.198,-0.219,-0.134,0.000,0.000,activeTracking,noEvent
6382,3,28,rld,14:28:59.337,19946,0.250,-0.219,-0.134,0.000,0.000,activeTracking,noEvent
6382,3,28,rld,14:28:59.370,19947,0.286,-0.219,-0.134,0.000,0.000,activeTracking,noEvent
6382,3,28,rld,14:28:59.429,19948,0.333,-0.219,-0.134,0.000,0.000,activeTracking,noEvent
6382,3,28,rld,14:28:59.474,19949,0.393,-0.219,-0.134,0.000,0.000,activeTracking,noEvent
6382,3,28,rld,14:28:59.645,19950,0.548,0.750,0.250,8.600,3.400,activeTracking,noEvent
6382,3,28,rld,14:28:59.729,19951,0.626,1.361,0.484,2.500,0.900,activeTracking,noEvent
6382,3,28,rld,14:28:59.880,19952,0.754,1.729,0.646,1.400,0.700,activeTracking,noEvent
6382,3,28,rld,14:29:00.016,19953,0.913,2.052,0.773,1.700,0.600,activeTracking,noEvent
6382,3,28,rld,14:29:00.090,19954,0.987,2.208,0.829,0.400,0.100,activeTracking,noEvent
6382,3,28,rld,14:29:00.128,19955,1.048,2.284,0.848,0.200,0.000,activeTracking,noEvent
6382,3,28,rld,14:29:00.195,19956,1.106,2.309,0.854,0.000,0.000,activeTracking,noEvent
6382,3,28,rld,14:29:00.275,19957,1.196,2.305,0.798,-0.100,-0.500,activeTracking,noEvent
6382,3,28,rld,14:29:00.348,19958,1.246,2.304,0.744,0.000,-0.300,activeTracking,noEvent
6382,3,28,rld,14:29:00.422,19959,1.343,2.304,0.703,0.000,-0.200,activeTracking,noEvent
6382,3,28,rld,14:29:00.472,19960,1.387,2.304,0.689,0.000,0.000,activeTracking,noEvent
6382,3,28,rld,14:29:00.539,19961,1.445,2.304,0.685,0.000,0.000,activeTracking,noEvent
6382,3,28,rld,14:29:00.595,19962,1.507,2.304,0.683,0.000,0.000,activeTracking,noEvent
6382,3,28,rld,14:29:00.643,19963,1.564,2.304,0.683,0.000,0.000,activeTracking,noEvent
6382,3,28,rld,14:29:00.756,19964,1.645,2.339,0.660,0.300,-0.200,activeTracking,noEvent
6382,3,28,rld,14:29:00.926,19965,1.826,2.567,0.551,1.800,-0.900,activeTracking,noEvent
6382,3,28,rld,14:29:01.033,19966,1.934,2.753,0.469,0.900,-0.400,activeTracking,noEvent
6382,3,28,rld,14:29:01.158,19967,2.080,2.888,0.337,0.600,-0.900,activeTracking,noEvent
6382,3,28,rld,14:29:01.247,19968,2.144,2.958,0.270,0.200,-0.200,activeTracking,noEvent
6382,3,28,rld,14:29:01.326,19969,2.237,3.019,0.212,0.300,-0.300,activeTracking,noEvent
6382,3,28,rld,14:29:01.403,19970,2.323,3.051,0.181,0.100,-0.100,activeTracking,noEvent
6382,3,28,rld,14:29:01.458,19971,2.379,3.062,0.159,0.000,-0.100,activeTracking,noEvent
6382,3,28,rld,14:29:01.526,19972,2.442,3.066,0.140,0.000,-0.100,activeTracking,noEvent
6382,3,28,rld,14:29:01.595,19973,2.514,3.055,0.133,-0.100,0.000,activeTracking,noEvent
6382,3,28,rld,14:29:01.668,19974,2.583,3.038,0.131,-0.100,0.000,onTarget,noEvent
6382,3,28,rld,14:29:01.729,19975,2.638,3.008,0.130,-0.200,0.000,onTarget,noEvent
6382,3,28,rld,14:29:01.828,19976,2.737,2.974,0.130,-0.200,0.000,onTarget,noEvent
6382,3,28,rld,14:29:01.910,19977,2.832,2.938,0.129,-0.200,0.000,onTarget,noEvent
6382,3,28,rld,14:29:01.977,19978,2.888,2.913,0.129,-0.100,0.000,onTarget,noEvent
6382,3,28,rld,14:29:02.031,19979,2.945,2.905,0.129,0.000,0.000,onTarget,noEvent
6382,3,28,rld,14:29:02.092,19980,3.005,2.902,0.141,0.000,0.100,onTarget,noEvent
6382,3,28,rld,14:29:02.158,19981,3.067,2.902,0.145,0.000,0.000,onTarget,noEvent
6382,3,28,rld,14:29:02.210,19982,3.130,2.901,0.146,0.000,0.000,onTarget,noEvent
6382,3,28,rld,14:29:02.262,19983,3.184,2.901,0.147,0.000,0.000,onTarget,noEvent
6382,3,28,rld,14:29:02.331,19984,3.244,2.901,0.147,0.000,0.000,onTarget,noEvent
6382,3,28,rld,14:29:02.395,19985,3.306,2.901,0.147,0.000,0.000,onTarget,noEvent
6382,3,28,rld,14:29:02.480,19986,3.389,2.901,0.147,0.000,0.000,onTarget,noEvent
6382,3,28,rld,14:29:02.545,19987,3.466,2.901,0.147,0.000,0.000,onTarget,noEvent
6382,3,28,rld,14:29:02.609,19988,3.531,2.901,0.147,0.000,0.000,onTarget,noEvent
6382,3,28,rld,14:29:02.710,19989,3.607,2.877,0.135,-0.200,-0.100,onTarget,noEvent
6382,3,28,rld,14:29:02.821,19990,3.702,2.856,0.084,-0.100,-0.400,onTarget,noEvent
6382,3,28,rld,14:29:02.890,19991,3.800,2.837,0.032,-0.100,-0.300,onTarget,noEvent
6382,3,28,rld,14:29:02.957,19992,3.870,2.831,-0.009,0.000,-0.200,onTarget,noEvent
6382,3,28,rld,14:29:03.007,19993,3.922,2.829,-0.023,0.000,0.000,onTarget,noEvent
6382,3,28,rld,14:29:03.055,19994,3.971,2.828,-0.027,0.000,0.000,onTarget,noEvent
6382,3,29,rld,14:29:07.782,20072,0.041,-0.135,0.119,0.000,0.000,activeTracking,targetAppeared
6382,3,29,rld,14:29:07.855,20073,0.120,-0.135,0.119,0.000,0.000,activeTracking,noEvent
6382,3,29,rld,14:29:07.882,20074,0.149,-0.135,0.119,0.000,0.000,activeTracking,noEvent
6382,3,29,rld,14:29:07.945,20075,0.212,-0.135,0.119,0.000,0.000,activeTracking,noEvent
6382,3,29,rld,14:29:07.990,20076,0.248,-0.135,0.119,0.000,0.000,activeTracking,noEvent
6382,3,29,rld,14:29:08.057,20077,0.319,-0.135,0.119,0.000,0.000,activeTracking,noEvent
6382,3,29,rld,14:29:08.112,20078,0.368,-0.135,0.119,0.000,0.000,activeTracking,noEvent
6382,3,29,rld,14:29:08.202,20079,0.452,-0.068,0.142,0.600,0.200,activeTracking,noEvent
6382,3,29,rld,14:29:08.512,20080,0.749,-2.809,-0.051,-23.900,-1.800,onTarget,noEvent
6382,3,29,rld,14:29:08.604,20081,0.857,-4.145,-0.144,-2.600,-0.200,activeTracking,noEvent
6382,3,29,rld,14:29:08.702,20082,0.962,-4.689,-0.178,-0.500,0.000,activeTracking,noEvent
6382,3,29,rld,14:29:08.776,20083,1.042,-4.918,-0.189,-0.300,0.000,activeTracking,noEvent
6382,3,29,rld,14:29:08.886,20084,1.147,-5.124,-0.194,-0.900,0.000,activeTracking,noEvent
6382,3,29,rld,14:29:08.957,20085,1.223,-5.237,-0.195,-0.300,0.000,activeTracking,noEvent
6382,3,29,rld,14:29:09.011,20086,1.279,-5.290,-0.196,-0.100,0.000,activeTracking,noEvent
6382,3,29,rld,14:29:09.074,20087,1.342,-5.293,-0.196,0.100,0.000,activeTracking,noEvent
6382,3,29,rld,14:29:09.157,20088,1.400,-5.250,-0.196,0.300,0.000,activeTracking,noEvent
6382,3,29,rld,14:29:09.292,20089,1.544,-4.779,-0.119,3.200,0.600,activeTracking,noEvent
6382,3,29,rld,14:29:09.469,20090,1.650,-4.151,-0.008,3.500,0.700,activeTracking,noEvent
6382,3,29,rld,14:29:09.561,20091,1.811,-3.586,0.110,2.800,0.700,activeTracking,noEvent
6382,3,29,rld,14:29:09.636,20092,1.896,-3.364,0.148,0.300,0.000,activeTracking,noEvent
6382,3,29,rld,14:29:09.724,20093,1.986,-3.203,0.160,0.700,0.000,activeTracking,noEvent
6382,3,29,rld,14:29:09.852,20094,2.117,-3.075,0.175,0.600,0.100,activeTracking,noEvent
6382,3,29,rld,14:29:09.921,20095,2.171,-2.996,0.192,0.300,0.100,onTarget,noEvent
6382,3,29,rld,14:29:10.010,20096,2.277,-2.908,0.197,0.500,0.000,onTarget,noEvent
6382,3,29,rld,14:29:10.070,20097,2.331,-2.854,0.198,0.200,0.000,onTarget,noEvent
6382,3,29,rld,14:29:10.127,20098,2.392,-2.837,0.199,0.000,0.000,onTarget,noEvent
6382,3,29,rld,14:29:10.170,20099,2.436,-2.831,0.199,0.000,0.000,onTarget,noEvent
6382,3,29,rld,14:29:10.219,20100,2.486,-2.829,0.199,0.000,0.000,onTarget,noEvent
6382,3,29,rld,14:29:10.268,20101,2.531,-2.828,0.199,0.000,0.000,onTarget,noEvent
6382,3,29,rld,14:29:10.329,20102,2.581,-2.828,0.199,0.000,0.000,onTarget,noEvent
6382,3,29,rld,14:29:10.397,20103,2.664,-2.816,0.199,0.100,0.000,onTarget,noEvent
6382,3,29,rld,14:29:10.525,20104,2.780,-2.775,0.152,0.300,-0.400,onTarget,noEvent
6382,3,29,rld,14:29:10.593,20105,2.850,-2.761,0.113,0.000,-0.200,onTarget,noEvent
6382,3,29,rld,14:29:10.655,20106,2.913,-2.757,0.088,0.000,-0.100,onTarget,noEvent
6382,3,29,rld,14:29:10.707,20107,2.967,-2.755,0.080,0.000,0.000,onTarget,noEvent
6382,3,29,rld,14:29:10.777,20108,3.036,-2.755,0.077,0.000,0.000,onTarget,noEvent
6382,3,29,rld,14:29:10.870,20109,3.126,-2.755,0.076,0.000,0.000,onTarget,noEvent
6382,3,29,rld,14:29:10.914,20110,3.182,-2.755,0.076,0.000,0.000,onTarget,noEvent
6382,3,29,rld,14:29:10.980,20111,3.232,-2.755,0.076,0.000,0.000,onTarget,noEvent
6382,3,29,rld,14:29:11.047,20112,3.313,-2.742,0.075,0.100,0.000,onTarget,noEvent
6382,3,29,rld,14:29:11.104,20113,3.366,-2.738,0.075,0.000,0.000,onTarget,noEvent
6382,3,29,rld,14:29:11.160,20114,3.418,-2.737,0.075,0.000,0.000,onTarget,noEvent
6382,3,29,rld,14:29:11.212,20115,3.470,-2.737,0.075,0.000,0.000,onTarget,noEvent
6382,3,29,rld,14:29:11.258,20116,3.513,-2.736,0.075,0.000,0.000,onTarget,noEvent
6382,3,29,rld,14:29:11.318,20117,3.576,-2.736,0.075,0.000,0.000,onTarget,noEvent
6382,3,29,rld,14:29:11.371,20118,3.630,-2.736,0.075,0.000,0.000,onTarget,noEvent
6382,3,29,rld,14:29:11.453,20119,3.719,-2.736,0.075,0.000,0.000,onTarget,targetClick
6382,3,30,rld,14:29:15.330,20176,3.795,-0.051,-0.016,0.000,0.000,waitingForTarget,middleTargetClick
6382,3,30,rld,14:29:15.372,20177,3.842,-0.051,-0.016,0.000,0.000,waitingForTarget,noEvent
6382,3,30,rld,14:29:15.425,20178,3.887,-0.051,-0.016,0.000,0.000,waitingForTarget,noEvent
6382,3,30,rld,14:29:15.480,20179,3.938,-0.051,-0.016,0.000,0.000,waitingForTarget,noEvent
6382,3,30,rld,14:29:15.529,20180,3.984,-0.051,-0.016,0.000,0.000,waitingForTarget,noEvent
6382,3,30,rld,14:29:15.811,20185,0.067,-0.051,-0.016,0.000,0.000,activeTracking,targetAppeared
6382,3,30,rld,14:29:15.877,20186,0.129,-0.051,-0.016,0.000,0.000,activeTracking,noEvent
6382,3,30,rld,14:29:15.911,20187,0.164,-0.051,-0.016,0.000,0.000,activeTracking,noEvent
6382,3,30,rld,14:29:15.954,20188,0.206,-0.051,-0.016,0.000,0.000,activeTracking,noEvent
6382,3,30,rld,14:29:15.998,20189,0.246,-0.051,-0.016,0.000,0.000,activeTracking,noEvent
6382,3,30,rld,14:29:16.044,20190,0.286,-0.051,-0.016,0.000,0.000,activeTracking,noEvent
6382,3,30,rld,14:29:16.099,20191,0.339,-0.051,-0.016,0.000,0.000,activeTracking,noEvent
6382,3,30,rld,14:29:16.221,20192,0.406,-0.051,-0.016,0.000,0.000,activeTracking,noEvent
6382,3,30,rld,14:29:16.375,20193,0.620,1.445,0.065,13.200,0.700,activeTracking,noEvent
6382,3,30,rld,14:29:16.529,20194,0.738,2.144,0.094,1.600,0.000,activeTracking,noEvent
6382,3,30,rld,14:29:16.651,20195,0.879,2.730,0.106,2.900,0.000,onTarget,noEvent
6382,3,30,rld,14:29:16.723,20196,0.967,3.028,0.111,0.800,0.000,onTarget,noEvent
6382,3,30,rld,14:29:16.780,20197,1.033,3.166,0.113,0.300,0.000,activeTracking,noEvent
6382,3,30,rld,14:29:16.863,20198,1.108,3.212,0.113,0.000,0.000,activeTracking,noEvent
6382,3,30,rld,14:29:16.907,20199,1.153,3.228,0.113,0.000,0.000,activeTracking,noEvent
6382,3,30,rld,14:29:16.998,20200,1.233,3.233,0.102,0.000,-0.100,activeTracking,noEvent
6382,3,30,rld,14:29:17.080,20201,1.314,3.235,0.086,0.000,-0.100,activeTracking,noEvent
6382,3,30,rld,14:29:17.159,20202,1.403,3.210,0.057,-0.200,-0.200,activeTracking,noEvent
6382,3,30,rld,14:29:17.280,20203,1.529,3.041,-0.048,-1.300,-0.800,onTarget,noEvent
6382,3,30,rld,14:29:17.369,20204,1.616,2.898,-0.118,-0.700,-0.300,onTarget,noEvent
6382,3,30,rld,14:29:17.429,20205,1.683,2.827,-0.141,-0.200,0.000,onTarget,noEvent
6382,3,30,rld,14:29:17.482,20206,1.728,2.803,-0.149,0.000,0.000,onTarget,noEvent
6382,3,30,rld,14:29:17.546,20207,1.783,2.795,-0.151,0.000,0.000,onTarget,noEvent
6382,3,30,rld,14:29:17.591,20208,1.835,2.780,-0.141,-0.100,0.100,onTarget,noEvent
6382,3,30,rld,14:29:17.661,20209,1.912,2.763,-0.114,-0.100,0.200,onTarget,noEvent
6382,3,30,rld,14:29:17.706,20210,1.956,2.757,-0.093,0.000,0.100,onTarget,noEvent
6382,3,30,rld,14:29:17.759,20211,2.004,2.756,-0.086,0.000,0.000,onTarget,noEvent
6382,3,30,rld,14:29:17.839,20212,2.092,2.755,-0.060,0.000,0.200,onTarget,noEvent
6382,3,30,rld,14:29:17.879,20213,2.133,2.755,-0.052,0.000,0.000,onTarget,noEvent
6382,3,30,rld,14:29:17.919,20214,2.174,2.755,-0.049,0.000,0.000,onTarget,noEvent
6382,3,30,rld,14:29:17.956,20215,2.205,2.755,-0.048,0.000,0.000,onTarget,noEvent
6382,3,30,rld,14:29:18.007,20216,2.250,2.755,-0.048,0.000,0.000,onTarget,noEvent
6382,3,30,rld,14:29:18.059,20217,2.299,2.755,-0.047,0.000,0.000,onTarget,noEvent
6382,3,30,rld,14:29:18.105,20218,2.353,2.755,-0.047,0.000,0.000,onTarget,noEvent
6382,3,30,rld,14:29:18.168,20219,2.413,2.755,-0.047,0.000,0.000,onTarget,targetClick
6382,3,31,rld,14:29:22.091,20282,2.550,-0.388,0.001,0.000,0.000,waitingForTarget,middleTargetClick
6382,3,31,rld,14:29:22.130,20283,2.596,-0.388,0.001,0.000,0.000,waitingForTarget,noEvent
6382,3,31,rld,14:29:22.243,20284,2.710,-0.388,0.001,0.000,0.000,waitingForTarget,noEvent
6382,3,31,rld,14:29:22.303,20285,2.767,-0.388,0.001,0.000,0.000,waitingForTarget,noEvent
6382,3,31,rld,14:29:22.364,20286,2.827,-0.388,0.001,0.000,0.000,waitingForTarget,noEvent
6382,3,31,rld,14:29:22.407,20287,2.874,-0.388,0.001,0.000,0.000,waitingForTarget,noEvent
6382,3,31,rld,14:29:22.472,20288,2.912,-0.388,0.001,0.000,0.000,waitingForTarget,noEvent
6382,3,31,rld,14:29:22.520,20289,2.988,-0.388,0.001,0.000,0.000,waitingForTarget,noEvent
6382,3,31,rld,14:29:22.563,20290,0.042,-0.388,0.001,0.000,0.000,activeTracking,targetAppeared
6382,3,31,rld,14:29:22.620,20291,0.090,-0.388,0.001,0.000,0.000,activeTracking,noEvent
6382,3,31,rld,14:29:22.641,20292,0.121,-0.388,0.001,0.000,0.000,activeTracking,noEvent
6382,3,31,rld,14:29:22.725,20293,0.203,-0.388,0.001,0.000,0.000,activeTracking,noEvent
6382,3,31,rld,14:29:22.777,20294,0.245,-0.388,0.001,0.000,0.000,activeTracking,noEvent
6382,3,31,rld,14:29:22.854,20295,0.322,-0.388,0.001,0.000,0.000,activeTracking,noEvent
6382,3,31,rld,14:29:22.895,20296,0.373,-0.388,0.001,0.000,0.000,activeTracking,noEvent
6382,3,31,rld,14:29:23.060,20297,0.528,0.174,0.114,5.000,1.000,activeTracking,noEvent
6382,3,31,rld,14:29:23.259,20298,0.691,1.246,0.267,7.800,1.000,activeTracking,noEvent
6382,3,31,rld,14:29:23.408,20299,0.831,2.029,0.415,3.600,0.800,activeTracking,noEvent
6382,3,31,rld,14:29:23.521,20300,0.986,2.438,0.515,1.200,0.400,activeTracking,noEvent
6382,3,31,rld,14:29:23.578,20301,1.042,2.600,0.549,0.200,0.000,activeTracking,noEvent
6382,3,31,rld,14:29:23.619,20302,1.093,2.667,0.561,0.100,0.000,activeTracking,noEvent
6382,3,31,rld,14:29:23.697,20303,1.174,2.689,0.565,0.000,0.000,activeTracking,noEvent
6382,3,31,rld,14:29:23.759,20304,1.229,2.696,0.566,0.000,0.000,activeTracking,noEvent
6382,3,31,rld,14:29:23.838,20305,1.308,2.699,0.567,0.000,0.000,activeTracking,noEvent
6382,3,31,rld,14:29:23.919,20306,1.390,2.700,0.555,0.000,-0.100,activeTracking,noEvent
6382,3,31,rld,14:29:24.014,20307,1.461,2.676,0.504,-0.200,-0.400,activeTracking,noEvent
6382,3,31,rld,14:29:24.071,20308,1.543,2.643,0.440,-0.200,-0.400,activeTracking,noEvent
6382,3,31,rld,14:29:24.134,20309,1.600,2.633,0.407,0.000,-0.100,activeTracking,noEvent
6382,3,31,rld,14:29:24.198,20310,1.672,2.629,0.361,0.000,-0.300,activeTracking,noEvent
6382,3,31,rld,14:29:24.242,20311,1.720,2.628,0.345,0.000,0.000,activeTracking,noEvent
6382,3,31,rld,14:29:24.296,20312,1.772,2.627,0.340,0.000,0.000,onTarget,noEvent
6382,3,31,rld,14:29:24.354,20313,1.828,2.627,0.338,0.000,0.000,onTarget,noEvent
6382,3,31,rld,14:29:24.409,20314,1.888,2.627,0.338,0.000,0.000,onTarget,noEvent
6382,3,31,rld,14:29:24.481,20315,1.945,2.627,0.326,0.000,-0.100,onTarget,noEvent
6382,3,31,rld,14:29:24.539,20316,2.017,2.639,0.322,0.100,0.000,onTarget,noEvent
6382,3,31,rld,14:29:24.591,20317,2.062,2.643,0.321,0.000,0.000,onTarget,noEvent
6382,3,31,rld,14:29:24.641,20318,2.110,2.669,0.321,0.200,0.000,onTarget,noEvent
6382,3,31,rld,14:29:24.734,20319,2.194,2.690,0.297,0.100,-0.200,onTarget,noEvent
6382,3,31,rld,14:29:24.828,20320,2.296,2.709,0.266,0.100,-0.200,onTarget,noEvent
6382,3,31,rld,14:29:24.891,20321,2.370,2.715,0.233,0.000,-0.200,onTarget,noEvent
6382,3,31,rld,14:29:24.942,20322,2.412,2.717,0.210,0.000,-0.100,onTarget,noEvent
6382,3,31,rld,14:29:24.997,20323,2.475,2.730,0.190,0.100,-0.100,onTarget,noEvent
6382,3,31,rld,14:29:25.037,20324,2.512,2.734,0.184,0.000,0.000,onTarget,noEvent
6382,3,31,rld,14:29:25.089,20325,2.561,2.736,0.182,0.000,0.000,onTarget,noEvent
6382,3,31,rld,14:29:25.144,20326,2.624,2.736,0.181,0.000,0.000,onTarget,noEvent
6382,3,31,rld,14:29:25.204,20327,2.669,2.736,0.181,0.000,0.000,onTarget,noEvent
6382,3,31,rld,14:29:25.246,20328,2.725,2.736,0.181,0.000,0.000,onTarget,noEvent
6382,3,31,rld,14:29:25.313,20329,2.779,2.736,0.181,0.000,0.000,onTarget,noEvent
6382,3,31,rld,14:29:25.363,20330,2.839,2.736,0.181,0.000,0.000,onTarget,noEvent
6382,3,31,rld,14:29:25.411,20331,2.879,2.736,0.181,0.000,0.000,onTarget,noEvent
6382,3,31,rld,14:29:25.470,20332,2.938,2.736,0.181,0.000,0.000,onTarget,noEvent
6382,3,31,rld,14:29:25.515,20333,2.992,2.736,0.181,0.000,0.000,onTarget,noEvent
6382,3,31,rld,14:29:25.578,20334,3.044,2.736,0.181,0.000,0.000,onTarget,noEvent
6382,3,31,rld,14:29:25.660,20335,3.121,2.724,0.181,-0.100,0.000,onTarget,noEvent
6382,3,31,rld,14:29:25.724,20336,3.191,2.708,0.216,-0.100,0.300,onTarget,noEvent
6382,3,31,rld,14:29:25.760,20337,3.236,2.703,0.227,0.000,0.000,onTarget,noEvent
6382,3,31,rld,14:29:25.809,20338,3.285,2.701,0.231,0.000,0.000,onTarget,noEvent
6382,3,31,rld,14:29:25.855,20339,3.334,2.700,0.232,0.000,0.000,onTarget,noEvent
6382,3,31,rld,14:29:25.904,20340,3.379,2.700,0.233,0.000,0.000,onTarget,noEvent
6382,3,31,rld,14:29:25.952,20341,3.413,2.700,0.233,0.000,0.000,onTarget,noEvent
6382,3,31,rld,14:29:25.973,20342,3.451,2.700,0.233,0.000,0.000,onTarget,noEvent
6382,3,31,rld,14:29:26.031,20343,3.503,2.700,0.233,0.000,0.000,onTarget,noEvent
6382,3,31,rld,14:29:26.119,20344,3.579,2.700,0.233,0.000,0.000,onTarget,targetClick
6382,3,32,rld,14:29:30.867,20420,3.636,-0.186,0.069,0.000,0.000,waitingForTarget,middleTargetClick
6382,3,32,rld,14:29:30.908,20421,3.687,-0.186,0.069,0.000,0.000,waitingForTarget,noEvent
6382,3,32,rld,14:29:30.954,20422,3.722,-0.186,0.069,0.000,0.000,waitingForTarget,noEvent
6382,3,32,rld,14:29:31.005,20423,3.777,-0.186,0.069,0.000,0.000,waitingForTarget,noEvent
6382,3,32,rld,14:29:31.051,20424,3.829,-0.186,0.069,0.000,0.000,waitingForTarget,noEvent
6382,3,32,rld,14:29:31.081,20425,3.861,-0.186,0.069,0.000,0.000,waitingForTarget,noEvent
6382,3,32,rld,14:29:31.138,20426,3.910,-0.186,0.069,0.000,0.000,waitingForTarget,noEvent
6382,3,32,rld,14:29:31.180,20427,3.943,-0.186,0.069,0.000,0.000,waitingForTarget,noEvent
6382,3,32,rld,14:29:31.338,20430,0.046,-0.186,0.069,0.000,0.000,activeTracking,targetAppeared
6382,3,32,rld,14:29:31.388,20431,0.103,-0.186,0.069,0.000,0.000,activeTracking,noEvent
6382,3,32,rld,14:29:31.430,20432,0.145,-0.186,0.069,0.000,0.000,activeTracking,noEvent
6382,3,32,rld,14:29:31.481,20433,0.195,-0.186,0.069,0.000,0.000,activeTracking,noEvent
6382,3,32,rld,14:29:31.514,20434,0.235,-0.186,0.069,0.000,0.000,activeTracking,noEvent
6382,3,32,rld,14:29:31.557,20435,0.274,-0.186,0.069,0.000,0.000,activeTracking,noEvent
6382,3,32,rld,14:29:31.608,20436,0.320,-0.186,0.069,0.000,0.000,activeTracking,noEvent
6382,3,32,rld,14:29:31.658,20437,0.366,-0.186,0.069,0.000,0.000,activeTracking,noEvent
6382,3,32,rld,14:29:31.704,20438,0.419,-0.186,0.069,0.000,0.000,activeTracking,noEvent
6382,3,32,rld,14:29:31.741,20439,0.461,-0.186,0.069,0.000,0.000,activeTracking,noEvent
6382,3,32,rld,14:29:31.792,20440,0.502,-0.186,0.069,0.000,0.000,activeTracking,noEvent
6382,3,32,rld,14:29:31.842,20441,0.553,-0.186,0.069,0.000,0.000,activeTracking,noEvent
6382,3,32,rld,14:29:31.880,20442,0.595,-0.186,0.069,0.000,0.000,activeTracking,noEvent
6382,3,32,rld,14:29:31.925,20443,0.645,-0.186,0.069,0.000,0.000,activeTracking,noEvent
6382,3,32,rld,14:29:31.971,20444,0.683,-0.186,0.069,0.000,0.000,activeTracking,noEvent
6382,3,32,rld,14:29:32.012,20445,0.726,-0.186,0.069,0.000,0.000,activeTracking,noEvent
6382,3,32,rld,14:29:32.060,20446,0.767,-0.186,0.069,0.000,0.000,activeTracking,noEvent
6382,3,32,rld,14:29:32.110,20447,0.815,-0.186,0.069,0.000,0.000,activeTracking,noEvent
6382,3,32,rld,14:29:32.156,20448,0.876,-0.186,0.069,0.000,0.000,activeTracking,noEvent
6382,3,32,rld,14:29:32.362,20449,1.053,-0.806,0.013,-5.500,-0.500,activeTracking,noEvent
6382,3,32,rld,14:29:32.459,20450,1.155,-1.369,0.006,-3.100,0.100,activeTracking,noEvent
6382,3,32,rld,14:29:32.517,20451,1.236,-1.593,0.004,-0.300,0.000,activeTracking,noEvent
6382,3,32,rld,14:29:32.601,20452,1.303,-1.725,0.003,-0.500,0.000,activeTracking,noEvent
6382,3,32,rld,14:29:32.680,20453,1.394,-1.851,0.026,-0.700,0.200,activeTracking,noEvent
6382,3,32,rld,14:29:32.735,20454,1.452,-1.905,0.045,-0.100,0.100,activeTracking,noEvent
6382,3,32,rld,14:29:32.791,20455,1.499,-1.923,0.052,0.000,0.000,activeTracking,noEvent
6382,3,32,rld,14:29:32.847,20456,1.567,-1.929,0.054,0.000,0.000,activeTracking,noEvent
6382,3,32,rld,14:29:32.905,20457,1.626,-1.908,0.054,0.200,0.000,activeTracking,noEvent
6382,3,32,rld,14:29:32.974,20458,1.693,-1.901,0.055,0.000,0.000,activeTracking,noEvent
6382,3,32,rld,14:29:33.041,20459,1.763,-1.898,0.055,0.000,0.000,activeTracking,noEvent
6382,3,32,rld,14:29:33.141,20460,1.816,-1.898,0.055,0.000,0.000,activeTracking,noEvent
6382,3,32,rld,14:29:33.293,20461,2.002,-2.038,0.009,-1.200,-0.400,activeTracking,noEvent
6382,3,32,rld,14:29:33.371,20462,2.084,-2.167,-0.006,-0.700,0.000,activeTracking,noEvent
6382,3,32,rld,14:29:33.451,20463,2.153,-2.258,-0.011,-0.400,0.000,activeTracking,noEvent
6382,3,32,rld,14:29:33.537,20464,2.244,-2.324,-0.024,-0.300,-0.100,activeTracking,noEvent
6382,3,32,rld,14:29:33.585,20465,2.304,-2.370,-0.028,-0.200,0.000,onTarget,noEvent
6382,3,32,rld,14:29:33.647,20466,2.364,-2.397,-0.030,-0.100,0.000,onTarget,noEvent
6382,3,32,rld,14:29:33.699,20467,2.416,-2.406,-0.030,0.000,0.000,onTarget,noEvent
6382,3,32,rld,14:29:33.740,20468,2.456,-2.409,-0.030,0.000,0.000,onTarget,noEvent
6382,3,32,rld,14:29:33.809,20469,2.529,-2.410,-0.030,0.000,0.000,onTarget,noEvent
6382,3,32,rld,14:29:33.875,20470,2.585,-2.411,-0.030,0.000,0.000,onTarget,noEvent
6382,3,32,rld,14:29:33.943,20471,2.663,-2.399,-0.030,0.100,0.000,onTarget,noEvent
6382,3,32,rld,14:29:33.988,20472,2.703,-2.395,-0.030,0.000,0.000,onTarget,noEvent
6382,3,32,rld,14:29:34.059,20473,2.772,-2.382,-0.042,0.100,-0.100,onTarget,noEvent
6382,3,32,rld,14:29:34.130,20474,2.832,-2.365,-0.046,0.100,0.000,onTarget,noEvent
6382,3,32,rld,14:29:34.203,20475,2.913,-2.336,-0.047,0.200,0.000,activeTracking,noEvent
6382,3,32,rld,14:29:34.275,20476,2.985,-2.315,-0.048,0.100,0.000,activeTracking,noEvent
6382,3,32,rld,14:29:34.339,20477,3.051,-2.307,-0.025,0.000,0.200,activeTracking,noEvent
6382,3,32,rld,14:29:34.404,20478,3.115,-2.305,-0.006,0.000,0.100,activeTracking,noEvent
6382,3,32,rld,14:29:34.464,20479,3.171,-2.304,0.001,0.000,0.000,activeTracking,noEvent
6382,3,32,rld,14:29:34.547,20480,3.261,-2.316,0.026,-0.100,0.200,activeTracking,noEvent
6382,3,32,rld,14:29:34.611,20481,3.328,-2.332,0.035,-0.100,0.000,activeTracking,noEvent
6382,3,32,rld,14:29:34.675,20482,3.395,-2.349,0.038,-0.100,0.000,onTarget,noEvent
6382,3,32,rld,14:29:34.739,20483,3.449,-2.366,0.039,-0.100,0.000,onTarget,noEvent
6382,3,32,rld,14:29:34.811,20484,3.515,-2.384,0.039,-0.100,0.000,onTarget,noEvent
6382,3,32,rld,14:29:34.901,20485,3.619,-2.414,0.028,-0.200,-0.100,onTarget,noEvent
6382,3,32,rld,14:29:34.993,20486,3.700,-2.448,0.001,-0.200,-0.200,onTarget,noEvent
6382,3,32,rld,14:29:35.055,20487,3.765,-2.471,-0.008,-0.100,0.000,onTarget,noEvent
6382,3,32,rld,14:29:35.091,20488,3.813,-2.479,-0.011,0.000,0.000,onTarget,noEvent
6382,3,32,rld,14:29:35.154,20489,3.871,-2.482,-0.012,0.000,0.000,onTarget,noEvent
6382,3,32,rld,14:29:35.210,20490,3.920,-2.482,-0.013,0.000,0.000,onTarget,noEvent
6382,3,32,rld,14:29:35.254,20491,3.971,-2.483,-0.013,0.000,0.000,onTarget,noEvent
6382,3,33,rld,14:29:38.864,20557,0.047,0.152,-0.016,0.000,0.000,activeTracking,targetAppeared
6382,3,33,rld,14:29:38.911,20558,0.094,0.152,-0.016,0.000,0.000,activeTracking,noEvent
6382,3,33,rld,14:29:38.959,20559,0.141,0.152,-0.016,0.000,0.000,activeTracking,noEvent
6382,3,33,rld,14:29:38.994,20560,0.185,0.152,-0.016,0.000,0.000,activeTracking,noEvent
6382,3,33,rld,14:29:39.049,20561,0.232,0.152,-0.016,0.000,0.000,activeTracking,noEvent
6382,3,33,rld,14:29:39.078,20562,0.272,0.152,-0.016,0.000,0.000,activeTracking,noEvent
6382,3,33,rld,14:29:39.130,20563,0.317,0.152,-0.016,0.000,0.000,activeTracking,noEvent
6382,3,33,rld,14:29:39.170,20564,0.363,0.152,-0.016,0.000,0.000,activeTracking,noEvent
6382,3,33,rld,14:29:39.238,20565,0.417,0.152,-0.016,0.000,0.000,activeTracking,noEvent
6382,3,33,rld,14:29:39.303,20566,0.473,0.152,-0.016,0.000,0.000,activeTracking,noEvent
6382,3,33,rld,14:29:39.472,20567,0.647,1.480,-0.151,11.700,-1.200,activeTracking,noEvent
6382,3,33,rld,14:29:39.529,20568,0.720,1.967,-0.198,0.300,0.000,activeTracking,noEvent
6382,3,33,rld,14:29:39.661,20569,0.825,2.274,-0.214,1.200,0.000,activeTracking,noEvent
6382,3,33,rld,14:29:39.790,20570,0.937,2.605,-0.220,1.900,0.000,onTarget,noEvent
6382,3,33,rld,14:29:39.845,20571,1.026,2.778,-0.222,0.500,0.000,onTarget,noEvent
6382,3,33,rld,14:29:39.902,20572,1.090,2.848,-0.223,0.100,0.000,onTarget,noEvent
6382,3,33,rld,14:29:39.954,20573,1.146,2.871,-0.211,0.000,0.100,onTarget,noEvent
6382,3,33,rld,14:29:40.020,20574,1.209,2.879,-0.184,0.000,0.200,onTarget,noEvent
6382,3,33,rld,14:29:40.075,20575,1.256,2.881,-0.163,0.000,0.100,onTarget,noEvent
6382,3,33,rld,14:29:40.138,20576,1.319,2.882,-0.145,0.000,0.100,onTarget,noEvent
6382,3,33,rld,14:29:40.192,20577,1.383,2.883,-0.115,0.000,0.200,onTarget,noEvent
6382,3,33,rld,14:29:40.246,20578,1.437,2.883,-0.093,0.000,0.100,onTarget,noEvent
6382,3,33,rld,14:29:40.319,20579,1.501,2.883,-0.063,0.000,0.200,onTarget,noEvent
6382,3,33,rld,14:29:40.406,20580,1.593,2.785,0.006,-0.800,0.500,onTarget,noEvent
6382,3,33,rld,14:29:40.472,20581,1.656,2.728,0.041,-0.200,0.100,onTarget,noEvent
6382,3,33,rld,14:29:40.524,20582,1.707,2.697,0.052,-0.100,0.000,onTarget,noEvent
6382,3,33,rld,14:29:40.559,20583,1.750,2.687,0.056,0.000,0.000,onTarget,noEvent
6382,3,33,rld,14:29:40.613,20584,1.805,2.683,0.057,0.000,0.000,onTarget,noEvent
6382,3,33,rld,14:29:40.661,20585,1.855,2.682,0.057,0.000,0.000,onTarget,noEvent
6382,3,33,rld,14:29:40.717,20586,1.901,2.682,0.058,0.000,0.000,onTarget,noEvent
6382,3,33,rld,14:29:40.754,20587,1.947,2.682,0.058,0.000,0.000,onTarget,noEvent
6382,3,33,rld,14:29:40.795,20588,1.988,2.682,0.058,0.000,0.000,onTarget,noEvent
6382,3,33,rld,14:29:40.854,20589,2.036,2.682,0.058,0.000,0.000,onTarget,noEvent
6382,3,33,rld,14:29:40.905,20590,2.087,2.682,0.058,0.000,0.000,onTarget,noEvent
6382,3,33,rld,14:29:40.946,20591,2.137,2.682,0.058,0.000,0.000,onTarget,noEvent
6382,3,33,rld,14:29:41.007,20592,2.199,2.682,0.058,0.000,0.000,onTarget,targetClick
6382,3,34,rld,14:29:46.151,20668,2.260,0.017,0.153,0.000,0.000,waitingForTarget,middleTargetClick
6382,3,34,rld,14:29:46.193,20669,2.314,0.017,0.153,0.000,0.000,waitingForTarget,noEvent
6382,3,34,rld,14:29:46.287,20670,2.402,0.017,0.153,0.000,0.000,waitingForTarget,noEvent
6382,3,34,rld,14:29:46.344,20671,2.454,0.017,0.153,0.000,0.000,waitingForTarget,noEvent
6382,3,34,rld,14:29:46.385,20672,2.507,0.017,0.153,0.000,0.000,waitingForTarget,noEvent
6382,3,34,rld,14:29:46.442,20673,2.550,0.017,0.153,0.000,0.000,waitingForTarget,noEvent
6382,3,34,rld,14:29:46.490,20674,2.601,0.017,0.153,0.000,0.000,waitingForTarget,noEvent
6382,3,34,rld,14:29:46.543,20675,2.651,0.017,0.153,0.000,0.000,waitingForTarget,noEvent
6382,3,34,rld,14:29:46.594,20676,2.702,0.017,0.153,0.000,0.000,waitingForTarget,noEvent
6382,3,34,rld,14:29:46.642,20677,0.060,0.017,0.153,0.000,0.000,activeTracking,targetAppeared
6382,3,34,rld,14:29:46.689,20678,0.106,0.017,0.153,0.000,0.000,activeTracking,noEvent
6382,3,34,rld,14:29:46.744,20679,0.161,0.017,0.153,0.000,0.000,activeTracking,noEvent
6382,3,34,rld,14:29:46.796,20680,0.201,0.017,0.153,0.000,0.000,activeTracking,noEvent
6382,3,34,rld,14:29:46.848,20681,0.263,0.017,0.153,0.000,0.000,activeTracking,noEvent
6382,3,34,rld,14:29:46.867,20682,0.283,0.017,0.153,0.000,0.000,activeTracking,noEvent
6382,3,34,rld,14:29:46.932,20683,0.349,0.017,0.153,0.000,0.000,activeTracking,noEvent
6382,3,34,rld,14:29:46.952,20684,0.372,0.017,0.153,0.000,0.000,activeTracking,noEvent
6382,3,34,rld,14:29:47.008,20685,0.421,0.017,0.153,0.000,0.000,activeTracking,noEvent
6382,3,34,rld,14:29:47.107,20686,0.492,0.017,0.153,0.000,0.000,activeTracking,noEvent
6382,3,34,rld,14:29:47.161,20687,0.579,0.017,0.153,0.000,0.000,activeTracking,noEvent
6382,3,34,rld,14:29:47.347,20688,0.732,-1.193,0.076,-10.700,-0.700,activeTracking,noEvent
6382,3,34,rld,14:29:47.568,20689,0.973,-2.389,0.145,-6.700,0.800,onTarget,noEvent
6382,3,34,rld,14:29:47.689,20690,1.099,-3.023,0.219,-1.800,0.400,activeTracking,noEvent
6382,3,34,rld,14:29:47.749,20691,1.163,-3.302,0.245,-0.500,0.000,activeTracking,noEvent
6382,3,34,rld,14:29:47.825,20692,1.231,-3.409,0.254,-0.100,0.000,activeTracking,noEvent
6382,3,34,rld,14:29:47.866,20693,1.281,-3.444,0.257,0.000,0.000,activeTracking,noEvent
6382,3,34,rld,14:29:47.923,20694,1.330,-3.456,0.258,0.000,0.000,activeTracking,noEvent
6382,3,34,rld,14:29:47.966,20695,1.382,-3.460,0.259,0.000,0.000,activeTracking,noEvent
6382,3,34,rld,14:29:48.021,20696,1.431,-3.462,0.259,0.000,0.000,activeTracking,noEvent
6382,3,34,rld,14:29:48.080,20697,1.493,-3.449,0.259,0.100,0.000,activeTracking,noEvent
6382,3,34,rld,14:29:48.141,20698,1.557,-3.433,0.258,0.100,0.000,activeTracking,noEvent
6382,3,34,rld,14:29:48.312,20699,1.692,-3.251,0.232,1.400,-0.200,activeTracking,noEvent
6382,3,34,rld,14:29:48.405,20700,1.804,-2.992,0.163,1.600,-0.500,onTarget,noEvent
6382,3,34,rld,14:29:48.468,20701,1.871,-2.882,0.128,0.200,-0.100,onTarget,noEvent
6382,3,34,rld,14:29:48.553,20702,1.972,-2.821,0.093,0.200,-0.200,onTarget,noEvent
6382,3,34,rld,14:29:48.627,20703,2.033,-2.777,0.070,0.200,-0.100,onTarget,noEvent
6382,3,34,rld,14:29:48.721,20704,2.118,-2.726,0.027,0.300,-0.300,onTarget,noEvent
6382,3,34,rld,14:29:48.780,20705,2.199,-2.696,0.012,0.100,0.000,onTarget,noEvent
6382,3,34,rld,14:29:48.841,20706,2.256,-2.687,0.007,0.000,0.000,onTarget,noEvent
6382,3,34,rld,14:29:48.887,20707,2.300,-2.683,0.006,0.000,0.000,onTarget,noEvent
6382,3,34,rld,14:29:48.956,20708,2.371,-2.682,0.005,0.000,0.000,onTarget,noEvent
6382,3,34,rld,14:29:49.018,20709,2.433,-2.682,0.005,0.000,0.000,onTarget,noEvent
6382,3,34,rld,14:29:49.070,20710,2.481,-2.682,0.005,0.000,0.000,onTarget,noEvent
6382,3,34,rld,14:29:49.123,20711,2.529,-2.682,0.005,0.000,0.000,onTarget,noEvent
6382,3,34,rld,14:29:49.158,20712,2.575,-2.682,0.005,0.000,0.000,onTarget,noEvent
6382,3,34,rld,14:29:49.206,20713,2.617,-2.682,0.005,0.000,0.000,onTarget,noEvent
6382,3,34,rld,14:29:49.258,20714,2.663,-2.682,0.005,0.000,0.000,onTarget,noEvent
6382,3,34,rld,14:29:49.303,20715,2.717,-2.682,0.005,0.000,0.000,onTarget,noEvent
6382,3,34,rld,14:29:49.338,20716,2.756,-2.682,0.005,0.000,0.000,onTarget,noEvent
6382,3,34,rld,14:29:49.391,20717,2.807,-2.682,0.005,0.000,0.000,onTarget,noEvent
6382,3,34,rld,14:29:49.451,20718,2.860,-2.682,0.005,0.000,0.000,onTarget,noEvent
6382,3,34,rld,14:29:49.502,20719,2.911,-2.682,0.005,0.000,0.000,onTarget,noEvent
6382,3,34,rld,14:29:49.561,20720,2.971,-2.682,0.005,0.000,0.000,onTarget,targetClick
6382,3,35,rld,14:29:52.146,20767,3.031,-0.118,0.255,0.000,0.000,waitingForTarget,middleTargetClick
6382,3,35,rld,14:29:52.204,20768,3.094,-0.118,0.255,0.000,0.000,waitingForTarget,noEvent
6382,3,35,rld,14:29:52.241,20769,3.130,-0.118,0.255,0.000,0.000,waitingForTarget,noEvent
6382,3,35,rld,14:29:52.311,20770,3.199,-0.118,0.255,0.000,0.000,waitingForTarget,noEvent
6382,3,35,rld,14:29:52.337,20771,3.226,-0.118,0.255,0.000,0.000,waitingForTarget,noEvent
6382,3,35,rld,14:29:52.389,20772,3.279,-0.118,0.255,0.000,0.000,waitingForTarget,noEvent
6382,3,35,rld,14:29:52.426,20773,3.305,-0.118,0.255,0.000,0.000,waitingForTarget,noEvent
6382,3,35,rld,14:29:52.476,20774,3.351,-0.118,0.255,0.000,0.000,waitingForTarget,noEvent
6382,3,35,rld,14:29:52.511,20775,3.399,-0.118,0.255,0.000,0.000,waitingForTarget,noEvent
6382,3,35,rld,14:29:52.541,20776,3.432,-0.118,0.255,0.000,0.000,waitingForTarget,noEvent
6382,3,35,rld,14:29:52.611,20777,0.056,-0.118,0.255,0.000,0.000,activeTracking,targetAppeared
6382,3,35,rld,14:29:52.634,20778,0.090,-0.118,0.255,0.000,0.000,activeTracking,noEvent
6382,3,35,rld,14:29:52.691,20779,0.140,-0.118,0.255,0.000,0.000,activeTracking,noEvent
6382,3,35,rld,14:29:52.730,20780,0.183,-0.118,0.255,0.000,0.000,activeTracking,noEvent
6382,3,35,rld,14:29:52.804,20781,0.240,-0.118,0.255,0.000,0.000,activeTracking,noEvent
6382,3,35,rld,14:29:52.849,20782,0.303,-0.118,0.255,0.000,0.000,activeTracking,noEvent
6382,3,35,rld,14:29:52.891,20783,0.349,-0.118,0.255,0.000,0.000,activeTracking,noEvent
6382,3,35,rld,14:29:52.931,20784,0.387,-0.118,0.255,0.000,0.000,activeTracking,noEvent
6382,3,35,rld,14:29:52.974,20785,0.431,-0.118,0.255,0.000,0.000,activeTracking,noEvent
6382,3,35,rld,14:29:53.025,20786,0.478,-0.118,0.255,0.000,0.000,activeTracking,noEvent
6382,3,35,rld,14:29:53.086,20787,0.540,-0.118,0.255,0.000,0.000,activeTracking,noEvent
6382,3,35,rld,14:29:53.289,20788,0.721,0.908,0.200,9.100,-0.500,activeTracking,noEvent
6382,3,35,rld,14:29:53.423,20789,0.865,2.030,-0.033,6.700,-1.900,activeTracking,noEvent
6382,3,35,rld,14:29:53.506,20790,0.937,2.474,-0.135,0.500,-0.200,onTarget,noEvent
6382,3,35,rld,14:29:53.568,20791,1.022,2.661,-0.182,0.300,-0.100,onTarget,noEvent
6382,3,35,rld,14:29:53.706,20792,1.151,2.821,-0.233,0.800,-0.300,onTarget,noEvent
6382,3,35,rld,14:29:53.768,20793,1.220,2.923,-0.250,0.400,0.000,onTarget,noEvent
6382,3,35,rld,14:29:53.825,20794,1.271,2.982,-0.256,0.200,0.000,activeTracking,noEvent
6382,3,35,rld,14:29:53.861,20795,1.318,3.002,-0.258,0.000,0.000,activeTracking,noEvent
6382,3,35,rld,14:29:53.944,20796,1.401,2.972,-0.247,-0.300,0.100,activeTracking,noEvent
6382,3,35,rld,14:29:54.033,20797,1.473,2.937,-0.219,-0.200,0.200,onTarget,noEvent
6382,3,35,rld,14:29:54.089,20798,1.545,2.925,-0.187,0.000,0.200,onTarget,noEvent
6382,3,35,rld,14:29:54.157,20799,1.612,2.921,-0.152,0.000,0.200,onTarget,noEvent
6382,3,35,rld,14:29:54.224,20800,1.670,2.920,-0.141,0.000,0.000,onTarget,noEvent
6382,3,35,rld,14:29:54.291,20801,1.738,2.920,-0.137,0.000,0.000,onTarget,noEvent
6382,3,35,rld,14:29:54.334,20802,1.788,2.920,-0.136,0.000,0.000,onTarget,noEvent
6382,3,35,rld,14:29:54.399,20803,1.849,2.920,-0.124,0.000,0.100,onTarget,noEvent
6382,3,35,rld,14:29:54.463,20804,1.910,2.920,-0.108,0.000,0.100,onTarget,noEvent
6382,3,35,rld,14:29:54.505,20805,1.957,2.920,-0.103,0.000,0.000,onTarget,noEvent
6382,3,35,rld,14:29:54.551,20806,2.009,2.920,-0.101,0.000,0.000,onTarget,noEvent
6382,3,35,rld,14:29:54.608,20807,2.066,2.920,-0.100,0.000,0.000,onTarget,noEvent
6382,3,35,rld,14:29:54.653,20808,2.102,2.920,-0.100,0.000,0.000,onTarget,noEvent
6382,3,35,rld,14:29:54.691,20809,2.144,2.920,-0.100,0.000,0.000,onTarget,noEvent
6382,3,35,rld,14:29:54.727,20810,2.184,2.920,-0.100,0.000,0.000,onTarget,noEvent
6382,3,35,rld,14:29:54.779,20811,2.220,2.920,-0.100,0.000,0.000,onTarget,noEvent
6382,3,35,rld,14:29:54.859,20812,2.305,2.920,-0.100,0.000,0.000,onTarget,noEvent
6382,3,35,rld,14:29:54.907,20813,2.359,2.920,-0.100,0.000,0.000,onTarget,targetClick
6382,3,36,rld,14:29:58.590,20875,2.435,-0.034,0.119,0.000,0.000,waitingForTarget,middleTargetClick
6382,3,36,rld,14:29:58.640,20876,2.487,-0.034,0.119,0.000,0.000,waitingForTarget,noEvent
6382,3,36,rld,14:29:58.683,20877,2.529,-0.034,0.119,0.000,0.000,waitingForTarget,noEvent
6382,3,36,rld,14:29:58.724,20878,2.571,-0.034,0.119,0.000,0.000,waitingForTarget,noEvent
6382,3,36,rld,14:29:58.778,20879,2.611,-0.034,0.119,0.000,0.000,waitingForTarget,noEvent
6382,3,36,rld,14:29:58.841,20880,2.688,-0.034,0.119,0.000,0.000,waitingForTarget,noEvent
6382,3,36,rld,14:29:58.879,20881,2.721,-0.034,0.119,0.000,0.000,waitingForTarget,noEvent
6382,3,36,rld,14:29:58.920,20882,2.764,-0.034,0.119,0.000,0.000,waitingForTarget,noEvent
6382,3,36,rld,14:29:58.970,20883,2.809,-0.034,0.119,0.000,0.000,waitingForTarget,noEvent
6382,3,36,rld,14:29:59.008,20884,2.852,-0.034,0.119,0.000,0.000,waitingForTarget,noEvent
6382,3,36,rld,14:29:59.054,20885,0.039,-0.034,0.119,0.000,0.000,activeTracking,targetAppeared
6382,3,36,rld,14:29:59.102,20886,0.087,-0.034,0.119,0.000,0.000,activeTracking,noEvent
6382,3,36,rld,14:29:59.141,20887,0.137,-0.034,0.119,0.000,0.000,activeTracking,noEvent
6382,3,36,rld,14:29:59.188,20888,0.183,-0.034,0.119,0.000,0.000,activeTracking,noEvent
6382,3,36,rld,14:29:59.226,20889,0.219,-0.034,0.119,0.000,0.000,activeTracking,noEvent
6382,3,36,rld,14:29:59.271,20890,0.258,-0.034,0.119,0.000,0.000,activeTracking,noEvent
6382,3,36,rld,14:29:59.311,20891,0.303,-0.034,0.119,0.000,0.000,activeTracking,noEvent
6382,3,36,rld,14:29:59.359,20892,0.348,-0.034,0.119,0.000,0.000,activeTracking,noEvent
6382,3,36,rld,14:29:59.407,20893,0.401,-0.034,0.119,0.000,0.000,activeTracking,noEvent
6382,3,36,rld,14:29:59.446,20894,0.438,-0.034,0.119,0.000,0.000,activeTracking,noEvent
6382,3,36,rld,14:29:59.505,20895,0.499,-0.034,0.119,0.000,0.000,activeTracking,noEvent
6382,3,36,rld,14:29:59.551,20896,0.536,-0.034,0.119,0.000,0.000,activeTracking,noEvent
6382,3,36,rld,14:29:59.589,20897,0.586,-0.034,0.119,0.000,0.000,activeTracking,noEvent
6382,3,36,rld,14:29:59.624,20898,0.620,-0.034,0.119,0.000,0.000,activeTracking,noEvent
6382,3,36,rld,14:29:59.689,20899,0.679,-0.034,0.119,0.000,0.000,activeTracking,noEvent
6382,3,36,rld,14:29:59.875,20900,0.859,-0.541,0.120,-4.500,0.000,activeTracking,noEvent
6382,3,36,rld,14:30:00.049,20901,1.029,-1.256,0.110,-4.800,-0.100,activeTracking,noEvent
6382,3,36,rld,14:30:00.150,20902,1.127,-1.647,0.107,-1.300,0.000,activeTracking,noEvent
6382,3,36,rld,14:30:00.206,20903,1.200,-1.825,0.107,-0.400,0.000,activeTracking,noEvent
6382,3,36,rld,14:30:00.270,20904,1.260,-1.897,0.107,-0.100,0.000,activeTracking,noEvent
6382,3,36,rld,14:30:00.320,20905,1.308,-1.920,0.107,0.000,0.000,activeTracking,noEvent
6382,3,36,rld,14:30:00.374,20906,1.367,-1.928,0.107,0.000,0.000,activeTracking,noEvent
6382,3,36,rld,14:30:00.427,20907,1.410,-1.931,0.107,0.000,0.000,activeTracking,noEvent
6382,3,36,rld,14:30:00.479,20908,1.470,-1.932,0.107,0.000,0.000,activeTracking,noEvent
6382,3,36,rld,14:30:00.531,20909,1.523,-1.932,0.107,0.000,0.000,activeTracking,noEvent
6382,3,36,rld,14:30:00.576,20910,1.572,-1.932,0.107,0.000,0.000,activeTracking,noEvent
6382,3,36,rld,14:30:00.635,20911,1.619,-1.932,0.107,0.000,0.000,activeTracking,noEvent
6382,3,36,rld,14:30:00.704,20912,1.679,-1.932,0.107,0.000,0.000,activeTracking,noEvent
6382,3,36,rld,14:30:00.808,20913,1.761,-1.967,0.095,-0.300,-0.100,activeTracking,noEvent
6382,3,36,rld,14:30:00.941,20914,1.928,-2.167,0.092,-1.600,0.000,activeTracking,noEvent
6382,3,36,rld,14:30:01.020,20915,1.991,-2.282,0.091,-0.400,0.000,activeTracking,noEvent
6382,3,36,rld,14:30:01.110,20916,2.076,-2.368,0.068,-0.400,-0.200,onTarget,noEvent
6382,3,36,rld,14:30:01.162,20917,2.153,-2.444,0.061,-0.400,0.000,onTarget,noEvent
6382,3,36,rld,14:30:01.220,20918,2.210,-2.482,0.058,-0.100,0.000,onTarget,noEvent
6382,3,36,rld,14:30:01.271,20919,2.267,-2.495,0.057,0.000,0.000,onTarget,noEvent
6382,3,36,rld,14:30:01.332,20920,2.326,-2.499,0.057,0.000,0.000,onTarget,noEvent
6382,3,36,rld,14:30:01.373,20921,2.368,-2.500,0.057,0.000,0.000,onTarget,noEvent
6382,3,36,rld,14:30:01.452,20922,2.435,-2.501,0.057,0.000,0.000,onTarget,noEvent
6382,3,36,rld,14:30:01.511,20923,2.503,-2.501,0.057,0.000,0.000,onTarget,noEvent
6382,3,36,rld,14:30:01.586,20924,2.561,-2.501,0.057,0.000,0.000,onTarget,noEvent
6382,3,36,rld,14:30:01.639,20925,2.620,-2.501,0.057,0.000,0.000,onTarget,noEvent
6382,3,36,rld,14:30:01.701,20926,2.690,-2.501,0.057,0.000,0.000,onTarget,noEvent
6382,3,36,rld,14:30:01.755,20927,2.750,-2.501,0.057,0.000,0.000,onTarget,noEvent
6382,3,36,rld,14:30:01.820,20928,2.817,-2.501,0.057,0.000,0.000,onTarget,noEvent
6382,3,36,rld,14:30:01.887,20929,2.885,-2.501,0.057,0.000,0.000,onTarget,noEvent
6382,3,36,rld,14:30:01.951,20930,2.940,-2.501,0.057,0.000,0.000,onTarget,targetClick
6382,3,37,rld,14:30:04.249,20965,3.010,-0.084,0.170,0.000,0.000,waitingForTarget,middleTargetClick
6382,3,37,rld,14:30:04.299,20966,3.068,-0.084,0.170,0.000,0.000,waitingForTarget,noEvent
6382,3,37,rld,14:30:04.331,20967,3.101,-0.084,0.170,0.000,0.000,waitingForTarget,noEvent
6382,3,37,rld,14:30:04.378,20968,3.136,-0.084,0.170,0.000,0.000,waitingForTarget,noEvent
6382,3,37,rld,14:30:04.406,20969,3.178,-0.084,0.170,0.000,0.000,waitingForTarget,noEvent
6382,3,37,rld,14:30:04.473,20970,3.245,-0.084,0.170,0.000,0.000,waitingForTarget,noEvent
6382,3,37,rld,14:30:04.519,20971,3.286,-0.084,0.170,0.000,0.000,waitingForTarget,noEvent
6382,3,37,rld,14:30:04.551,20972,3.323,-0.084,0.170,0.000,0.000,waitingForTarget,noEvent
6382,3,37,rld,14:30:04.588,20973,3.360,-0.084,0.170,0.000,0.000,waitingForTarget,noEvent
6382,3,37,rld,14:30:04.622,20974,3.393,-0.084,0.170,0.000,0.000,waitingForTarget,noEvent
6382,3,37,rld,14:30:04.670,20975,3.442,-0.084,0.170,0.000,0.000,waitingForTarget,noEvent
6382,3,37,rld,14:30:04.706,20976,0.034,-0.084,0.170,0.000,0.000,activeTracking,targetAppeared
6382,3,37,rld,14:30:04.740,20977,0.069,-0.084,0.170,0.000,0.000,activeTracking,noEvent
6382,3,37,rld,14:30:04.835,20978,0.157,-0.084,0.170,0.000,0.000,activeTracking,noEvent
6382,3,37,rld,14:30:04.923,20979,0.242,0.298,0.215,3.400,0.400,activeTracking,noEvent
6382,3,37,rld,14:30:05.162,20980,0.476,1.392,0.211,8.500,-0.200,activeTracking,noEvent
6382,3,37,rld,14:30:05.340,20981,0.632,2.748,0.182,8.300,-0.300,onTarget,noEvent
6382,3,37,rld,14:30:05.427,20982,0.750,3.409,0.175,1.500,0.000,activeTracking,noEvent
6382,3,37,rld,14:30:05.486,20983,0.802,3.662,0.173,0.200,0.000,activeTracking,noEvent
6382,3,37,rld,14:30:05.534,20984,0.861,3.760,0.172,0.100,0.000,activeTracking,noEvent
6382,3,37,rld,14:30:05.586,20985,0.914,3.793,0.160,0.000,-0.100,activeTracking,noEvent
6382,3,37,rld,14:30:05.654,20986,0.972,3.804,0.156,0.000,0.000,activeTracking,noEvent
6382,3,37,rld,14:30:05.702,20987,1.031,3.807,0.155,0.000,0.000,activeTracking,noEvent
6382,3,37,rld,14:30:05.760,20988,1.088,3.809,0.154,0.000,0.000,activeTracking,noEvent
6382,3,37,rld,14:30:05.908,20989,1.233,3.692,0.105,-0.900,-0.400,activeTracking,noEvent
6382,3,37,rld,14:30:06.100,20990,1.419,2.926,-0.057,-5.800,-1.200,onTarget,noEvent
6382,3,37,rld,14:30:06.171,20991,1.493,2.497,-0.144,-1.500,-0.300,onTarget,noEvent
6382,3,37,rld,14:30:06.240,20992,1.558,2.249,-0.195,-0.900,-0.200,activeTracking,noEvent
6382,3,37,rld,14:30:06.325,20993,1.642,2.096,-0.224,-0.600,-0.100,activeTracking,noEvent
6382,3,37,rld,14:30:06.433,20994,1.724,2.022,-0.233,-0.200,0.000,activeTracking,noEvent
6382,3,37,rld,14:30:06.474,20995,1.801,1.997,-0.248,0.000,-0.100,activeTracking,noEvent
6382,3,37,rld,14:30:06.536,20996,1.854,1.989,-0.253,0.000,0.000,activeTracking,noEvent
6382,3,37,rld,14:30:06.601,20997,1.921,1.963,-0.254,-0.200,0.000,activeTracking,noEvent
6382,3,37,rld,14:30:06.655,20998,1.983,1.942,-0.255,-0.100,0.000,activeTracking,noEvent
6382,3,37,rld,14:30:06.728,20999,2.038,1.936,-0.255,0.000,0.000,activeTracking,noEvent
6382,3,37,rld,14:30:06.811,21000,2.137,1.969,-0.221,0.300,0.300,activeTracking,noEvent
6382,3,37,rld,14:30:06.975,21001,2.273,2.085,-0.175,0.900,0.300,activeTracking,noEvent
6382,3,37,rld,14:30:07.168,21002,2.473,2.553,-0.079,3.600,0.700,onTarget,noEvent
6382,3,37,rld,14:30:07.243,21003,2.571,2.760,-0.046,0.400,0.000,onTarget,noEvent
6382,3,37,rld,14:30:07.300,21004,2.621,2.842,-0.035,0.100,0.000,onTarget,noEvent
6382,3,37,rld,14:30:07.342,21005,2.661,2.869,-0.031,0.000,0.000,onTarget,noEvent
6382,3,37,rld,14:30:07.401,21006,2.724,2.890,-0.030,0.100,0.000,onTarget,noEvent
6382,3,37,rld,14:30:07.482,21007,2.794,2.947,-0.030,0.400,0.000,onTarget,noEvent
6382,3,37,rld,14:30:07.540,21008,2.859,2.990,-0.029,0.200,0.000,onTarget,noEvent
6382,3,37,rld,14:30:07.577,21009,2.907,3.005,-0.029,0.000,0.000,onTarget,noEvent
6382,3,37,rld,14:30:07.658,21010,2.987,3.009,-0.029,0.000,0.000,onTarget,noEvent
6382,3,37,rld,14:30:07.703,21011,3.023,3.011,-0.029,0.000,0.000,onTarget,noEvent
6382,3,37,rld,14:30:07.755,21012,3.072,3.012,-0.029,0.000,0.000,onTarget,noEvent
6382,3,37,rld,14:30:07.829,21013,3.143,3.012,-0.029,0.000,0.000,onTarget,noEvent
6382,3,37,rld,14:30:07.877,21014,3.192,3.012,-0.029,0.000,0.000,onTarget,noEvent
6382,3,37,rld,14:30:07.950,21015,3.270,3.012,-0.029,0.000,0.000,onTarget,noEvent
6382,3,37,rld,14:30:08.002,21016,3.320,3.012,-0.029,0.000,0.000,onTarget,noEvent
6382,3,37,rld,14:30:08.046,21017,3.374,3.012,-0.029,0.000,0.000,onTarget,noEvent
6382,3,37,rld,14:30:08.092,21018,3.411,3.012,-0.029,0.000,0.000,onTarget,noEvent
6382,3,37,rld,14:30:08.144,21019,3.468,3.012,-0.029,0.000,0.000,onTarget,noEvent
6382,3,37,rld,14:30:08.188,21020,3.510,3.012,-0.029,0.000,0.000,onTarget,noEvent
6382,3,37,rld,14:30:08.240,21021,3.560,3.012,-0.029,0.000,0.000,onTarget,noEvent
6382,3,37,rld,14:30:08.288,21022,3.608,3.012,-0.029,0.000,0.000,onTarget,noEvent
6382,3,37,rld,14:30:08.325,21023,3.653,3.012,-0.029,0.000,0.000,onTarget,noEvent
6382,3,37,rld,14:30:08.385,21024,3.701,3.012,-0.029,0.000,0.000,onTarget,noEvent
6382,3,37,rld,14:30:08.433,21025,3.745,3.012,-0.029,0.000,0.000,onTarget,noEvent
6382,3,37,rld,14:30:08.476,21026,3.793,3.012,-0.029,0.000,0.000,onTarget,noEvent
6382,3,37,rld,14:30:08.525,21027,3.844,3.012,-0.029,0.000,0.000,onTarget,noEvent
6382,3,37,rld,14:30:08.603,21028,3.920,3.012,-0.029,0.000,0.000,onTarget,noEvent
6382,3,37,rld,14:30:08.652,21029,3.972,3.012,-0.029,0.000,0.000,onTarget,targetClick
6382,3,38,rld,14:30:13.511,21105,0.061,0.118,-0.016,0.000,0.000,activeTracking,targetAppeared
6382,3,38,rld,14:30:13.567,21106,0.120,0.118,-0.016,0.000,0.000,activeTracking,noEvent
6382,3,38,rld,14:30:13.605,21107,0.155,0.118,-0.016,0.000,0.000,activeTracking,noEvent
6382,3,38,rld,14:30:13.653,21108,0.199,0.118,-0.016,0.000,0.000,activeTracking,noEvent
6382,3,38,rld,14:30:13.711,21109,0.254,0.118,-0.016,0.000,0.000,activeTracking,noEvent
6382,3,38,rld,14:30:13.760,21110,0.311,0.118,-0.016,0.000,0.000,activeTracking,noEvent
6382,3,38,rld,14:30:13.831,21111,0.377,0.118,-0.016,0.000,0.000,activeTracking,noEvent
6382,3,38,rld,14:30:13.887,21112,0.443,0.118,-0.016,0.000,0.000,activeTracking,noEvent
6382,3,38,rld,14:30:13.939,21113,0.486,0.118,-0.016,0.000,0.000,activeTracking,noEvent
6382,3,38,rld,14:30:13.985,21114,0.530,0.118,-0.016,0.000,0.000,activeTracking,noEvent
6382,3,38,rld,14:30:14.128,21115,0.653,-1.734,0.157,-16.300,1.500,activeTracking,noEvent
6382,3,38,rld,14:30:14.261,21116,0.812,-3.826,0.475,-11.700,2.000,activeTracking,noEvent
6382,3,38,rld,14:30:14.319,21117,0.871,-4.646,0.598,-0.400,0.000,activeTracking,noEvent
6382,3,38,rld,14:30:14.385,21118,0.936,-4.946,0.642,-0.100,0.000,activeTracking,noEvent
6382,3,38,rld,14:30:14.459,21119,1.009,-5.105,0.684,-0.400,0.200,activeTracking,noEvent
6382,3,38,rld,14:30:14.521,21120,1.074,-5.187,0.712,-0.200,0.100,activeTracking,noEvent
6382,3,38,rld,14:30:14.572,21121,1.130,-5.215,0.722,0.000,0.000,activeTracking,noEvent
6382,3,38,rld,14:30:14.624,21122,1.170,-5.224,0.725,0.000,0.000,activeTracking,noEvent
6382,3,38,rld,14:30:14.816,21123,1.331,-4.277,0.423,6.800,-2.200,activeTracking,noEvent
6382,3,38,rld,14:30:14.978,21124,1.432,-3.639,0.154,2.600,-1.400,activeTracking,noEvent
6382,3,38,rld,14:30:15.118,21125,1.637,-3.081,-0.206,2.800,-2.300,activeTracking,noEvent
6382,3,38,rld,14:30:15.189,21126,1.736,-2.851,-0.370,0.400,-0.400,activeTracking,noEvent
6382,3,38,rld,14:30:15.259,21127,1.816,-2.750,-0.424,0.200,0.000,activeTracking,noEvent
6382,3,38,rld,14:30:15.309,21128,1.863,-2.717,-0.442,0.000,0.000,activeTracking,noEvent
6382,3,38,rld,14:30:15.361,21129,1.919,-2.705,-0.448,0.000,0.000,activeTracking,noEvent
6382,3,38,rld,14:30:15.427,21130,1.977,-2.702,-0.450,0.000,0.000,activeTracking,noEvent
6382,3,38,rld,14:30:15.470,21131,2.019,-2.701,-0.450,0.000,0.000,activeTracking,noEvent
6382,3,38,rld,14:30:15.535,21132,2.088,-2.700,-0.450,0.000,0.000,activeTracking,noEvent
6382,3,38,rld,14:30:15.592,21133,2.149,-2.700,-0.451,0.000,0.000,activeTracking,noEvent
6382,3,38,rld,14:30:15.703,21134,2.241,-2.724,-0.416,-0.200,0.300,activeTracking,noEvent
6382,3,38,rld,14:30:15.768,21135,2.310,-2.732,-0.369,0.000,0.300,activeTracking,noEvent
6382,3,38,rld,14:30:15.840,21136,2.391,-2.735,-0.318,0.000,0.300,onTarget,noEvent
6382,3,38,rld,14:30:15.911,21137,2.447,-2.736,-0.278,0.000,0.200,onTarget,noEvent
6382,3,38,rld,14:30:15.981,21138,2.528,-2.736,-0.229,0.000,0.300,onTarget,noEvent
6382,3,38,rld,14:30:16.034,21139,2.587,-2.736,-0.202,0.000,0.100,onTarget,noEvent
6382,3,38,rld,14:30:16.086,21140,2.631,-2.736,-0.192,0.000,0.000,onTarget,noEvent
6382,3,38,rld,14:30:16.142,21141,2.684,-2.736,-0.189,0.000,0.000,onTarget,noEvent
6382,3,38,rld,14:30:16.210,21142,2.766,-2.736,-0.177,0.000,0.100,onTarget,noEvent
6382,3,38,rld,14:30:16.251,21143,2.808,-2.736,-0.172,0.000,0.000,onTarget,noEvent
6382,3,38,rld,14:30:16.300,21144,2.858,-2.736,-0.171,0.000,0.000,onTarget,noEvent
6382,3,38,rld,14:30:16.347,21145,2.898,-2.736,-0.170,0.000,0.000,onTarget,noEvent
6382,3,38,rld,14:30:16.397,21146,2.949,-2.736,-0.170,0.000,0.000,onTarget,noEvent
6382,3,38,rld,14:30:16.442,21147,3.000,-2.736,-0.170,0.000,0.000,onTarget,noEvent
6382,3,38,rld,14:30:16.487,21148,3.044,-2.736,-0.170,0.000,0.000,onTarget,noEvent
6382,3,38,rld,14:30:16.541,21149,3.096,-2.736,-0.170,0.000,0.000,onTarget,noEvent
6382,3,38,rld,14:30:16.577,21150,3.134,-2.736,-0.170,0.000,0.000,onTarget,noEvent
6382,3,38,rld,14:30:16.628,21151,3.175,-2.736,-0.170,0.000,0.000,onTarget,noEvent
6382,3,38,rld,14:30:16.690,21152,3.240,-2.736,-0.170,0.000,0.000,onTarget,noEvent
6382,3,38,rld,14:30:16.734,21153,3.287,-2.736,-0.170,0.000,0.000,onTarget,targetClick
6382,3,39,rld,14:30:19.914,21203,3.346,-0.051,0.187,0.000,0.000,waitingForTarget,middleTargetClick
6382,3,39,rld,14:30:19.960,21204,3.406,-0.051,0.187,0.000,0.000,waitingForTarget,noEvent
6382,3,39,rld,14:30:20.007,21205,3.450,-0.051,0.187,0.000,0.000,waitingForTarget,noEvent
6382,3,39,rld,14:30:20.049,21206,3.490,-0.051,0.187,0.000,0.000,waitingForTarget,noEvent
6382,3,39,rld,14:30:20.098,21207,3.542,-0.051,0.187,0.000,0.000,waitingForTarget,noEvent
6382,3,39,rld,14:30:20.140,21208,3.589,-0.051,0.187,0.000,0.000,waitingForTarget,noEvent
6382,3,39,rld,14:30:20.184,21209,3.628,-0.051,0.187,0.000,0.000,waitingForTarget,noEvent
6382,3,39,rld,14:30:20.216,21210,3.660,-0.051,0.187,0.000,0.000,waitingForTarget,noEvent
6382,3,39,rld,14:30:20.261,21211,3.704,-0.051,0.187,0.000,0.000,waitingForTarget,noEvent
6382,3,39,rld,14:30:20.310,21212,3.754,-0.051,0.187,0.000,0.000,waitingForTarget,noEvent
6382,3,39,rld,14:30:20.378,21213,0.063,-0.051,0.187,0.000,0.000,activeTracking,targetAppeared
6382,3,39,rld,14:30:20.424,21214,0.114,-0.051,0.187,0.000,0.000,activeTracking,noEvent
6382,3,39,rld,14:30:20.470,21215,0.156,-0.051,0.187,0.000,0.000,activeTracking,noEvent
6382,3,39,rld,14:30:20.509,21216,0.198,-0.051,0.187,0.000,0.000,activeTracking,noEvent
6382,3,39,rld,14:30:20.567,21217,0.248,-0.051,0.187,0.000,0.000,activeTracking,noEvent
6382,3,39,rld,14:30:20.625,21218,0.304,-0.051,0.187,0.000,0.000,activeTracking,noEvent
6382,3,39,rld,14:30:20.744,21219,0.391,-0.051,0.187,0.000,0.000,activeTracking,noEvent
6382,3,39,rld,14:30:20.951,21220,0.619,1.125,0.359,10.400,1.500,activeTracking,noEvent
6382,3,39,rld,14:30:21.143,21221,0.817,2.294,0.438,6.600,0.100,activeTracking,noEvent
6382,3,39,rld,14:30:21.282,21222,0.930,2.978,0.436,2.300,-0.300,activeTracking,noEvent
6382,3,39,rld,14:30:21.355,21223,1.035,3.375,0.439,1.300,0.000,activeTracking,noEvent
6382,3,39,rld,14:30:21.430,21224,1.113,3.548,0.440,0.300,0.000,activeTracking,noEvent
6382,3,39,rld,14:30:21.486,21225,1.168,3.618,0.441,0.100,0.000,activeTracking,noEvent
6382,3,39,rld,14:30:21.555,21226,1.247,3.642,0.418,0.000,-0.200,activeTracking,noEvent
6382,3,39,rld,14:30:21.605,21227,1.296,3.650,0.397,0.000,-0.100,activeTracking,noEvent
6382,3,39,rld,14:30:21.701,21228,1.386,3.537,0.353,-0.900,-0.300,activeTracking,noEvent
6382,3,39,rld,14:30:21.861,21229,1.467,3.223,0.263,-2.200,-0.600,activeTracking,noEvent
6382,3,39,rld,14:30:22.020,21230,1.688,2.545,0.100,-4.700,-1.100,onTarget,noEvent
6382,3,39,rld,14:30:22.086,21231,1.778,2.277,0.047,-0.400,0.000,activeTracking,noEvent
6382,3,39,rld,14:30:22.135,21232,1.824,2.188,0.030,0.000,0.000,activeTracking,noEvent
6382,3,39,rld,14:30:22.178,21233,1.870,2.159,0.024,0.000,0.000,activeTracking,noEvent
6382,3,39,rld,14:30:22.238,21234,1.918,2.149,0.022,0.000,0.000,activeTracking,noEvent
6382,3,39,rld,14:30:22.309,21235,2.003,2.145,0.021,0.000,0.000,activeTracking,noEvent
6382,3,39,rld,14:30:22.371,21236,2.057,2.144,0.021,0.000,0.000,activeTracking,noEvent
6382,3,39,rld,14:30:22.440,21237,2.117,2.144,0.021,0.000,0.000,activeTracking,noEvent
6382,3,39,rld,14:30:22.502,21238,2.186,2.144,0.021,0.000,0.000,activeTracking,noEvent
6382,3,39,rld,14:30:22.588,21239,2.258,2.179,0.021,0.300,0.000,activeTracking,noEvent
6382,3,39,rld,14:30:22.710,21240,2.403,2.357,0.022,1.400,0.000,onTarget,noEvent
6382,3,39,rld,14:30:22.802,21241,2.497,2.525,0.022,0.900,0.000,onTarget,noEvent
6382,3,39,rld,14:30:22.881,21242,2.568,2.641,0.034,0.500,0.100,onTarget,noEvent
6382,3,39,rld,14:30:22.944,21243,2.638,2.705,0.038,0.200,0.000,onTarget,noEvent
6382,3,39,rld,14:30:22.985,21244,2.679,2.726,0.040,0.000,0.000,onTarget,noEvent
6382,3,39,rld,14:30:23.053,21245,2.739,2.733,0.040,0.000,0.000,onTarget,noEvent
6382,3,39,rld,14:30:23.110,21246,2.791,2.735,0.040,0.000,0.000,onTarget,noEvent
6382,3,39,rld,14:30:23.150,21247,2.838,2.736,0.040,0.000,0.000,onTarget,noEvent
6382,3,39,rld,14:30:23.206,21248,2.888,2.736,0.040,0.000,0.000,onTarget,noEvent
6382,3,39,rld,14:30:23.252,21249,2.937,2.736,0.040,0.000,0.000,onTarget,noEvent
6382,3,39,rld,14:30:23.304,21250,2.999,2.736,0.040,0.000,0.000,onTarget,noEvent
6382,3,39,rld,14:30:23.361,21251,3.047,2.736,0.040,0.000,0.000,onTarget,noEvent
6382,3,39,rld,14:30:23.410,21252,3.101,2.736,0.040,0.000,0.000,onTarget,noEvent
6382,3,39,rld,14:30:23.458,21253,3.152,2.736,0.040,0.000,0.000,onTarget,noEvent
6382,3,39,rld,14:30:23.501,21254,3.196,2.736,0.040,0.000,0.000,onTarget,noEvent
6382,3,39,rld,14:30:23.535,21255,3.224,2.736,0.040,0.000,0.000,onTarget,noEvent
6382,3,39,rld,14:30:23.576,21256,3.263,2.736,0.040,0.000,0.000,onTarget,noEvent
6382,3,39,rld,14:30:23.621,21257,3.315,2.736,0.040,0.000,0.000,onTarget,noEvent
6382,3,39,rld,14:30:23.725,21258,3.405,2.736,0.040,0.000,0.000,onTarget,targetClick
6382,3,40,rld,14:30:26.749,21313,3.472,-0.068,-0.134,0.000,0.000,waitingForTarget,middleTargetClick
6382,3,40,rld,14:30:26.790,21314,3.525,-0.068,-0.134,0.000,0.000,waitingForTarget,noEvent
6382,3,40,rld,14:30:26.834,21315,3.564,-0.068,-0.134,0.000,0.000,waitingForTarget,noEvent
6382,3,40,rld,14:30:26.869,21316,3.595,-0.068,-0.134,0.000,0.000,waitingForTarget,noEvent
6382,3,40,rld,14:30:26.948,21317,3.672,-0.068,-0.134,0.000,0.000,waitingForTarget,noEvent
6382,3,40,rld,14:30:26.981,21318,3.716,-0.068,-0.134,0.000,0.000,waitingForTarget,noEvent
6382,3,40,rld,14:30:27.033,21319,3.766,-0.068,-0.134,0.000,0.000,waitingForTarget,noEvent
6382,3,40,rld,14:30:27.101,21320,3.835,-0.068,-0.134,0.000,0.000,waitingForTarget,noEvent
6382,3,40,rld,14:30:27.132,21321,3.858,-0.068,-0.134,0.000,0.000,waitingForTarget,noEvent
6382,3,40,rld,14:30:27.198,21322,3.924,-0.068,-0.134,0.000,0.000,waitingForTarget,noEvent
6382,3,40,rld,14:30:27.238,21323,0.047,-0.068,-0.134,0.000,0.000,activeTracking,targetAppeared
6382,3,40,rld,14:30:27.283,21324,0.092,-0.068,-0.134,0.000,0.000,activeTracking,noEvent
6382,3,40,rld,14:30:27.322,21325,0.132,-0.068,-0.134,0.000,0.000,activeTracking,noEvent
6382,3,40,rld,14:30:27.375,21326,0.179,-0.068,-0.134,0.000,0.000,activeTracking,noEvent
6382,3,40,rld,14:30:27.427,21327,0.232,-0.068,-0.134,0.000,0.000,activeTracking,noEvent
6382,3,40,rld,14:30:27.485,21328,0.281,-0.068,-0.134,0.000,0.000,activeTracking,noEvent
6382,3,40,rld,14:30:27.531,21329,0.321,-0.068,-0.134,0.000,0.000,activeTracking,noEvent
6382,3,40,rld,14:30:27.572,21330,0.368,-0.068,-0.134,0.000,0.000,activeTracking,noEvent
6382,3,40,rld,14:30:27.618,21331,0.419,-0.068,-0.134,0.000,0.000,activeTracking,noEvent
6382,3,40,rld,14:30:27.669,21332,0.472,-0.068,-0.134,0.000,0.000,activeTracking,noEvent
6382,3,40,rld,14:30:27.699,21333,0.503,-0.068,-0.134,0.000,0.000,activeTracking,noEvent
6382,3,40,rld,14:30:27.743,21334,0.543,-0.068,-0.134,0.000,0.000,activeTracking,noEvent
6382,3,40,rld,14:30:27.810,21335,0.603,-0.068,-0.134,0.000,0.000,activeTracking,noEvent
6382,3,40,rld,14:30:27.869,21336,0.671,-0.068,-0.134,0.000,0.000,activeTracking,noEvent
6382,3,40,rld,14:30:28.046,21337,0.831,0.846,0.126,8.100,2.300,activeTracking,noEvent
6382,3,40,rld,14:30:28.170,21338,0.968,1.589,0.238,3.800,0.200,activeTracking,noEvent
6382,3,40,rld,14:30:28.222,21339,1.029,1.899,0.277,0.500,0.000,activeTracking,noEvent
6382,3,40,rld,14:30:28.286,21340,1.085,2.027,0.291,0.200,0.000,activeTracking,noEvent
6382,3,40,rld,14:30:28.355,21341,1.151,2.081,0.295,0.100,0.000,activeTracking,noEvent
6382,3,40,rld,14:30:28.425,21342,1.230,2.158,0.297,0.500,0.000,activeTracking,noEvent
6382,3,40,rld,14:30:28.486,21343,1.293,2.208,0.298,0.200,0.000,activeTracking,noEvent
6382,3,40,rld,14:30:28.550,21344,1.354,2.236,0.299,0.100,0.000,activeTracking,noEvent
6382,3,40,rld,14:30:28.601,21345,1.401,2.246,0.299,0.000,0.000,activeTracking,noEvent
6382,3,40,rld,14:30:28.659,21346,1.464,2.249,0.299,0.000,0.000,activeTracking,noEvent
6382,3,40,rld,14:30:28.700,21347,1.500,2.250,0.299,0.000,0.000,activeTracking,noEvent
6382,3,40,rld,14:30:28.770,21348,1.568,2.250,0.299,0.000,0.000,activeTracking,noEvent
6382,3,40,rld,14:30:28.838,21349,1.647,2.250,0.299,0.000,0.000,activeTracking,noEvent
6382,3,40,rld,14:30:28.955,21350,1.742,2.298,0.276,0.400,-0.200,activeTracking,noEvent
6382,3,40,rld,14:30:29.038,21351,1.834,2.373,0.246,0.500,-0.200,activeTracking,noEvent
6382,3,40,rld,14:30:29.153,21352,1.950,2.470,0.213,0.600,-0.200,onTarget,noEvent
6382,3,40,rld,14:30:29.233,21353,2.023,2.611,0.180,0.900,-0.200,onTarget,noEvent
6382,3,40,rld,14:30:29.284,21354,2.090,2.694,0.157,0.300,-0.100,onTarget,noEvent
6382,3,40,rld,14:30:29.358,21355,2.163,2.771,0.138,0.400,-0.100,onTarget,noEvent
6382,3,40,rld,14:30:29.429,21356,2.232,2.821,0.132,0.200,0.000,onTarget,noEvent
6382,3,40,rld,14:30:29.491,21357,2.298,2.850,0.130,0.100,0.000,onTarget,noEvent
6382,3,40,rld,14:30:29.525,21358,2.333,2.860,0.129,0.000,0.000,onTarget,noEvent
6382,3,40,rld,14:30:29.588,21359,2.389,2.863,0.129,0.000,0.000,onTarget,noEvent
6382,3,40,rld,14:30:29.641,21360,2.439,2.864,0.129,0.000,0.000,onTarget,noEvent
6382,3,40,rld,14:30:29.684,21361,2.494,2.864,0.129,0.000,0.000,onTarget,noEvent
6382,3,40,rld,14:30:29.726,21362,2.532,2.864,0.129,0.000,0.000,onTarget,noEvent
6382,3,40,rld,14:30:29.772,21363,2.578,2.864,0.129,0.000,0.000,onTarget,noEvent
6382,3,40,rld,14:30:29.801,21364,2.611,2.864,0.129,0.000,0.000,onTarget,noEvent
6382,3,40,rld,14:30:29.851,21365,2.653,2.864,0.129,0.000,0.000,onTarget,noEvent
6382,3,40,rld,14:30:29.908,21366,2.710,2.864,0.129,0.000,0.000,onTarget,noEvent
6382,3,40,rld,14:30:29.960,21367,2.767,2.864,0.129,0.000,0.000,onTarget,noEvent
6382,3,40,rld,14:30:30.017,21368,2.819,2.864,0.129,0.000,0.000,onTarget,noEvent
6382,3,40,rld,14:30:30.061,21369,2.867,2.864,0.129,0.000,0.000,onTarget,noEvent
6382,3,40,rld,14:30:30.119,21370,2.913,2.864,0.129,0.000,0.000,onTarget,noEvent
6382,3,40,rld,14:30:30.187,21371,2.994,2.864,0.129,0.000,0.000,onTarget,targetClick
6382,3,41,rld,14:30:34.006,21440,3.049,0.219,0.119,0.000,0.000,waitingForTarget,middleTargetClick
6382,3,41,rld,14:30:34.049,21441,3.101,0.219,0.119,0.000,0.000,waitingForTarget,noEvent
6382,3,41,rld,14:30:34.093,21442,3.145,0.219,0.120,0.000,0.000,waitingForTarget,noEvent
6382,3,41,rld,14:30:34.135,21443,3.176,0.219,0.119,0.000,0.000,waitingForTarget,noEvent
6382,3,41,rld,14:30:34.176,21444,3.224,0.219,0.119,0.000,0.000,waitingForTarget,noEvent
6382,3,41,rld,14:30:34.230,21445,3.281,0.219,0.119,0.000,0.000,waitingForTarget,noEvent
6382,3,41,rld,14:30:34.283,21446,3.331,0.219,0.119,0.000,0.000,waitingForTarget,noEvent
6382,3,41,rld,14:30:34.308,21447,3.362,0.219,0.119,0.000,0.000,waitingForTarget,noEvent
6382,3,41,rld,14:30:34.368,21448,3.413,0.219,0.120,0.000,0.000,waitingForTarget,noEvent
6382,3,41,rld,14:30:34.413,21449,3.464,0.219,0.119,0.000,0.000,waitingForTarget,noEvent
6382,3,41,rld,14:30:34.470,21450,0.050,0.219,0.119,0.000,0.000,activeTracking,targetAppeared
6382,3,41,rld,14:30:34.521,21451,0.099,0.219,0.119,0.000,0.000,activeTracking,noEvent
6382,3,41,rld,14:30:34.564,21452,0.143,0.219,0.119,0.000,0.000,activeTracking,noEvent
6382,3,41,rld,14:30:34.609,21453,0.191,0.219,0.119,0.000,0.000,activeTracking,noEvent
6382,3,41,rld,14:30:34.655,21454,0.232,0.219,0.119,0.000,0.000,activeTracking,noEvent
6382,3,41,rld,14:30:34.701,21455,0.280,0.219,0.119,0.000,0.000,activeTracking,noEvent
6382,3,41,rld,14:30:34.738,21456,0.326,0.219,0.119,0.000,0.000,activeTracking,noEvent
6382,3,41,rld,14:30:34.807,21457,0.382,0.219,0.119,0.000,0.000,activeTracking,noEvent
6382,3,41,rld,14:30:34.851,21458,0.432,0.219,0.119,0.000,0.000,activeTracking,noEvent
6382,3,41,rld,14:30:34.908,21459,0.478,0.219,0.119,0.000,0.000,activeTracking,noEvent
6382,3,41,rld,14:30:35.089,21460,0.656,-0.388,0.153,-5.400,0.300,activeTracking,noEvent
6382,3,41,rld,14:30:35.185,21461,0.767,-0.784,0.165,-1.700,0.000,activeTracking,noEvent
6382,3,41,rld,14:30:35.250,21462,0.824,-0.950,0.158,-0.300,-0.100,activeTracking,noEvent
6382,3,41,rld,14:30:35.335,21463,0.918,-1.051,0.122,-0.400,-0.300,activeTracking,noEvent
6382,3,41,rld,14:30:35.424,21464,1.011,-1.176,0.076,-0.800,-0.300,activeTracking,noEvent
6382,3,41,rld,14:30:35.501,21465,1.077,-1.275,0.038,-0.500,-0.200,activeTracking,noEvent
6382,3,41,rld,14:30:35.587,21466,1.173,-1.331,0.014,-0.200,-0.100,activeTracking,noEvent
6382,3,41,rld,14:30:35.651,21467,1.222,-1.361,0.006,-0.100,0.000,activeTracking,noEvent
6382,3,41,rld,14:30:35.742,21468,1.312,-1.417,-0.030,-0.400,-0.300,activeTracking,noEvent
6382,3,41,rld,14:30:35.843,21469,1.413,-1.563,-0.111,-1.100,-0.600,activeTracking,noEvent
6382,3,41,rld,14:30:35.951,21470,1.502,-1.658,-0.161,-0.400,-0.200,activeTracking,noEvent
6382,3,41,rld,14:30:36.036,21471,1.609,-1.770,-0.189,-0.700,-0.100,activeTracking,noEvent
6382,3,41,rld,14:30:36.138,21472,1.702,-1.902,-0.199,-0.800,0.000,activeTracking,noEvent
6382,3,41,rld,14:30:36.226,21473,1.792,-1.992,-0.190,-0.400,0.100,activeTracking,noEvent
6382,3,41,rld,14:30:36.280,21474,1.860,-2.034,-0.176,-0.100,0.100,activeTracking,noEvent
6382,3,41,rld,14:30:36.325,21475,1.911,-2.048,-0.171,0.000,0.000,activeTracking,noEvent
6382,3,41,rld,14:30:36.381,21476,1.966,-2.053,-0.158,0.000,0.100,activeTracking,noEvent
6382,3,41,rld,14:30:36.466,21477,2.044,-2.078,-0.131,-0.200,0.200,activeTracking,noEvent
6382,3,41,rld,14:30:36.517,21478,2.105,-2.110,-0.110,-0.200,0.100,activeTracking,noEvent
6382,3,41,rld,14:30:36.579,21479,2.161,-2.121,-0.092,0.000,0.100,activeTracking,noEvent
6382,3,41,rld,14:30:36.626,21480,2.203,-2.124,-0.086,0.000,0.000,activeTracking,noEvent
6382,3,41,rld,14:30:36.677,21481,2.265,-2.125,-0.084,0.000,0.000,activeTracking,noEvent
6382,3,41,rld,14:30:36.769,21482,2.340,-2.138,-0.060,-0.100,0.200,activeTracking,noEvent
6382,3,41,rld,14:30:36.864,21483,2.445,-2.154,0.040,-0.100,0.800,activeTracking,noEvent
6382,3,41,rld,14:30:36.908,21484,2.496,-2.159,0.097,0.000,0.200,activeTracking,noEvent
6382,3,41,rld,14:30:36.977,21485,2.555,-2.161,0.127,0.000,0.100,activeTracking,noEvent
6382,3,41,rld,14:30:37.058,21486,2.641,-2.185,0.137,-0.200,0.000,activeTracking,noEvent
6382,3,41,rld,14:30:37.157,21487,2.744,-2.264,0.141,-0.600,0.000,activeTracking,noEvent
6382,3,41,rld,14:30:37.236,21488,2.813,-2.338,0.143,-0.400,0.000,activeTracking,noEvent
6382,3,41,rld,14:30:37.291,21489,2.877,-2.375,0.143,-0.100,0.000,onTarget,noEvent
6382,3,41,rld,14:30:37.353,21490,2.932,-2.387,0.132,0.000,-0.100,onTarget,noEvent
6382,3,41,rld,14:30:37.404,21491,2.993,-2.391,0.116,0.000,-0.100,onTarget,noEvent
6382,3,41,rld,14:30:37.469,21492,3.058,-2.404,0.076,-0.100,-0.300,onTarget,noEvent
6382,3,41,rld,14:30:37.540,21493,3.117,-2.409,0.052,0.000,-0.100,onTarget,noEvent
6382,3,41,rld,14:30:37.603,21494,3.193,-2.410,0.032,0.000,-0.100,onTarget,noEvent
6382,3,41,rld,14:30:37.647,21495,3.232,-2.411,0.025,0.000,0.000,onTarget,noEvent
6382,3,41,rld,14:30:37.701,21496,3.286,-2.411,0.023,0.000,0.000,onTarget,noEvent
6382,3,41,rld,14:30:37.757,21497,3.344,-2.411,0.022,0.000,0.000,onTarget,noEvent
6382,3,41,rld,14:30:37.827,21498,3.408,-2.411,0.022,0.000,0.000,onTarget,noEvent
6382,3,41,rld,14:30:37.905,21499,3.465,-2.411,0.022,0.000,0.000,onTarget,noEvent
6382,3,41,rld,14:30:37.970,21500,3.550,-2.447,-0.001,-0.300,-0.200,onTarget,noEvent
6382,3,41,rld,14:30:38.032,21501,3.621,-2.471,-0.021,-0.100,-0.100,onTarget,noEvent
6382,3,41,rld,14:30:38.083,21502,3.662,-2.479,-0.027,0.000,0.000,onTarget,noEvent
6382,3,41,rld,14:30:38.137,21503,3.718,-2.481,-0.029,0.000,0.000,onTarget,noEvent
6382,3,41,rld,14:30:38.190,21504,3.775,-2.482,-0.030,0.000,0.000,onTarget,noEvent
6382,3,41,rld,14:30:38.238,21505,3.826,-2.483,-0.030,0.000,0.000,onTarget,noEvent
6382,3,41,rld,14:30:38.292,21506,3.880,-2.483,-0.030,0.000,0.000,onTarget,noEvent
6382,3,41,rld,14:30:38.350,21507,3.928,-2.483,-0.030,0.000,0.000,onTarget,noEvent
6382,3,41,rld,14:30:38.388,21508,3.977,-2.483,-0.030,0.000,0.000,onTarget,noEvent
6382,3,42,rld,14:30:43.092,21582,0.048,-0.203,0.018,0.000,0.000,activeTracking,targetAppeared
6382,3,42,rld,14:30:43.160,21583,0.113,-0.203,0.018,0.000,0.000,activeTracking,noEvent
6382,3,42,rld,14:30:43.236,21584,0.185,-0.203,0.018,0.000,0.000,activeTracking,noEvent
6382,3,42,rld,14:30:43.284,21585,0.230,-0.203,0.018,0.000,0.000,activeTracking,noEvent
6382,3,42,rld,14:30:43.334,21586,0.285,-0.203,0.018,0.000,0.000,activeTracking,noEvent
6382,3,42,rld,14:30:43.374,21587,0.324,-0.203,0.018,0.000,0.000,activeTracking,noEvent
6382,3,42,rld,14:30:43.420,21588,0.366,-0.203,0.018,0.000,0.000,activeTracking,noEvent
6382,3,42,rld,14:30:43.487,21589,0.438,-0.203,0.018,0.000,0.000,activeTracking,noEvent
6382,3,42,rld,14:30:43.588,21590,0.510,-0.203,0.018,0.000,0.000,activeTracking,noEvent
6382,3,42,rld,14:30:43.843,21591,0.774,1.371,0.088,13.900,0.600,activeTracking,noEvent
6382,3,42,rld,14:30:43.979,21592,0.929,2.595,-0.094,5.800,-1.800,onTarget,noEvent
6382,3,42,rld,14:30:44.042,21593,0.992,3.069,-0.169,0.400,-0.100,activeTracking,noEvent
6382,3,42,rld,14:30:44.084,21594,1.038,3.255,-0.194,0.200,0.000,activeTracking,noEvent
6382,3,42,rld,14:30:44.153,21595,1.097,3.317,-0.215,0.000,-0.100,activeTracking,noEvent
6382,3,42,rld,14:30:44.330,21596,1.243,3.746,-0.284,3.200,-0.500,activeTracking,noEvent
6382,3,42,rld,14:30:44.408,21597,1.340,4.090,-0.333,1.500,-0.200,activeTracking,noEvent
6382,3,42,rld,14:30:44.471,21598,1.412,4.220,-0.362,0.100,-0.100,activeTracking,noEvent
6382,3,42,rld,14:30:44.529,21599,1.478,4.263,-0.372,0.000,0.000,activeTracking,noEvent
6382,3,42,rld,14:30:44.671,21600,1.627,4.038,-0.361,-1.800,0.100,activeTracking,noEvent
6382,3,42,rld,14:30:44.751,21601,1.697,3.885,-0.344,-0.600,0.100,activeTracking,noEvent
6382,3,42,rld,14:30:44.882,21602,1.818,3.525,-0.228,-2.400,0.900,activeTracking,noEvent
6382,3,42,rld,14:30:44.942,21603,1.890,3.319,-0.166,-0.700,0.200,activeTracking,noEvent
6382,3,42,rld,14:30:45.080,21604,2.012,3.064,-0.134,-1.500,0.100,activeTracking,noEvent
6382,3,42,rld,14:30:45.149,21605,2.094,2.931,-0.123,-0.400,0.000,onTarget,noEvent
6382,3,42,rld,14:30:45.201,21606,2.156,2.874,-0.119,-0.100,0.000,onTarget,noEvent
6382,3,42,rld,14:30:45.255,21607,2.199,2.855,-0.118,0.000,0.000,onTarget,noEvent
6382,3,42,rld,14:30:45.339,21608,2.292,2.849,-0.118,0.000,0.000,onTarget,noEvent
6382,3,42,rld,14:30:45.398,21609,2.349,2.847,-0.118,0.000,0.000,onTarget,noEvent
6382,3,42,rld,14:30:45.460,21610,2.406,2.846,-0.118,0.000,0.000,onTarget,noEvent
6382,3,42,rld,14:30:45.509,21611,2.449,2.846,-0.118,0.000,0.000,onTarget,noEvent
6382,3,42,rld,14:30:45.567,21612,2.511,2.846,-0.118,0.000,0.000,onTarget,noEvent
6382,3,42,rld,14:30:45.619,21613,2.567,2.846,-0.118,0.000,0.000,onTarget,noEvent
6382,3,42,rld,14:30:45.672,21614,2.613,2.846,-0.118,0.000,0.000,onTarget,noEvent
6382,3,42,rld,14:30:45.729,21615,2.668,2.846,-0.118,0.000,0.000,onTarget,noEvent
6382,3,42,rld,14:30:45.784,21616,2.735,2.846,-0.118,0.000,0.000,onTarget,noEvent
6382,3,42,rld,14:30:45.839,21617,2.793,2.846,-0.118,0.000,0.000,onTarget,noEvent
6382,3,42,rld,14:30:45.889,21618,2.834,2.846,-0.118,0.000,0.000,onTarget,noEvent
6382,3,42,rld,14:30:45.926,21619,2.877,2.846,-0.118,0.000,0.000,onTarget,noEvent
6382,3,42,rld,14:30:45.971,21620,2.919,2.846,-0.118,0.000,0.000,onTarget,noEvent
6382,3,42,rld,14:30:46.034,21621,2.968,2.846,-0.118,0.000,0.000,onTarget,noEvent
6382,3,42,rld,14:30:46.099,21622,3.042,2.846,-0.118,0.000,0.000,onTarget,noEvent
6382,3,42,rld,14:30:46.158,21623,3.107,2.846,-0.118,0.000,0.000,onTarget,targetClick
6382,3,43,rld,14:30:49.674,21683,3.173,0.068,0.238,0.000,0.000,waitingForTarget,middleTargetClick
6382,3,43,rld,14:30:49.734,21684,3.231,0.068,0.238,0.000,0.000,waitingForTarget,noEvent
6382,3,43,rld,14:30:49.766,21685,3.264,0.068,0.238,0.000,0.000,waitingForTarget,noEvent
6382,3,43,rld,14:30:49.823,21686,3.315,0.068,0.238,0.000,0.000,waitingForTarget,noEvent
6382,3,43,rld,14:30:49.874,21687,3.376,0.068,0.238,0.000,0.000,waitingForTarget,noEvent
6382,3,43,rld,14:30:49.918,21688,3.422,0.068,0.238,0.000,0.000,waitingForTarget,noEvent
6382,3,43,rld,14:30:49.942,21689,3.444,0.068,0.238,0.000,0.000,waitingForTarget,noEvent
6382,3,43,rld,14:30:49.999,21690,3.478,0.068,0.238,0.000,0.000,waitingForTarget,noEvent
6382,3,43,rld,14:30:50.018,21691,3.520,0.068,0.238,0.000,0.000,waitingForTarget,noEvent
6382,3,43,rld,14:30:50.068,21692,3.565,0.068,0.238,0.000,0.000,waitingForTarget,noEvent
6382,3,43,rld,14:30:50.131,21693,3.635,0.068,0.238,0.000,0.000,waitingForTarget,noEvent
6382,3,43,rld,14:30:50.208,21694,0.064,0.068,0.238,0.000,0.000,activeTracking,targetAppeared
6382,3,43,rld,14:30:50.229,21695,0.096,0.068,0.238,0.000,0.000,activeTracking,noEvent
6382,3,43,rld,14:30:50.280,21696,0.142,0.068,0.238,0.000,0.000,activeTracking,noEvent
6382,3,43,rld,14:30:50.329,21697,0.192,0.068,0.238,0.000,0.000,activeTracking,noEvent
6382,3,43,rld,14:30:50.454,21698,0.322,0.068,0.238,0.000,0.000,activeTracking,noEvent
6382,3,43,rld,14:30:50.492,21699,0.360,0.068,0.238,0.000,0.000,activeTracking,noEvent
6382,3,43,rld,14:30:50.568,21700,0.410,0.068,0.238,0.000,0.000,activeTracking,noEvent
6382,3,43,rld,14:30:50.613,21701,0.476,0.068,0.238,0.000,0.000,activeTracking,noEvent
6382,3,43,rld,14:30:50.668,21702,0.520,0.068,0.238,0.000,0.000,activeTracking,noEvent
6382,3,43,rld,14:30:50.851,21703,0.719,1.915,-0.054,16.200,-2.600,activeTracking,noEvent
6382,3,43,rld,14:30:51.008,21704,0.876,2.579,-0.178,0.200,-0.200,onTarget,noEvent
6382,3,43,rld,14:30:51.058,21705,0.920,2.805,-0.220,0.000,0.000,onTarget,noEvent
6382,3,43,rld,14:30:51.118,21706,0.979,2.881,-0.234,0.000,0.000,onTarget,noEvent
6382,3,43,rld,14:30:51.169,21707,1.033,2.907,-0.239,0.000,0.000,onTarget,noEvent
6382,3,43,rld,14:30:51.221,21708,1.079,2.915,-0.240,0.000,0.000,onTarget,noEvent
6382,3,43,rld,14:30:51.273,21709,1.139,2.918,-0.241,0.000,0.000,onTarget,noEvent
6382,3,43,rld,14:30:51.317,21710,1.177,2.919,-0.241,0.000,0.000,onTarget,noEvent
6382,3,43,rld,14:30:51.369,21711,1.237,2.919,-0.241,0.000,0.000,onTarget,noEvent
6382,3,43,rld,14:30:51.431,21712,1.289,2.919,-0.241,0.000,0.000,onTarget,noEvent
6382,3,43,rld,14:30:51.483,21713,1.350,2.920,-0.229,0.000,0.100,onTarget,noEvent
6382,3,43,rld,14:30:51.588,21714,1.446,2.871,-0.178,-0.400,0.400,onTarget,noEvent
6382,3,43,rld,14:30:51.651,21715,1.510,2.842,-0.126,-0.100,0.300,onTarget,noEvent
6382,3,43,rld,14:30:51.703,21716,1.564,2.832,-0.085,0.000,0.200,onTarget,noEvent
6382,3,43,rld,14:30:51.780,21717,1.629,2.829,-0.048,0.000,0.200,onTarget,noEvent
6382,3,43,rld,14:30:51.837,21718,1.700,2.828,-0.012,0.000,0.200,onTarget,noEvent
6382,3,43,rld,14:30:51.891,21719,1.746,2.828,0.000,0.000,0.000,onTarget,noEvent
6382,3,43,rld,14:30:51.959,21720,1.827,2.828,0.027,0.000,0.200,onTarget,noEvent
6382,3,43,rld,14:30:52.012,21721,1.879,2.828,0.048,0.000,0.100,onTarget,noEvent
6382,3,43,rld,14:30:52.055,21722,1.920,2.828,0.055,0.000,0.000,onTarget,noEvent
6382,3,43,rld,14:30:52.109,21723,1.969,2.828,0.057,0.000,0.000,onTarget,noEvent
6382,3,43,rld,14:30:52.193,21724,2.051,2.828,0.058,0.000,0.000,onTarget,noEvent
6382,3,43,rld,14:30:52.250,21725,2.107,2.828,0.058,0.000,0.000,onTarget,noEvent
6382,3,43,rld,14:30:52.307,21726,2.173,2.828,0.058,0.000,0.000,onTarget,noEvent
6382,3,43,rld,14:30:52.358,21727,2.219,2.828,0.058,0.000,0.000,onTarget,noEvent
6382,3,43,rld,14:30:52.403,21728,2.260,2.828,0.058,0.000,0.000,onTarget,noEvent
6382,3,43,rld,14:30:52.442,21729,2.305,2.828,0.058,0.000,0.000,onTarget,noEvent
6382,3,43,rld,14:30:52.500,21730,2.357,2.828,0.058,0.000,0.000,onTarget,noEvent
6382,3,43,rld,14:30:52.541,21731,2.406,2.828,0.058,0.000,0.000,onTarget,noEvent
6382,3,43,rld,14:30:52.607,21732,2.464,2.828,0.058,0.000,0.000,onTarget,targetClick
6382,3,44,rld,14:30:57.404,21804,2.538,0.135,0.086,0.000,0.000,waitingForTarget,middleTargetClick
6382,3,44,rld,14:30:57.438,21805,2.575,0.135,0.086,0.000,0.000,waitingForTarget,noEvent
6382,3,44,rld,14:30:57.519,21806,2.646,0.135,0.086,0.000,0.000,waitingForTarget,noEvent
6382,3,44,rld,14:30:57.567,21807,2.698,0.135,0.086,0.000,0.000,waitingForTarget,noEvent
6382,3,44,rld,14:30:57.620,21808,2.746,0.135,0.086,0.000,0.000,waitingForTarget,noEvent
6382,3,44,rld,14:30:57.665,21809,2.796,0.135,0.086,0.000,0.000,waitingForTarget,noEvent
6382,3,44,rld,14:30:57.709,21810,2.839,0.135,0.086,0.000,0.000,waitingForTarget,noEvent
6382,3,44,rld,14:30:57.754,21811,2.880,0.135,0.086,0.000,0.000,waitingForTarget,noEvent
6382,3,44,rld,14:30:57.805,21812,2.923,0.135,0.086,0.000,0.000,waitingForTarget,noEvent
6382,3,44,rld,14:30:57.866,21813,2.996,0.135,0.086,0.000,0.000,waitingForTarget,noEvent
6382,3,44,rld,14:30:57.906,21814,0.043,0.135,0.086,0.000,0.000,activeTracking,targetAppeared
6382,3,44,rld,14:30:57.949,21815,0.081,0.135,0.086,0.000,0.000,activeTracking,noEvent
6382,3,44,rld,14:30:57.999,21816,0.135,0.135,0.086,0.000,0.000,activeTracking,noEvent
6382,3,44,rld,14:30:58.032,21817,0.163,0.135,0.086,0.000,0.000,activeTracking,noEvent
6382,3,44,rld,14:30:58.071,21818,0.202,0.135,0.086,0.000,0.000,activeTracking,noEvent
6382,3,44,rld,14:30:58.140,21819,0.272,0.135,0.086,0.000,0.000,activeTracking,noEvent
6382,3,44,rld,14:30:58.179,21820,0.311,0.135,0.086,0.000,0.000,activeTracking,noEvent
6382,3,44,rld,14:30:58.221,21821,0.350,0.135,0.086,0.000,0.000,activeTracking,noEvent
6382,3,44,rld,14:30:58.259,21822,0.398,0.135,0.086,0.000,0.000,activeTracking,noEvent
6382,3,44,rld,14:30:58.303,21823,0.442,0.135,0.086,0.000,0.000,activeTracking,noEvent
6382,3,44,rld,14:30:58.357,21824,0.484,0.135,0.086,0.000,0.000,activeTracking,noEvent
6382,3,44,rld,14:30:58.402,21825,0.534,0.135,0.086,0.000,0.000,activeTracking,noEvent
6382,3,44,rld,14:30:58.442,21826,0.574,0.135,0.086,0.000,0.000,activeTracking,noEvent
6382,3,44,rld,14:30:58.498,21827,0.622,0.135,0.086,0.000,0.000,activeTracking,noEvent
6382,3,44,rld,14:30:58.537,21828,0.668,0.135,0.086,0.000,0.000,activeTracking,noEvent
6382,3,44,rld,14:30:58.589,21829,0.723,0.135,0.086,0.000,0.000,activeTracking,noEvent
6382,3,44,rld,14:30:58.741,21830,0.861,-0.214,0.007,-3.100,-0.700,activeTracking,noEvent
6382,3,44,rld,14:30:59.002,21831,1.093,-0.884,-0.030,-4.900,-0.100,activeTracking,noEvent
6382,3,44,rld,14:30:59.116,21832,1.235,-1.406,-0.043,-2.600,0.000,activeTracking,noEvent
6382,3,44,rld,14:30:59.164,21833,1.300,-1.617,-0.047,-0.300,0.000,activeTracking,noEvent
6382,3,44,rld,14:30:59.256,21834,1.379,-1.710,-0.048,-0.200,0.000,activeTracking,noEvent
6382,3,44,rld,14:30:59.318,21835,1.452,-1.753,-0.048,-0.100,0.000,activeTracking,noEvent
6382,3,44,rld,14:30:59.471,21836,1.583,-1.849,-0.048,-0.700,0.000,activeTracking,noEvent
6382,3,44,rld,14:30:59.548,21837,1.668,-1.986,-0.048,-0.900,0.000,activeTracking,noEvent
6382,3,44,rld,14:30:59.611,21838,1.743,-2.056,-0.048,-0.200,0.000,activeTracking,noEvent
6382,3,44,rld,14:30:59.668,21839,1.800,-2.079,-0.048,0.000,0.000,activeTracking,noEvent
6382,3,44,rld,14:30:59.707,21840,1.847,-2.087,-0.048,0.000,0.000,activeTracking,noEvent
6382,3,44,rld,14:30:59.770,21841,1.901,-2.089,-0.048,0.000,0.000,activeTracking,noEvent
6382,3,44,rld,14:30:59.837,21842,1.965,-2.090,-0.048,0.000,0.000,activeTracking,noEvent
6382,3,44,rld,14:30:59.900,21843,2.035,-2.102,-0.048,-0.100,0.000,activeTracking,noEvent
6382,3,44,rld,14:31:00.075,21844,2.193,-2.189,-0.025,-0.700,0.200,activeTracking,noEvent
6382,3,44,rld,14:31:00.138,21845,2.252,-2.218,-0.017,0.000,0.000,activeTracking,noEvent
6382,3,44,rld,14:31:00.234,21846,2.368,-2.358,0.020,-1.100,0.300,onTarget,noEvent
6382,3,44,rld,14:31:00.297,21847,2.424,-2.453,0.033,-0.400,0.000,onTarget,noEvent
6382,3,44,rld,14:31:00.375,21848,2.499,-2.521,0.037,-0.300,0.000,onTarget,noEvent
6382,3,44,rld,14:31:00.431,21849,2.551,-2.544,0.039,0.000,0.000,onTarget,noEvent
6382,3,44,rld,14:31:00.484,21850,2.623,-2.563,0.039,-0.100,0.000,onTarget,noEvent
6382,3,44,rld,14:31:00.531,21851,2.666,-2.570,0.040,0.000,0.000,onTarget,noEvent
6382,3,44,rld,14:31:00.609,21852,2.744,-2.572,0.040,0.000,0.000,onTarget,noEvent
6382,3,44,rld,14:31:00.667,21853,2.802,-2.585,0.040,-0.100,0.000,onTarget,noEvent
6382,3,44,rld,14:31:00.736,21854,2.863,-2.613,0.040,-0.200,0.000,onTarget,noEvent
6382,3,44,rld,14:31:00.800,21855,2.919,-2.623,0.040,0.000,0.000,onTarget,noEvent
6382,3,44,rld,14:31:00.866,21856,2.993,-2.626,0.040,0.000,0.000,onTarget,noEvent
6382,3,44,rld,14:31:00.926,21857,3.058,-2.627,0.040,0.000,0.000,onTarget,noEvent
6382,3,44,rld,14:31:00.969,21858,3.099,-2.627,0.040,0.000,0.000,onTarget,noEvent
6382,3,44,rld,14:31:01.032,21859,3.163,-2.627,0.040,0.000,0.000,onTarget,noEvent
6382,3,44,rld,14:31:01.074,21860,3.209,-2.627,0.040,0.000,0.000,onTarget,noEvent
6382,3,44,rld,14:31:01.132,21861,3.252,-2.627,0.040,0.000,0.000,onTarget,noEvent
6382,3,44,rld,14:31:01.191,21862,3.312,-2.627,0.040,0.000,0.000,onTarget,noEvent
6382,3,44,rld,14:31:01.251,21863,3.382,-2.627,0.040,0.000,0.000,onTarget,targetClick
6382,3,45,rld,14:31:04.148,21908,3.460,-0.101,0.136,0.000,0.000,waitingForTarget,middleTargetClick
6382,3,45,rld,14:31:04.203,21909,3.528,-0.101,0.136,0.000,0.000,waitingForTarget,noEvent
6382,3,45,rld,14:31:04.241,21910,3.567,-0.101,0.136,0.000,0.000,waitingForTarget,noEvent
6382,3,45,rld,14:31:04.301,21911,3.612,-0.101,0.136,0.000,0.000,waitingForTarget,noEvent
6382,3,45,rld,14:31:04.354,21912,3.680,-0.101,0.136,0.000,0.000,waitingForTarget,noEvent
6382,3,45,rld,14:31:04.390,21913,3.716,-0.101,0.136,0.000,0.000,waitingForTarget,noEvent
6382,3,45,rld,14:31:04.425,21914,3.748,-0.101,0.136,0.000,0.000,waitingForTarget,noEvent
6382,3,45,rld,14:31:04.475,21915,3.791,-0.101,0.136,0.000,0.000,waitingForTarget,noEvent
6382,3,45,rld,14:31:04.506,21916,3.828,-0.101,0.136,0.000,0.000,waitingForTarget,noEvent
6382,3,45,rld,14:31:04.551,21917,3.870,-0.101,0.136,0.000,0.000,waitingForTarget,noEvent
6382,3,45,rld,14:31:04.612,21918,0.057,-0.101,0.136,0.000,0.000,activeTracking,targetAppeared
6382,3,45,rld,14:31:04.670,21919,0.125,-0.101,0.136,0.000,0.000,activeTracking,noEvent
6382,3,45,rld,14:31:04.715,21920,0.161,-0.101,0.136,0.000,0.000,activeTracking,noEvent
6382,3,45,rld,14:31:04.754,21921,0.200,-0.101,0.136,0.000,0.000,activeTracking,noEvent
6382,3,45,rld,14:31:04.807,21922,0.261,-0.101,0.136,0.000,0.000,activeTracking,noEvent
6382,3,45,rld,14:31:04.859,21923,0.307,-0.101,0.136,0.000,0.000,activeTracking,noEvent
6382,3,45,rld,14:31:04.901,21924,0.353,-0.101,0.136,0.000,0.000,activeTracking,noEvent
6382,3,45,rld,14:31:05.009,21925,0.442,0.281,0.159,3.400,0.200,activeTracking,noEvent
6382,3,45,rld,14:31:05.078,21926,0.525,0.488,0.155,0.700,-0.100,activeTracking,noEvent
6382,3,45,rld,14:31:05.208,21927,0.640,-0.141,0.075,-6.200,-0.700,activeTracking,noEvent
6382,3,45,rld,14:31:05.384,21928,0.807,-1.075,0.049,-6.400,0.000,activeTracking,noEvent
6382,3,45,rld,14:31:05.548,21929,0.994,-1.795,0.042,-3.500,0.000,activeTracking,noEvent
6382,3,45,rld,14:31:05.709,21930,1.106,-2.299,0.075,-2.200,0.300,activeTracking,noEvent
6382,3,45,rld,14:31:05.779,21931,1.225,-2.626,0.110,-1.300,0.200,onTarget,noEvent
6382,3,45,rld,14:31:05.848,21932,1.303,-2.772,0.123,-0.300,0.000,onTarget,noEvent
6382,3,45,rld,14:31:05.899,21933,1.349,-2.834,0.127,-0.100,0.000,onTarget,noEvent
6382,3,45,rld,14:31:05.951,21934,1.401,-2.854,0.128,0.000,0.000,onTarget,noEvent
6382,3,45,rld,14:31:06.013,21935,1.466,-2.861,0.129,0.000,0.000,onTarget,noEvent
6382,3,45,rld,14:31:06.046,21936,1.501,-2.863,0.129,0.000,0.000,onTarget,noEvent
6382,3,45,rld,14:31:06.121,21937,1.578,-2.864,0.129,0.000,0.000,onTarget,noEvent
6382,3,45,rld,14:31:06.190,21938,1.635,-2.864,0.129,0.000,0.000,onTarget,noEvent
6382,3,45,rld,14:31:06.282,21939,1.715,-2.828,0.129,0.300,0.000,onTarget,noEvent
6382,3,45,rld,14:31:06.390,21940,1.811,-2.767,0.105,0.400,-0.200,onTarget,noEvent
6382,3,45,rld,14:31:06.480,21941,1.911,-2.637,0.050,0.900,-0.400,onTarget,noEvent
6382,3,45,rld,14:31:06.558,21942,2.001,-2.546,0.008,0.400,-0.200,onTarget,noEvent
6382,3,45,rld,14:31:06.617,21943,2.064,-2.516,-0.006,0.000,0.000,onTarget,noEvent
6382,3,45,rld,14:31:06.679,21944,2.115,-2.506,-0.011,0.000,0.000,onTarget,noEvent
6382,3,45,rld,14:31:06.728,21945,2.175,-2.503,-0.012,0.000,0.000,onTarget,noEvent
6382,3,45,rld,14:31:06.761,21946,2.216,-2.501,-0.013,0.000,0.000,onTarget,noEvent
6382,3,45,rld,14:31:06.839,21947,2.277,-2.501,-0.013,0.000,0.000,onTarget,noEvent
6382,3,45,rld,14:31:06.904,21948,2.351,-2.501,-0.013,0.000,0.000,onTarget,noEvent
6382,3,45,rld,14:31:06.957,21949,2.399,-2.501,-0.013,0.000,0.000,onTarget,noEvent
6382,3,45,rld,14:31:07.039,21950,2.490,-2.501,-0.013,0.000,0.000,onTarget,noEvent
6382,3,45,rld,14:31:07.106,21951,2.563,-2.501,-0.013,0.000,0.000,onTarget,noEvent
6382,3,45,rld,14:31:07.157,21952,2.611,-2.501,-0.013,0.000,0.000,onTarget,noEvent
6382,3,45,rld,14:31:07.207,21953,2.660,-2.501,-0.013,0.000,0.000,onTarget,noEvent
6382,3,45,rld,14:31:07.280,21954,2.725,-2.501,-0.013,0.000,0.000,onTarget,noEvent
6382,3,45,rld,14:31:07.338,21955,2.784,-2.501,-0.013,0.000,0.000,onTarget,targetClick
6382,3,46,rld,14:31:09.531,21990,2.847,0.000,-0.032,0.000,0.000,waitingForTarget,middleTargetClick
6382,3,46,rld,14:31:09.569,21991,2.898,0.000,-0.032,0.000,0.000,waitingForTarget,noEvent
6382,3,46,rld,14:31:09.616,21992,2.934,0.000,-0.032,0.000,0.000,waitingForTarget,noEvent
6382,3,46,rld,14:31:09.648,21993,2.971,0.000,-0.032,0.000,0.000,waitingForTarget,noEvent
6382,3,46,rld,14:31:09.690,21994,3.019,0.000,-0.032,0.000,0.000,waitingForTarget,noEvent
6382,3,46,rld,14:31:09.755,21995,3.083,0.000,-0.032,0.000,0.000,waitingForTarget,noEvent
6382,3,46,rld,14:31:09.819,21996,3.147,0.000,-0.032,0.000,0.000,waitingForTarget,noEvent
6382,3,46,rld,14:31:09.863,21997,3.184,0.000,-0.032,0.000,0.000,waitingForTarget,noEvent
6382,3,46,rld,14:31:09.901,21998,3.223,0.000,-0.032,0.000,0.000,waitingForTarget,noEvent
6382,3,46,rld,14:31:09.951,21999,3.270,0.000,-0.032,0.000,0.000,waitingForTarget,noEvent
6382,3,46,rld,14:31:09.998,22000,0.049,0.000,-0.032,0.000,0.000,activeTracking,targetAppeared
6382,3,46,rld,14:31:10.047,22001,0.100,0.000,-0.032,0.000,0.000,activeTracking,noEvent
6382,3,46,rld,14:31:10.082,22002,0.133,0.000,-0.032,0.000,0.000,activeTracking,noEvent
6382,3,46,rld,14:31:10.133,22003,0.180,0.000,-0.032,0.000,0.000,activeTracking,noEvent
6382,3,46,rld,14:31:10.174,22004,0.230,0.000,-0.032,0.000,0.000,activeTracking,noEvent
6382,3,46,rld,14:31:10.236,22005,0.286,0.000,-0.032,0.000,0.000,activeTracking,noEvent
6382,3,46,rld,14:31:10.401,22006,0.419,0.518,-0.032,4.600,0.000,activeTracking,noEvent
6382,3,46,rld,14:31:10.473,22007,0.499,0.725,-0.032,0.300,0.000,activeTracking,noEvent
6382,3,46,rld,14:31:10.672,22008,0.653,-0.299,-0.055,-9.700,-0.200,activeTracking,noEvent
6382,3,46,rld,14:31:10.898,22009,0.910,-1.449,-0.085,-7.100,-0.200,activeTracking,noEvent
6382,3,46,rld,14:31:11.051,22010,1.086,-2.133,-0.095,-2.500,0.000,activeTracking,noEvent
6382,3,46,rld,14:31:11.124,22011,1.182,-2.557,-0.098,-1.600,0.000,onTarget,noEvent
6382,3,46,rld,14:31:11.176,22012,1.226,-2.725,-0.099,-0.200,0.000,onTarget,noEvent
6382,3,46,rld,14:31:11.270,22013,1.307,-2.818,-0.100,-0.300,0.000,onTarget,noEvent
6382,3,46,rld,14:31:11.334,22014,1.393,-2.861,-0.100,-0.100,0.000,onTarget,noEvent
6382,3,46,rld,14:31:11.372,22015,1.431,-2.876,-0.100,0.000,0.000,onTarget,noEvent
6382,3,46,rld,14:31:11.436,22016,1.482,-2.880,-0.100,0.000,0.000,onTarget,noEvent
6382,3,46,rld,14:31:11.497,22017,1.544,-2.882,-0.100,0.000,0.000,onTarget,noEvent
6382,3,46,rld,14:31:11.549,22018,1.608,-2.882,-0.100,0.000,0.000,onTarget,noEvent
6382,3,46,rld,14:31:11.591,22019,1.645,-2.883,-0.100,0.000,0.000,onTarget,noEvent
6382,3,46,rld,14:31:11.647,22020,1.701,-2.883,-0.100,0.000,0.000,onTarget,noEvent
6382,3,46,rld,14:31:11.692,22021,1.748,-2.883,-0.100,0.000,0.000,onTarget,noEvent
6382,3,46,rld,14:31:11.881,22022,1.929,-2.834,-0.077,0.400,0.200,onTarget,noEvent
6382,3,46,rld,14:31:11.951,22023,1.993,-2.805,-0.069,0.100,0.000,onTarget,noEvent
6382,3,46,rld,14:31:12.008,22024,2.060,-2.796,-0.054,0.000,0.100,onTarget,noEvent
6382,3,46,rld,14:31:12.050,22025,2.100,-2.793,-0.050,0.000,0.000,onTarget,noEvent
6382,3,46,rld,14:31:12.088,22026,2.142,-2.792,-0.048,0.000,0.000,onTarget,noEvent
6382,3,46,rld,14:31:12.134,22027,2.183,-2.791,-0.048,0.000,0.000,onTarget,noEvent
6382,3,46,rld,14:31:12.184,22028,2.243,-2.791,-0.047,0.000,0.000,onTarget,noEvent
6382,3,46,rld,14:31:12.239,22029,2.298,-2.791,-0.047,0.000,0.000,onTarget,noEvent
6382,3,46,rld,14:31:12.287,22030,2.343,-2.791,-0.047,0.000,0.000,onTarget,noEvent
6382,3,46,rld,14:31:12.352,22031,2.401,-2.791,-0.047,0.000,0.000,onTarget,targetClick
6382,3,47,rld,14:31:16.575,22086,2.471,-0.186,-0.049,0.000,0.000,waitingForTarget,middleTargetClick
6382,3,47,rld,14:31:16.617,22087,2.518,-0.186,-0.049,0.000,0.000,waitingForTarget,noEvent
6382,3,47,rld,14:31:16.667,22088,2.562,-0.186,-0.049,0.000,0.000,waitingForTarget,noEvent
6382,3,47,rld,14:31:16.720,22089,2.612,-0.186,-0.049,0.000,0.000,waitingForTarget,noEvent
6382,3,47,rld,14:31:16.772,22090,2.653,-0.186,-0.049,0.000,0.000,waitingForTarget,noEvent
6382,3,47,rld,14:31:16.832,22091,2.733,-0.186,-0.049,0.000,0.000,waitingForTarget,noEvent
6382,3,47,rld,14:31:16.865,22092,2.766,-0.186,-0.049,0.000,0.000,waitingForTarget,noEvent
6382,3,47,rld,14:31:16.901,22093,2.802,-0.186,-0.049,0.000,0.000,waitingForTarget,noEvent
6382,3,47,rld,14:31:16.949,22094,2.842,-0.186,-0.049,0.000,0.000,waitingForTarget,noEvent
6382,3,47,rld,14:31:16.997,22095,2.892,-0.186,-0.049,0.000,0.000,waitingForTarget,noEvent
6382,3,47,rld,14:31:17.053,22096,0.049,-0.186,-0.049,0.000,0.000,activeTracking,targetAppeared
6382,3,47,rld,14:31:17.138,22097,0.143,-0.186,-0.049,0.000,0.000,activeTracking,noEvent
6382,3,47,rld,14:31:17.178,22098,0.181,-0.186,-0.049,0.000,0.000,activeTracking,noEvent
6382,3,47,rld,14:31:17.222,22099,0.229,-0.186,-0.049,0.000,0.000,activeTracking,noEvent
6382,3,47,rld,14:31:17.273,22100,0.280,-0.186,-0.049,0.000,0.000,activeTracking,noEvent
6382,3,47,rld,14:31:17.319,22101,0.328,-0.186,-0.049,0.000,0.000,activeTracking,noEvent
6382,3,47,rld,14:31:17.368,22102,0.367,-0.186,-0.049,0.000,0.000,activeTracking,noEvent
6382,3,47,rld,14:31:17.410,22103,0.412,-0.186,-0.049,0.000,0.000,activeTracking,noEvent
6382,3,47,rld,14:31:17.450,22104,0.450,-0.186,-0.049,0.000,0.000,activeTracking,noEvent
6382,3,47,rld,14:31:17.500,22105,0.497,-0.186,-0.049,0.000,0.000,activeTracking,noEvent
6382,3,47,rld,14:31:17.541,22106,0.547,-0.186,-0.049,0.000,0.000,activeTracking,noEvent
6382,3,47,rld,14:31:17.590,22107,0.592,-0.186,-0.049,0.000,0.000,activeTracking,noEvent
6382,3,47,rld,14:31:17.637,22108,0.644,-0.186,-0.049,0.000,0.000,activeTracking,noEvent
6382,3,47,rld,14:31:17.729,22109,0.728,-0.806,-0.060,-5.500,-0.100,activeTracking,noEvent
6382,3,47,rld,14:31:17.987,22110,0.957,-1.553,-0.064,-4.700,0.000,activeTracking,noEvent
6382,3,47,rld,14:31:18.087,22111,1.076,-2.110,-0.065,-2.600,0.000,activeTracking,noEvent
6382,3,47,rld,14:31:18.155,22112,1.149,-2.382,-0.042,-0.700,0.200,onTarget,noEvent
6382,3,47,rld,14:31:18.250,22113,1.249,-2.533,-0.022,-0.500,0.100,onTarget,noEvent
6382,3,47,rld,14:31:18.334,22114,1.330,-2.584,-0.016,0.000,0.000,onTarget,noEvent
6382,3,47,rld,14:31:18.374,22115,1.383,-2.601,-0.014,0.000,0.000,onTarget,noEvent
6382,3,47,rld,14:31:18.430,22116,1.433,-2.606,-0.013,0.000,0.000,onTarget,noEvent
6382,3,47,rld,14:31:18.497,22117,1.492,-2.608,-0.013,0.000,0.000,onTarget,noEvent
6382,3,47,rld,14:31:18.552,22118,1.548,-2.609,-0.013,0.000,0.000,onTarget,noEvent
6382,3,47,rld,14:31:18.602,22119,1.606,-2.609,-0.013,0.000,0.000,onTarget,noEvent
6382,3,47,rld,14:31:18.644,22120,1.649,-2.609,-0.013,0.000,0.000,onTarget,noEvent
6382,3,47,rld,14:31:18.706,22121,1.711,-2.609,-0.013,0.000,0.000,onTarget,noEvent
6382,3,47,rld,14:31:18.769,22122,1.767,-2.609,-0.013,0.000,0.000,onTarget,noEvent
6382,3,47,rld,14:31:18.842,22123,1.833,-2.609,-0.013,0.000,0.000,onTarget,noEvent
6382,3,47,rld,14:31:18.896,22124,1.898,-2.609,-0.013,0.000,0.000,onTarget,noEvent
6382,3,47,rld,14:31:18.929,22125,1.935,-2.609,-0.013,0.000,0.000,onTarget,noEvent
6382,3,47,rld,14:31:18.984,22126,1.981,-2.609,-0.013,0.000,0.000,onTarget,noEvent
6382,3,47,rld,14:31:19.040,22127,2.040,-2.609,-0.013,0.000,0.000,onTarget,noEvent
6382,3,47,rld,14:31:19.097,22128,2.093,-2.609,-0.013,0.000,0.000,onTarget,targetClick
6382,3,48,rld,14:31:23.150,22198,2.158,-0.017,0.170,0.000,0.000,waitingForTarget,middleTargetClick
6382,3,48,rld,14:31:23.191,22199,2.209,-0.017,0.170,0.000,0.000,waitingForTarget,noEvent
6382,3,48,rld,14:31:23.239,22200,2.252,-0.017,0.170,0.000,0.000,waitingForTarget,noEvent
6382,3,48,rld,14:31:23.273,22201,2.292,-0.017,0.170,0.000,0.000,waitingForTarget,noEvent
6382,3,48,rld,14:31:23.369,22202,2.388,-0.017,0.170,0.000,0.000,waitingForTarget,noEvent
6382,3,48,rld,14:31:23.412,22203,2.427,-0.017,0.170,0.000,0.000,waitingForTarget,noEvent
6382,3,48,rld,14:31:23.449,22204,2.469,-0.017,0.170,0.000,0.000,waitingForTarget,noEvent
6382,3,48,rld,14:31:23.467,22205,2.487,-0.017,0.170,0.000,0.000,waitingForTarget,noEvent
6382,3,48,rld,14:31:23.531,22206,2.542,-0.017,0.170,0.000,0.000,waitingForTarget,noEvent
6382,3,48,rld,14:31:23.600,22207,2.610,-0.017,0.170,0.000,0.000,waitingForTarget,noEvent
6382,3,48,rld,14:31:23.679,22208,0.077,-0.017,0.170,0.000,0.000,activeTracking,targetAppeared
6382,3,48,rld,14:31:23.737,22209,0.142,-0.017,0.170,0.000,0.000,activeTracking,noEvent
6382,3,48,rld,14:31:23.789,22210,0.193,-0.017,0.170,0.000,0.000,activeTracking,noEvent
6382,3,48,rld,14:31:23.846,22211,0.245,-0.017,0.170,0.000,0.000,activeTracking,noEvent
6382,3,48,rld,14:31:23.891,22212,0.293,-0.017,0.170,0.000,0.000,activeTracking,noEvent
6382,3,48,rld,14:31:23.927,22213,0.335,-0.017,0.170,0.000,0.000,activeTracking,noEvent
6382,3,48,rld,14:31:23.973,22214,0.380,-0.017,0.170,0.000,0.000,activeTracking,noEvent
6382,3,48,rld,14:31:24.023,22215,0.430,-0.017,0.170,0.000,0.000,activeTracking,noEvent
6382,3,48,rld,14:31:24.070,22216,0.479,-0.017,0.170,0.000,0.000,activeTracking,noEvent
6382,3,48,rld,14:31:24.214,22217,0.562,0.784,0.182,7.100,0.100,activeTracking,noEvent
6382,3,48,rld,14:31:24.391,22218,0.781,1.928,0.133,7.600,-0.500,activeTracking,noEvent
6382,3,48,rld,14:31:24.518,22219,0.913,2.802,0.061,4.000,-0.500,onTarget,noEvent
6382,3,48,rld,14:31:24.678,22220,1.032,3.492,-0.009,3.100,-0.400,activeTracking,noEvent
6382,3,48,rld,14:31:24.730,22221,1.132,3.793,-0.057,0.500,-0.200,activeTracking,noEvent
6382,3,48,rld,14:31:24.800,22222,1.203,3.895,-0.098,0.000,-0.200,activeTracking,noEvent
6382,3,48,rld,14:31:24.878,22223,1.279,3.929,-0.136,0.000,-0.200,activeTracking,noEvent
6382,3,48,rld,14:31:24.935,22224,1.333,3.941,-0.148,0.000,0.000,activeTracking,noEvent
6382,3,48,rld,14:31:24.983,22225,1.386,3.944,-0.153,0.000,0.000,activeTracking,noEvent
6382,3,48,rld,14:31:25.046,22226,1.442,3.946,-0.154,0.000,0.000,activeTracking,noEvent
6382,3,48,rld,14:31:25.091,22227,1.496,3.946,-0.154,0.000,0.000,activeTracking,noEvent
6382,3,48,rld,14:31:25.182,22228,1.546,3.946,-0.155,0.000,0.000,activeTracking,noEvent
6382,3,48,rld,14:31:25.348,22229,1.743,3.192,-0.094,-5.900,0.500,activeTracking,noEvent
6382,3,48,rld,14:31:25.435,22230,1.826,2.716,-0.040,-1.900,0.300,onTarget,noEvent
6382,3,48,rld,14:31:25.498,22231,1.892,2.536,-0.022,-0.200,0.000,onTarget,noEvent
6382,3,48,rld,14:31:25.564,22232,1.963,2.453,0.007,-0.200,0.200,onTarget,noEvent
6382,3,48,rld,14:31:25.640,22233,2.043,2.401,0.040,-0.200,0.200,onTarget,noEvent
6382,3,48,rld,14:31:25.685,22234,2.094,2.384,0.051,0.000,0.000,onTarget,noEvent
6382,3,48,rld,14:31:25.756,22235,2.159,2.378,0.066,0.000,0.100,onTarget,noEvent
6382,3,48,rld,14:31:25.820,22236,2.219,2.376,0.071,0.000,0.000,onTarget,noEvent
6382,3,48,rld,14:31:25.862,22237,2.269,2.376,0.073,0.000,0.000,onTarget,noEvent
6382,3,48,rld,14:31:25.908,22238,2.313,2.375,0.074,0.000,0.000,onTarget,noEvent
6382,3,48,rld,14:31:26.018,22239,2.394,2.423,0.086,0.400,0.100,onTarget,noEvent
6382,3,48,rld,14:31:26.103,22240,2.498,2.535,0.090,0.800,0.000,onTarget,noEvent
6382,3,48,rld,14:31:26.164,22241,2.571,2.609,0.092,0.300,0.000,onTarget,noEvent
6382,3,48,rld,14:31:26.235,22242,2.643,2.645,0.092,0.100,0.000,onTarget,noEvent
6382,3,48,rld,14:31:26.333,22243,2.699,2.694,0.093,0.300,0.000,onTarget,noEvent
6382,3,48,rld,14:31:26.406,22244,2.811,2.759,0.093,0.400,0.000,onTarget,noEvent
6382,3,48,rld,14:31:26.454,22245,2.861,2.792,0.093,0.100,0.000,onTarget,noEvent
6382,3,48,rld,14:31:26.517,22246,2.913,2.804,0.093,0.000,0.000,onTarget,noEvent
6382,3,48,rld,14:31:26.553,22247,2.961,2.808,0.093,0.000,0.000,onTarget,noEvent
6382,3,48,rld,14:31:26.614,22248,3.012,2.809,0.093,0.000,0.000,onTarget,noEvent
6382,3,48,rld,14:31:26.669,22249,3.064,2.809,0.093,0.000,0.000,onTarget,noEvent
6382,3,48,rld,14:31:26.720,22250,3.116,2.809,0.093,0.000,0.000,onTarget,noEvent
6382,3,48,rld,14:31:26.780,22251,3.179,2.809,0.093,0.000,0.000,onTarget,targetClick
6382,3,49,rld,14:31:30.960,22311,3.246,0.219,0.221,0.000,0.000,waitingForTarget,middleTargetClick
6382,3,49,rld,14:31:31.011,22312,3.306,0.219,0.221,0.000,0.000,waitingForTarget,noEvent
6382,3,49,rld,14:31:31.062,22313,3.356,0.219,0.221,0.000,0.000,waitingForTarget,noEvent
6382,3,49,rld,14:31:31.114,22314,3.401,0.219,0.221,0.000,0.000,waitingForTarget,noEvent
6382,3,49,rld,14:31:31.151,22315,3.446,0.219,0.221,0.000,0.000,waitingForTarget,noEvent
6382,3,49,rld,14:31:31.199,22316,3.488,0.219,0.221,0.000,0.000,waitingForTarget,noEvent
6382,3,49,rld,14:31:31.237,22317,3.532,0.219,0.221,0.000,0.000,waitingForTarget,noEvent
6382,3,49,rld,14:31:31.280,22318,3.571,0.219,0.221,0.000,0.000,waitingForTarget,noEvent
6382,3,49,rld,14:31:31.331,22319,3.628,0.219,0.221,0.000,0.000,waitingForTarget,noEvent
6382,3,49,rld,14:31:31.366,22320,3.663,0.219,0.221,0.000,0.000,waitingForTarget,noEvent
6382,3,49,rld,14:31:31.414,22321,0.044,0.219,0.221,0.000,0.000,activeTracking,targetAppeared
6382,3,49,rld,14:31:31.461,22322,0.085,0.219,0.221,0.000,0.000,activeTracking,noEvent
6382,3,49,rld,14:31:31.498,22323,0.131,0.219,0.221,0.000,0.000,activeTracking,noEvent
6382,3,49,rld,14:31:31.561,22324,0.177,0.219,0.221,0.000,0.000,activeTracking,noEvent
6382,3,49,rld,14:31:31.615,22325,0.234,0.219,0.221,0.000,0.000,activeTracking,noEvent
6382,3,49,rld,14:31:31.656,22326,0.285,0.219,0.221,0.000,0.000,activeTracking,noEvent
6382,3,49,rld,14:31:31.702,22327,0.327,0.219,0.221,0.000,0.000,activeTracking,noEvent
6382,3,49,rld,14:31:31.749,22328,0.368,0.219,0.221,0.000,0.000,activeTracking,noEvent
6382,3,49,rld,14:31:31.818,22329,0.427,0.219,0.221,0.000,0.000,activeTracking,noEvent
6382,3,49,rld,14:31:32.033,22330,0.660,-1.330,0.338,-13.700,1.000,activeTracking,noEvent
6382,3,49,rld,14:31:32.173,22331,0.801,-2.069,0.347,-1.800,-0.300,activeTracking,noEvent
6382,3,49,rld,14:31:32.280,22332,0.891,-2.452,0.329,-1.100,-0.200,activeTracking,noEvent
6382,3,49,rld,14:31:32.340,22333,0.965,-2.641,0.324,-0.500,0.000,onTarget,noEvent
6382,3,49,rld,14:31:32.399,22334,1.030,-2.729,0.322,-0.200,0.000,onTarget,noEvent
6382,3,49,rld,14:31:32.446,22335,1.076,-2.758,0.322,0.000,0.000,onTarget,noEvent
6382,3,49,rld,14:31:32.502,22336,1.126,-2.768,0.322,0.000,0.000,onTarget,noEvent
6382,3,49,rld,14:31:32.548,22337,1.175,-2.771,0.322,0.000,0.000,onTarget,noEvent
6382,3,49,rld,14:31:32.617,22338,1.249,-2.772,0.322,0.000,0.000,onTarget,noEvent
6382,3,49,rld,14:31:32.677,22339,1.304,-2.773,0.322,0.000,0.000,onTarget,noEvent
6382,3,49,rld,14:31:32.777,22340,1.409,-2.736,0.286,0.300,-0.300,onTarget,noEvent
6382,3,49,rld,14:31:32.901,22341,1.501,-2.639,0.203,0.700,-0.600,onTarget,noEvent
6382,3,49,rld,14:31:32.963,22342,1.582,-2.583,0.141,0.200,-0.300,onTarget,noEvent
6382,3,49,rld,14:31:33.019,22343,1.647,-2.552,0.108,0.100,-0.100,onTarget,noEvent
6382,3,49,rld,14:31:33.084,22344,1.707,-2.542,0.074,0.000,-0.200,onTarget,noEvent
6382,3,49,rld,14:31:33.149,22345,1.782,-2.539,0.028,0.000,-0.300,onTarget,noEvent
6382,3,49,rld,14:31:33.211,22346,1.839,-2.537,-0.011,0.000,-0.200,onTarget,noEvent
6382,3,49,rld,14:31:33.256,22347,1.886,-2.537,-0.024,0.000,0.000,onTarget,noEvent
6382,3,49,rld,14:31:33.317,22348,1.942,-2.537,-0.028,0.000,0.000,onTarget,noEvent
6382,3,49,rld,14:31:33.361,22349,1.995,-2.537,-0.029,0.000,0.000,onTarget,noEvent
6382,3,49,rld,14:31:33.428,22350,2.051,-2.549,-0.030,-0.100,0.000,onTarget,noEvent
6382,3,49,rld,14:31:33.486,22351,2.104,-2.553,-0.030,0.000,0.000,onTarget,noEvent
6382,3,49,rld,14:31:33.545,22352,2.166,-2.554,-0.007,0.000,0.200,onTarget,noEvent
6382,3,49,rld,14:31:33.587,22353,2.209,-2.555,0.001,0.000,0.000,onTarget,noEvent
6382,3,49,rld,14:31:33.623,22354,2.257,-2.555,0.003,0.000,0.000,onTarget,noEvent
6382,3,49,rld,14:31:33.666,22355,2.288,-2.555,0.004,0.000,0.000,onTarget,noEvent
6382,3,49,rld,14:31:33.717,22356,2.352,-2.555,0.005,0.000,0.000,onTarget,noEvent
6382,3,49,rld,14:31:33.803,22357,2.426,-2.555,0.005,0.000,0.000,onTarget,targetClick
6382,3,50,rld,14:31:38.112,22416,2.480,-0.135,0.103,0.000,0.000,waitingForTarget,middleTargetClick
6382,3,50,rld,14:31:38.150,22417,2.534,-0.135,0.103,0.000,0.000,waitingForTarget,noEvent
6382,3,50,rld,14:31:38.212,22418,2.587,-0.135,0.103,0.000,0.000,waitingForTarget,noEvent
6382,3,50,rld,14:31:38.264,22419,2.644,-0.135,0.103,0.000,0.000,waitingForTarget,noEvent
6382,3,50,rld,14:31:38.312,22420,2.696,-0.135,0.103,0.000,0.000,waitingForTarget,noEvent
6382,3,50,rld,14:31:38.354,22421,2.737,-0.135,0.103,0.000,0.000,waitingForTarget,noEvent
6382,3,50,rld,14:31:38.399,22422,2.785,-0.135,0.103,0.000,0.000,waitingForTarget,noEvent
6382,3,50,rld,14:31:38.443,22423,2.824,-0.135,0.103,0.000,0.000,waitingForTarget,noEvent
6382,3,50,rld,14:31:38.464,22424,2.849,-0.135,0.103,0.000,0.000,waitingForTarget,noEvent
6382,3,50,rld,14:31:38.490,22425,2.874,-0.135,0.103,0.000,0.000,waitingForTarget,noEvent
6382,3,50,rld,14:31:38.555,22426,2.926,-0.135,0.103,0.000,0.000,waitingForTarget,noEvent
6382,3,50,rld,14:31:38.626,22427,0.083,-0.135,0.103,0.000,0.000,activeTracking,targetAppeared
6382,3,50,rld,14:31:38.681,22428,0.134,-0.135,0.103,0.000,0.000,activeTracking,noEvent
6382,3,50,rld,14:31:38.732,22429,0.181,-0.135,0.103,0.000,0.000,activeTracking,noEvent
6382,3,50,rld,14:31:38.787,22430,0.230,-0.135,0.103,0.000,0.000,activeTracking,noEvent
6382,3,50,rld,14:31:38.834,22431,0.288,-0.135,0.103,0.000,0.000,activeTracking,noEvent
6382,3,50,rld,14:31:38.881,22432,0.339,-0.135,0.103,0.000,0.000,activeTracking,noEvent
6382,3,50,rld,14:31:38.922,22433,0.377,-0.135,0.103,0.000,0.000,activeTracking,noEvent
6382,3,50,rld,14:31:38.969,22434,0.417,-0.135,0.103,0.000,0.000,activeTracking,noEvent
6382,3,50,rld,14:31:39.014,22435,0.465,-0.135,0.103,0.000,0.000,activeTracking,noEvent
6382,3,50,rld,14:31:39.113,22436,0.559,-0.135,0.103,0.000,0.000,activeTracking,noEvent
6382,3,50,rld,14:31:39.269,22437,0.682,-0.518,-0.066,-3.400,-1.500,activeTracking,noEvent
6382,3,50,rld,14:31:39.441,22438,0.879,-1.317,-0.316,-5.900,-1.700,activeTracking,noEvent
6382,3,50,rld,14:31:39.495,22439,0.949,-1.656,-0.401,-0.600,0.000,activeTracking,noEvent
6382,3,50,rld,14:31:39.546,22440,0.996,-1.770,-0.429,0.000,0.000,activeTracking,noEvent
6382,3,50,rld,14:31:39.613,22441,1.060,-1.808,-0.439,0.000,0.000,activeTracking,noEvent
6382,3,50,rld,14:31:39.671,22442,1.120,-1.821,-0.442,0.000,0.000,activeTracking,noEvent
6382,3,50,rld,14:31:39.736,22443,1.181,-1.825,-0.443,0.000,0.000,activeTracking,noEvent
6382,3,50,rld,14:31:39.819,22444,1.276,-1.826,-0.443,0.000,0.000,activeTracking,noEvent
6382,3,50,rld,14:31:39.871,22445,1.329,-1.827,-0.444,0.000,0.000,activeTracking,noEvent
6382,3,50,rld,14:31:39.905,22446,1.361,-1.827,-0.444,0.000,0.000,activeTracking,noEvent
6382,3,50,rld,14:31:40.103,22447,1.544,-1.769,-0.249,0.500,1.700,activeTracking,noEvent
6382,3,50,rld,14:31:40.271,22448,1.716,-1.948,-0.127,-1.700,0.500,activeTracking,noEvent
6382,3,50,rld,14:31:40.369,22449,1.806,-2.267,-0.063,-2.200,0.200,activeTracking,noEvent
6382,3,50,rld,14:31:40.431,22450,1.880,-2.435,-0.030,-0.500,0.100,onTarget,noEvent
6382,3,50,rld,14:31:40.500,22451,1.950,-2.515,-0.007,-0.200,0.100,onTarget,noEvent
6382,3,50,rld,14:31:40.572,22452,2.017,-2.602,0.024,-0.500,0.200,onTarget,noEvent
6382,3,50,rld,14:31:40.663,22453,2.109,-2.752,0.035,-1.000,0.000,onTarget,noEvent
6382,3,50,rld,14:31:40.743,22454,2.200,-2.851,0.039,-0.400,0.000,onTarget,noEvent
6382,3,50,rld,14:31:40.789,22455,2.243,-2.885,0.040,0.000,0.000,onTarget,noEvent
6382,3,50,rld,14:31:40.856,22456,2.312,-2.896,0.041,0.000,0.000,onTarget,noEvent
6382,3,50,rld,14:31:40.904,22457,2.361,-2.899,0.041,0.000,0.000,onTarget,noEvent
6382,3,50,rld,14:31:40.961,22458,2.420,-2.901,0.041,0.000,0.000,onTarget,noEvent
6382,3,50,rld,14:31:41.013,22459,2.467,-2.901,0.041,0.000,0.000,onTarget,noEvent
6382,3,50,rld,14:31:41.047,22460,2.501,-2.901,0.041,0.000,0.000,onTarget,noEvent
6382,3,50,rld,14:31:41.102,22461,2.548,-2.901,0.041,0.000,0.000,onTarget,noEvent
6382,3,50,rld,14:31:41.138,22462,2.597,-2.901,0.041,0.000,0.000,onTarget,noEvent
6382,3,50,rld,14:31:41.185,22463,2.629,-2.901,0.041,0.000,0.000,onTarget,noEvent
6382,3,50,rld,14:31:41.240,22464,2.691,-2.901,0.041,0.000,0.000,onTarget,noEvent
6382,3,50,rld,14:31:41.286,22465,2.744,-2.901,0.041,0.000,0.000,onTarget,noEvent
6382,3,50,rld,14:31:41.323,22466,2.780,-2.901,0.041,0.000,0.000,onTarget,noEvent
6382,3,50,rld,14:31:41.370,22467,2.822,-2.901,0.041,0.000,0.000,onTarget,noEvent
6382,3,50,rld,14:31:41.419,22468,2.866,-2.901,0.041,0.000,0.000,onTarget,noEvent
6382,3,50,rld,14:31:41.471,22469,2.928,-2.901,0.041,0.000,0.000,onTarget,noEvent
6382,3,50,rld,14:31:41.536,22470,2.991,-2.901,0.041,0.000,0.000,onTarget,targetClick
6382,3,51,rld,14:31:45.230,22522,3.044,-0.253,0.170,0.000,0.000,waitingForTarget,middleTargetClick
6382,3,51,rld,14:31:45.310,22523,3.125,-0.253,0.170,0.000,0.000,waitingForTarget,noEvent
6382,3,51,rld,14:31:45.351,22524,3.161,-0.253,0.170,0.000,0.000,waitingForTarget,noEvent
6382,3,51,rld,14:31:45.401,22525,3.210,-0.253,0.170,0.000,0.000,waitingForTarget,noEvent
6382,3,51,rld,14:31:45.454,22526,3.259,-0.253,0.170,0.000,0.000,waitingForTarget,noEvent
6382,3,51,rld,14:31:45.501,22527,3.309,-0.253,0.170,0.000,0.000,waitingForTarget,noEvent
6382,3,51,rld,14:31:45.564,22528,3.374,-0.253,0.170,0.000,0.000,waitingForTarget,noEvent
6382,3,51,rld,14:31:45.599,22529,3.418,-0.253,0.170,0.000,0.000,waitingForTarget,noEvent
6382,3,51,rld,14:31:45.653,22530,3.461,-0.253,0.170,0.000,0.000,waitingForTarget,noEvent
6382,3,51,rld,14:31:45.704,22531,0.051,-0.253,0.170,0.000,0.000,activeTracking,targetAppeared
6382,3,51,rld,14:31:45.768,22532,0.117,-0.253,0.170,0.000,0.000,activeTracking,noEvent
6382,3,51,rld,14:31:45.820,22533,0.179,-0.253,0.170,0.000,0.000,activeTracking,noEvent
6382,3,51,rld,14:31:45.863,22534,0.220,-0.253,0.170,0.000,0.000,activeTracking,noEvent
6382,3,51,rld,14:31:45.900,22535,0.249,-0.253,0.170,0.000,0.000,activeTracking,noEvent
6382,3,51,rld,14:31:45.939,22536,0.295,-0.253,0.170,0.000,0.000,activeTracking,noEvent
6382,3,51,rld,14:31:45.989,22537,0.346,-0.253,0.170,0.000,0.000,activeTracking,noEvent
6382,3,51,rld,14:31:46.032,22538,0.382,-0.253,0.170,0.000,0.000,activeTracking,noEvent
6382,3,51,rld,14:31:46.072,22539,0.422,-0.253,0.170,0.000,0.000,activeTracking,noEvent
6382,3,51,rld,14:31:46.110,22540,0.466,-0.253,0.170,0.000,0.000,activeTracking,noEvent
6382,3,51,rld,14:31:46.151,22541,0.502,-0.253,0.170,0.000,0.000,activeTracking,noEvent
6382,3,51,rld,14:31:46.187,22542,0.540,-0.253,0.170,0.000,0.000,activeTracking,noEvent
6382,3,51,rld,14:31:46.239,22543,0.594,-0.253,0.170,0.000,0.000,activeTracking,noEvent
6382,3,51,rld,14:31:46.315,22544,0.660,-0.253,0.170,0.000,0.000,activeTracking,noEvent
6382,3,51,rld,14:31:46.382,22545,0.722,-0.253,0.170,0.000,0.000,activeTracking,noEvent
6382,3,51,rld,14:31:46.553,22546,0.884,-0.988,0.092,-6.500,-0.700,activeTracking,noEvent
6382,3,51,rld,14:31:46.642,22547,0.992,-1.476,0.078,-2.100,0.100,activeTracking,noEvent
6382,3,51,rld,14:31:46.701,22548,1.060,-1.675,0.074,-0.300,0.000,activeTracking,noEvent
6382,3,51,rld,14:31:46.763,22549,1.121,-1.753,0.072,-0.100,0.000,activeTracking,noEvent
6382,3,51,rld,14:31:46.830,22550,1.183,-1.779,0.072,0.000,0.000,activeTracking,noEvent
6382,3,51,rld,14:31:46.879,22551,1.232,-1.788,0.072,0.000,0.000,activeTracking,noEvent
6382,3,51,rld,14:31:46.929,22552,1.281,-1.791,0.072,0.000,0.000,activeTracking,noEvent
6382,3,51,rld,14:31:46.979,22553,1.331,-1.792,0.072,0.000,0.000,activeTracking,noEvent
6382,3,51,rld,14:31:47.043,22554,1.391,-1.792,0.072,0.000,0.000,activeTracking,noEvent
6382,3,51,rld,14:31:47.110,22555,1.465,-1.792,0.072,0.000,0.000,activeTracking,noEvent
6382,3,51,rld,14:31:47.184,22556,1.522,-1.792,0.072,0.000,0.000,activeTracking,noEvent
6382,3,51,rld,14:31:47.235,22557,1.587,-1.792,0.072,0.000,0.000,activeTracking,noEvent
6382,3,51,rld,14:31:47.301,22558,1.643,-1.804,0.072,-0.100,0.000,activeTracking,noEvent
6382,3,51,rld,14:31:47.433,22559,1.768,-1.936,0.072,-1.100,0.000,activeTracking,noEvent
6382,3,51,rld,14:31:47.478,22560,1.830,-2.016,0.072,-0.300,0.000,activeTracking,noEvent
6382,3,51,rld,14:31:47.550,22561,1.897,-2.066,0.073,-0.200,0.000,activeTracking,noEvent
6382,3,51,rld,14:31:47.612,22562,1.964,-2.094,0.073,-0.100,0.000,activeTracking,noEvent
6382,3,51,rld,14:31:47.686,22563,2.039,-2.139,0.073,-0.300,0.000,activeTracking,noEvent
6382,3,51,rld,14:31:47.755,22564,2.109,-2.189,0.073,-0.300,0.000,activeTracking,noEvent
6382,3,51,rld,14:31:47.818,22565,2.172,-2.218,0.073,-0.100,0.000,activeTracking,noEvent
6382,3,51,rld,14:31:47.883,22566,2.233,-2.228,0.073,0.000,0.000,activeTracking,noEvent
6382,3,51,rld,14:31:47.938,22567,2.286,-2.231,0.073,0.000,0.000,activeTracking,noEvent
6382,3,51,rld,14:31:47.985,22568,2.342,-2.232,0.073,0.000,0.000,activeTracking,noEvent
6382,3,51,rld,14:31:48.050,22569,2.398,-2.244,0.073,-0.100,0.000,activeTracking,noEvent
6382,3,51,rld,14:31:48.105,22570,2.447,-2.248,0.073,0.000,0.000,activeTracking,noEvent
6382,3,51,rld,14:31:48.171,22571,2.516,-2.261,0.073,-0.100,0.000,activeTracking,noEvent
6382,3,51,rld,14:31:48.255,22572,2.595,-2.325,0.074,-0.500,0.000,activeTracking,noEvent
6382,3,51,rld,14:31:48.321,22573,2.665,-2.370,0.074,-0.200,0.000,onTarget,noEvent
6382,3,51,rld,14:31:48.366,22574,2.718,-2.397,0.074,-0.100,0.000,onTarget,noEvent
6382,3,51,rld,14:31:48.426,22575,2.772,-2.406,0.074,0.000,0.000,onTarget,noEvent
6382,3,51,rld,14:31:48.471,22576,2.827,-2.409,0.074,0.000,0.000,onTarget,noEvent
6382,3,51,rld,14:31:48.559,22577,2.872,-2.410,0.074,0.000,0.000,onTarget,noEvent
6382,3,51,rld,14:31:48.611,22578,2.960,-2.411,0.074,0.000,0.000,onTarget,noEvent
6382,3,51,rld,14:31:48.676,22579,3.026,-2.411,0.074,0.000,0.000,onTarget,noEvent
6382,3,51,rld,14:31:48.739,22580,3.089,-2.411,0.074,0.000,0.000,onTarget,noEvent
6382,3,51,rld,14:31:48.781,22581,3.139,-2.411,0.074,0.000,0.000,onTarget,noEvent
6382,3,51,rld,14:31:48.880,22582,3.222,-2.411,0.074,0.000,0.000,onTarget,noEvent
6382,3,51,rld,14:31:48.944,22583,3.284,-2.411,0.051,0.000,-0.200,onTarget,noEvent
6382,3,51,rld,14:31:49.032,22584,3.375,-2.411,-0.003,0.000,-0.400,onTarget,noEvent
6382,3,51,rld,14:31:49.088,22585,3.444,-2.411,-0.045,0.000,-0.200,onTarget,noEvent
6382,3,51,rld,14:31:49.133,22586,3.492,-2.411,-0.070,0.000,-0.100,onTarget,noEvent
6382,3,51,rld,14:31:49.219,22587,3.563,-2.411,-0.102,0.000,-0.200,onTarget,noEvent
6382,3,51,rld,14:31:49.282,22588,3.641,-2.411,-0.112,0.000,0.000,onTarget,noEvent
6382,3,51,rld,14:31:49.328,22589,3.682,-2.411,-0.116,0.000,0.000,onTarget,noEvent
6382,3,51,rld,14:31:49.388,22590,3.742,-2.411,-0.117,0.000,0.000,onTarget,noEvent
6382,3,51,rld,14:31:49.430,22591,3.782,-2.411,-0.117,0.000,0.000,onTarget,noEvent
6382,3,51,rld,14:31:49.506,22592,3.857,-2.411,-0.117,0.000,0.000,onTarget,targetClick
6382,3,52,rld,14:31:51.769,22630,3.919,-0.219,0.001,0.000,0.000,waitingForTarget,middleTargetClick
6382,3,52,rld,14:31:51.847,22631,3.988,-0.219,0.001,0.000,0.000,waitingForTarget,noEvent
6382,3,52,rld,14:31:52.250,22640,0.045,-0.219,0.001,0.000,0.000,activeTracking,targetAppeared
6382,3,52,rld,14:31:52.289,22641,0.093,-0.219,0.001,0.000,0.000,activeTracking,noEvent
6382,3,52,rld,14:31:52.339,22642,0.135,-0.219,0.001,0.000,0.000,activeTracking,noEvent
6382,3,52,rld,14:31:52.381,22643,0.185,-0.219,0.001,0.000,0.000,activeTracking,noEvent
6382,3,52,rld,14:31:52.436,22644,0.226,-0.219,0.001,0.000,0.000,activeTracking,noEvent
6382,3,52,rld,14:31:52.481,22645,0.274,-0.219,0.001,0.000,0.000,activeTracking,noEvent
6382,3,52,rld,14:31:52.517,22646,0.320,-0.219,0.001,0.000,0.000,activeTracking,noEvent
6382,3,52,rld,14:31:52.571,22647,0.368,-0.219,0.001,0.000,0.000,activeTracking,noEvent
6382,3,52,rld,14:31:52.623,22648,0.419,-0.219,0.001,0.000,0.000,activeTracking,noEvent
6382,3,52,rld,14:31:52.668,22649,0.466,-0.219,0.001,0.000,0.000,activeTracking,noEvent
6382,3,52,rld,14:31:52.710,22650,0.508,-0.219,0.001,0.000,0.000,activeTracking,noEvent
6382,3,52,rld,14:31:52.761,22651,0.554,-0.219,0.001,0.000,0.000,activeTracking,noEvent
6382,3,52,rld,14:31:52.822,22652,0.627,-0.219,0.001,0.000,0.000,activeTracking,noEvent
6382,3,52,rld,14:31:52.901,22653,0.674,-0.219,0.001,0.000,0.000,activeTracking,noEvent
6382,3,52,rld,14:31:53.117,22654,0.858,0.546,-0.100,6.800,-0.900,activeTracking,noEvent
6382,3,52,rld,14:31:53.230,22655,1.015,1.098,-0.157,2.600,-0.200,activeTracking,noEvent
6382,3,52,rld,14:31:53.298,22656,1.100,1.341,-0.176,0.500,0.000,activeTracking,noEvent
6382,3,52,rld,14:31:53.417,22657,1.185,1.525,-0.182,0.900,0.000,activeTracking,noEvent
6382,3,52,rld,14:31:53.480,22658,1.265,1.633,-0.185,0.400,0.000,activeTracking,noEvent
6382,3,52,rld,14:31:53.536,22659,1.335,1.693,-0.185,0.200,0.000,activeTracking,noEvent
6382,3,52,rld,14:31:53.589,22660,1.386,1.713,-0.186,0.000,0.000,activeTracking,noEvent
6382,3,52,rld,14:31:53.649,22661,1.441,1.719,-0.186,0.000,0.000,activeTracking,noEvent
6382,3,52,rld,14:31:53.694,22662,1.498,1.721,-0.186,0.000,0.000,activeTracking,noEvent
6382,3,52,rld,14:31:53.762,22663,1.555,1.722,-0.186,0.000,0.000,activeTracking,noEvent
6382,3,52,rld,14:31:53.832,22664,1.633,1.722,-0.186,0.000,0.000,activeTracking,noEvent
6382,3,52,rld,14:31:53.889,22665,1.688,1.722,-0.186,0.000,0.000,activeTracking,noEvent
6382,3,52,rld,14:31:53.947,22666,1.745,1.722,-0.186,0.000,0.000,activeTracking,noEvent
6382,3,52,rld,14:31:54.006,22667,1.795,1.722,-0.186,0.000,0.000,activeTracking,noEvent
6382,3,52,rld,14:31:54.115,22668,1.888,1.804,-0.163,0.700,0.200,activeTracking,noEvent
6382,3,52,rld,14:31:54.271,22669,2.069,2.030,-0.087,1.700,0.600,activeTracking,noEvent
6382,3,52,rld,14:31:54.329,22670,2.127,2.165,-0.038,0.500,0.200,activeTracking,noEvent
6382,3,52,rld,14:31:54.402,22671,2.184,2.234,-0.022,0.200,0.000,activeTracking,noEvent
6382,3,52,rld,14:31:54.522,22672,2.295,2.364,0.030,0.900,0.400,onTarget,noEvent
6382,3,52,rld,14:31:54.608,22673,2.392,2.491,0.071,0.700,0.200,onTarget,noEvent
6382,3,52,rld,14:31:54.664,22674,2.457,2.546,0.085,0.100,0.000,onTarget,noEvent
6382,3,52,rld,14:31:54.709,22675,2.509,2.564,0.090,0.000,0.000,onTarget,noEvent
6382,3,52,rld,14:31:54.788,22676,2.590,2.582,0.091,0.100,0.000,onTarget,noEvent
6382,3,52,rld,14:31:54.921,22677,2.710,2.648,0.104,0.500,0.100,onTarget,noEvent
6382,3,52,rld,14:31:54.985,22678,2.776,2.695,0.108,0.200,0.000,onTarget,noEvent
6382,3,52,rld,14:31:55.036,22679,2.839,2.710,0.110,0.000,0.000,onTarget,noEvent
6382,3,52,rld,14:31:55.092,22680,2.892,2.716,0.110,0.000,0.000,onTarget,noEvent
6382,3,52,rld,14:31:55.137,22681,2.929,2.717,0.110,0.000,0.000,onTarget,noEvent
6382,3,52,rld,14:31:55.188,22682,2.978,2.718,0.110,0.000,0.000,onTarget,noEvent
6382,3,52,rld,14:31:55.231,22683,3.028,2.718,0.110,0.000,0.000,onTarget,noEvent
6382,3,52,rld,14:31:55.296,22684,3.088,2.718,0.110,0.000,0.000,onTarget,noEvent
6382,3,52,rld,14:31:55.367,22685,3.168,2.718,0.110,0.000,0.000,onTarget,targetClick
6382,3,53,rld,14:31:59.961,22753,3.231,-0.118,0.001,0.000,0.000,waitingForTarget,middleTargetClick
6382,3,53,rld,14:32:00.001,22754,3.285,-0.118,0.001,0.000,0.000,waitingForTarget,noEvent
6382,3,53,rld,14:32:00.068,22755,3.340,-0.118,0.001,0.000,0.000,waitingForTarget,noEvent
6382,3,53,rld,14:32:00.134,22756,3.418,-0.118,0.001,0.000,0.000,waitingForTarget,noEvent
6382,3,53,rld,14:32:00.170,22757,3.454,-0.118,0.001,0.000,0.000,waitingForTarget,noEvent
6382,3,53,rld,14:32:00.217,22758,3.495,-0.118,0.001,0.000,0.000,waitingForTarget,noEvent
6382,3,53,rld,14:32:00.262,22759,3.535,-0.118,0.001,0.000,0.000,waitingForTarget,noEvent
6382,3,53,rld,14:32:00.299,22760,3.574,-0.118,0.001,0.000,0.000,waitingForTarget,noEvent
6382,3,53,rld,14:32:00.335,22761,3.618,-0.118,0.001,0.000,0.000,waitingForTarget,noEvent
6382,3,53,rld,14:32:00.401,22762,3.686,-0.118,0.001,0.000,0.000,waitingForTarget,noEvent
6382,3,53,rld,14:32:00.450,22763,0.040,-0.118,0.001,0.000,0.000,activeTracking,targetAppeared
6382,3,53,rld,14:32:00.511,22764,0.098,-0.118,0.001,0.000,0.000,activeTracking,noEvent
6382,3,53,rld,14:32:00.562,22765,0.150,-0.118,0.001,0.000,0.000,activeTracking,noEvent
6382,3,53,rld,14:32:00.599,22766,0.198,-0.118,0.001,0.000,0.000,activeTracking,noEvent
6382,3,53,rld,14:32:00.653,22767,0.247,-0.118,0.001,0.000,0.000,activeTracking,noEvent
6382,3,53,rld,14:32:00.705,22768,0.300,-0.118,0.001,0.000,0.000,activeTracking,noEvent
6382,3,53,rld,14:32:00.746,22769,0.337,-0.118,0.001,0.000,0.000,activeTracking,noEvent
6382,3,53,rld,14:32:00.786,22770,0.382,-0.118,0.001,0.000,0.000,activeTracking,noEvent
6382,3,53,rld,14:32:00.865,22771,0.461,-0.118,0.001,0.000,0.000,activeTracking,noEvent
6382,3,53,rld,14:32:00.918,22772,0.510,-0.118,0.001,0.000,0.000,activeTracking,noEvent
6382,3,53,rld,14:32:01.081,22773,0.654,0.727,-0.100,7.500,-0.900,activeTracking,noEvent
6382,3,53,rld,14:32:01.279,22774,0.801,2.381,-0.367,11.800,-2.000,activeTracking,noEvent
6382,3,53,rld,14:32:01.363,22775,0.939,3.032,-0.462,0.600,0.000,activeTracking,noEvent
6382,3,53,rld,14:32:01.551,22776,1.132,3.777,-0.502,4.100,0.000,activeTracking,noEvent
6382,3,53,rld,14:32:01.602,22777,1.192,4.101,-0.517,0.500,0.000,activeTracking,noEvent
6382,3,53,rld,14:32:01.655,22778,1.239,4.210,-0.522,0.000,0.000,activeTracking,noEvent
6382,3,53,rld,14:32:01.708,22779,1.302,4.247,-0.524,0.000,0.000,activeTracking,noEvent
6382,3,53,rld,14:32:01.864,22780,1.450,3.836,-0.336,-3.200,1.500,activeTracking,noEvent
6382,3,53,rld,14:32:01.994,22781,1.580,3.345,-0.058,-2.800,1.800,activeTracking,noEvent
6382,3,53,rld,14:32:02.205,22782,1.779,2.572,0.123,-5.000,0.800,onTarget,noEvent
6382,3,53,rld,14:32:02.321,22783,1.907,2.061,0.169,-2.200,-0.100,activeTracking,noEvent
6382,3,53,rld,14:32:02.376,22784,1.973,1.870,0.184,-0.200,0.000,activeTracking,noEvent
6382,3,53,rld,14:32:02.436,22785,2.022,1.806,0.189,0.000,0.000,activeTracking,noEvent
6382,3,53,rld,14:32:02.493,22786,2.079,1.785,0.191,0.000,0.000,activeTracking,noEvent
6382,3,53,rld,14:32:02.543,22787,2.131,1.778,0.192,0.000,0.000,activeTracking,noEvent
6382,3,53,rld,14:32:02.602,22788,2.198,1.776,0.192,0.000,0.000,activeTracking,noEvent
6382,3,53,rld,14:32:02.651,22789,2.249,1.775,0.192,0.000,0.000,activeTracking,noEvent
6382,3,53,rld,14:32:02.708,22790,2.297,1.775,0.192,0.000,0.000,activeTracking,noEvent
6382,3,53,rld,14:32:02.759,22791,2.349,1.775,0.192,0.000,0.000,activeTracking,noEvent
6382,3,53,rld,14:32:02.912,22792,2.474,1.810,0.169,0.300,-0.200,activeTracking,noEvent
6382,3,53,rld,14:32:03.036,22793,2.620,2.197,0.106,3.200,-0.500,activeTracking,noEvent
6382,3,53,rld,14:32:03.081,22794,2.670,2.363,0.085,0.300,0.000,onTarget,noEvent
6382,3,53,rld,14:32:03.204,22795,2.769,2.491,0.078,0.600,0.000,onTarget,noEvent
6382,3,53,rld,14:32:03.266,22796,2.859,2.618,0.076,0.700,0.000,onTarget,noEvent
6382,3,53,rld,14:32:03.343,22797,2.929,2.697,0.087,0.300,0.100,onTarget,noEvent
6382,3,53,rld,14:32:03.398,22798,2.986,2.723,0.091,0.000,0.000,onTarget,noEvent
6382,3,53,rld,14:32:03.447,22799,3.037,2.732,0.092,0.000,0.000,onTarget,noEvent
6382,3,53,rld,14:32:03.500,22800,3.099,2.735,0.093,0.000,0.000,onTarget,noEvent
6382,3,53,rld,14:32:03.551,22801,3.149,2.736,0.093,0.000,0.000,onTarget,noEvent
6382,3,53,rld,14:32:03.600,22802,3.199,2.736,0.093,0.000,0.000,onTarget,noEvent
6382,3,53,rld,14:32:03.651,22803,3.240,2.736,0.093,0.000,0.000,onTarget,noEvent
6382,3,53,rld,14:32:03.686,22804,3.283,2.736,0.093,0.000,0.000,onTarget,noEvent
6382,3,53,rld,14:32:03.732,22805,3.331,2.736,0.093,0.000,0.000,onTarget,noEvent
6382,3,53,rld,14:32:03.818,22806,3.412,2.736,0.093,0.000,0.000,onTarget,noEvent
6382,3,53,rld,14:32:03.897,22807,3.486,2.736,0.093,0.000,0.000,onTarget,targetClick
6382,3,54,rld,14:32:07.598,22864,3.553,-0.118,0.086,0.000,0.000,waitingForTarget,middleTargetClick
6382,3,54,rld,14:32:07.649,22865,3.597,-0.118,0.086,0.000,0.000,waitingForTarget,noEvent
6382,3,54,rld,14:32:07.712,22866,3.663,-0.118,0.086,0.000,0.000,waitingForTarget,noEvent
6382,3,54,rld,14:32:07.750,22867,3.703,-0.118,0.086,0.000,0.000,waitingForTarget,noEvent
6382,3,54,rld,14:32:07.819,22868,3.781,-0.118,0.086,0.000,0.000,waitingForTarget,noEvent
6382,3,54,rld,14:32:07.870,22869,3.830,-0.118,0.086,0.000,0.000,waitingForTarget,noEvent
6382,3,54,rld,14:32:07.914,22870,3.871,-0.118,0.086,0.000,0.000,waitingForTarget,noEvent
6382,3,54,rld,14:32:07.968,22871,3.917,-0.118,0.086,0.000,0.000,waitingForTarget,noEvent
6382,3,54,rld,14:32:08.031,22872,3.983,-0.118,0.086,0.000,0.000,waitingForTarget,noEvent
6382,3,54,rld,14:32:08.070,22873,0.043,-0.118,0.086,0.000,0.000,activeTracking,targetAppeared
6382,3,54,rld,14:32:08.128,22874,0.101,-0.118,0.086,0.000,0.000,activeTracking,noEvent
6382,3,54,rld,14:32:08.177,22875,0.148,-0.118,0.086,0.000,0.000,activeTracking,noEvent
6382,3,54,rld,14:32:08.221,22876,0.192,-0.118,0.086,0.000,0.000,activeTracking,noEvent
6382,3,54,rld,14:32:08.284,22877,0.261,0.039,0.074,1.400,-0.100,activeTracking,noEvent
6382,3,54,rld,14:32:08.461,22878,0.394,0.735,0.037,5.700,-0.300,activeTracking,noEvent
6382,3,54,rld,14:32:08.533,22879,0.499,1.367,0.003,3.500,-0.200,activeTracking,noEvent
6382,3,54,rld,14:32:08.600,22880,0.571,1.604,-0.020,0.200,-0.100,activeTracking,noEvent
6382,3,54,rld,14:32:08.719,22881,0.671,0.824,-0.085,-7.500,-0.500,activeTracking,noEvent
6382,3,54,rld,14:32:08.801,22882,0.769,-0.210,-0.106,-6.900,0.000,activeTracking,noEvent
6382,3,54,rld,14:32:09.059,22883,1.004,-2.788,-0.313,-19.200,-1.700,onTarget,noEvent
6382,3,54,rld,14:32:09.179,22884,1.136,-4.244,-0.457,-4.000,-0.500,activeTracking,noEvent
6382,3,54,rld,14:32:09.302,22885,1.242,-4.891,-0.525,-0.900,-0.100,activeTracking,noEvent
6382,3,54,rld,14:32:09.378,22886,1.350,-5.202,-0.550,-0.600,0.000,activeTracking,noEvent
6382,3,54,rld,14:32:09.427,22887,1.402,-5.307,-0.559,0.000,0.000,activeTracking,noEvent
6382,3,54,rld,14:32:09.484,22888,1.454,-5.342,-0.562,0.000,0.000,activeTracking,noEvent
6382,3,54,rld,14:32:09.538,22889,1.511,-5.354,-0.563,0.000,0.000,activeTracking,noEvent
6382,3,54,rld,14:32:09.598,22890,1.567,-5.358,-0.563,0.000,0.000,activeTracking,noEvent
6382,3,54,rld,14:32:09.702,22891,1.675,-5.213,-0.535,1.000,0.200,activeTracking,noEvent
6382,3,54,rld,14:32:09.941,22892,1.916,-1.957,0.264,25.000,6.500,activeTracking,noEvent
6382,3,54,rld,14:32:09.997,22893,1.973,-0.713,0.596,2.400,0.800,activeTracking,noEvent
6382,3,54,rld,14:32:10.045,22894,2.020,-0.305,0.707,0.000,0.000,activeTracking,noEvent
6382,3,54,rld,14:32:10.101,22895,2.071,-0.169,0.744,0.000,0.000,activeTracking,noEvent
6382,3,54,rld,14:32:10.162,22896,2.127,-0.124,0.757,0.000,0.000,activeTracking,noEvent
6382,3,54,rld,14:32:10.208,22897,2.178,-0.109,0.761,0.000,0.000,activeTracking,noEvent
6382,3,54,rld,14:32:10.244,22898,2.225,-0.104,0.762,0.000,0.000,activeTracking,noEvent
6382,3,54,rld,14:32:10.310,22899,2.281,-0.091,0.763,0.100,0.000,activeTracking,noEvent
6382,3,54,rld,14:32:10.380,22900,2.352,-0.064,0.774,0.200,0.100,activeTracking,noEvent
6382,3,54,rld,14:32:10.430,22901,2.404,-0.044,0.789,0.100,0.100,activeTracking,noEvent
6382,3,54,rld,14:32:10.480,22902,2.453,-0.037,0.795,0.000,0.000,activeTracking,noEvent
6382,3,54,rld,14:32:10.531,22903,2.504,-0.035,0.796,0.000,0.000,activeTracking,noEvent
6382,3,54,rld,14:32:10.721,22904,2.685,-0.994,0.415,-8.500,-3.400,activeTracking,noEvent
6382,3,54,rld,14:32:10.933,22905,2.879,-2.355,-0.226,-8.900,-4.500,activeTracking,noEvent
6382,3,54,rld,14:32:10.999,22906,2.963,-2.876,-0.448,-0.400,0.000,activeTracking,noEvent
6382,3,54,rld,14:32:11.171,22907,3.048,-3.090,-0.524,-0.300,0.000,activeTracking,noEvent
6382,3,54,rld,14:32:11.252,22908,3.223,-3.337,-0.564,-1.400,-0.100,activeTracking,noEvent
6382,3,54,rld,14:32:11.335,22909,3.301,-3.433,-0.578,-0.100,0.000,activeTracking,noEvent
6382,3,54,rld,14:32:11.395,22910,3.370,-3.465,-0.570,0.000,0.100,activeTracking,noEvent
6382,3,54,rld,14:32:11.531,22911,3.494,-3.400,-0.519,0.600,0.400,activeTracking,noEvent
6382,3,54,rld,14:32:11.631,22912,3.591,-3.340,-0.478,0.300,0.200,activeTracking,noEvent
6382,3,54,rld,14:32:11.781,22913,3.761,-3.170,-0.213,1.200,2.100,activeTracking,noEvent
6382,3,54,rld,14:32:11.864,22914,3.836,-3.077,-0.067,0.300,0.500,activeTracking,noEvent
6382,3,54,rld,14:32:11.915,22915,3.895,-3.046,-0.018,0.000,0.000,onTarget,noEvent
6382,3,54,rld,14:32:11.964,22916,3.944,-3.036,-0.002,0.000,0.000,onTarget,noEvent
6382,3,54,rld,14:32:12.018,22917,3.997,-3.032,0.003,0.000,0.000,onTarget,noEvent
6382,3,55,rld,14:32:16.537,22987,0.064,0.186,0.170,0.000,0.000,activeTracking,targetAppeared
6382,3,55,rld,14:32:16.583,22988,0.100,0.186,0.170,0.000,0.000,activeTracking,noEvent
6382,3,55,rld,14:32:16.651,22989,0.168,0.186,0.170,0.000,0.000,activeTracking,noEvent
6382,3,55,rld,14:32:16.818,22990,0.300,0.321,0.170,1.200,0.000,activeTracking,noEvent
6382,3,55,rld,14:32:16.927,22991,0.428,0.806,0.205,3.900,0.300,activeTracking,noEvent
6382,3,55,rld,14:32:16.986,22992,0.498,1.014,0.217,0.400,0.000,activeTracking,noEvent
6382,3,55,rld,14:32:17.151,22993,0.640,-1.810,0.179,-25.500,-0.400,activeTracking,noEvent
6382,3,55,rld,14:32:17.270,22994,0.751,-3.545,0.237,-6.000,0.500,activeTracking,noEvent
6382,3,55,rld,14:32:17.379,22995,0.890,-4.369,0.275,-1.500,0.100,activeTracking,noEvent
6382,3,55,rld,14:32:17.469,22996,0.989,-4.808,0.304,-1.100,0.100,activeTracking,noEvent
6382,3,55,rld,14:32:17.535,22997,1.059,-5.029,0.315,-0.500,0.000,activeTracking,noEvent
6382,3,55,rld,14:32:17.630,22998,1.154,-5.162,0.320,-0.400,0.000,activeTracking,noEvent
6382,3,55,rld,14:32:17.681,22999,1.200,-5.206,0.334,0.000,0.100,activeTracking,noEvent
6382,3,55,rld,14:32:17.749,23000,1.273,-5.221,0.352,0.000,0.100,activeTracking,noEvent
6382,3,55,rld,14:32:17.871,23001,1.381,-4.840,0.325,2.700,-0.200,activeTracking,noEvent
6382,3,55,rld,14:32:17.987,23002,1.490,-4.345,0.224,2.700,-0.700,activeTracking,noEvent
6382,3,55,rld,14:32:18.086,23003,1.593,-3.933,0.116,1.900,-0.600,activeTracking,noEvent
6382,3,55,rld,14:32:18.221,23004,1.708,-3.656,0.007,1.100,-0.600,activeTracking,noEvent
6382,3,55,rld,14:32:18.318,23005,1.828,-3.438,-0.076,1.000,-0.400,activeTracking,noEvent
6382,3,55,rld,14:32:18.391,23006,1.911,-3.278,-0.128,0.700,-0.200,activeTracking,noEvent
6382,3,55,rld,14:32:18.464,23007,1.978,-3.200,-0.157,0.200,-0.100,activeTracking,noEvent
6382,3,55,rld,14:32:18.524,23008,2.047,-3.174,-0.166,0.000,0.000,activeTracking,noEvent
6382,3,55,rld,14:32:18.578,23009,2.090,-3.165,-0.169,0.000,0.000,activeTracking,noEvent
6382,3,55,rld,14:32:18.628,23010,2.148,-3.162,-0.170,0.000,0.000,activeTracking,noEvent
6382,3,55,rld,14:32:18.692,23011,2.208,-3.161,-0.171,0.000,0.000,activeTracking,noEvent
6382,3,55,rld,14:32:18.767,23012,2.250,-3.161,-0.171,0.000,0.000,activeTracking,noEvent
6382,3,55,rld,14:32:18.878,23013,2.379,-2.987,-0.147,1.400,0.200,onTarget,noEvent
6382,3,55,rld,14:32:18.955,23014,2.468,-2.893,-0.139,0.300,0.000,onTarget,noEvent
6382,3,55,rld,14:32:19.033,23015,2.558,-2.849,-0.101,0.100,0.300,onTarget,noEvent
6382,3,55,rld,14:32:19.152,23016,2.635,-2.811,-0.065,0.200,0.200,onTarget,noEvent
6382,3,55,rld,14:32:19.226,23017,2.745,-2.761,-0.042,0.300,0.100,onTarget,noEvent
6382,3,55,rld,14:32:19.299,23018,2.822,-2.732,-0.034,0.100,0.000,onTarget,noEvent
6382,3,55,rld,14:32:19.354,23019,2.879,-2.723,-0.031,0.000,0.000,onTarget,noEvent
6382,3,55,rld,14:32:19.416,23020,2.931,-2.720,-0.030,0.000,0.000,onTarget,noEvent
6382,3,55,rld,14:32:19.482,23021,2.995,-2.719,-0.030,0.000,0.000,onTarget,noEvent
6382,3,55,rld,14:32:19.537,23022,3.059,-2.718,-0.030,0.000,0.000,onTarget,noEvent
6382,3,55,rld,14:32:19.579,23023,3.097,-2.718,-0.030,0.000,0.000,onTarget,noEvent
6382,3,55,rld,14:32:19.634,23024,3.149,-2.718,-0.030,0.000,0.000,onTarget,noEvent
6382,3,55,rld,14:32:19.693,23025,3.210,-2.718,-0.030,0.000,0.000,onTarget,noEvent
6382,3,55,rld,14:32:19.752,23026,3.267,-2.718,-0.030,0.000,0.000,onTarget,noEvent
6382,3,55,rld,14:32:19.831,23027,3.348,-2.718,-0.030,0.000,0.000,onTarget,targetClick
6382,3,56,rld,14:32:23.579,23078,3.413,-0.169,0.086,0.000,0.000,waitingForTarget,middleTargetClick
6382,3,56,rld,14:32:23.638,23079,3.479,-0.169,0.086,0.000,0.000,waitingForTarget,noEvent
6382,3,56,rld,14:32:23.671,23080,3.518,-0.169,0.086,0.000,0.000,waitingForTarget,noEvent
6382,3,56,rld,14:32:23.734,23081,3.570,-0.169,0.086,0.000,0.000,waitingForTarget,noEvent
6382,3,56,rld,14:32:23.818,23082,3.630,-0.169,0.086,0.000,0.000,waitingForTarget,noEvent
6382,3,56,rld,14:32:23.872,23083,3.710,-0.169,0.086,0.000,0.000,waitingForTarget,noEvent
6382,3,56,rld,14:32:23.918,23084,3.758,-0.169,0.086,0.000,0.000,waitingForTarget,noEvent
6382,3,56,rld,14:32:23.961,23085,3.802,-0.169,0.086,0.000,0.000,waitingForTarget,noEvent
6382,3,56,rld,14:32:24.004,23086,3.852,-0.169,0.086,0.000,0.000,waitingForTarget,noEvent
6382,3,56,rld,14:32:24.054,23087,0.049,-0.169,0.086,0.000,0.000,activeTracking,targetAppeared
6382,3,56,rld,14:32:24.099,23088,0.094,-0.169,0.086,0.000,0.000,activeTracking,noEvent
6382,3,56,rld,14:32:24.158,23089,0.148,-0.169,0.086,0.000,0.000,activeTracking,noEvent
6382,3,56,rld,14:32:24.199,23090,0.196,-0.169,0.086,0.000,0.000,activeTracking,noEvent
6382,3,56,rld,14:32:24.237,23091,0.229,-0.169,0.086,0.000,0.000,activeTracking,noEvent
6382,3,56,rld,14:32:24.280,23092,0.275,-0.169,0.086,0.000,0.000,activeTracking,noEvent
6382,3,56,rld,14:32:24.343,23093,0.329,-0.169,0.086,0.000,0.000,activeTracking,noEvent
6382,3,56,rld,14:32:24.396,23094,0.368,-0.169,0.086,0.000,0.000,activeTracking,noEvent
6382,3,56,rld,14:32:24.505,23095,0.447,-0.169,0.086,0.000,0.000,activeTracking,noEvent
6382,3,56,rld,14:32:24.731,23096,0.708,0.994,0.064,10.300,-0.200,activeTracking,noEvent
6382,3,56,rld,14:32:24.880,23097,0.876,1.744,-0.010,3.100,-0.600,activeTracking,noEvent
6382,3,56,rld,14:32:24.958,23098,0.945,2.045,-0.035,0.400,0.000,activeTracking,noEvent
6382,3,56,rld,14:32:25.061,23099,1.026,2.253,-0.044,0.900,0.000,activeTracking,noEvent
6382,3,56,rld,14:32:25.195,23100,1.185,2.514,-0.058,1.600,-0.100,onTarget,noEvent
6382,3,56,rld,14:32:25.251,23101,1.234,2.626,-0.063,0.200,0.000,onTarget,noEvent
6382,3,56,rld,14:32:25.303,23102,1.297,2.663,-0.064,0.000,0.000,onTarget,noEvent
6382,3,56,rld,14:32:25.399,23103,1.385,2.675,-0.065,0.000,0.000,onTarget,noEvent
6382,3,56,rld,14:32:25.451,23104,1.435,2.680,-0.065,0.000,0.000,onTarget,noEvent
6382,3,56,rld,14:32:25.494,23105,1.484,2.681,-0.065,0.000,0.000,onTarget,noEvent
6382,3,56,rld,14:32:25.549,23106,1.541,2.682,-0.065,0.000,0.000,onTarget,noEvent
6382,3,56,rld,14:32:25.619,23107,1.600,2.682,-0.065,0.000,0.000,onTarget,noEvent
6382,3,56,rld,14:32:25.661,23108,1.652,2.682,-0.065,0.000,0.000,onTarget,noEvent
6382,3,56,rld,14:32:25.703,23109,1.698,2.682,-0.065,0.000,0.000,onTarget,noEvent
6382,3,56,rld,14:32:25.761,23110,1.756,2.682,-0.065,0.000,0.000,onTarget,noEvent
6382,3,56,rld,14:32:25.800,23111,1.797,2.682,-0.065,0.000,0.000,onTarget,noEvent
6382,3,56,rld,14:32:25.860,23112,1.846,2.682,-0.065,0.000,0.000,onTarget,noEvent
6382,3,56,rld,14:32:25.910,23113,1.905,2.682,-0.065,0.000,0.000,onTarget,noEvent
6382,3,56,rld,14:32:25.979,23114,1.974,2.682,-0.065,0.000,0.000,onTarget,targetClick
6382,3,57,rld,14:32:30.871,23198,2.046,0.084,0.052,0.000,0.000,waitingForTarget,middleTargetClick
6382,3,57,rld,14:32:30.901,23199,2.086,0.084,0.052,0.000,0.000,waitingForTarget,noEvent
6382,3,57,rld,14:32:30.962,23200,2.140,0.084,0.052,0.000,0.000,waitingForTarget,noEvent
6382,3,57,rld,14:32:31.001,23201,2.181,0.084,0.052,0.000,0.000,waitingForTarget,noEvent
6382,3,57,rld,14:32:31.046,23202,2.222,0.084,0.052,0.000,0.000,waitingForTarget,noEvent
6382,3,57,rld,14:32:31.101,23203,2.286,0.084,0.052,0.000,0.000,waitingForTarget,noEvent
6382,3,57,rld,14:32:31.144,23204,2.319,0.084,0.052,0.000,0.000,waitingForTarget,noEvent
6382,3,57,rld,14:32:31.194,23205,2.373,0.084,0.052,0.000,0.000,waitingForTarget,noEvent
6382,3,57,rld,14:32:31.248,23206,2.418,0.084,0.052,0.000,0.000,waitingForTarget,noEvent
6382,3,57,rld,14:32:31.300,23207,2.480,0.084,0.052,0.000,0.000,waitingForTarget,noEvent
6382,3,57,rld,14:32:31.369,23208,0.060,0.084,0.052,0.000,0.000,activeTracking,targetAppeared
6382,3,57,rld,14:32:31.414,23209,0.117,0.084,0.052,0.000,0.000,activeTracking,noEvent
6382,3,57,rld,14:32:31.458,23210,0.155,0.084,0.052,0.000,0.000,activeTracking,noEvent
6382,3,57,rld,14:32:31.502,23211,0.192,0.084,0.052,0.000,0.000,activeTracking,noEvent
6382,3,57,rld,14:32:31.564,23212,0.236,0.084,0.052,0.000,0.000,activeTracking,noEvent
6382,3,57,rld,14:32:31.610,23213,0.306,0.084,0.052,0.000,0.000,activeTracking,noEvent
6382,3,57,rld,14:32:31.649,23214,0.346,0.084,0.052,0.000,0.000,activeTracking,noEvent
6382,3,57,rld,14:32:31.701,23215,0.401,0.084,0.052,0.000,0.000,activeTracking,noEvent
6382,3,57,rld,14:32:31.741,23216,0.446,0.084,0.052,0.000,0.000,activeTracking,noEvent
6382,3,57,rld,14:32:31.786,23217,0.477,0.084,0.052,0.000,0.000,activeTracking,noEvent
6382,3,57,rld,14:32:31.850,23218,0.550,0.084,0.052,0.000,0.000,activeTracking,noEvent
6382,3,57,rld,14:32:31.897,23219,0.592,0.084,0.052,0.000,0.000,activeTracking,noEvent
6382,3,57,rld,14:32:31.937,23220,0.635,0.084,0.052,0.000,0.000,activeTracking,noEvent
6382,3,57,rld,14:32:31.981,23221,0.686,0.084,0.052,0.000,0.000,activeTracking,noEvent
6382,3,57,rld,14:32:32.039,23222,0.726,0.084,0.052,0.000,0.000,activeTracking,noEvent
6382,3,57,rld,14:32:32.135,23223,0.792,0.084,0.052,0.000,0.000,activeTracking,noEvent
6382,3,57,rld,14:32:32.312,23224,0.954,-0.671,0.052,-6.700,0.000,activeTracking,noEvent
6382,3,57,rld,14:32:32.445,23225,1.127,-1.311,0.019,-3.400,-0.300,activeTracking,noEvent
6382,3,57,rld,14:32:32.502,23226,1.200,-1.596,0.008,-0.600,0.000,activeTracking,noEvent
6382,3,57,rld,14:32:32.565,23227,1.269,-1.715,0.005,-0.200,0.000,activeTracking,noEvent
6382,3,57,rld,14:32:32.678,23228,1.356,-1.871,0.004,-1.000,0.000,activeTracking,noEvent
6382,3,57,rld,14:32:32.731,23229,1.426,-1.982,0.004,-0.500,0.000,activeTracking,noEvent
6382,3,57,rld,14:32:32.790,23230,1.490,-2.043,0.004,-0.200,0.000,activeTracking,noEvent
6382,3,57,rld,14:32:32.854,23231,1.557,-2.063,0.004,0.000,0.000,activeTracking,noEvent
6382,3,57,rld,14:32:32.920,23232,1.618,-2.046,0.004,0.200,0.000,activeTracking,noEvent
6382,3,57,rld,14:32:32.987,23233,1.676,-2.029,0.003,0.100,0.000,activeTracking,noEvent
6382,3,57,rld,14:32:33.046,23234,1.747,-2.011,0.003,0.100,0.000,activeTracking,noEvent
6382,3,57,rld,14:32:33.103,23235,1.803,-2.005,0.003,0.000,0.000,activeTracking,noEvent
6382,3,57,rld,14:32:33.217,23236,1.902,-2.192,0.050,-1.600,0.400,activeTracking,noEvent
6382,3,57,rld,14:32:33.295,23237,1.986,-2.314,0.066,-0.500,0.000,activeTracking,noEvent
6382,3,57,rld,14:32:33.395,23238,2.090,-2.498,0.072,-1.200,0.000,onTarget,noEvent
6382,3,57,rld,14:32:33.534,23239,2.220,-2.766,0.075,-1.700,0.000,onTarget,noEvent
6382,3,57,rld,14:32:33.600,23240,2.297,-2.942,0.076,-0.700,0.000,onTarget,noEvent
6382,3,57,rld,14:32:33.669,23241,2.367,-3.025,0.077,-0.200,0.000,onTarget,noEvent
6382,3,57,rld,14:32:33.726,23242,2.417,-3.053,0.077,0.000,0.000,onTarget,noEvent
6382,3,57,rld,14:32:33.768,23243,2.472,-3.063,0.077,0.000,0.000,activeTracking,noEvent
6382,3,57,rld,14:32:33.869,23244,2.556,-3.066,0.077,0.000,0.000,activeTracking,noEvent
6382,3,57,rld,14:32:33.931,23245,2.622,-3.067,0.077,0.000,0.000,activeTracking,noEvent
6382,3,57,rld,14:32:33.987,23246,2.673,-3.067,0.077,0.000,0.000,activeTracking,noEvent
6382,3,57,rld,14:32:34.162,23247,2.851,-2.870,0.017,1.600,-0.500,onTarget,noEvent
6382,3,57,rld,14:32:34.236,23248,2.926,-2.769,-0.014,0.300,-0.100,onTarget,noEvent
6382,3,57,rld,14:32:34.286,23249,2.989,-2.723,-0.025,0.100,0.000,onTarget,noEvent
6382,3,57,rld,14:32:34.366,23250,3.054,-2.695,-0.028,0.100,0.000,onTarget,noEvent
6382,3,57,rld,14:32:34.449,23251,3.148,-2.650,-0.041,0.300,-0.100,onTarget,noEvent
6382,3,57,rld,14:32:34.498,23252,3.201,-2.635,-0.045,0.000,0.000,onTarget,noEvent
6382,3,57,rld,14:32:34.553,23253,3.256,-2.630,-0.047,0.000,0.000,onTarget,noEvent
6382,3,57,rld,14:32:34.630,23254,3.333,-2.628,-0.047,0.000,0.000,onTarget,noEvent
6382,3,57,rld,14:32:34.696,23255,3.394,-2.628,-0.047,0.000,0.000,onTarget,noEvent
6382,3,57,rld,14:32:34.730,23256,3.427,-2.627,-0.048,0.000,0.000,onTarget,noEvent
6382,3,57,rld,14:32:34.783,23257,3.475,-2.627,-0.048,0.000,0.000,onTarget,noEvent
6382,3,57,rld,14:32:34.858,23258,3.553,-2.627,-0.048,0.000,0.000,onTarget,noEvent
6382,3,57,rld,14:32:34.901,23259,3.604,-2.627,-0.048,0.000,0.000,onTarget,noEvent
6382,3,57,rld,14:32:34.970,23260,3.669,-2.627,-0.048,0.000,0.000,onTarget,targetClick
6382,3,58,rld,14:32:38.301,23317,3.714,0.051,-0.117,0.000,0.000,waitingForTarget,middleTargetClick
6382,3,58,rld,14:32:38.341,23318,3.766,0.051,-0.117,0.000,0.000,waitingForTarget,noEvent
6382,3,58,rld,14:32:38.392,23319,3.816,0.051,-0.117,0.000,0.000,waitingForTarget,noEvent
6382,3,58,rld,14:32:38.422,23320,3.846,0.051,-0.117,0.000,0.000,waitingForTarget,noEvent
6382,3,58,rld,14:32:38.510,23321,3.930,0.051,-0.117,0.000,0.000,waitingForTarget,noEvent
6382,3,58,rld,14:32:38.570,23322,3.990,0.051,-0.117,0.000,0.000,waitingForTarget,noEvent
6382,3,58,rld,14:32:38.777,23326,0.037,0.051,-0.117,0.000,0.000,activeTracking,targetAppeared
6382,3,58,rld,14:32:38.851,23327,0.117,0.051,-0.117,0.000,0.000,activeTracking,noEvent
6382,3,58,rld,14:32:38.899,23328,0.159,0.051,-0.117,0.000,0.000,activeTracking,noEvent
6382,3,58,rld,14:32:38.937,23329,0.198,0.051,-0.117,0.000,0.000,activeTracking,noEvent
6382,3,58,rld,14:32:38.994,23330,0.250,0.051,-0.117,0.000,0.000,activeTracking,noEvent
6382,3,58,rld,14:32:39.040,23331,0.297,0.051,-0.117,0.000,0.000,activeTracking,noEvent
6382,3,58,rld,14:32:39.079,23332,0.337,0.051,-0.117,0.000,0.000,activeTracking,noEvent
6382,3,58,rld,14:32:39.120,23333,0.388,0.051,-0.117,0.000,0.000,activeTracking,noEvent
6382,3,58,rld,14:32:39.169,23334,0.429,0.051,-0.117,0.000,0.000,activeTracking,noEvent
6382,3,58,rld,14:32:39.214,23335,0.475,0.051,-0.117,0.000,0.000,activeTracking,noEvent
6382,3,58,rld,14:32:39.262,23336,0.529,0.051,-0.117,0.000,0.000,activeTracking,noEvent
6382,3,58,rld,14:32:39.295,23337,0.561,0.051,-0.117,0.000,0.000,activeTracking,noEvent
6382,3,58,rld,14:32:39.346,23338,0.598,0.051,-0.117,0.000,0.000,activeTracking,noEvent
6382,3,58,rld,14:32:39.387,23339,0.646,0.051,-0.117,0.000,0.000,activeTracking,noEvent
6382,3,58,rld,14:32:39.451,23340,0.713,0.051,-0.117,0.000,0.000,activeTracking,noEvent
6382,3,58,rld,14:32:39.596,23341,0.839,-0.152,-0.083,-1.800,0.300,activeTracking,noEvent
6382,3,58,rld,14:32:39.737,23342,0.988,-0.682,0.007,-4.100,0.700,activeTracking,noEvent
6382,3,58,rld,14:32:39.793,23343,1.048,-0.905,0.038,-0.400,0.000,activeTracking,noEvent
6382,3,58,rld,14:32:39.861,23344,1.127,-0.990,0.048,-0.100,0.000,activeTracking,noEvent
6382,3,58,rld,14:32:39.924,23345,1.186,-1.019,0.051,0.000,0.000,activeTracking,noEvent
6382,3,58,rld,14:32:39.971,23346,1.234,-1.029,0.052,0.000,0.000,activeTracking,noEvent
6382,3,58,rld,14:32:40.028,23347,1.279,-1.032,0.053,0.000,0.000,activeTracking,noEvent
6382,3,58,rld,14:32:40.081,23348,1.337,-1.033,0.053,0.000,0.000,activeTracking,noEvent
6382,3,58,rld,14:32:40.123,23349,1.389,-1.033,0.053,0.000,0.000,activeTracking,noEvent
6382,3,58,rld,14:32:40.202,23350,1.468,-1.045,0.053,-0.100,0.000,activeTracking,noEvent
6382,3,58,rld,14:32:40.322,23351,1.569,-1.140,0.053,-0.800,0.000,activeTracking,noEvent
6382,3,58,rld,14:32:40.433,23352,1.660,-1.343,0.053,-1.500,0.000,activeTracking,noEvent
6382,3,58,rld,14:32:40.549,23353,1.781,-1.538,0.054,-1.100,0.000,activeTracking,noEvent
6382,3,58,rld,14:32:40.623,23354,1.882,-1.672,0.054,-0.600,0.000,activeTracking,noEvent
6382,3,58,rld,14:32:40.694,23355,1.949,-1.741,0.054,-0.200,0.000,activeTracking,noEvent
6382,3,58,rld,14:32:40.749,23356,2.008,-1.763,0.043,0.000,-0.100,activeTracking,noEvent
6382,3,58,rld,14:32:40.844,23357,2.101,-1.818,0.039,-0.400,0.000,activeTracking,noEvent
6382,3,58,rld,14:32:40.900,23358,2.162,-1.871,0.038,-0.300,0.000,activeTracking,noEvent
6382,3,58,rld,14:32:40.959,23359,2.217,-1.900,0.038,-0.100,0.000,activeTracking,noEvent
6382,3,58,rld,14:32:41.015,23360,2.270,-1.910,0.038,0.000,0.000,activeTracking,noEvent
6382,3,58,rld,14:32:41.056,23361,2.318,-1.913,0.038,0.000,0.000,activeTracking,noEvent
6382,3,58,rld,14:32:41.108,23362,2.368,-1.914,0.038,0.000,0.000,activeTracking,noEvent
6382,3,58,rld,14:32:41.168,23363,2.427,-1.915,0.038,0.000,0.000,activeTracking,noEvent
6382,3,58,rld,14:32:41.219,23364,2.485,-1.915,0.038,0.000,0.000,activeTracking,noEvent
6382,3,58,rld,14:32:41.350,23365,2.616,-2.008,0.038,-0.800,0.000,activeTracking,noEvent
6382,3,58,rld,14:32:41.430,23366,2.688,-2.087,0.038,-0.400,0.000,activeTracking,noEvent
6382,3,58,rld,14:32:41.484,23367,2.738,-2.137,0.038,-0.200,0.000,activeTracking,noEvent
6382,3,58,rld,14:32:41.545,23368,2.811,-2.165,0.038,-0.100,0.000,activeTracking,noEvent
6382,3,58,rld,14:32:41.665,23369,2.899,-2.246,0.027,-0.600,-0.100,activeTracking,noEvent
6382,3,58,rld,14:32:41.729,23370,2.988,-2.308,0.023,-0.300,0.000,activeTracking,noEvent
6382,3,58,rld,14:32:41.785,23371,3.046,-2.341,0.022,-0.100,0.000,onTarget,noEvent
6382,3,58,rld,14:32:41.829,23372,3.087,-2.352,0.022,0.000,0.000,onTarget,noEvent
6382,3,58,rld,14:32:41.919,23373,3.184,-2.355,0.022,0.000,0.000,onTarget,noEvent
6382,3,58,rld,14:32:42.011,23374,3.260,-2.369,0.022,-0.100,0.000,onTarget,noEvent
6382,3,58,rld,14:32:42.078,23375,3.345,-2.409,0.010,-0.300,-0.100,onTarget,noEvent
6382,3,58,rld,14:32:42.130,23376,3.394,-2.422,0.006,0.000,0.000,onTarget,noEvent
6382,3,58,rld,14:32:42.183,23377,3.447,-2.427,0.005,0.000,0.000,onTarget,noEvent
6382,3,58,rld,14:32:42.249,23378,3.498,-2.428,0.005,0.000,0.000,onTarget,noEvent
6382,3,58,rld,14:32:42.316,23379,3.568,-2.429,0.004,0.000,0.000,onTarget,noEvent
6382,3,58,rld,14:32:42.379,23380,3.637,-2.429,0.004,0.000,0.000,onTarget,noEvent
6382,3,58,rld,14:32:42.430,23381,3.692,-2.429,0.004,0.000,0.000,onTarget,noEvent
6382,3,58,rld,14:32:42.483,23382,3.738,-2.429,0.004,0.000,0.000,onTarget,noEvent
6382,3,58,rld,14:32:42.536,23383,3.788,-2.429,0.004,0.000,0.000,onTarget,noEvent
6382,3,58,rld,14:32:42.585,23384,3.849,-2.429,0.004,0.000,0.000,onTarget,noEvent
6382,3,58,rld,14:32:42.628,23385,3.885,-2.429,0.004,0.000,0.000,onTarget,noEvent
6382,3,58,rld,14:32:42.668,23386,3.929,-2.429,0.004,0.000,0.000,onTarget,noEvent
6382,3,58,rld,14:32:42.709,23387,3.968,-2.429,0.004,0.000,0.000,onTarget,noEvent
6382,3,59,rld,14:32:46.414,23457,0.045,-0.034,0.136,0.000,0.000,activeTracking,targetAppeared
6382,3,59,rld,14:32:46.451,23458,0.088,-0.034,0.136,0.000,0.000,activeTracking,noEvent
6382,3,59,rld,14:32:46.500,23459,0.130,-0.034,0.136,0.000,0.000,activeTracking,noEvent
6382,3,59,rld,14:32:46.550,23460,0.175,-0.034,0.136,0.000,0.000,activeTracking,noEvent
6382,3,59,rld,14:32:46.594,23461,0.229,-0.034,0.136,0.000,0.000,activeTracking,noEvent
6382,3,59,rld,14:32:46.649,23462,0.267,-0.034,0.136,0.000,0.000,activeTracking,noEvent
6382,3,59,rld,14:32:46.698,23463,0.328,-0.034,0.136,0.000,0.000,activeTracking,noEvent
6382,3,59,rld,14:32:46.742,23464,0.367,-0.034,0.136,0.000,0.000,activeTracking,noEvent
6382,3,59,rld,14:32:46.801,23465,0.409,-0.034,0.136,0.000,0.000,activeTracking,noEvent
6382,3,59,rld,14:32:46.852,23466,0.479,-0.034,0.136,0.000,0.000,activeTracking,noEvent
6382,3,59,rld,14:32:47.018,23467,0.607,1.348,0.082,12.200,-0.500,activeTracking,noEvent
6382,3,59,rld,14:32:47.179,23468,0.812,2.479,-0.061,5.600,-1.100,onTarget,noEvent
6382,3,59,rld,14:32:47.265,23469,0.888,2.955,-0.122,0.700,-0.100,onTarget,noEvent
6382,3,59,rld,14:32:47.325,23470,0.959,3.142,-0.143,0.200,0.000,activeTracking,noEvent
6382,3,59,rld,14:32:47.403,23471,1.032,3.267,-0.150,0.500,0.000,activeTracking,noEvent
6382,3,59,rld,14:32:47.486,23472,1.107,3.372,-0.117,0.500,0.300,activeTracking,noEvent
6382,3,59,rld,14:32:47.545,23473,1.179,3.432,-0.094,0.200,0.100,activeTracking,noEvent
6382,3,59,rld,14:32:47.611,23474,1.239,3.452,-0.050,0.000,0.300,activeTracking,noEvent
6382,3,59,rld,14:32:47.800,23475,1.399,3.095,0.035,-2.900,0.600,activeTracking,noEvent
6382,3,59,rld,14:32:47.913,23476,1.529,2.831,0.097,-1.200,0.300,onTarget,noEvent
6382,3,59,rld,14:32:47.992,23477,1.618,2.671,0.117,-0.600,0.000,onTarget,noEvent
6382,3,59,rld,14:32:48.076,23478,1.702,2.533,0.123,-0.700,0.000,onTarget,noEvent
6382,3,59,rld,14:32:48.147,23479,1.772,2.464,0.125,-0.200,0.000,onTarget,noEvent
6382,3,59,rld,14:32:48.209,23480,1.841,2.429,0.126,-0.100,0.000,onTarget,noEvent
6382,3,59,rld,14:32:48.251,23481,1.880,2.417,0.126,0.000,0.000,onTarget,noEvent
6382,3,59,rld,14:32:48.312,23482,1.939,2.413,0.138,0.000,0.100,onTarget,noEvent
6382,3,59,rld,14:32:48.361,23483,1.986,2.412,0.142,0.000,0.000,onTarget,noEvent
6382,3,59,rld,14:32:48.425,23484,2.050,2.423,0.143,0.100,0.000,onTarget,noEvent
6382,3,59,rld,14:32:48.480,23485,2.112,2.439,0.144,0.100,0.000,onTarget,noEvent
6382,3,59,rld,14:32:48.557,23486,2.175,2.468,0.144,0.200,0.000,onTarget,noEvent
6382,3,59,rld,14:32:48.607,23487,2.238,2.502,0.144,0.200,0.000,onTarget,noEvent
6382,3,59,rld,14:32:48.651,23488,2.287,2.513,0.144,0.000,0.000,onTarget,noEvent
6382,3,59,rld,14:32:48.708,23489,2.338,2.517,0.144,0.000,0.000,onTarget,noEvent
6382,3,59,rld,14:32:48.758,23490,2.390,2.518,0.144,0.000,0.000,onTarget,noEvent
6382,3,59,rld,14:32:48.842,23491,2.474,2.519,0.133,0.000,-0.100,onTarget,noEvent
6382,3,59,rld,14:32:48.895,23492,2.528,2.519,0.129,0.000,0.000,onTarget,noEvent
6382,3,59,rld,14:32:48.969,23493,2.602,2.519,0.104,0.000,-0.200,onTarget,noEvent
6382,3,59,rld,14:32:49.031,23494,2.664,2.519,0.096,0.000,0.000,onTarget,noEvent
6382,3,59,rld,14:32:49.117,23495,2.735,2.531,0.070,0.100,-0.200,onTarget,noEvent
6382,3,59,rld,14:32:49.193,23496,2.815,2.535,0.026,0.000,-0.300,onTarget,noEvent
6382,3,59,rld,14:32:49.245,23497,2.881,2.536,0.000,0.000,-0.100,onTarget,noEvent
6382,3,59,rld,14:32:49.313,23498,2.938,2.537,-0.008,0.000,0.000,onTarget,noEvent
6382,3,59,rld,14:32:49.374,23499,3.003,2.537,0.012,0.000,0.200,onTarget,noEvent
6382,3,59,rld,14:32:49.427,23500,3.054,2.537,0.019,0.000,0.000,onTarget,noEvent
6382,3,59,rld,14:32:49.466,23501,3.102,2.537,0.021,0.000,0.000,onTarget,noEvent
6382,3,59,rld,14:32:49.526,23502,3.156,2.537,0.022,0.000,0.000,onTarget,noEvent
6382,3,59,rld,14:32:49.564,23503,3.199,2.537,0.022,0.000,0.000,onTarget,noEvent
6382,3,59,rld,14:32:49.649,23504,3.259,2.537,0.022,0.000,0.000,onTarget,noEvent
6382,3,59,rld,14:32:49.716,23505,3.339,2.537,0.022,0.000,0.000,onTarget,targetClick
6382,3,60,rld,14:32:53.331,23568,3.404,-0.051,0.187,0.000,0.000,waitingForTarget,middleTargetClick
6382,3,60,rld,14:32:53.394,23569,3.470,-0.051,0.187,0.000,0.000,waitingForTarget,noEvent
6382,3,60,rld,14:32:53.445,23570,3.512,-0.051,0.187,0.000,0.000,waitingForTarget,noEvent
6382,3,60,rld,14:32:53.496,23571,3.558,-0.051,0.187,0.000,0.000,waitingForTarget,noEvent
6382,3,60,rld,14:32:53.548,23572,3.615,-0.051,0.187,0.000,0.000,waitingForTarget,noEvent
6382,3,60,rld,14:32:53.599,23573,3.679,-0.051,0.187,0.000,0.000,waitingForTarget,noEvent
6382,3,60,rld,14:32:53.661,23574,3.729,-0.051,0.187,0.000,0.000,waitingForTarget,noEvent
6382,3,60,rld,14:32:53.700,23575,3.774,-0.051,0.187,0.000,0.000,waitingForTarget,noEvent
6382,3,60,rld,14:32:53.746,23576,3.825,-0.051,0.187,0.000,0.000,waitingForTarget,noEvent
6382,3,60,rld,14:32:53.807,23577,0.038,-0.051,0.187,0.000,0.000,activeTracking,targetAppeared
6382,3,60,rld,14:32:53.859,23578,0.102,-0.051,0.187,0.000,0.000,activeTracking,noEvent
6382,3,60,rld,14:32:53.901,23579,0.152,-0.051,0.187,0.000,0.000,activeTracking,noEvent
6382,3,60,rld,14:32:53.950,23580,0.204,-0.051,0.187,0.000,0.000,activeTracking,noEvent
6382,3,60,rld,14:32:53.990,23581,0.238,-0.051,0.187,0.000,0.000,activeTracking,noEvent
6382,3,60,rld,14:32:54.044,23582,0.285,-0.051,0.187,0.000,0.000,activeTracking,noEvent
6382,3,60,rld,14:32:54.080,23583,0.325,-0.051,0.187,0.000,0.000,activeTracking,noEvent
6382,3,60,rld,14:32:54.126,23584,0.374,-0.051,0.187,0.000,0.000,activeTracking,noEvent
6382,3,60,rld,14:32:54.176,23585,0.416,-0.051,0.187,0.000,0.000,activeTracking,noEvent
6382,3,60,rld,14:32:54.217,23586,0.458,-0.051,0.187,0.000,0.000,activeTracking,noEvent
6382,3,60,rld,14:32:54.262,23587,0.514,-0.051,0.187,0.000,0.000,activeTracking,noEvent
6382,3,60,rld,14:32:54.299,23588,0.547,-0.051,0.187,0.000,0.000,activeTracking,noEvent
6382,3,60,rld,14:32:54.352,23589,0.590,-0.051,0.187,0.000,0.000,activeTracking,noEvent
6382,3,60,rld,14:32:54.412,23590,0.652,-0.051,0.187,0.000,0.000,activeTracking,noEvent
6382,3,60,rld,14:32:54.577,23591,0.807,0.445,0.221,4.400,0.300,activeTracking,noEvent
6382,3,60,rld,14:32:54.743,23592,0.980,1.361,0.088,6.600,-1.300,activeTracking,noEvent
6382,3,60,rld,14:32:54.795,23593,1.037,1.787,0.020,1.000,-0.200,activeTracking,noEvent
6382,3,60,rld,14:32:54.875,23594,1.123,1.966,-0.002,0.300,0.000,activeTracking,noEvent
6382,3,60,rld,14:32:54.963,23595,1.214,2.108,-0.010,0.700,0.000,activeTracking,noEvent
6382,3,60,rld,14:32:55.030,23596,1.274,2.203,-0.012,0.400,0.000,activeTracking,noEvent
6382,3,60,rld,14:32:55.078,23597,1.321,2.246,-0.013,0.100,0.000,activeTracking,noEvent
6382,3,60,rld,14:32:55.141,23598,1.395,2.273,-0.013,0.100,0.000,activeTracking,noEvent
6382,3,60,rld,14:32:55.189,23599,1.438,2.281,-0.013,0.000,0.000,activeTracking,noEvent
6382,3,60,rld,14:32:55.226,23600,1.473,2.284,-0.013,0.000,0.000,activeTracking,noEvent
6382,3,60,rld,14:32:55.262,23601,1.514,2.285,-0.013,0.000,0.000,activeTracking,noEvent
6382,3,60,rld,14:32:55.328,23602,1.575,2.286,-0.013,0.000,0.000,activeTracking,noEvent
6382,3,60,rld,14:32:55.432,23603,1.675,2.286,-0.013,0.000,0.000,activeTracking,noEvent
6382,3,60,rld,14:32:55.518,23604,1.753,2.333,0.010,0.400,0.200,activeTracking,noEvent
6382,3,60,rld,14:32:55.612,23605,1.845,2.457,0.076,0.900,0.500,onTarget,noEvent
6382,3,60,rld,14:32:55.665,23606,1.913,2.522,0.110,0.200,0.100,onTarget,noEvent
6382,3,60,rld,14:32:55.719,23607,1.970,2.544,0.133,0.000,0.100,onTarget,noEvent
6382,3,60,rld,14:32:55.764,23608,2.014,2.551,0.141,0.000,0.000,onTarget,noEvent
6382,3,60,rld,14:32:55.827,23609,2.076,2.554,0.143,0.000,0.000,onTarget,noEvent
6382,3,60,rld,14:32:55.881,23610,2.125,2.555,0.144,0.000,0.000,onTarget,noEvent
6382,3,60,rld,14:32:55.952,23611,2.188,2.567,0.144,0.100,0.000,onTarget,noEvent
6382,3,60,rld,14:32:56.012,23612,2.257,2.595,0.145,0.200,0.000,onTarget,noEvent
6382,3,60,rld,14:32:56.081,23613,2.323,2.617,0.145,0.100,0.000,onTarget,noEvent
6382,3,60,rld,14:32:56.126,23614,2.373,2.624,0.145,0.000,0.000,onTarget,noEvent
6382,3,60,rld,14:32:56.182,23615,2.423,2.626,0.145,0.000,0.000,onTarget,noEvent
6382,3,60,rld,14:32:56.236,23616,2.485,2.627,0.145,0.000,0.000,onTarget,noEvent
6382,3,60,rld,14:32:56.290,23617,2.538,2.627,0.145,0.000,0.000,onTarget,noEvent
6382,3,60,rld,14:32:56.352,23618,2.601,2.627,0.145,0.000,0.000,onTarget,noEvent
6382,3,60,rld,14:32:56.411,23619,2.654,2.627,0.145,0.000,0.000,onTarget,noEvent
6382,3,60,rld,14:32:56.473,23620,2.706,2.627,0.145,0.000,0.000,onTarget,noEvent
6382,3,60,rld,14:32:56.534,23621,2.776,2.627,0.145,0.000,0.000,onTarget,noEvent
6382,3,60,rld,14:32:56.597,23622,2.837,2.627,0.145,0.000,0.000,onTarget,noEvent
6382,3,60,rld,14:32:56.669,23623,2.923,2.627,0.133,0.000,-0.100,onTarget,noEvent
6382,3,60,rld,14:32:56.815,23624,3.009,2.627,0.083,0.000,-0.400,onTarget,noEvent
6382,3,60,rld,14:32:56.867,23625,3.118,2.627,0.019,0.000,-0.400,onTarget,noEvent
6382,3,60,rld,14:32:56.950,23626,3.186,2.627,-0.037,0.000,-0.300,onTarget,noEvent
6382,3,60,rld,14:32:57.010,23627,3.257,2.627,-0.079,0.000,-0.200,onTarget,noEvent
6382,3,60,rld,14:32:57.080,23628,3.326,2.627,-0.105,0.000,-0.100,onTarget,noEvent
6382,3,60,rld,14:32:57.145,23629,3.386,2.627,-0.113,0.000,0.000,onTarget,noEvent
6382,3,60,rld,14:32:57.233,23630,3.472,2.627,-0.116,0.000,0.000,onTarget,noEvent
6382,3,60,rld,14:32:57.298,23631,3.553,2.627,-0.117,0.000,0.000,onTarget,noEvent
6382,3,60,rld,14:32:57.352,23632,3.604,2.627,-0.117,0.000,0.000,onTarget,noEvent
6382,3,60,rld,14:32:57.386,23633,3.636,2.627,-0.117,0.000,0.000,onTarget,noEvent
6382,3,60,rld,14:32:57.439,23634,3.683,2.627,-0.117,0.000,0.000,onTarget,noEvent
6382,3,60,rld,14:32:57.478,23635,3.724,2.627,-0.117,0.000,0.000,onTarget,noEvent
6382,3,60,rld,14:32:57.526,23636,3.765,2.627,-0.117,0.000,0.000,onTarget,noEvent
6382,3,60,rld,14:32:57.567,23637,3.815,2.627,-0.117,0.000,0.000,onTarget,noEvent
6382,3,60,rld,14:32:57.610,23638,3.855,2.627,-0.117,0.000,0.000,onTarget,noEvent
6382,3,60,rld,14:32:57.659,23639,3.902,2.627,-0.117,0.000,0.000,onTarget,noEvent
6382,3,60,rld,14:32:57.698,23640,3.945,2.627,-0.117,0.000,0.000,onTarget,noEvent;
6382,4,1,rld,14:33:35.212,24392,0.046,-0.034,-0.049,0.000,0.000,activeTracking,targetAppeared
6382,4,1,rld,14:33:35.261,24393,0.093,-0.034,-0.049,0.000,0.000,activeTracking,noEvent
6382,4,1,rld,14:33:35.310,24394,0.136,-0.034,-0.049,0.000,0.000,activeTracking,noEvent
6382,4,1,rld,14:33:35.350,24395,0.182,-0.034,-0.049,0.000,0.000,activeTracking,noEvent
6382,4,1,rld,14:33:35.393,24396,0.227,-0.034,-0.049,0.000,0.000,activeTracking,noEvent
6382,4,1,rld,14:33:35.444,24397,0.278,-0.034,-0.049,0.000,0.000,activeTracking,noEvent
6382,4,1,rld,14:33:35.493,24398,0.323,-0.034,-0.049,0.000,0.000,activeTracking,noEvent
6382,4,1,rld,14:33:35.532,24399,0.366,-0.034,-0.049,0.000,0.000,activeTracking,noEvent
6382,4,1,rld,14:33:35.577,24400,0.410,-0.034,-0.049,0.000,0.000,activeTracking,noEvent
6382,4,1,rld,14:33:35.627,24401,0.460,-0.034,-0.049,0.000,0.000,activeTracking,noEvent
6382,4,1,rld,14:33:35.683,24402,0.513,-0.034,-0.049,0.000,0.000,activeTracking,noEvent
6382,4,1,rld,14:33:35.716,24403,0.549,-0.034,-0.049,0.000,0.000,activeTracking,noEvent
6382,4,1,rld,14:33:35.937,24404,0.753,2.091,0.182,18.600,2.000,activeTracking,noEvent
6382,4,1,rld,14:33:36.060,24405,0.865,2.993,0.232,1.300,-0.300,activeTracking,noEvent
6382,4,1,rld,14:33:36.251,24406,1.058,4.078,0.271,6.000,0.100,activeTracking,noEvent
6382,4,1,rld,14:33:36.327,24407,1.160,4.721,0.302,1.900,0.100,activeTracking,noEvent
6382,4,1,rld,14:33:36.448,24408,1.260,4.760,0.285,-1.300,-0.200,activeTracking,noEvent
6382,4,1,rld,14:33:36.599,24409,1.427,4.225,0.210,-4.000,-0.500,activeTracking,noEvent
6382,4,1,rld,14:33:36.675,24410,1.494,3.712,0.122,-2.600,-0.500,activeTracking,noEvent
6382,4,1,rld,14:33:36.787,24411,1.614,3.043,-0.039,-4.000,-1.100,onTarget,noEvent
6382,4,1,rld,14:33:36.862,24412,1.686,2.704,-0.103,-1.000,-0.100,onTarget,noEvent
6382,4,1,rld,14:33:36.927,24413,1.758,2.520,-0.124,-0.600,0.000,onTarget,noEvent
6382,4,1,rld,14:33:36.986,24414,1.814,2.411,-0.131,-0.400,0.000,onTarget,noEvent
6382,4,1,rld,14:33:37.032,24415,1.857,2.363,-0.134,-0.100,0.000,activeTracking,noEvent
6382,4,1,rld,14:33:37.097,24416,1.923,2.359,-0.111,0.100,0.200,onTarget,noEvent
6382,4,1,rld,14:33:37.146,24417,1.977,2.406,-0.092,0.400,0.100,onTarget,noEvent
6382,4,1,rld,14:33:37.270,24418,2.084,2.529,-0.062,0.900,0.200,onTarget,noEvent
6382,4,1,rld,14:33:37.355,24419,2.176,2.631,-0.041,0.500,0.100,onTarget,noEvent
6382,4,1,rld,14:33:37.461,24420,2.268,2.725,-0.010,0.500,0.200,onTarget,noEvent
6382,4,1,rld,14:33:37.511,24421,2.332,2.806,0.012,0.400,0.100,onTarget,noEvent
6382,4,1,rld,14:33:37.556,24422,2.380,2.857,0.020,0.200,0.000,onTarget,noEvent
6382,4,1,rld,14:33:37.600,24423,2.424,2.874,0.022,0.000,0.000,onTarget,noEvent
6382,4,1,rld,14:33:37.641,24424,2.466,2.880,0.023,0.000,0.000,onTarget,noEvent
6382,4,1,rld,14:33:37.671,24425,2.501,2.882,0.023,0.000,0.000,onTarget,noEvent
6382,4,1,rld,14:33:37.720,24426,2.546,2.882,0.023,0.000,0.000,onTarget,noEvent
6382,4,1,rld,14:33:37.767,24427,2.590,2.883,0.023,0.000,0.000,onTarget,noEvent
6382,4,1,rld,14:33:37.829,24428,2.660,2.883,0.023,0.000,0.000,onTarget,noEvent
6382,4,1,rld,14:33:37.877,24429,2.706,2.883,0.023,0.000,0.000,onTarget,noEvent
6382,4,1,rld,14:33:37.939,24430,2.768,2.883,0.023,0.000,0.000,onTarget,targetClick
6382,4,2,rld,14:33:44.265,24545,2.833,-0.338,-0.184,0.000,0.000,waitingForTarget,middleTargetClick
6382,4,2,rld,14:33:44.315,24546,2.899,-0.338,-0.184,0.000,0.000,waitingForTarget,noEvent
6382,4,2,rld,14:33:44.357,24547,2.936,-0.338,-0.184,0.000,0.000,waitingForTarget,noEvent
6382,4,2,rld,14:33:44.424,24548,3.004,-0.338,-0.184,0.000,0.000,waitingForTarget,noEvent
6382,4,2,rld,14:33:44.476,24549,3.061,-0.338,-0.184,0.000,0.000,waitingForTarget,noEvent
6382,4,2,rld,14:33:44.525,24550,3.101,-0.338,-0.184,0.000,0.000,waitingForTarget,noEvent
6382,4,2,rld,14:33:44.566,24551,3.144,-0.338,-0.184,0.000,0.000,waitingForTarget,noEvent
6382,4,2,rld,14:33:44.631,24552,3.203,-0.338,-0.184,0.000,0.000,waitingForTarget,noEvent
6382,4,2,rld,14:33:44.679,24553,3.263,-0.338,-0.184,0.000,0.000,waitingForTarget,noEvent
6382,4,2,rld,14:33:44.732,24554,0.037,-0.338,-0.184,0.000,0.000,activeTracking,targetAppeared
6382,4,2,rld,14:33:44.794,24555,0.101,-0.338,-0.184,0.000,0.000,activeTracking,noEvent
6382,4,2,rld,14:33:44.856,24556,0.172,-0.338,-0.184,0.000,0.000,activeTracking,noEvent
6382,4,2,rld,14:33:44.957,24557,0.268,-0.338,-0.184,0.000,0.000,activeTracking,noEvent
6382,4,2,rld,14:33:45.033,24558,0.340,-0.338,-0.184,0.000,0.000,activeTracking,noEvent
6382,4,2,rld,14:33:45.093,24559,0.406,-0.338,-0.184,0.000,0.000,activeTracking,noEvent
6382,4,2,rld,14:33:45.139,24560,0.456,-0.338,-0.184,0.000,0.000,activeTracking,noEvent
6382,4,2,rld,14:33:45.197,24561,0.518,-0.338,-0.184,0.000,0.000,activeTracking,noEvent
6382,4,2,rld,14:33:45.246,24562,0.561,-0.338,-0.184,0.000,0.000,activeTracking,noEvent
6382,4,2,rld,14:33:45.306,24563,0.619,-0.338,-0.184,0.000,0.000,activeTracking,noEvent
6382,4,2,rld,14:33:45.349,24564,0.669,-0.338,-0.184,0.000,0.000,activeTracking,noEvent
6382,4,2,rld,14:33:45.412,24565,0.718,-0.338,-0.184,0.000,0.000,activeTracking,noEvent
6382,4,2,rld,14:33:45.475,24566,0.789,-0.338,-0.184,0.000,0.000,activeTracking,noEvent
6382,4,2,rld,14:33:45.533,24567,0.840,-0.338,-0.184,0.000,0.000,activeTracking,noEvent
6382,4,2,rld,14:33:45.775,24568,1.057,-0.371,0.244,-0.300,3.800,activeTracking,noEvent
6382,4,2,rld,14:33:45.977,24569,1.239,0.597,0.410,8.700,0.200,activeTracking,noEvent
6382,4,2,rld,14:33:46.182,24570,1.465,1.470,0.402,4.800,-0.600,activeTracking,noEvent
6382,4,2,rld,14:33:46.363,24571,1.590,1.894,0.390,1.100,-0.100,activeTracking,noEvent
6382,4,2,rld,14:33:46.466,24572,1.770,2.464,0.181,3.600,-1.800,onTarget,noEvent
6382,4,2,rld,14:33:46.512,24573,1.827,2.657,0.111,0.000,0.000,onTarget,noEvent
6382,4,2,rld,14:33:46.548,24574,1.868,2.722,0.087,0.000,0.000,onTarget,noEvent
6382,4,2,rld,14:33:46.598,24575,1.911,2.744,0.079,0.000,0.000,onTarget,noEvent
6382,4,2,rld,14:33:46.643,24576,1.955,2.751,0.077,0.000,0.000,onTarget,noEvent
6382,4,2,rld,14:33:46.682,24577,2.003,2.753,0.076,0.000,0.000,onTarget,noEvent
6382,4,2,rld,14:33:46.749,24578,2.055,2.754,0.076,0.000,0.000,onTarget,noEvent
6382,4,2,rld,14:33:46.930,24579,2.220,2.754,-0.229,0.000,-2.600,onTarget,noEvent
6382,4,2,rld,14:33:47.027,24580,2.339,2.621,-0.399,-1.100,-0.600,activeTracking,noEvent
6382,4,2,rld,14:33:47.085,24581,2.403,2.517,-0.455,-0.500,0.000,activeTracking,noEvent
6382,4,2,rld,14:33:47.141,24582,2.460,2.458,-0.474,-0.200,0.000,activeTracking,noEvent
6382,4,2,rld,14:33:47.196,24583,2.513,2.439,-0.480,0.000,0.000,activeTracking,noEvent
6382,4,2,rld,14:33:47.273,24584,2.590,2.432,-0.482,0.000,0.000,activeTracking,noEvent
6382,4,2,rld,14:33:47.344,24585,2.639,2.430,-0.483,0.000,0.000,activeTracking,failedClick
6382,4,3,rld,14:33:50.205,24624,2.731,-0.068,-0.100,0.000,0.000,waitingForTarget,middleTargetClick
6382,4,3,rld,14:33:50.256,24625,2.794,-0.068,-0.100,0.000,0.000,waitingForTarget,noEvent
6382,4,3,rld,14:33:50.332,24626,2.875,-0.068,-0.100,0.000,0.000,waitingForTarget,noEvent
6382,4,3,rld,14:33:50.382,24627,2.928,-0.068,-0.100,0.000,0.000,waitingForTarget,noEvent
6382,4,3,rld,14:33:50.438,24628,2.976,-0.068,-0.100,0.000,0.000,waitingForTarget,noEvent
6382,4,3,rld,14:33:50.502,24629,3.038,-0.068,-0.100,0.000,0.000,waitingForTarget,noEvent
6382,4,3,rld,14:33:50.553,24630,3.090,-0.068,-0.100,0.000,0.000,waitingForTarget,noEvent
6382,4,3,rld,14:33:50.604,24631,3.135,-0.068,-0.100,0.000,0.000,waitingForTarget,noEvent
6382,4,3,rld,14:33:50.658,24632,0.057,-0.068,-0.100,0.000,0.000,activeTracking,targetAppeared
6382,4,3,rld,14:33:50.707,24633,0.105,-0.068,-0.100,0.000,0.000,activeTracking,noEvent
6382,4,3,rld,14:33:50.760,24634,0.163,-0.068,-0.100,0.000,0.000,activeTracking,noEvent
6382,4,3,rld,14:33:50.877,24635,0.238,-0.068,-0.100,0.000,0.000,activeTracking,noEvent
6382,4,3,rld,14:33:50.956,24636,0.352,-0.068,-0.100,0.000,0.000,activeTracking,noEvent
6382,4,3,rld,14:33:51.061,24637,0.427,-0.068,-0.100,0.000,0.000,activeTracking,noEvent
6382,4,3,rld,14:33:51.307,24638,0.669,-1.647,-0.340,-13.900,-2.100,activeTracking,noEvent
6382,4,3,rld,14:33:51.574,24639,0.929,-2.571,-0.379,-3.200,0.400,activeTracking,noEvent
6382,4,3,rld,14:33:51.733,24640,1.099,-3.260,-0.361,-3.000,0.300,activeTracking,noEvent
6382,4,3,rld,14:33:51.771,24641,1.177,-3.496,-0.355,0.000,0.000,activeTracking,noEvent
6382,4,3,rld,14:33:51.823,24642,1.230,-3.576,-0.353,0.000,0.000,activeTracking,noEvent
6382,4,3,rld,14:33:51.876,24643,1.282,-3.602,-0.353,0.000,0.000,activeTracking,noEvent
6382,4,3,rld,14:33:51.943,24644,1.344,-3.611,-0.352,0.000,0.000,activeTracking,noEvent
6382,4,3,rld,14:33:51.980,24645,1.388,-3.614,-0.352,0.000,0.000,activeTracking,noEvent
6382,4,3,rld,14:33:52.123,24646,1.502,-4.271,-0.358,-5.000,0.000,activeTracking,noEvent
6382,4,3,rld,14:33:52.178,24647,1.584,-4.525,-0.361,-0.200,0.000,activeTracking,noEvent
6382,4,3,rld,14:33:52.410,24648,1.795,-4.083,-0.332,3.900,0.200,activeTracking,noEvent
6382,4,3,rld,14:33:52.461,24649,1.860,-3.848,-0.322,0.700,0.000,activeTracking,noEvent
6382,4,3,rld,14:33:52.511,24650,1.919,-3.770,-0.319,0.000,0.000,activeTracking,noEvent
6382,4,3,rld,14:33:52.616,24651,2.009,-3.718,-0.317,0.200,0.000,activeTracking,noEvent
6382,4,3,rld,14:33:52.772,24652,2.144,-3.395,-0.231,2.400,0.700,activeTracking,noEvent
6382,4,3,rld,14:33:52.873,24653,2.270,-3.188,-0.191,0.800,0.100,activeTracking,noEvent
6382,4,3,rld,14:33:52.924,24654,2.326,-3.120,-0.178,0.000,0.000,activeTracking,noEvent
6382,4,3,rld,14:33:53.024,24655,2.411,-3.023,-0.138,0.600,0.300,onTarget,noEvent
6382,4,3,rld,14:33:53.116,24656,2.500,-2.929,-0.089,0.500,0.300,onTarget,noEvent
6382,4,3,rld,14:33:53.190,24657,2.589,-2.874,-0.049,0.200,0.200,onTarget,noEvent
6382,4,3,rld,14:33:53.235,24658,2.642,-2.855,-0.036,0.000,0.000,onTarget,noEvent
6382,4,3,rld,14:33:53.279,24659,2.687,-2.849,-0.032,0.000,0.000,onTarget,noEvent
6382,4,3,rld,14:33:53.347,24660,2.745,-2.847,-0.019,0.000,0.100,onTarget,noEvent
6382,4,3,rld,14:33:53.408,24661,2.818,-2.846,-0.003,0.000,0.100,onTarget,noEvent
6382,4,3,rld,14:33:53.464,24662,2.858,-2.846,0.003,0.000,0.000,onTarget,noEvent
6382,4,3,rld,14:33:53.516,24663,2.922,-2.846,0.005,0.000,0.000,onTarget,noEvent
6382,4,3,rld,14:33:53.576,24664,2.979,-2.846,0.005,0.000,0.000,onTarget,noEvent
6382,4,3,rld,14:33:53.642,24665,3.044,-2.846,0.005,0.000,0.000,onTarget,noEvent
6382,4,3,rld,14:33:53.686,24666,3.096,-2.846,0.006,0.000,0.000,onTarget,noEvent
6382,4,3,rld,14:33:53.742,24667,3.141,-2.846,0.006,0.000,0.000,onTarget,noEvent
6382,4,3,rld,14:33:53.821,24668,3.226,-2.846,0.006,0.000,0.000,onTarget,targetClick
6382,4,4,rld,14:33:56.623,24702,3.319,0.035,-0.038,0.000,0.100,waitingForTarget,middleTargetClick
6382,4,4,rld,14:33:56.673,24703,3.377,0.034,-0.034,0.000,0.000,waitingForTarget,noEvent
6382,4,4,rld,14:33:56.725,24704,3.426,0.034,-0.033,0.000,0.000,waitingForTarget,noEvent
6382,4,4,rld,14:33:56.845,24705,3.547,0.034,-0.033,0.000,0.000,waitingForTarget,noEvent
6382,4,4,rld,14:33:56.907,24706,3.616,0.034,-0.033,0.000,0.000,waitingForTarget,noEvent
6382,4,4,rld,14:33:56.976,24707,3.673,0.034,-0.033,0.000,0.000,waitingForTarget,noEvent
6382,4,4,rld,14:33:57.026,24708,3.723,0.034,-0.032,0.000,0.000,waitingForTarget,noEvent
6382,4,4,rld,14:33:57.104,24709,0.082,0.034,-0.032,0.000,0.000,activeTracking,targetAppeared
6382,4,4,rld,14:33:57.161,24710,0.137,0.034,-0.032,0.000,0.000,activeTracking,noEvent
6382,4,4,rld,14:33:57.221,24711,0.189,0.034,-0.032,0.000,0.000,activeTracking,noEvent
6382,4,4,rld,14:33:57.380,24712,0.351,-0.034,-0.032,-0.600,0.000,activeTracking,noEvent
6382,4,4,rld,14:33:57.596,24713,0.521,-0.789,0.013,-6.500,0.400,activeTracking,noEvent
6382,4,4,rld,14:33:57.706,24714,0.654,-1.294,0.074,-2.200,0.400,activeTracking,noEvent
6382,4,4,rld,14:33:57.996,24715,0.910,-1.893,0.154,-3.700,0.500,activeTracking,noEvent
6382,4,4,rld,14:33:58.143,24716,1.118,-2.332,0.240,-2.000,0.500,activeTracking,noEvent
6382,4,4,rld,14:33:58.256,24717,1.220,-2.564,0.282,-0.700,0.100,onTarget,noEvent
6382,4,4,rld,14:33:58.310,24718,1.296,-2.679,0.308,-0.300,0.100,onTarget,noEvent
6382,4,4,rld,14:33:58.390,24719,1.364,-2.729,0.317,-0.100,0.000,onTarget,noEvent
6382,4,4,rld,14:33:58.453,24720,1.426,-2.746,0.320,0.000,0.000,onTarget,noEvent
6382,4,4,rld,14:33:58.505,24721,1.481,-2.752,0.321,0.000,0.000,onTarget,noEvent
6382,4,4,rld,14:33:58.563,24722,1.544,-2.754,0.321,0.000,0.000,onTarget,noEvent
6382,4,4,rld,14:33:58.625,24723,1.603,-2.754,0.321,0.000,0.000,onTarget,noEvent
6382,4,4,rld,14:33:58.713,24724,1.684,-2.742,0.321,0.100,0.000,onTarget,noEvent
6382,4,4,rld,14:33:58.837,24725,1.804,-2.641,0.285,0.800,-0.300,onTarget,noEvent
6382,4,4,rld,14:33:58.908,24726,1.886,-2.584,0.250,0.200,-0.200,onTarget,noEvent
6382,4,4,rld,14:33:58.971,24727,1.955,-2.540,0.214,0.200,-0.200,onTarget,noEvent
6382,4,4,rld,14:33:59.045,24728,2.025,-2.514,0.202,0.100,0.000,onTarget,noEvent
6382,4,4,rld,14:33:59.122,24729,2.095,-2.505,0.198,0.000,0.000,onTarget,targetClick
6382,4,5,rld,14:34:01.715,24758,2.176,-0.118,-0.151,0.000,0.000,waitingForTarget,middleTargetClick
6382,4,5,rld,14:34:01.766,24759,2.229,-0.118,-0.151,0.000,0.000,waitingForTarget,noEvent
6382,4,5,rld,14:34:01.838,24760,2.299,-0.118,-0.151,0.000,0.000,waitingForTarget,noEvent
6382,4,5,rld,14:34:01.904,24761,2.360,-0.118,-0.151,0.000,0.000,waitingForTarget,noEvent
6382,4,5,rld,14:34:01.966,24762,2.427,-0.118,-0.151,0.000,0.000,waitingForTarget,noEvent
6382,4,5,rld,14:34:02.030,24763,2.482,-0.118,-0.151,0.000,0.000,waitingForTarget,noEvent
6382,4,5,rld,14:34:02.081,24764,2.532,-0.118,-0.151,0.000,0.000,waitingForTarget,noEvent
6382,4,5,rld,14:34:02.136,24765,2.592,-0.118,-0.151,0.000,0.000,waitingForTarget,noEvent
6382,4,5,rld,14:34:02.193,24766,0.052,-0.118,-0.151,0.000,0.000,activeTracking,targetAppeared
6382,4,5,rld,14:34:02.255,24767,0.117,-0.118,-0.151,0.000,0.000,activeTracking,noEvent
6382,4,5,rld,14:34:02.324,24768,0.187,-0.118,-0.151,0.000,0.000,activeTracking,noEvent
6382,4,5,rld,14:34:02.375,24769,0.242,-0.118,-0.151,0.000,0.000,activeTracking,noEvent
6382,4,5,rld,14:34:02.440,24770,0.301,-0.118,-0.151,0.000,0.000,activeTracking,noEvent
6382,4,5,rld,14:34:02.510,24771,0.379,-0.118,-0.151,0.000,0.000,activeTracking,noEvent
6382,4,5,rld,14:34:02.566,24772,0.423,-0.118,-0.151,0.000,0.000,activeTracking,noEvent
6382,4,5,rld,14:34:02.630,24773,0.491,-0.118,-0.151,0.000,0.000,activeTracking,noEvent
6382,4,5,rld,14:34:02.681,24774,0.549,-0.118,-0.151,0.000,0.000,activeTracking,noEvent
6382,4,5,rld,14:34:02.745,24775,0.606,-0.118,-0.151,0.000,0.000,activeTracking,noEvent
6382,4,5,rld,14:34:02.824,24776,0.696,-0.118,-0.151,0.000,0.000,activeTracking,noEvent
6382,4,5,rld,14:34:02.882,24777,0.749,-0.118,-0.151,0.000,0.000,activeTracking,noEvent
6382,4,5,rld,14:34:02.939,24778,0.802,-0.118,-0.151,0.000,0.000,activeTracking,noEvent
6382,4,5,rld,14:34:03.021,24779,0.849,-0.118,-0.151,0.000,0.000,activeTracking,noEvent
6382,4,5,rld,14:34:03.082,24780,0.941,-0.118,-0.151,0.000,0.000,activeTracking,noEvent
6382,4,5,rld,14:34:03.378,24781,1.222,-1.182,-0.106,-9.400,0.400,activeTracking,noEvent
6382,4,5,rld,14:34:03.742,24782,1.512,-1.971,-0.044,-3.700,0.400,activeTracking,noEvent
6382,4,5,rld,14:34:03.946,24783,1.807,-2.611,0.047,-3.100,0.600,onTarget,noEvent
6382,4,5,rld,14:34:04.043,24784,1.902,-2.902,0.079,-0.600,0.000,onTarget,noEvent
6382,4,5,rld,14:34:04.089,24785,1.958,-3.024,0.089,-0.200,0.000,onTarget,noEvent
6382,4,5,rld,14:34:04.209,24786,2.069,-3.103,0.117,-0.300,0.200,activeTracking,noEvent
6382,4,5,rld,14:34:04.289,24787,2.149,-3.166,0.126,-0.300,0.000,activeTracking,noEvent
6382,4,5,rld,14:34:04.356,24788,2.220,-3.200,0.141,-0.100,0.100,activeTracking,noEvent
6382,4,5,rld,14:34:04.412,24789,2.283,-3.211,0.147,0.000,0.000,activeTracking,noEvent
6382,4,5,rld,14:34:04.448,24790,2.320,-3.215,0.148,0.000,0.000,activeTracking,noEvent
6382,4,5,rld,14:34:04.548,24791,2.390,-3.216,0.149,0.000,0.000,activeTracking,noEvent
6382,4,5,rld,14:34:04.654,24792,2.469,-3.204,0.149,0.100,0.000,activeTracking,noEvent
6382,4,5,rld,14:34:04.782,24793,2.617,-3.051,0.124,1.200,-0.200,activeTracking,noEvent
6382,4,5,rld,14:34:04.911,24794,2.774,-2.890,0.068,0.900,-0.400,onTarget,noEvent
6382,4,5,rld,14:34:04.988,24795,2.844,-2.799,0.026,0.300,-0.200,onTarget,noEvent
6382,4,5,rld,14:34:05.059,24796,2.927,-2.745,-0.011,0.200,-0.200,onTarget,noEvent
6382,4,5,rld,14:34:05.161,24797,3.021,-2.703,-0.035,0.200,-0.100,onTarget,noEvent
6382,4,5,rld,14:34:05.223,24798,3.092,-2.677,-0.055,0.100,-0.100,onTarget,noEvent
6382,4,5,rld,14:34:05.279,24799,3.141,-2.668,-0.062,0.000,0.000,onTarget,noEvent
6382,4,5,rld,14:34:05.327,24800,3.199,-2.665,-0.064,0.000,0.000,onTarget,noEvent
6382,4,5,rld,14:34:05.396,24801,3.268,-2.664,-0.065,0.000,0.000,onTarget,noEvent
6382,4,5,rld,14:34:05.474,24802,3.332,-2.664,-0.065,0.000,0.000,onTarget,targetClick
6382,4,6,rld,14:34:08.235,24832,3.402,-0.169,0.118,0.000,0.000,waitingForTarget,middleTargetClick
6382,4,6,rld,14:34:08.316,24833,3.494,-0.169,0.119,0.000,0.000,waitingForTarget,noEvent
6382,4,6,rld,14:34:08.365,24834,3.551,-0.169,0.119,0.000,0.000,waitingForTarget,noEvent
6382,4,6,rld,14:34:08.426,24835,3.602,-0.169,0.119,0.000,0.000,waitingForTarget,noEvent
6382,4,6,rld,14:34:08.485,24836,3.663,-0.169,0.119,0.000,0.000,waitingForTarget,noEvent
6382,4,6,rld,14:34:08.541,24837,3.724,-0.169,0.119,0.000,0.000,waitingForTarget,noEvent
6382,4,6,rld,14:34:08.571,24838,3.751,-0.169,0.119,0.000,0.000,waitingForTarget,noEvent
6382,4,6,rld,14:34:08.648,24839,3.815,-0.169,0.119,0.000,0.000,waitingForTarget,noEvent
6382,4,6,rld,14:34:08.718,24840,0.072,-0.169,0.119,0.000,0.000,activeTracking,targetAppeared
6382,4,6,rld,14:34:08.775,24841,0.134,-0.169,0.119,0.000,0.000,activeTracking,noEvent
6382,4,6,rld,14:34:08.860,24842,0.218,-0.169,0.119,0.000,0.000,activeTracking,noEvent
6382,4,6,rld,14:34:08.925,24843,0.279,-0.169,0.119,0.000,0.000,activeTracking,noEvent
6382,4,6,rld,14:34:09.004,24844,0.364,-0.214,0.119,-0.400,0.000,activeTracking,noEvent
6382,4,6,rld,14:34:09.132,24845,0.499,-0.296,0.120,-0.600,0.000,activeTracking,noEvent
6382,4,6,rld,14:34:09.195,24846,0.560,-0.369,0.120,-0.400,0.000,activeTracking,noEvent
6382,4,6,rld,14:34:09.477,24847,0.803,0.575,-0.027,8.600,-1.300,activeTracking,noEvent
6382,4,6,rld,14:34:09.575,24848,0.929,1.142,-0.075,2.200,0.000,activeTracking,noEvent
6382,4,6,rld,14:34:09.679,24849,1.019,1.424,-0.080,0.800,0.100,activeTracking,noEvent
6382,4,6,rld,14:34:09.728,24850,1.094,1.519,-0.082,0.000,0.000,activeTracking,noEvent
6382,4,6,rld,14:34:09.806,24851,1.155,1.550,-0.083,0.000,0.000,activeTracking,noEvent
6382,4,6,rld,14:34:09.886,24852,1.244,1.561,-0.083,0.000,0.000,activeTracking,noEvent
6382,4,6,rld,14:34:09.942,24853,1.308,1.564,-0.083,0.000,0.000,activeTracking,noEvent
6382,4,6,rld,14:34:10.086,24854,1.454,1.867,-0.037,2.600,0.400,activeTracking,noEvent
6382,4,6,rld,14:34:10.197,24855,1.551,2.016,-0.033,0.400,-0.100,activeTracking,noEvent
6382,4,6,rld,14:34:10.289,24856,1.647,2.148,-0.043,0.700,-0.100,activeTracking,noEvent
6382,4,6,rld,14:34:10.434,24857,1.785,2.407,-0.023,1.800,0.200,onTarget,noEvent
6382,4,6,rld,14:34:10.522,24858,1.870,2.614,0.019,1.000,0.300,onTarget,noEvent
6382,4,6,rld,14:34:10.626,24859,1.993,2.720,0.045,0.300,0.100,onTarget,noEvent
6382,4,6,rld,14:34:10.694,24860,2.052,2.767,0.054,0.100,0.000,onTarget,noEvent
6382,4,6,rld,14:34:10.744,24861,2.102,2.783,0.057,0.000,0.000,onTarget,noEvent
6382,4,6,rld,14:34:10.831,24862,2.200,2.801,0.058,0.100,0.000,onTarget,noEvent
6382,4,6,rld,14:34:10.893,24863,2.259,2.806,0.058,0.000,0.000,onTarget,noEvent
6382,4,6,rld,14:34:10.944,24864,2.311,2.808,0.058,0.000,0.000,onTarget,noEvent
6382,4,6,rld,14:34:11.004,24865,2.362,2.809,0.058,0.000,0.000,onTarget,noEvent
6382,4,6,rld,14:34:11.063,24866,2.419,2.809,0.058,0.000,0.000,onTarget,noEvent
6382,4,6,rld,14:34:11.111,24867,2.469,2.809,0.058,0.000,0.000,onTarget,noEvent
6382,4,6,rld,14:34:11.160,24868,2.529,2.809,0.058,0.000,0.000,onTarget,noEvent
6382,4,6,rld,14:34:11.209,24869,2.580,2.809,0.058,0.000,0.000,onTarget,noEvent
6382,4,6,rld,14:34:11.295,24870,2.659,2.809,0.058,0.000,0.000,onTarget,targetClick
6382,4,7,rld,14:34:15.075,24920,2.747,0.254,0.086,0.000,0.000,waitingForTarget,middleTargetClick
6382,4,7,rld,14:34:15.145,24921,2.830,0.254,0.086,0.000,0.000,waitingForTarget,noEvent
6382,4,7,rld,14:34:15.244,24922,2.925,0.253,0.086,0.000,0.000,waitingForTarget,noEvent
6382,4,7,rld,14:34:15.315,24923,3.006,0.253,0.086,0.000,0.000,waitingForTarget,noEvent
6382,4,7,rld,14:34:15.378,24924,3.058,0.253,0.086,0.000,0.000,waitingForTarget,noEvent
6382,4,7,rld,14:34:15.456,24925,3.138,0.253,0.086,0.000,0.000,waitingForTarget,noEvent
6382,4,7,rld,14:34:15.514,24926,3.199,0.253,0.086,0.000,0.000,waitingForTarget,noEvent
6382,4,7,rld,14:34:15.606,24927,0.080,0.253,0.086,0.000,0.000,activeTracking,targetAppeared
6382,4,7,rld,14:34:15.671,24928,0.150,0.253,0.086,0.000,0.000,activeTracking,noEvent
6382,4,7,rld,14:34:15.727,24929,0.207,0.253,0.086,0.000,0.000,activeTracking,noEvent
6382,4,7,rld,14:34:15.781,24930,0.258,0.253,0.086,0.000,0.000,activeTracking,noEvent
6382,4,7,rld,14:34:15.875,24931,0.353,0.253,0.086,0.000,0.000,activeTracking,noEvent
6382,4,7,rld,14:34:15.936,24932,0.417,0.253,0.086,0.000,0.000,activeTracking,noEvent
6382,4,7,rld,14:34:15.990,24933,0.482,0.264,0.086,0.100,0.000,activeTracking,noEvent
6382,4,7,rld,14:34:16.057,24934,0.550,0.279,0.086,0.100,0.000,activeTracking,noEvent
6382,4,7,rld,14:34:16.124,24935,0.608,0.273,0.086,-0.100,0.000,activeTracking,noEvent
6382,4,7,rld,14:34:16.206,24936,0.690,0.204,0.086,-0.600,0.000,activeTracking,noEvent
6382,4,7,rld,14:34:16.270,24937,0.757,0.169,0.086,-0.100,0.000,activeTracking,noEvent
6382,4,7,rld,14:34:16.313,24938,0.800,0.158,0.086,0.000,0.000,activeTracking,noEvent
6382,4,7,rld,14:34:16.363,24939,0.851,0.154,0.086,0.000,0.000,activeTracking,noEvent
6382,4,7,rld,14:34:16.425,24940,0.904,0.153,0.086,0.000,0.000,activeTracking,noEvent
6382,4,7,rld,14:34:16.494,24941,0.971,0.152,0.086,0.000,0.000,activeTracking,noEvent
6382,4,7,rld,14:34:16.615,24942,1.042,0.152,0.086,0.000,0.000,activeTracking,noEvent
6382,4,7,rld,14:34:16.826,24943,1.221,-0.490,-0.038,-5.700,-1.100,activeTracking,noEvent
6382,4,7,rld,14:34:17.080,24944,1.501,-1.296,-0.159,-5.200,-0.700,activeTracking,noEvent
6382,4,7,rld,14:34:17.242,24945,1.729,-1.975,-0.338,-3.500,-1.200,activeTracking,noEvent
6382,4,7,rld,14:34:17.346,24946,1.822,-2.324,-0.423,-1.000,-0.200,activeTracking,noEvent
6382,4,7,rld,14:34:17.431,24947,1.915,-2.478,-0.452,-0.300,0.000,activeTracking,noEvent
6382,4,7,rld,14:34:17.529,24948,2.010,-2.613,-0.463,-0.700,0.000,activeTracking,noEvent
6382,4,7,rld,14:34:17.618,24949,2.088,-2.695,-0.467,-0.300,0.000,activeTracking,noEvent
6382,4,7,rld,14:34:17.673,24950,2.158,-2.747,-0.468,-0.200,0.000,activeTracking,noEvent
6382,4,7,rld,14:34:17.730,24951,2.220,-2.764,-0.469,0.000,0.000,activeTracking,noEvent
6382,4,7,rld,14:34:17.794,24952,2.280,-2.770,-0.469,0.000,0.000,activeTracking,noEvent
6382,4,7,rld,14:34:17.906,24953,2.391,-2.772,-0.457,0.000,0.100,activeTracking,noEvent
6382,4,7,rld,14:34:17.991,24954,2.468,-2.760,-0.406,0.100,0.400,activeTracking,noEvent
6382,4,7,rld,14:34:18.112,24955,2.589,-2.696,-0.307,0.500,0.700,onTarget,noEvent
6382,4,7,rld,14:34:18.210,24956,2.691,-2.662,-0.239,0.100,0.300,onTarget,noEvent
6382,4,7,rld,14:34:18.280,24957,2.765,-2.651,-0.216,0.000,0.000,onTarget,noEvent
6382,4,7,rld,14:34:18.390,24958,2.867,-2.647,-0.185,0.000,0.200,onTarget,noEvent
6382,4,7,rld,14:34:18.453,24959,2.926,-2.646,-0.163,0.000,0.100,onTarget,noEvent
6382,4,7,rld,14:34:18.508,24960,2.992,-2.646,-0.156,0.000,0.000,onTarget,noEvent
6382,4,7,rld,14:34:18.590,24961,3.068,-2.645,-0.154,0.000,0.000,onTarget,noEvent
6382,4,7,rld,14:34:18.658,24962,3.136,-2.645,-0.153,0.000,0.000,onTarget,noEvent
6382,4,7,rld,14:34:18.724,24963,3.201,-2.645,-0.153,0.000,0.000,onTarget,noEvent
6382,4,7,rld,14:34:18.805,24964,3.273,-2.645,-0.153,0.000,0.000,onTarget,noEvent
6382,4,7,rld,14:34:18.896,24965,3.364,-2.645,-0.153,0.000,0.000,onTarget,noEvent
6382,4,7,rld,14:34:18.964,24966,3.451,-2.645,-0.152,0.000,0.000,onTarget,targetClick
6382,4,8,rld,14:34:22.111,24999,3.525,0.017,0.170,0.000,0.000,waitingForTarget,middleTargetClick
6382,4,8,rld,14:34:22.186,25000,3.607,0.017,0.170,0.000,0.000,waitingForTarget,noEvent
6382,4,8,rld,14:34:22.274,25001,3.672,0.017,0.170,0.000,0.000,waitingForTarget,noEvent
6382,4,8,rld,14:34:22.339,25002,3.763,0.017,0.170,0.000,0.000,waitingForTarget,noEvent
6382,4,8,rld,14:34:22.406,25003,3.825,0.017,0.170,0.000,0.000,waitingForTarget,noEvent
6382,4,8,rld,14:34:22.488,25004,3.884,0.017,0.170,0.000,0.000,waitingForTarget,noEvent
6382,4,8,rld,14:34:22.547,25005,3.962,0.017,0.170,0.000,0.000,waitingForTarget,noEvent
6382,4,8,rld,14:34:22.623,25006,0.071,0.017,0.170,0.000,0.000,activeTracking,targetAppeared
6382,4,8,rld,14:34:22.692,25007,0.150,0.017,0.170,0.000,0.000,activeTracking,noEvent
6382,4,8,rld,14:34:22.741,25008,0.190,0.017,0.170,0.000,0.000,activeTracking,noEvent
6382,4,8,rld,14:34:22.796,25009,0.259,0.017,0.170,0.000,0.000,activeTracking,noEvent
6382,4,8,rld,14:34:22.875,25010,0.326,0.017,0.170,0.000,0.000,activeTracking,noEvent
6382,4,8,rld,14:34:22.938,25011,0.388,0.017,0.170,0.000,0.000,activeTracking,noEvent
6382,4,8,rld,14:34:23.042,25012,0.451,0.017,0.170,0.000,0.000,activeTracking,noEvent
6382,4,8,rld,14:34:23.288,25013,0.691,-1.159,-0.100,-10.400,-2.400,activeTracking,noEvent
6382,4,8,rld,14:34:23.455,25014,0.900,-1.952,-0.249,-3.400,-0.500,activeTracking,noEvent
6382,4,8,rld,14:34:23.593,25015,1.011,-2.412,-0.336,-1.600,-0.300,activeTracking,noEvent
6382,4,8,rld,14:34:23.695,25016,1.140,-2.700,-0.390,-1.100,-0.200,activeTracking,noEvent
6382,4,8,rld,14:34:23.760,25017,1.218,-2.846,-0.420,-0.400,-0.100,activeTracking,noEvent
6382,4,8,rld,14:34:23.875,25018,1.330,-2.956,-0.431,-0.500,0.000,activeTracking,noEvent
6382,4,8,rld,14:34:23.946,25019,1.408,-3.006,-0.434,-0.100,0.000,activeTracking,noEvent
6382,4,8,rld,14:34:24.005,25020,1.465,-3.022,-0.436,0.000,0.000,activeTracking,noEvent
6382,4,8,rld,14:34:24.070,25021,1.522,-3.028,-0.424,0.000,0.100,activeTracking,noEvent
6382,4,8,rld,14:34:24.327,25022,1.770,-2.882,-0.231,1.200,1.600,onTarget,noEvent
6382,4,8,rld,14:34:24.404,25023,1.852,-2.797,-0.120,0.300,0.400,onTarget,noEvent
6382,4,8,rld,14:34:24.475,25024,1.925,-2.756,-0.060,0.100,0.200,onTarget,noEvent
6382,4,8,rld,14:34:24.538,25025,1.996,-2.731,-0.040,0.100,0.000,onTarget,noEvent
6382,4,8,rld,14:34:24.608,25026,2.061,-2.722,-0.010,0.000,0.200,onTarget,noEvent
6382,4,8,rld,14:34:24.657,25027,2.110,-2.720,0.000,0.000,0.000,onTarget,noEvent
6382,4,8,rld,14:34:24.724,25028,2.171,-2.719,0.004,0.000,0.000,onTarget,noEvent
6382,4,8,rld,14:34:24.784,25029,2.230,-2.718,0.005,0.000,0.000,onTarget,noEvent
6382,4,8,rld,14:34:24.863,25030,2.322,-2.718,0.005,0.000,0.000,onTarget,noEvent
6382,4,8,rld,14:34:24.919,25031,2.378,-2.718,0.005,0.000,0.000,onTarget,noEvent
6382,4,8,rld,14:34:24.990,25032,2.428,-2.718,0.005,0.000,0.000,onTarget,noEvent
6382,4,8,rld,14:34:25.062,25033,2.518,-2.718,0.005,0.000,0.000,onTarget,targetClick
6382,4,9,rld,14:34:28.698,25067,2.591,-0.034,0.271,0.000,0.000,waitingForTarget,middleTargetClick
6382,4,9,rld,14:34:28.764,25068,2.669,-0.034,0.271,0.000,0.000,waitingForTarget,noEvent
6382,4,9,rld,14:34:28.877,25069,2.768,-0.034,0.271,0.000,0.000,waitingForTarget,noEvent
6382,4,9,rld,14:34:28.955,25070,2.848,-0.034,0.271,0.000,0.000,waitingForTarget,noEvent
6382,4,9,rld,14:34:29.026,25071,2.923,-0.034,0.271,0.000,0.000,waitingForTarget,noEvent
6382,4,9,rld,14:34:29.093,25072,2.989,-0.034,0.271,0.000,0.000,waitingForTarget,noEvent
6382,4,9,rld,14:34:29.155,25073,3.052,-0.034,0.271,0.000,0.000,waitingForTarget,noEvent
6382,4,9,rld,14:34:29.225,25074,0.069,-0.034,0.271,0.000,0.000,activeTracking,targetAppeared
6382,4,9,rld,14:34:29.298,25075,0.142,-0.034,0.271,0.000,0.000,activeTracking,noEvent
6382,4,9,rld,14:34:29.359,25076,0.205,-0.034,0.271,0.000,0.000,activeTracking,noEvent
6382,4,9,rld,14:34:29.461,25077,0.268,-0.034,0.271,0.000,0.000,activeTracking,noEvent
6382,4,9,rld,14:34:29.642,25078,0.495,0.281,0.080,2.800,-1.700,activeTracking,noEvent
6382,4,9,rld,14:34:29.767,25079,0.568,0.443,-0.062,0.500,-0.700,activeTracking,noEvent
6382,4,9,rld,14:34:29.963,25080,0.799,-1.095,-0.144,-14.100,-0.300,activeTracking,noEvent
6382,4,9,rld,14:34:30.070,25081,0.921,-1.720,-0.172,-0.900,0.000,activeTracking,noEvent
6382,4,9,rld,14:34:30.161,25082,1.008,-2.037,-0.182,-0.900,0.000,activeTracking,noEvent
6382,4,9,rld,14:34:30.276,25083,1.119,-2.226,-0.162,-0.700,0.200,activeTracking,noEvent
6382,4,9,rld,14:34:30.414,25084,1.271,-2.397,-0.144,-0.900,0.100,onTarget,noEvent
6382,4,9,rld,14:34:30.468,25085,1.325,-2.490,-0.126,-0.300,0.100,onTarget,noEvent
6382,4,9,rld,14:34:30.545,25086,1.401,-2.533,-0.120,-0.100,0.000,onTarget,noEvent
6382,4,9,rld,14:34:30.612,25087,1.464,-2.548,-0.118,0.000,0.000,onTarget,noEvent
6382,4,9,rld,14:34:30.662,25088,1.521,-2.553,-0.118,0.000,0.000,onTarget,noEvent
6382,4,9,rld,14:34:30.726,25089,1.571,-2.554,-0.118,0.000,0.000,onTarget,noEvent
6382,4,9,rld,14:34:30.796,25090,1.637,-2.555,-0.117,0.000,0.000,onTarget,noEvent
6382,4,9,rld,14:34:30.893,25091,1.747,-2.555,-0.117,0.000,0.000,onTarget,noEvent
6382,4,9,rld,14:34:30.945,25092,1.802,-2.555,-0.117,0.000,0.000,onTarget,targetClick
6382,4,10,rld,14:34:33.573,25122,1.875,-0.061,-0.122,0.000,0.000,waitingForTarget,middleTargetClick
6382,4,10,rld,14:34:33.633,25123,1.943,-0.065,-0.119,0.000,0.000,waitingForTarget,noEvent
6382,4,10,rld,14:34:33.712,25124,2.005,-0.067,-0.117,0.000,0.000,waitingForTarget,noEvent
6382,4,10,rld,14:34:33.769,25125,2.080,-0.067,-0.117,0.000,0.000,waitingForTarget,noEvent
6382,4,10,rld,14:34:33.845,25126,2.162,-0.067,-0.117,0.000,0.000,waitingForTarget,noEvent
6382,4,10,rld,14:34:33.918,25127,2.222,-0.067,-0.117,0.000,0.000,waitingForTarget,noEvent
6382,4,10,rld,14:34:33.973,25128,2.284,-0.067,-0.117,0.000,0.000,waitingForTarget,noEvent
6382,4,10,rld,14:34:34.051,25129,0.070,-0.068,-0.117,0.000,0.000,activeTracking,targetAppeared
6382,4,10,rld,14:34:34.106,25130,0.136,-0.068,-0.117,0.000,0.000,activeTracking,noEvent
6382,4,10,rld,14:34:34.175,25131,0.196,-0.068,-0.117,0.000,0.000,activeTracking,noEvent
6382,4,10,rld,14:34:34.220,25132,0.244,-0.068,-0.117,0.000,0.000,activeTracking,noEvent
6382,4,10,rld,14:34:34.273,25133,0.298,-0.068,-0.117,0.000,0.000,activeTracking,noEvent
6382,4,10,rld,14:34:34.471,25134,0.448,-0.090,-0.117,-0.200,0.000,activeTracking,noEvent
6382,4,10,rld,14:34:34.663,25135,0.639,-0.899,-0.060,-7.100,0.500,activeTracking,noEvent
6382,4,10,rld,14:34:34.755,25136,0.769,-1.342,-0.007,-1.500,0.300,activeTracking,noEvent
6382,4,10,rld,14:34:34.966,25137,0.960,-1.746,0.057,-2.200,0.400,activeTracking,noEvent
6382,4,10,rld,14:34:35.102,25138,1.106,-2.057,0.091,-1.500,0.100,activeTracking,noEvent
6382,4,10,rld,14:34:35.211,25139,1.225,-2.269,0.126,-0.900,0.200,activeTracking,noEvent
6382,4,10,rld,14:34:35.278,25140,1.309,-2.363,0.138,-0.200,0.000,activeTracking,noEvent
6382,4,10,rld,14:34:35.332,25141,1.357,-2.407,0.142,-0.100,0.000,onTarget,noEvent
6382,4,10,rld,14:34:35.383,25142,1.410,-2.422,0.143,0.000,0.000,onTarget,noEvent
6382,4,10,rld,14:34:35.445,25143,1.474,-2.438,0.144,-0.100,0.000,onTarget,noEvent
6382,4,10,rld,14:34:35.514,25144,1.531,-2.444,0.144,0.000,0.000,onTarget,noEvent
6382,4,10,rld,14:34:35.570,25145,1.599,-2.446,0.144,0.000,0.000,onTarget,noEvent
6382,4,10,rld,14:34:35.633,25146,1.645,-2.447,0.144,0.000,0.000,onTarget,noEvent
6382,4,10,rld,14:34:35.693,25147,1.719,-2.447,0.144,0.000,0.000,onTarget,noEvent
6382,4,10,rld,14:34:35.752,25148,1.778,-2.447,0.144,0.000,0.000,onTarget,noEvent
6382,4,10,rld,14:34:35.794,25149,1.827,-2.447,0.144,0.000,0.000,onTarget,noEvent
6382,4,10,rld,14:34:35.856,25150,1.880,-2.447,0.144,0.000,0.000,onTarget,noEvent
6382,4,10,rld,14:34:35.953,25151,1.979,-2.447,0.144,0.000,0.000,onTarget,targetClick
6382,4,11,rld,14:34:38.773,25181,2.056,-0.118,0.170,0.000,0.000,waitingForTarget,middleTargetClick
6382,4,11,rld,14:34:38.845,25182,2.127,-0.118,0.170,0.000,0.000,waitingForTarget,noEvent
6382,4,11,rld,14:34:38.918,25183,2.177,-0.118,0.170,0.000,0.000,waitingForTarget,noEvent
6382,4,11,rld,14:34:38.979,25184,2.262,-0.118,0.170,0.000,0.000,waitingForTarget,noEvent
6382,4,11,rld,14:34:39.044,25185,2.319,-0.118,0.170,0.000,0.000,waitingForTarget,noEvent
6382,4,11,rld,14:34:39.107,25186,2.383,-0.118,0.170,0.000,0.000,waitingForTarget,noEvent
6382,4,11,rld,14:34:39.163,25187,2.433,-0.118,0.170,0.000,0.000,waitingForTarget,noEvent
6382,4,11,rld,14:34:39.226,25188,2.501,-0.118,0.170,0.000,0.000,waitingForTarget,noEvent
6382,4,11,rld,14:34:39.283,25189,0.051,-0.118,0.170,0.000,0.000,activeTracking,targetAppeared
6382,4,11,rld,14:34:39.345,25190,0.119,-0.118,0.170,0.000,0.000,activeTracking,noEvent
6382,4,11,rld,14:34:39.392,25191,0.173,-0.118,0.170,0.000,0.000,activeTracking,noEvent
6382,4,11,rld,14:34:39.455,25192,0.229,-0.118,0.170,0.000,0.000,activeTracking,noEvent
6382,4,11,rld,14:34:39.510,25193,0.290,-0.118,0.170,0.000,0.000,activeTracking,noEvent
6382,4,11,rld,14:34:39.568,25194,0.334,-0.118,0.170,0.000,0.000,activeTracking,noEvent
6382,4,11,rld,14:34:39.727,25195,0.484,-0.174,0.170,-0.500,0.000,activeTracking,noEvent
6382,4,11,rld,14:34:39.945,25196,0.701,-1.212,0.115,-9.000,-0.500,activeTracking,noEvent
6382,4,11,rld,14:34:40.091,25197,0.844,-1.772,0.087,-1.800,-0.100,activeTracking,noEvent
6382,4,11,rld,14:34:40.219,25198,0.981,-2.184,0.009,-1.900,-0.600,activeTracking,noEvent
6382,4,11,rld,14:34:40.359,25199,1.116,-2.514,-0.075,-1.600,-0.500,onTarget,noEvent
6382,4,11,rld,14:34:40.427,25200,1.208,-2.698,-0.103,-0.600,0.000,onTarget,noEvent
6382,4,11,rld,14:34:40.500,25201,1.274,-2.760,-0.113,0.000,0.000,onTarget,noEvent
6382,4,11,rld,14:34:40.534,25202,1.321,-2.781,-0.116,0.000,0.000,onTarget,noEvent
6382,4,11,rld,14:34:40.589,25203,1.373,-2.788,-0.117,0.000,0.000,onTarget,noEvent
6382,4,11,rld,14:34:40.654,25204,1.425,-2.790,-0.117,0.000,0.000,onTarget,noEvent
6382,4,11,rld,14:34:40.707,25205,1.489,-2.791,-0.118,0.000,0.000,onTarget,noEvent
6382,4,11,rld,14:34:40.756,25206,1.529,-2.791,-0.118,0.000,0.000,onTarget,noEvent
6382,4,11,rld,14:34:40.808,25207,1.595,-2.791,-0.118,0.000,0.000,onTarget,noEvent
6382,4,11,rld,14:34:40.874,25208,1.651,-2.791,-0.118,0.000,0.000,onTarget,noEvent
6382,4,11,rld,14:34:40.927,25209,1.702,-2.791,-0.118,0.000,0.000,onTarget,noEvent
6382,4,11,rld,14:34:40.983,25210,1.752,-2.791,-0.118,0.000,0.000,onTarget,noEvent
6382,4,11,rld,14:34:41.033,25211,1.809,-2.791,-0.118,0.000,0.000,onTarget,noEvent
6382,4,11,rld,14:34:41.084,25212,1.861,-2.791,-0.118,0.000,0.000,onTarget,noEvent
6382,4,11,rld,14:34:41.155,25213,1.934,-2.791,-0.118,0.000,0.000,onTarget,targetClick
6382,4,12,rld,14:34:44.187,25249,2.007,0.186,0.170,0.000,0.000,waitingForTarget,middleTargetClick
6382,4,12,rld,14:34:44.277,25250,2.101,0.186,0.170,0.000,0.000,waitingForTarget,noEvent
6382,4,12,rld,14:34:44.361,25251,2.194,0.186,0.170,0.000,0.000,waitingForTarget,noEvent
6382,4,12,rld,14:34:44.412,25252,2.246,0.186,0.170,0.000,0.000,waitingForTarget,noEvent
6382,4,12,rld,14:34:44.481,25253,2.314,0.186,0.170,0.000,0.000,waitingForTarget,noEvent
6382,4,12,rld,14:34:44.547,25254,2.376,0.186,0.170,0.000,0.000,waitingForTarget,noEvent
6382,4,12,rld,14:34:44.621,25255,2.435,0.186,0.170,0.000,0.000,waitingForTarget,noEvent
6382,4,12,rld,14:34:44.702,25256,0.082,0.186,0.170,0.000,0.000,activeTracking,targetAppeared
6382,4,12,rld,14:34:44.772,25257,0.171,0.186,0.170,0.000,0.000,activeTracking,noEvent
6382,4,12,rld,14:34:44.870,25258,0.257,0.186,0.170,0.000,0.000,activeTracking,noEvent
6382,4,12,rld,14:34:44.929,25259,0.327,0.186,0.170,0.000,0.000,activeTracking,noEvent
6382,4,12,rld,14:34:45.005,25260,0.395,0.174,0.170,-0.100,0.000,activeTracking,noEvent
6382,4,12,rld,14:34:45.233,25261,0.621,-0.992,0.160,-10.300,-0.100,activeTracking,noEvent
6382,4,12,rld,14:34:45.324,25262,0.700,-1.604,0.159,-1.900,0.000,activeTracking,noEvent
6382,4,12,rld,14:34:45.496,25263,0.878,-2.186,0.137,-3.200,-0.200,activeTracking,noEvent
6382,4,12,rld,14:34:45.645,25264,1.024,-2.575,0.131,-1.600,0.000,onTarget,noEvent
6382,4,12,rld,14:34:45.706,25265,1.105,-2.743,0.129,-0.300,0.000,onTarget,noEvent
6382,4,12,rld,14:34:45.844,25266,1.210,-2.910,0.130,-0.900,0.000,onTarget,noEvent
6382,4,12,rld,14:34:45.912,25267,1.310,-2.990,0.130,-0.200,0.000,onTarget,noEvent
6382,4,12,rld,14:34:45.961,25268,1.360,-3.017,0.130,0.000,0.000,onTarget,noEvent
6382,4,12,rld,14:34:46.005,25269,1.407,-3.026,0.130,0.000,0.000,onTarget,noEvent
6382,4,12,rld,14:34:46.061,25270,1.457,-3.029,0.130,0.000,0.000,onTarget,noEvent
6382,4,12,rld,14:34:46.130,25271,1.514,-3.030,0.130,0.000,0.000,onTarget,noEvent
6382,4,12,rld,14:34:46.190,25272,1.578,-3.030,0.130,0.000,0.000,onTarget,noEvent
6382,4,12,rld,14:34:46.294,25273,1.694,-2.981,0.130,0.400,0.000,onTarget,noEvent
6382,4,12,rld,14:34:46.373,25274,1.758,-2.903,0.117,0.500,-0.100,onTarget,noEvent
6382,4,12,rld,14:34:46.445,25275,1.839,-2.841,0.101,0.300,-0.100,onTarget,noEvent
6382,4,12,rld,14:34:46.525,25276,1.897,-2.795,0.096,0.200,0.000,onTarget,noEvent
6382,4,12,rld,14:34:46.591,25277,1.989,-2.780,0.082,0.000,-0.100,onTarget,noEvent
6382,4,12,rld,14:34:46.661,25278,2.048,-2.775,0.078,0.000,0.000,onTarget,targetClick
6382,4,13,rld,14:34:50.137,25313,2.131,-0.128,0.146,0.100,-0.100,waitingForTarget,middleTargetClick
6382,4,13,rld,14:34:50.196,25314,2.205,-0.121,0.140,0.000,0.000,waitingForTarget,noEvent
6382,4,13,rld,14:34:50.275,25315,2.280,-0.119,0.137,0.000,0.000,waitingForTarget,noEvent
6382,4,13,rld,14:34:50.343,25316,2.330,-0.119,0.137,0.000,0.000,waitingForTarget,noEvent
6382,4,13,rld,14:34:50.403,25317,2.415,-0.118,0.136,0.000,0.000,waitingForTarget,noEvent
6382,4,13,rld,14:34:50.450,25318,2.460,-0.118,0.136,0.000,0.000,waitingForTarget,noEvent
6382,4,13,rld,14:34:50.505,25319,2.500,-0.118,0.136,0.000,0.000,waitingForTarget,noEvent
6382,4,13,rld,14:34:50.571,25320,2.576,-0.118,0.136,0.000,0.000,waitingForTarget,noEvent
6382,4,13,rld,14:34:50.633,25321,0.057,-0.118,0.136,0.000,0.000,activeTracking,targetAppeared
6382,4,13,rld,14:34:50.688,25322,0.123,-0.118,0.136,0.000,0.000,activeTracking,noEvent
6382,4,13,rld,14:34:50.748,25323,0.172,-0.118,0.136,0.000,0.000,activeTracking,noEvent
6382,4,13,rld,14:34:50.793,25324,0.221,-0.118,0.136,0.000,0.000,activeTracking,noEvent
6382,4,13,rld,14:34:50.874,25325,0.306,-0.118,0.136,0.000,0.000,activeTracking,noEvent
6382,4,13,rld,14:34:50.919,25326,0.349,-0.118,0.136,0.000,0.000,activeTracking,noEvent
6382,4,13,rld,14:34:50.984,25327,0.409,-0.118,0.136,0.000,0.000,activeTracking,noEvent
6382,4,13,rld,14:34:51.090,25328,0.464,-0.118,0.136,0.000,0.000,activeTracking,noEvent
6382,4,13,rld,14:34:51.244,25329,0.651,0.671,0.126,7.000,-0.100,activeTracking,noEvent
6382,4,13,rld,14:34:51.304,25330,0.728,0.946,0.122,0.100,0.000,activeTracking,noEvent
6382,4,13,rld,14:34:51.342,25331,0.775,1.038,0.121,0.000,0.000,activeTracking,noEvent
6382,4,13,rld,14:34:51.411,25332,0.842,1.069,0.121,0.000,0.000,activeTracking,noEvent
6382,4,13,rld,14:34:51.476,25333,0.901,1.080,0.121,0.000,0.000,activeTracking,noEvent
6382,4,13,rld,14:34:51.530,25334,0.949,1.083,0.121,0.000,0.000,activeTracking,noEvent
6382,4,13,rld,14:34:51.722,25335,1.130,1.809,0.089,6.300,-0.300,activeTracking,noEvent
6382,4,13,rld,14:34:51.775,25336,1.206,2.079,0.055,0.200,-0.200,activeTracking,noEvent
6382,4,13,rld,14:34:51.882,25337,1.307,2.228,0.033,0.500,-0.100,activeTracking,noEvent
6382,4,13,rld,14:34:52.018,25338,1.442,2.374,0.014,0.800,-0.100,onTarget,noEvent
6382,4,13,rld,14:34:52.096,25339,1.524,2.627,-0.003,1.700,-0.100,onTarget,noEvent
6382,4,13,rld,14:34:52.228,25340,1.648,2.773,-0.021,0.500,-0.100,onTarget,noEvent
6382,4,13,rld,14:34:52.312,25341,1.729,2.834,-0.027,0.100,0.000,onTarget,noEvent
6382,4,13,rld,14:34:52.362,25342,1.793,2.842,-0.029,-0.100,0.000,onTarget,noEvent
6382,4,13,rld,14:34:52.434,25343,1.849,2.845,-0.029,0.000,0.000,onTarget,noEvent
6382,4,13,rld,14:34:52.491,25344,1.922,2.846,-0.030,0.000,0.000,onTarget,noEvent
6382,4,13,rld,14:34:52.552,25345,1.974,2.846,-0.030,0.000,0.000,onTarget,noEvent
6382,4,13,rld,14:34:52.613,25346,2.044,2.846,-0.030,0.000,0.000,onTarget,noEvent
6382,4,13,rld,14:34:52.692,25347,2.104,2.846,-0.030,0.000,0.000,onTarget,noEvent
6382,4,13,rld,14:34:52.754,25348,2.183,2.846,-0.030,0.000,0.000,onTarget,targetClick
6382,4,14,rld,14:34:55.691,25384,2.250,0.250,0.153,0.000,0.000,waitingForTarget,middleTargetClick
6382,4,14,rld,14:34:55.757,25385,2.325,0.252,0.153,0.000,0.000,waitingForTarget,noEvent
6382,4,14,rld,14:34:55.843,25386,2.397,0.253,0.153,0.000,0.000,waitingForTarget,noEvent
6382,4,14,rld,14:34:55.903,25387,2.472,0.253,0.153,0.000,0.000,waitingForTarget,noEvent
6382,4,14,rld,14:34:55.955,25388,2.528,0.253,0.153,0.000,0.000,waitingForTarget,noEvent
6382,4,14,rld,14:34:56.023,25389,2.586,0.253,0.153,0.000,0.000,waitingForTarget,noEvent
6382,4,14,rld,14:34:56.073,25390,2.635,0.253,0.153,0.000,0.000,waitingForTarget,noEvent
6382,4,14,rld,14:34:56.132,25391,2.687,0.253,0.153,0.000,0.000,waitingForTarget,noEvent
6382,4,14,rld,14:34:56.193,25392,0.065,0.253,0.153,0.000,0.000,activeTracking,targetAppeared
6382,4,14,rld,14:34:56.460,25393,0.284,0.818,0.132,5.000,-0.200,activeTracking,noEvent
6382,4,14,rld,14:34:56.571,25394,0.433,1.361,0.114,3.100,-0.100,activeTracking,noEvent
6382,4,14,rld,14:34:56.640,25395,0.524,1.578,0.108,0.300,0.000,activeTracking,noEvent
6382,4,14,rld,14:34:56.873,25396,0.743,0.263,0.014,-12.200,-0.800,activeTracking,noEvent
6382,4,14,rld,14:34:56.910,25397,0.797,-0.171,-0.017,0.000,0.000,activeTracking,noEvent
6382,4,14,rld,14:34:56.961,25398,0.841,-0.316,-0.027,0.000,0.000,activeTracking,noEvent
6382,4,14,rld,14:34:57.007,25399,0.885,-0.364,-0.031,0.000,0.000,activeTracking,noEvent
6382,4,14,rld,14:34:57.059,25400,0.940,-0.380,-0.032,0.000,0.000,activeTracking,noEvent
6382,4,14,rld,14:34:57.128,25401,0.999,-0.386,-0.032,0.000,0.000,activeTracking,noEvent
6382,4,14,rld,14:34:57.234,25402,1.063,-0.387,-0.032,0.000,0.000,activeTracking,noEvent
6382,4,14,rld,14:34:57.406,25403,1.232,-0.829,-0.032,-3.900,0.000,activeTracking,noEvent
6382,4,14,rld,14:34:57.690,25404,1.492,-1.526,0.048,-4.800,0.700,activeTracking,noEvent
6382,4,14,rld,14:34:57.912,25405,1.793,-2.397,0.078,-5.400,0.000,onTarget,noEvent
6382,4,14,rld,14:34:57.975,25406,1.859,-2.744,0.088,-0.400,0.000,onTarget,noEvent
6382,4,14,rld,14:34:58.067,25407,1.946,-2.934,0.093,-0.600,0.000,onTarget,noEvent
6382,4,14,rld,14:34:58.186,25408,2.064,-3.135,0.095,-1.100,0.000,activeTracking,noEvent
6382,4,14,rld,14:34:58.255,25409,2.128,-3.239,0.096,-0.300,0.000,activeTracking,noEvent
6382,4,14,rld,14:34:58.326,25410,2.194,-3.287,0.096,-0.100,0.000,activeTracking,noEvent
6382,4,14,rld,14:34:58.375,25411,2.251,-3.303,0.096,0.000,0.000,activeTracking,noEvent
6382,4,14,rld,14:34:58.577,25412,2.443,-3.183,0.048,1.000,-0.400,activeTracking,noEvent
6382,4,14,rld,14:34:58.695,25413,2.550,-2.958,-0.016,1.500,-0.400,onTarget,noEvent
6382,4,14,rld,14:34:58.878,25414,2.684,-2.749,-0.084,1.100,-0.400,onTarget,noEvent
6382,4,14,rld,14:34:58.985,25415,2.839,-2.559,-0.141,1.000,-0.300,onTarget,noEvent
6382,4,14,rld,14:34:59.076,25416,2.952,-2.472,-0.172,0.200,-0.100,onTarget,noEvent
6382,4,14,rld,14:34:59.140,25417,3.011,-2.443,-0.182,0.000,0.000,onTarget,noEvent
6382,4,14,rld,14:34:59.192,25418,3.077,-2.434,-0.185,0.000,0.000,onTarget,noEvent
6382,4,14,rld,14:34:59.269,25419,3.144,-2.431,-0.186,0.000,0.000,onTarget,noEvent
6382,4,14,rld,14:34:59.334,25420,3.208,-2.429,-0.187,0.000,0.000,onTarget,noEvent
6382,4,14,rld,14:34:59.390,25421,3.262,-2.429,-0.187,0.000,0.000,onTarget,noEvent
6382,4,14,rld,14:34:59.444,25422,3.328,-2.429,-0.187,0.000,0.000,onTarget,noEvent
6382,4,14,rld,14:34:59.516,25423,3.384,-2.429,-0.187,0.000,0.000,onTarget,noEvent
6382,4,14,rld,14:34:59.571,25424,3.448,-2.429,-0.187,0.000,0.000,onTarget,noEvent
6382,4,14,rld,14:34:59.639,25425,3.497,-2.429,-0.187,0.000,0.000,onTarget,noEvent
6382,4,14,rld,14:34:59.706,25426,3.580,-2.429,-0.187,0.000,0.000,onTarget,targetClick
6382,4,15,rld,14:35:03.433,25486,3.662,-0.186,0.187,0.000,0.000,waitingForTarget,middleTargetClick
6382,4,15,rld,14:35:03.475,25487,3.711,-0.186,0.187,0.000,0.000,waitingForTarget,noEvent
6382,4,15,rld,14:35:03.545,25488,3.781,-0.186,0.187,0.000,0.000,waitingForTarget,noEvent
6382,4,15,rld,14:35:03.590,25489,3.825,-0.186,0.187,0.000,0.000,waitingForTarget,noEvent
6382,4,15,rld,14:35:03.638,25490,3.871,-0.186,0.187,0.000,0.000,waitingForTarget,noEvent
6382,4,15,rld,14:35:03.662,25491,3.897,-0.186,0.187,0.000,0.000,waitingForTarget,noEvent
6382,4,15,rld,14:35:03.739,25492,3.956,-0.186,0.187,0.000,0.000,waitingForTarget,noEvent
6382,4,15,rld,14:35:03.926,25494,0.073,-0.186,0.187,0.000,0.000,activeTracking,targetAppeared
6382,4,15,rld,14:35:03.993,25495,0.142,-0.186,0.187,0.000,0.000,activeTracking,noEvent
6382,4,15,rld,14:35:04.056,25496,0.215,-0.186,0.187,0.000,0.000,activeTracking,noEvent
6382,4,15,rld,14:35:04.139,25497,0.289,-0.186,0.187,0.000,0.000,activeTracking,noEvent
6382,4,15,rld,14:35:04.223,25498,0.359,-0.186,0.187,0.000,0.000,activeTracking,noEvent
6382,4,15,rld,14:35:04.495,25499,0.604,-1.944,0.032,-15.400,-1.400,activeTracking,noEvent
6382,4,15,rld,14:35:04.578,25500,0.735,-2.613,-0.020,-0.500,0.000,onTarget,noEvent
6382,4,15,rld,14:35:04.675,25501,0.822,-2.939,-0.038,-0.800,0.000,onTarget,noEvent
6382,4,15,rld,14:35:04.885,25502,1.022,-3.311,-0.079,-2.100,-0.300,activeTracking,noEvent
6382,4,15,rld,14:35:04.956,25503,1.105,-3.513,-0.093,-0.600,0.000,activeTracking,noEvent
6382,4,15,rld,14:35:05.014,25504,1.169,-3.594,-0.098,-0.100,0.000,activeTracking,noEvent
6382,4,15,rld,14:35:05.086,25505,1.246,-3.621,-0.099,0.000,0.000,activeTracking,noEvent
6382,4,15,rld,14:35:05.160,25506,1.315,-3.592,-0.100,0.300,0.000,activeTracking,noEvent
6382,4,15,rld,14:35:05.296,25507,1.440,-3.480,-0.100,0.800,0.000,activeTracking,noEvent
6382,4,15,rld,14:35:05.390,25508,1.546,-3.204,-0.076,1.900,0.200,activeTracking,noEvent
6382,4,15,rld,14:35:05.492,25509,1.630,-3.026,-0.069,0.700,0.000,onTarget,noEvent
6382,4,15,rld,14:35:05.608,25510,1.751,-2.869,-0.066,0.800,0.000,onTarget,noEvent
6382,4,15,rld,14:35:05.712,25511,1.868,-2.768,-0.065,0.400,0.000,onTarget,noEvent
6382,4,15,rld,14:35:05.769,25512,1.925,-2.711,-0.065,0.200,0.000,onTarget,noEvent
6382,4,15,rld,14:35:05.856,25513,2.006,-2.691,-0.065,0.000,0.000,onTarget,noEvent
6382,4,15,rld,14:35:05.904,25514,2.057,-2.685,-0.065,0.000,0.000,onTarget,noEvent
6382,4,15,rld,14:35:05.975,25515,2.122,-2.683,-0.065,0.000,0.000,onTarget,noEvent
6382,4,15,rld,14:35:06.019,25516,2.174,-2.682,-0.065,0.000,0.000,onTarget,noEvent
6382,4,15,rld,14:35:06.093,25517,2.239,-2.682,-0.065,0.000,0.000,onTarget,noEvent
6382,4,15,rld,14:35:06.144,25518,2.300,-2.682,-0.065,0.000,0.000,onTarget,noEvent
6382,4,15,rld,14:35:06.216,25519,2.354,-2.682,-0.065,0.000,0.000,onTarget,noEvent
6382,4,15,rld,14:35:06.274,25520,2.429,-2.682,-0.065,0.000,0.000,onTarget,targetClick
6382,4,16,rld,14:35:08.949,25555,2.508,-0.118,-0.083,0.000,0.000,waitingForTarget,middleTargetClick
6382,4,16,rld,14:35:09.025,25556,2.602,-0.118,-0.083,0.000,0.000,waitingForTarget,noEvent
6382,4,16,rld,14:35:09.088,25557,2.653,-0.118,-0.083,0.000,0.000,waitingForTarget,noEvent
6382,4,16,rld,14:35:09.150,25558,2.722,-0.118,-0.083,0.000,0.000,waitingForTarget,noEvent
6382,4,16,rld,14:35:09.199,25559,2.774,-0.118,-0.083,0.000,0.000,waitingForTarget,noEvent
6382,4,16,rld,14:35:09.257,25560,2.825,-0.118,-0.083,0.000,0.000,waitingForTarget,noEvent
6382,4,16,rld,14:35:09.309,25561,2.876,-0.118,-0.083,0.000,0.000,waitingForTarget,noEvent
6382,4,16,rld,14:35:09.385,25562,2.955,-0.118,-0.083,0.000,0.000,waitingForTarget,noEvent
6382,4,16,rld,14:35:09.441,25563,0.050,-0.118,-0.083,0.000,0.000,activeTracking,targetAppeared
6382,4,16,rld,14:35:09.502,25564,0.119,-0.118,-0.083,0.000,0.000,activeTracking,noEvent
6382,4,16,rld,14:35:09.564,25565,0.176,-0.118,-0.083,0.000,0.000,activeTracking,noEvent
6382,4,16,rld,14:35:09.618,25566,0.231,-0.118,-0.083,0.000,0.000,activeTracking,noEvent
6382,4,16,rld,14:35:09.678,25567,0.290,-0.118,-0.083,0.000,0.000,activeTracking,noEvent
6382,4,16,rld,14:35:09.742,25568,0.349,-0.118,-0.083,0.000,0.000,activeTracking,noEvent
6382,4,16,rld,14:35:09.791,25569,0.410,-0.118,-0.083,0.000,0.000,activeTracking,noEvent
6382,4,16,rld,14:35:09.871,25570,0.488,-0.118,-0.083,0.000,0.000,activeTracking,noEvent
6382,4,16,rld,14:35:10.105,25571,0.700,1.090,-0.060,10.700,0.200,activeTracking,noEvent
6382,4,16,rld,14:35:10.327,25572,0.901,2.187,-0.190,5.900,-1.200,activeTracking,noEvent
6382,4,16,rld,14:35:10.416,25573,1.020,2.782,-0.271,1.800,-0.300,onTarget,noEvent
6382,4,16,rld,14:35:10.553,25574,1.141,3.095,-0.311,0.900,-0.100,activeTracking,noEvent
6382,4,16,rld,14:35:10.619,25575,1.234,3.314,-0.337,0.900,-0.100,activeTracking,noEvent
6382,4,16,rld,14:35:10.682,25576,1.302,3.425,-0.347,0.300,0.000,activeTracking,noEvent
6382,4,16,rld,14:35:10.742,25577,1.361,3.475,-0.350,0.100,0.000,activeTracking,noEvent
6382,4,16,rld,14:35:10.906,25578,1.514,3.252,-0.266,-1.900,0.700,activeTracking,noEvent
6382,4,16,rld,14:35:11.060,25579,1.662,2.943,-0.131,-1.900,0.900,onTarget,noEvent
6382,4,16,rld,14:35:11.218,25580,1.809,2.503,0.099,-2.800,1.600,onTarget,noEvent
6382,4,16,rld,14:35:11.311,25581,1.928,2.286,0.209,-0.600,0.300,activeTracking,noEvent
6382,4,16,rld,14:35:11.372,25582,1.982,2.203,0.257,-0.100,0.100,activeTracking,noEvent
6382,4,16,rld,14:35:11.421,25583,2.037,2.175,0.273,0.000,0.000,activeTracking,noEvent
6382,4,16,rld,14:35:11.493,25584,2.108,2.166,0.278,0.000,0.000,activeTracking,noEvent
6382,4,16,rld,14:35:11.554,25585,2.165,2.163,0.280,0.000,0.000,activeTracking,noEvent
6382,4,16,rld,14:35:11.616,25586,2.231,2.162,0.280,0.000,0.000,activeTracking,noEvent
6382,4,16,rld,14:35:11.674,25587,2.288,2.162,0.281,0.000,0.000,activeTracking,noEvent
6382,4,16,rld,14:35:11.743,25588,2.352,2.162,0.281,0.000,0.000,activeTracking,noEvent
6382,4,16,rld,14:35:12.018,25589,2.614,2.411,0.155,2.100,-1.100,onTarget,noEvent
6382,4,16,rld,14:35:12.120,25590,2.719,2.567,0.055,0.600,-0.500,onTarget,noEvent
6382,4,16,rld,14:35:12.185,25591,2.802,2.643,0.010,0.200,-0.100,onTarget,noEvent
6382,4,16,rld,14:35:12.270,25592,2.888,2.681,-0.028,0.100,-0.200,onTarget,noEvent
6382,4,16,rld,14:35:12.358,25593,2.969,2.718,-0.053,0.200,-0.100,onTarget,noEvent
6382,4,16,rld,14:35:12.426,25594,3.044,2.730,-0.073,0.000,-0.100,onTarget,noEvent
6382,4,16,rld,14:35:12.505,25595,3.118,2.734,-0.091,0.000,-0.100,onTarget,noEvent
6382,4,16,rld,14:35:12.566,25596,3.184,2.736,-0.097,0.000,0.000,onTarget,noEvent
6382,4,16,rld,14:35:12.640,25597,3.250,2.736,-0.099,0.000,0.000,onTarget,noEvent
6382,4,16,rld,14:35:12.718,25598,3.320,2.736,-0.100,0.000,0.000,onTarget,noEvent
6382,4,16,rld,14:35:12.838,25599,3.392,2.736,-0.100,0.000,0.000,onTarget,noEvent
6382,4,16,rld,14:35:12.940,25600,3.554,2.736,-0.088,0.000,0.100,onTarget,targetClick
6382,4,17,rld,14:35:15.873,25638,3.647,0.321,0.103,0.000,0.000,waitingForTarget,middleTargetClick
6382,4,17,rld,14:35:15.935,25639,3.704,0.321,0.103,0.000,0.000,waitingForTarget,noEvent
6382,4,17,rld,14:35:15.995,25640,3.767,0.321,0.103,0.000,0.000,waitingForTarget,noEvent
6382,4,17,rld,14:35:16.060,25641,3.825,0.321,0.103,0.000,0.000,waitingForTarget,noEvent
6382,4,17,rld,14:35:16.125,25642,3.903,0.321,0.103,0.000,0.000,waitingForTarget,noEvent
6382,4,17,rld,14:35:16.174,25643,3.949,0.321,0.103,0.000,0.000,waitingForTarget,noEvent
6382,4,17,rld,14:35:16.222,25644,3.992,0.321,0.103,0.000,0.000,waitingForTarget,noEvent
6382,4,17,rld,14:35:16.349,25646,0.062,0.321,0.103,0.000,0.000,activeTracking,targetAppeared
6382,4,17,rld,14:35:16.415,25647,0.127,0.321,0.103,0.000,0.000,activeTracking,noEvent
6382,4,17,rld,14:35:16.472,25648,0.187,0.321,0.103,0.000,0.000,activeTracking,noEvent
6382,4,17,rld,14:35:16.532,25649,0.243,0.321,0.103,0.000,0.000,activeTracking,noEvent
6382,4,17,rld,14:35:16.590,25650,0.310,0.321,0.103,0.000,0.000,activeTracking,noEvent
6382,4,17,rld,14:35:16.639,25651,0.354,0.321,0.103,0.000,0.000,activeTracking,noEvent
6382,4,17,rld,14:35:16.695,25652,0.421,0.321,0.103,0.000,0.000,activeTracking,noEvent
6382,4,17,rld,14:35:17.087,25653,0.742,1.170,0.013,7.500,-0.800,activeTracking,noEvent
6382,4,17,rld,14:35:17.342,25654,1.049,2.097,-0.154,5.500,-1.200,activeTracking,noEvent
6382,4,17,rld,14:35:17.477,25655,1.152,2.666,-0.270,2.100,-0.500,onTarget,noEvent
6382,4,17,rld,14:35:17.590,25656,1.301,3.031,-0.334,1.400,-0.200,activeTracking,noEvent
6382,4,17,rld,14:35:17.665,25657,1.385,3.192,-0.356,0.300,0.000,activeTracking,noEvent
6382,4,17,rld,14:35:17.742,25658,1.455,3.271,-0.364,0.200,0.000,activeTracking,noEvent
6382,4,17,rld,14:35:17.817,25659,1.542,3.298,-0.378,0.000,-0.100,activeTracking,noEvent
6382,4,17,rld,14:35:17.892,25660,1.616,3.306,-0.395,0.000,-0.100,activeTracking,noEvent
6382,4,17,rld,14:35:17.977,25661,1.693,3.234,-0.340,-0.600,0.500,activeTracking,noEvent
6382,4,17,rld,14:35:18.172,25662,1.866,2.852,-0.062,-2.900,2.200,onTarget,noEvent
6382,4,17,rld,14:35:18.238,25663,1.954,2.678,0.053,-0.400,0.200,onTarget,noEvent
6382,4,17,rld,14:35:18.292,25664,2.013,2.608,0.102,-0.100,0.100,onTarget,noEvent
6382,4,17,rld,14:35:18.359,25665,2.083,2.560,0.130,-0.200,0.100,onTarget,noEvent
6382,4,17,rld,14:35:18.458,25666,2.181,2.533,0.163,-0.100,0.200,onTarget,noEvent
6382,4,17,rld,14:35:18.509,25667,2.233,2.511,0.174,-0.100,0.000,onTarget,noEvent
6382,4,17,rld,14:35:18.576,25668,2.292,2.504,0.177,0.000,0.000,onTarget,noEvent
6382,4,17,rld,14:35:18.622,25669,2.344,2.502,0.178,0.000,0.000,onTarget,noEvent
6382,4,17,rld,14:35:18.691,25670,2.400,2.501,0.179,0.000,0.000,onTarget,noEvent
6382,4,17,rld,14:35:18.748,25671,2.472,2.501,0.179,0.000,0.000,onTarget,noEvent
6382,4,17,rld,14:35:18.990,25672,2.696,2.645,0.098,1.200,-0.700,onTarget,noEvent
6382,4,17,rld,14:35:19.074,25673,2.781,2.755,0.036,0.500,-0.300,onTarget,noEvent
6382,4,17,rld,14:35:19.135,25674,2.852,2.803,0.016,0.100,0.000,onTarget,noEvent
6382,4,17,rld,14:35:19.218,25675,2.919,2.820,0.009,0.000,0.000,onTarget,noEvent
6382,4,17,rld,14:35:19.304,25676,3.014,2.825,0.007,0.000,0.000,onTarget,noEvent
6382,4,17,rld,14:35:19.385,25677,3.094,2.827,0.006,0.000,0.000,onTarget,targetClick
6382,4,18,rld,14:35:22.933,25720,3.172,0.135,0.103,0.000,0.000,waitingForTarget,middleTargetClick
6382,4,18,rld,14:35:22.977,25721,3.222,0.135,0.103,0.000,0.000,waitingForTarget,noEvent
6382,4,18,rld,14:35:23.026,25722,3.272,0.135,0.103,0.000,0.000,waitingForTarget,noEvent
6382,4,18,rld,14:35:23.102,25723,3.335,0.135,0.103,0.000,0.000,waitingForTarget,noEvent
6382,4,18,rld,14:35:23.152,25724,3.392,0.135,0.103,0.000,0.000,waitingForTarget,noEvent
6382,4,18,rld,14:35:23.188,25725,3.424,0.135,0.103,0.000,0.000,waitingForTarget,noEvent
6382,4,18,rld,14:35:23.244,25726,3.484,0.135,0.103,0.000,0.000,waitingForTarget,noEvent
6382,4,18,rld,14:35:23.292,25727,3.534,0.135,0.103,0.000,0.000,waitingForTarget,noEvent
6382,4,18,rld,14:35:23.343,25728,3.584,0.135,0.103,0.000,0.000,waitingForTarget,noEvent
6382,4,18,rld,14:35:23.403,25729,0.059,0.135,0.103,0.000,0.000,activeTracking,targetAppeared
6382,4,18,rld,14:35:23.461,25730,0.120,0.135,0.103,0.000,0.000,activeTracking,noEvent
6382,4,18,rld,14:35:23.515,25731,0.168,0.135,0.103,0.000,0.000,activeTracking,noEvent
6382,4,18,rld,14:35:23.555,25732,0.217,0.135,0.103,0.000,0.000,activeTracking,noEvent
6382,4,18,rld,14:35:23.621,25733,0.271,0.135,0.103,0.000,0.000,activeTracking,noEvent
6382,4,18,rld,14:35:23.736,25734,0.387,0.135,0.103,0.000,0.000,activeTracking,noEvent
6382,4,18,rld,14:35:23.823,25735,0.470,0.135,0.103,0.000,0.000,activeTracking,noEvent
6382,4,18,rld,14:35:23.884,25736,0.540,0.135,0.103,0.000,0.000,activeTracking,noEvent
6382,4,18,rld,14:35:24.052,25737,0.697,-0.733,-0.089,-7.700,-1.700,activeTracking,noEvent
6382,4,18,rld,14:35:24.107,25738,0.758,-1.069,-0.164,-0.400,-0.100,activeTracking,noEvent
6382,4,18,rld,14:35:24.150,25739,0.808,-1.182,-0.189,0.000,0.000,activeTracking,noEvent
6382,4,18,rld,14:35:24.190,25740,0.850,-1.220,-0.198,0.000,0.000,activeTracking,noEvent
6382,4,18,rld,14:35:24.256,25741,0.907,-1.232,-0.201,0.000,0.000,activeTracking,noEvent
6382,4,18,rld,14:35:24.319,25742,0.969,-1.237,-0.202,0.000,0.000,activeTracking,noEvent
6382,4,18,rld,14:35:24.376,25743,1.029,-1.238,-0.202,0.000,0.000,activeTracking,noEvent
6382,4,18,rld,14:35:24.571,25744,1.219,-1.606,-0.305,-3.200,-0.900,activeTracking,noEvent
6382,4,18,rld,14:35:24.655,25745,1.310,-1.753,-0.340,-0.200,0.000,activeTracking,noEvent
6382,4,18,rld,14:35:24.834,25746,1.434,-1.989,-0.284,-1.600,0.600,activeTracking,noEvent
6382,4,18,rld,14:35:24.967,25747,1.620,-2.270,-0.185,-1.700,0.700,activeTracking,noEvent
6382,4,18,rld,14:35:25.036,25748,1.682,-2.400,-0.128,-0.300,0.200,onTarget,noEvent
6382,4,18,rld,14:35:25.094,25749,1.752,-2.455,-0.109,-0.100,0.000,onTarget,noEvent
6382,4,18,rld,14:35:25.185,25750,1.825,-2.498,-0.080,-0.200,0.200,onTarget,noEvent
6382,4,18,rld,14:35:25.254,25751,1.916,-2.524,-0.047,-0.100,0.200,onTarget,noEvent
6382,4,18,rld,14:35:25.326,25752,1.980,-2.532,-0.024,0.000,0.100,onTarget,noEvent
6382,4,18,rld,14:35:25.405,25753,2.066,-2.535,0.007,0.000,0.200,onTarget,noEvent
6382,4,18,rld,14:35:25.474,25754,2.130,-2.536,0.017,0.000,0.000,onTarget,noEvent
6382,4,18,rld,14:35:25.547,25755,2.206,-2.525,0.020,0.100,0.000,onTarget,noEvent
6382,4,18,rld,14:35:25.609,25756,2.267,-2.521,0.022,0.000,0.000,onTarget,noEvent
6382,4,18,rld,14:35:25.661,25757,2.315,-2.519,0.022,0.000,0.000,onTarget,noEvent
6382,4,18,rld,14:35:25.723,25758,2.380,-2.519,0.022,0.000,0.000,onTarget,noEvent
6382,4,18,rld,14:35:25.782,25759,2.431,-2.519,0.022,0.000,0.000,onTarget,noEvent
6382,4,18,rld,14:35:25.883,25760,2.530,-2.519,0.022,0.000,0.000,onTarget,targetClick
6382,4,19,rld,14:35:29.294,25797,2.623,-0.051,-0.182,0.000,0.000,waitingForTarget,middleTargetClick
6382,4,19,rld,14:35:29.356,25798,2.687,-0.051,-0.184,0.000,0.000,waitingForTarget,noEvent
6382,4,19,rld,14:35:29.439,25799,2.761,-0.051,-0.184,0.000,0.000,waitingForTarget,noEvent
6382,4,19,rld,14:35:29.510,25800,2.842,-0.051,-0.184,0.000,0.000,waitingForTarget,noEvent
6382,4,19,rld,14:35:29.575,25801,2.897,-0.051,-0.184,0.000,0.000,waitingForTarget,noEvent
6382,4,19,rld,14:35:29.655,25802,2.975,-0.051,-0.184,0.000,0.000,waitingForTarget,noEvent
6382,4,19,rld,14:35:29.711,25803,3.027,-0.051,-0.184,0.000,0.000,waitingForTarget,noEvent
6382,4,19,rld,14:35:29.793,25804,0.083,-0.051,-0.184,0.000,0.000,activeTracking,targetAppeared
6382,4,19,rld,14:35:29.882,25805,0.177,-0.051,-0.184,0.000,0.000,activeTracking,noEvent
6382,4,19,rld,14:35:29.938,25806,0.238,-0.051,-0.184,0.000,0.000,activeTracking,noEvent
6382,4,19,rld,14:35:29.986,25807,0.293,-0.051,-0.184,0.000,0.000,activeTracking,noEvent
6382,4,19,rld,14:35:30.120,25808,0.404,-0.141,-0.196,-0.800,-0.100,activeTracking,noEvent
6382,4,19,rld,14:35:30.223,25809,0.516,-0.238,-0.211,-0.600,-0.100,activeTracking,noEvent
6382,4,19,rld,14:35:30.267,25810,0.572,-0.282,-0.216,-0.100,0.000,activeTracking,noEvent
6382,4,19,rld,14:35:30.366,25811,0.668,-0.240,-0.217,0.500,0.000,activeTracking,noEvent
6382,4,19,rld,14:35:30.424,25812,0.732,-0.204,-0.218,0.200,0.000,activeTracking,noEvent
6382,4,19,rld,14:35:30.465,25813,0.770,-0.192,-0.218,0.000,0.000,activeTracking,noEvent
6382,4,19,rld,14:35:30.515,25814,0.822,-0.188,-0.218,0.000,0.000,activeTracking,noEvent
6382,4,19,rld,14:35:30.573,25815,0.879,-0.186,-0.218,0.000,0.000,activeTracking,noEvent
6382,4,19,rld,14:35:30.635,25816,0.933,-0.186,-0.218,0.000,0.000,activeTracking,noEvent
6382,4,19,rld,14:35:30.694,25817,0.998,-0.186,-0.218,0.000,0.000,activeTracking,noEvent
6382,4,19,rld,14:35:30.843,25818,1.072,0.129,-0.106,2.800,1.000,activeTracking,noEvent
6382,4,19,rld,14:35:31.105,25819,1.362,0.878,0.056,5.700,1.100,activeTracking,noEvent
6382,4,19,rld,14:35:31.239,25820,1.510,1.566,0.135,3.800,0.200,activeTracking,noEvent
6382,4,19,rld,14:35:31.344,25821,1.625,1.903,0.162,0.900,0.000,activeTracking,noEvent
6382,4,19,rld,14:35:31.410,25822,1.706,2.051,0.172,0.300,0.000,activeTracking,noEvent
6382,4,19,rld,14:35:31.608,25823,1.898,2.362,0.165,2.200,-0.100,activeTracking,noEvent
6382,4,19,rld,14:35:31.692,25824,1.983,2.563,0.152,0.800,-0.100,onTarget,noEvent
6382,4,19,rld,14:35:31.742,25825,2.046,2.654,0.147,0.200,0.000,onTarget,noEvent
6382,4,19,rld,14:35:31.847,25826,2.145,2.685,0.134,0.000,-0.100,onTarget,noEvent
6382,4,19,rld,14:35:31.911,25827,2.211,2.695,0.130,0.000,0.000,onTarget,noEvent
6382,4,19,rld,14:35:31.955,25828,2.258,2.698,0.129,0.000,0.000,onTarget,noEvent
6382,4,19,rld,14:35:32.001,25829,2.302,2.699,0.128,0.000,0.000,onTarget,noEvent
6382,4,19,rld,14:35:32.061,25830,2.366,2.700,0.128,0.000,0.000,onTarget,noEvent
6382,4,19,rld,14:35:32.137,25831,2.432,2.700,0.116,0.000,-0.100,onTarget,noEvent
6382,4,19,rld,14:35:32.194,25832,2.486,2.700,0.112,0.000,0.000,onTarget,noEvent
6382,4,19,rld,14:35:32.267,25833,2.571,2.700,0.099,0.000,-0.100,onTarget,targetClick
6382,4,20,rld,14:35:36.638,25883,2.664,0.273,0.006,-0.200,0.100,waitingForTarget,middleTargetClick
6382,4,20,rld,14:35:36.685,25884,2.729,0.260,0.014,0.000,0.000,waitingForTarget,noEvent
6382,4,20,rld,14:35:36.757,25885,2.793,0.255,0.017,0.000,0.000,waitingForTarget,noEvent
6382,4,20,rld,14:35:36.842,25886,2.875,0.254,0.018,0.000,0.000,waitingForTarget,noEvent
6382,4,20,rld,14:35:36.937,25887,2.968,0.253,0.018,0.000,0.000,waitingForTarget,noEvent
6382,4,20,rld,14:35:37.000,25888,3.044,0.253,0.018,0.000,0.000,waitingForTarget,noEvent
6382,4,20,rld,14:35:37.084,25889,3.115,0.253,0.018,0.000,0.000,waitingForTarget,noEvent
6382,4,20,rld,14:35:37.159,25890,0.076,0.253,0.018,0.000,0.000,activeTracking,targetAppeared
6382,4,20,rld,14:35:37.243,25891,0.159,0.253,0.018,0.000,0.000,activeTracking,noEvent
6382,4,20,rld,14:35:37.325,25892,0.252,0.253,0.018,0.000,0.000,activeTracking,noEvent
6382,4,20,rld,14:35:37.433,25893,0.340,0.253,0.018,0.000,0.000,activeTracking,noEvent
6382,4,20,rld,14:35:37.493,25894,0.418,0.253,0.018,0.000,0.000,activeTracking,noEvent
6382,4,20,rld,14:35:37.564,25895,0.490,0.253,0.018,0.000,0.000,activeTracking,noEvent
6382,4,20,rld,14:35:37.772,25896,0.605,0.332,0.018,0.700,0.000,activeTracking,noEvent
6382,4,20,rld,14:35:37.961,25897,0.870,1.094,-0.094,6.500,-1.000,activeTracking,noEvent
6382,4,20,rld,14:35:38.094,25898,1.010,1.431,-0.178,0.700,-0.400,activeTracking,noEvent
6382,4,20,rld,14:35:38.179,25899,1.093,1.602,-0.206,0.500,0.000,activeTracking,failedClick
6382,4,21,rld,14:35:47.866,26030,1.184,0.068,0.085,0.000,0.000,waitingForTarget,middleTargetClick
6382,4,21,rld,14:35:47.918,26031,1.252,0.068,0.086,0.000,0.000,waitingForTarget,noEvent
6382,4,21,rld,14:35:47.968,26032,1.301,0.068,0.086,0.000,0.000,waitingForTarget,noEvent
6382,4,21,rld,14:35:48.036,26033,1.358,0.068,0.086,0.000,0.000,waitingForTarget,noEvent
6382,4,21,rld,14:35:48.100,26034,1.418,0.068,0.086,0.000,0.000,waitingForTarget,noEvent
6382,4,21,rld,14:35:48.155,26035,1.490,0.068,0.086,0.000,0.000,waitingForTarget,noEvent
6382,4,21,rld,14:35:48.215,26036,1.544,0.068,0.086,0.000,0.000,waitingForTarget,noEvent
6382,4,21,rld,14:35:48.298,26037,1.625,0.068,0.086,0.000,0.000,waitingForTarget,noEvent
6382,4,21,rld,14:35:48.369,26038,0.055,0.068,0.086,0.000,0.000,activeTracking,targetAppeared
6382,4,21,rld,14:35:48.437,26039,0.136,0.068,0.086,0.000,0.000,activeTracking,noEvent
6382,4,21,rld,14:35:48.497,26040,0.188,0.068,0.086,0.000,0.000,activeTracking,noEvent
6382,4,21,rld,14:35:48.555,26041,0.258,0.068,0.086,0.000,0.000,activeTracking,noEvent
6382,4,21,rld,14:35:48.640,26042,0.337,0.068,0.086,0.000,0.000,activeTracking,noEvent
6382,4,21,rld,14:35:48.999,26043,0.670,1.810,-0.277,15.300,-3.200,activeTracking,noEvent
6382,4,21,rld,14:35:49.056,26044,0.744,2.471,-0.416,0.500,-0.100,activeTracking,noEvent
6382,4,21,rld,14:35:49.107,26045,0.788,2.696,-0.463,0.000,0.000,activeTracking,noEvent
6382,4,21,rld,14:35:49.151,26046,0.844,2.771,-0.479,0.000,0.000,activeTracking,noEvent
6382,4,21,rld,14:35:49.231,26047,0.910,2.797,-0.484,0.000,0.000,activeTracking,noEvent
6382,4,21,rld,14:35:49.276,26048,0.969,2.805,-0.486,0.000,0.000,activeTracking,noEvent
6382,4,21,rld,14:35:49.348,26049,1.028,2.808,-0.487,0.000,0.000,activeTracking,noEvent
6382,4,21,rld,14:35:49.439,26050,1.121,2.809,-0.487,0.000,0.000,activeTracking,noEvent
6382,4,21,rld,14:35:49.510,26051,1.192,2.981,-0.477,1.400,0.100,activeTracking,noEvent
6382,4,21,rld,14:35:49.587,26052,1.272,3.063,-0.474,0.200,0.000,activeTracking,noEvent
6382,4,21,rld,14:35:49.657,26053,1.336,3.079,-0.473,-0.100,0.000,activeTracking,noEvent
6382,4,21,rld,14:35:49.754,26054,1.431,2.985,-0.448,-0.800,0.200,activeTracking,noEvent
6382,4,21,rld,14:35:49.873,26055,1.549,2.880,-0.380,-0.600,0.500,activeTracking,noEvent
6382,4,21,rld,14:35:49.971,26056,1.652,2.821,-0.322,-0.200,0.300,onTarget,noEvent
6382,4,21,rld,14:35:50.047,26057,1.721,2.777,-0.291,-0.200,0.100,onTarget,noEvent
6382,4,21,rld,14:35:50.143,26058,1.834,2.713,-0.245,-0.400,0.300,onTarget,noEvent
6382,4,21,rld,14:35:50.206,26059,1.892,2.680,-0.218,-0.100,0.100,onTarget,noEvent
6382,4,21,rld,14:35:50.265,26060,1.950,2.669,-0.198,0.000,0.100,onTarget,noEvent
6382,4,21,rld,14:35:50.326,26061,2.018,2.665,-0.191,0.000,0.000,onTarget,noEvent
6382,4,21,rld,14:35:50.388,26062,2.071,2.676,-0.189,0.100,0.000,onTarget,noEvent
6382,4,21,rld,14:35:50.460,26063,2.150,2.692,-0.188,0.100,0.000,onTarget,noEvent
6382,4,21,rld,14:35:50.533,26064,2.217,2.697,-0.188,0.000,0.000,onTarget,targetClick
6382,4,22,rld,14:35:54.514,26112,2.289,0.388,0.069,0.000,0.000,waitingForTarget,middleTargetClick
6382,4,22,rld,14:35:54.565,26113,2.346,0.388,0.069,0.000,0.000,waitingForTarget,noEvent
6382,4,22,rld,14:35:54.636,26114,2.417,0.388,0.069,0.000,0.000,waitingForTarget,noEvent
6382,4,22,rld,14:35:54.692,26115,2.467,0.388,0.069,0.000,0.000,waitingForTarget,noEvent
6382,4,22,rld,14:35:54.757,26116,2.547,0.388,0.069,0.000,0.000,waitingForTarget,noEvent
6382,4,22,rld,14:35:54.844,26117,2.609,0.388,0.069,0.000,0.000,waitingForTarget,noEvent
6382,4,22,rld,14:35:54.886,26118,2.677,0.388,0.069,0.000,0.000,waitingForTarget,noEvent
6382,4,22,rld,14:35:54.952,26119,2.729,0.388,0.069,0.000,0.000,waitingForTarget,noEvent
6382,4,22,rld,14:35:55.013,26120,0.064,0.388,0.069,0.000,0.000,activeTracking,targetAppeared
6382,4,22,rld,14:35:55.068,26121,0.130,0.388,0.069,0.000,0.000,activeTracking,noEvent
6382,4,22,rld,14:35:55.112,26122,0.169,0.388,0.069,0.000,0.000,activeTracking,noEvent
6382,4,22,rld,14:35:55.292,26123,0.317,0.433,0.080,0.400,0.100,activeTracking,noEvent
6382,4,22,rld,14:35:55.517,26124,0.546,1.692,0.258,10.900,1.500,activeTracking,noEvent
6382,4,22,rld,14:35:55.747,26125,0.770,3.001,0.306,7.300,-0.200,activeTracking,noEvent
6382,4,22,rld,14:35:55.905,26126,0.933,3.857,0.366,3.100,0.300,activeTracking,noEvent
6382,4,22,rld,14:35:56.023,26127,1.070,4.478,0.394,2.400,0.000,activeTracking,noEvent
6382,4,22,rld,14:35:56.113,26128,1.160,4.748,0.405,0.400,0.000,activeTracking,noEvent
6382,4,22,rld,14:35:56.162,26129,1.214,4.867,0.397,0.200,-0.100,activeTracking,noEvent
6382,4,22,rld,14:35:56.230,26130,1.268,4.907,0.382,0.000,-0.100,activeTracking,noEvent
6382,4,22,rld,14:35:56.353,26131,1.400,4.019,0.201,-6.600,-1.300,activeTracking,noEvent
6382,4,22,rld,14:35:56.605,26132,1.588,3.252,0.235,-3.800,0.800,activeTracking,noEvent
6382,4,22,rld,14:35:56.911,26133,1.921,2.375,0.276,-5.200,0.300,activeTracking,noEvent
6382,4,22,rld,14:35:57.082,26134,2.085,1.950,0.277,-1.200,-0.100,activeTracking,noEvent
6382,4,22,rld,14:35:57.163,26135,2.191,1.740,0.277,-0.600,0.000,activeTracking,noEvent
6382,4,22,rld,14:35:57.248,26136,2.275,1.659,0.277,-0.100,0.000,activeTracking,noEvent
6382,4,22,rld,14:35:57.324,26137,2.354,1.632,0.277,0.000,0.000,activeTracking,noEvent
6382,4,22,rld,14:35:57.385,26138,2.418,1.623,0.277,0.000,0.000,activeTracking,noEvent
6382,4,22,rld,14:35:57.472,26139,2.502,1.620,0.277,0.000,0.000,activeTracking,noEvent
6382,4,22,rld,14:35:57.718,26140,2.709,2.038,0.188,3.600,-0.800,activeTracking,noEvent
6382,4,22,rld,14:35:57.967,26141,2.915,2.525,0.067,2.900,-0.800,onTarget,noEvent
6382,4,22,rld,14:35:58.135,26142,3.104,2.934,-0.056,2.000,-0.700,onTarget,noEvent
6382,4,22,rld,14:35:58.212,26143,3.237,3.159,-0.144,0.700,-0.400,activeTracking,noEvent
6382,4,22,rld,14:35:58.279,26144,3.303,3.235,-0.186,0.000,-0.100,activeTracking,noEvent
6382,4,22,rld,14:35:58.317,26145,3.352,3.260,-0.200,0.000,0.000,activeTracking,noEvent
6382,4,22,rld,14:35:58.375,26146,3.408,3.269,-0.205,0.000,0.000,activeTracking,noEvent
6382,4,22,rld,14:35:58.425,26147,3.459,3.272,-0.218,0.000,-0.100,activeTracking,noEvent
6382,4,22,rld,14:35:58.503,26148,3.526,3.273,-0.222,0.000,0.000,activeTracking,noEvent
6382,4,22,rld,14:35:58.568,26149,3.603,3.273,-0.224,0.000,0.000,activeTracking,noEvent
6382,4,22,rld,14:35:58.751,26150,3.763,3.148,-0.153,-1.000,0.600,activeTracking,noEvent
6382,4,22,rld,14:35:58.876,26151,3.909,2.971,-0.059,-1.100,0.600,onTarget,noEvent
6382,4,22,rld,14:35:58.958,26152,3.989,2.888,-0.004,-0.200,0.200,onTarget,noEvent
6382,4,23,rld,14:36:03.526,26217,0.045,0.068,-0.201,0.000,0.000,activeTracking,targetAppeared
6382,4,23,rld,14:36:03.603,26218,0.126,0.068,-0.201,0.000,0.000,activeTracking,noEvent
6382,4,23,rld,14:36:03.873,26219,0.254,0.225,-0.145,1.400,0.500,activeTracking,noEvent
6382,4,23,rld,14:36:04.105,26220,0.495,0.492,-0.036,1.900,0.800,activeTracking,noEvent
6382,4,23,rld,14:36:04.205,26221,0.731,-1.135,0.159,-15.200,1.400,activeTracking,noEvent
6382,4,23,rld,14:36:04.251,26222,0.773,-1.687,0.227,0.000,0.000,activeTracking,noEvent
6382,4,23,rld,14:36:04.292,26223,0.814,-1.874,0.250,0.000,0.000,activeTracking,noEvent
6382,4,23,rld,14:36:04.375,26224,0.888,-1.936,0.258,0.000,0.000,activeTracking,noEvent
6382,4,23,rld,14:36:04.445,26225,0.953,-1.957,0.261,0.000,0.000,activeTracking,noEvent
6382,4,23,rld,14:36:04.503,26226,1.016,-1.964,0.261,0.000,0.000,activeTracking,noEvent
6382,4,23,rld,14:36:04.616,26227,1.137,-2.190,0.263,-1.900,0.000,activeTracking,noEvent
6382,4,23,rld,14:36:04.685,26228,1.200,-2.313,0.265,-0.400,0.000,activeTracking,noEvent
6382,4,23,rld,14:36:04.773,26229,1.299,-2.355,0.242,0.000,-0.200,activeTracking,noEvent
6382,4,23,rld,14:36:04.906,26230,1.411,-2.321,0.130,0.400,-0.900,activeTracking,noEvent
6382,4,23,rld,14:36:05.004,26231,1.528,-2.286,0.023,0.200,-0.600,activeTracking,noEvent
6382,4,23,rld,14:36:05.065,26232,1.585,-2.274,-0.036,0.000,-0.200,activeTracking,noEvent
6382,4,23,rld,14:36:05.139,26233,1.654,-2.270,-0.079,0.000,-0.200,activeTracking,noEvent
6382,4,23,rld,14:36:05.218,26234,1.734,-2.257,-0.104,0.100,-0.100,activeTracking,noEvent
6382,4,23,rld,14:36:05.266,26235,1.788,-2.252,-0.113,0.000,0.000,activeTracking,noEvent
6382,4,23,rld,14:36:05.340,26236,1.859,-2.251,-0.127,0.000,-0.100,activeTracking,noEvent
6382,4,23,rld,14:36:05.390,26237,1.902,-2.251,-0.132,0.000,0.000,activeTracking,noEvent
6382,4,23,rld,14:36:05.451,26238,1.973,-2.250,-0.134,0.000,0.000,activeTracking,noEvent
6382,4,23,rld,14:36:05.518,26239,2.029,-2.250,-0.134,0.000,0.000,activeTracking,noEvent
6382,4,23,rld,14:36:05.586,26240,2.100,-2.250,-0.135,0.000,0.000,activeTracking,noEvent
6382,4,23,rld,14:36:05.686,26241,2.195,-2.274,-0.135,-0.200,0.000,activeTracking,noEvent
6382,4,23,rld,14:36:05.806,26242,2.284,-2.341,-0.112,-0.500,0.200,activeTracking,noEvent
6382,4,23,rld,14:36:05.891,26243,2.408,-2.412,-0.081,-0.400,0.200,onTarget,noEvent
6382,4,23,rld,14:36:05.953,26244,2.475,-2.447,-0.070,-0.100,0.000,onTarget,noEvent
6382,4,23,rld,14:36:06.024,26245,2.547,-2.483,-0.044,-0.200,0.200,onTarget,noEvent
6382,4,23,rld,14:36:06.124,26246,2.647,-2.531,-0.023,-0.300,0.100,onTarget,noEvent
6382,4,23,rld,14:36:06.187,26247,2.703,-2.547,-0.016,0.000,0.000,onTarget,noEvent
6382,4,23,rld,14:36:06.225,26248,2.751,-2.552,-0.014,0.000,0.000,onTarget,noEvent
6382,4,23,rld,14:36:06.299,26249,2.813,-2.554,-0.013,0.000,0.000,onTarget,noEvent
6382,4,23,rld,14:36:06.396,26250,2.903,-2.555,-0.013,0.000,0.000,onTarget,targetClick
6382,4,24,rld,14:36:09.196,26285,2.969,-0.119,0.170,0.000,0.000,waitingForTarget,middleTargetClick
6382,4,24,rld,14:36:09.256,26286,3.030,-0.118,0.170,0.000,0.000,waitingForTarget,noEvent
6382,4,24,rld,14:36:09.306,26287,3.082,-0.118,0.170,0.000,0.000,waitingForTarget,noEvent
6382,4,24,rld,14:36:09.371,26288,3.144,-0.118,0.170,0.000,0.000,waitingForTarget,noEvent
6382,4,24,rld,14:36:09.436,26289,3.223,-0.118,0.170,0.000,0.000,waitingForTarget,noEvent
6382,4,24,rld,14:36:09.495,26290,3.280,-0.118,0.170,0.000,0.000,waitingForTarget,noEvent
6382,4,24,rld,14:36:09.552,26291,3.328,-0.118,0.170,0.000,0.000,waitingForTarget,noEvent
6382,4,24,rld,14:36:09.601,26292,3.389,-0.118,0.170,0.000,0.000,waitingForTarget,noEvent
6382,4,24,rld,14:36:09.664,26293,0.056,-0.118,0.170,0.000,0.000,activeTracking,targetAppeared
6382,4,24,rld,14:36:09.736,26294,0.134,-0.118,0.170,0.000,0.000,activeTracking,noEvent
6382,4,24,rld,14:36:09.786,26295,0.185,-0.118,0.170,0.000,0.000,activeTracking,noEvent
6382,4,24,rld,14:36:09.957,26296,0.336,0.028,0.170,1.300,0.000,activeTracking,noEvent
6382,4,24,rld,14:36:10.240,26297,0.583,1.587,0.014,13.300,-1.400,activeTracking,noEvent
6382,4,24,rld,14:36:10.455,26298,0.840,2.866,-0.343,6.200,-2.600,activeTracking,noEvent
6382,4,24,rld,14:36:10.623,26299,1.001,3.552,-0.518,1.900,-0.400,activeTracking,noEvent
6382,4,24,rld,14:36:10.790,26300,1.167,4.317,-0.700,4.000,-0.900,activeTracking,noEvent
6382,4,24,rld,14:36:10.872,26301,1.256,4.637,-0.802,0.400,-0.300,activeTracking,noEvent
6382,4,24,rld,14:36:11.005,26302,1.354,4.676,-0.785,-0.500,0.400,activeTracking,noEvent
6382,4,24,rld,14:36:11.171,26303,1.541,4.012,-0.334,-5.000,3.500,activeTracking,noEvent
6382,4,24,rld,14:36:11.374,26304,1.738,3.326,0.109,-3.700,2.500,activeTracking,noEvent
6382,4,24,rld,14:36:11.501,26305,1.884,3.017,0.299,-0.700,0.400,activeTracking,noEvent
6382,4,24,rld,14:36:11.641,26306,1.999,2.781,0.419,-1.100,0.500,activeTracking,noEvent
6382,4,24,rld,14:36:11.762,26307,2.132,2.570,0.480,-1.100,0.200,activeTracking,noEvent
6382,4,24,rld,14:36:11.840,26308,2.235,2.476,0.500,-0.200,0.000,activeTracking,noEvent
6382,4,24,rld,14:36:11.920,26309,2.297,2.445,0.495,0.000,-0.100,activeTracking,noEvent
6382,4,24,rld,14:36:12.132,26310,2.496,2.554,0.332,1.000,-1.400,activeTracking,noEvent
6382,4,24,rld,14:36:12.240,26311,2.628,3.018,0.022,3.500,-2.200,onTarget,noEvent
6382,4,24,rld,14:36:12.372,26312,2.762,3.263,-0.154,0.700,-0.600,activeTracking,noEvent
6382,4,24,rld,14:36:12.455,26313,2.847,3.395,-0.237,0.400,-0.200,activeTracking,noEvent
6382,4,24,rld,14:36:12.532,26314,2.924,3.465,-0.301,0.200,-0.300,activeTracking,noEvent
6382,4,24,rld,14:36:12.596,26315,2.976,3.489,-0.323,0.000,0.000,activeTracking,noEvent
6382,4,24,rld,14:36:12.662,26316,3.047,3.497,-0.342,0.000,-0.100,activeTracking,noEvent
6382,4,24,rld,14:36:12.714,26317,3.109,3.499,-0.348,0.000,0.000,activeTracking,noEvent
6382,4,24,rld,14:36:12.775,26318,3.171,3.500,-0.350,0.000,0.000,activeTracking,noEvent
6382,4,24,rld,14:36:12.971,26319,3.331,3.074,-0.159,-3.400,1.600,activeTracking,noEvent
6382,4,24,rld,14:36:13.085,26320,3.467,2.775,0.009,-1.300,0.900,onTarget,noEvent
6382,4,24,rld,14:36:13.141,26321,3.538,2.640,0.100,-0.300,0.300,onTarget,noEvent
6382,4,24,rld,14:36:13.236,26322,3.613,2.571,0.153,-0.200,0.200,onTarget,noEvent
6382,4,24,rld,14:36:13.283,26323,3.675,2.548,0.170,0.000,0.000,onTarget,noEvent
6382,4,24,rld,14:36:13.334,26324,3.725,2.541,0.176,0.000,0.000,onTarget,noEvent
6382,4,24,rld,14:36:13.415,26325,3.803,2.538,0.178,0.000,0.000,onTarget,noEvent
6382,4,24,rld,14:36:13.495,26326,3.867,2.537,0.179,0.000,0.000,onTarget,noEvent
6382,4,24,rld,14:36:13.583,26327,3.951,2.537,0.167,0.000,-0.100,onTarget,noEvent
6382,4,25,rld,14:36:18.070,26383,0.108,0.422,0.001,0.000,0.000,activeTracking,targetAppeared
6382,4,25,rld,14:36:18.149,26384,0.190,0.422,0.001,0.000,0.000,activeTracking,noEvent
6382,4,25,rld,14:36:18.213,26385,0.250,0.422,0.001,0.000,0.000,activeTracking,noEvent
6382,4,25,rld,14:36:18.289,26386,0.317,0.422,0.001,0.000,0.000,activeTracking,noEvent
6382,4,25,rld,14:36:18.349,26387,0.380,0.422,0.001,0.000,0.000,activeTracking,noEvent
6382,4,25,rld,14:36:18.395,26388,0.431,0.422,0.001,0.000,0.000,activeTracking,noEvent
6382,4,25,rld,14:36:18.482,26389,0.517,0.422,0.001,0.000,0.000,activeTracking,noEvent
6382,4,25,rld,14:36:18.541,26390,0.568,0.422,0.001,0.000,0.000,activeTracking,noEvent
6382,4,25,rld,14:36:18.635,26391,0.659,0.445,0.001,0.200,0.000,activeTracking,noEvent
6382,4,25,rld,14:36:18.687,26392,0.718,0.452,0.001,0.000,0.000,activeTracking,noEvent
6382,4,25,rld,14:36:18.745,26393,0.779,0.455,0.001,0.000,0.000,activeTracking,noEvent
6382,4,25,rld,14:36:18.936,26394,0.915,0.230,0.001,-2.000,0.000,activeTracking,noEvent
6382,4,25,rld,14:36:19.153,26395,1.180,-0.577,0.024,-6.500,0.200,activeTracking,noEvent
6382,4,25,rld,14:36:19.250,26396,1.267,-1.074,0.043,-2.000,0.100,activeTracking,noEvent
6382,4,25,rld,14:36:19.351,26397,1.357,-1.355,0.050,-1.000,0.000,activeTracking,noEvent
6382,4,25,rld,14:36:19.488,26398,1.505,-1.542,0.053,-0.800,0.000,activeTracking,noEvent
6382,4,25,rld,14:36:19.596,26399,1.617,-1.720,0.054,-1.000,0.000,activeTracking,noEvent
6382,4,25,rld,14:36:19.724,26400,1.741,-1.931,0.055,-1.300,0.000,activeTracking,noEvent
6382,4,25,rld,14:36:19.781,26401,1.815,-2.038,0.055,-0.300,0.000,activeTracking,noEvent
6382,4,25,rld,14:36:19.864,26402,1.895,-2.073,0.055,0.000,0.000,activeTracking,noEvent
6382,4,25,rld,14:36:19.906,26403,1.945,-2.085,0.055,0.000,0.000,activeTracking,noEvent
6382,4,25,rld,14:36:19.974,26404,2.005,-2.089,0.055,0.000,0.000,activeTracking,noEvent
6382,4,25,rld,14:36:20.034,26405,2.063,-2.090,0.055,0.000,0.000,activeTracking,noEvent
6382,4,25,rld,14:36:20.104,26406,2.139,-2.114,0.055,-0.200,0.000,activeTracking,noEvent
6382,4,25,rld,14:36:20.174,26407,2.200,-2.134,0.056,-0.100,0.000,activeTracking,noEvent
6382,4,25,rld,14:36:20.247,26408,2.282,-2.164,0.056,-0.200,0.000,activeTracking,noEvent
6382,4,25,rld,14:36:20.297,26409,2.332,-2.174,0.056,0.000,0.000,activeTracking,noEvent
6382,4,25,rld,14:36:20.382,26410,2.409,-2.189,0.056,-0.100,0.000,activeTracking,noEvent
6382,4,25,rld,14:36:20.458,26411,2.487,-2.230,0.056,-0.300,0.000,activeTracking,noEvent
6382,4,25,rld,14:36:20.550,26412,2.578,-2.279,0.056,-0.300,0.000,activeTracking,noEvent
6382,4,25,rld,14:36:20.606,26413,2.644,-2.307,0.056,-0.100,0.000,activeTracking,noEvent
6382,4,25,rld,14:36:20.678,26414,2.707,-2.317,0.056,0.000,0.000,activeTracking,noEvent
6382,4,25,rld,14:36:20.749,26415,2.778,-2.344,0.056,-0.200,0.000,activeTracking,noEvent
6382,4,25,rld,14:36:20.850,26416,2.877,-2.377,0.056,-0.200,0.000,onTarget,noEvent
6382,4,25,rld,14:36:20.922,26417,2.951,-2.400,0.057,-0.100,0.000,onTarget,noEvent
6382,4,25,rld,14:36:20.981,26418,3.014,-2.407,0.045,0.000,-0.100,onTarget,noEvent
6382,4,25,rld,14:36:21.037,26419,3.077,-2.410,0.041,0.000,0.000,onTarget,noEvent
6382,4,25,rld,14:36:21.124,26420,3.161,-2.423,0.040,-0.100,0.000,onTarget,noEvent
6382,4,25,rld,14:36:21.186,26421,3.225,-2.427,0.039,0.000,0.000,onTarget,noEvent
6382,4,25,rld,14:36:21.256,26422,3.287,-2.428,0.039,0.000,0.000,onTarget,noEvent
6382,4,25,rld,14:36:21.347,26423,3.367,-2.429,0.039,0.000,0.000,onTarget,targetClick
6382,4,26,rld,14:36:25.103,26458,3.417,0.033,-0.083,0.000,0.000,waitingForTarget,middleTargetClick
6382,4,26,rld,14:36:25.197,26459,3.515,0.034,-0.083,0.000,0.000,waitingForTarget,noEvent
6382,4,26,rld,14:36:25.252,26460,3.560,0.034,-0.083,0.000,0.000,waitingForTarget,noEvent
6382,4,26,rld,14:36:25.295,26461,3.609,0.034,-0.083,0.000,0.000,waitingForTarget,noEvent
6382,4,26,rld,14:36:25.382,26462,3.694,0.034,-0.083,0.000,0.000,waitingForTarget,noEvent
6382,4,26,rld,14:36:25.437,26463,3.756,0.034,-0.083,0.000,0.000,waitingForTarget,noEvent
6382,4,26,rld,14:36:25.484,26464,3.801,0.034,-0.083,0.000,0.000,waitingForTarget,noEvent
6382,4,26,rld,14:36:25.540,26465,3.852,0.034,-0.083,0.000,0.000,waitingForTarget,noEvent
6382,4,26,rld,14:36:25.606,26466,0.069,0.034,-0.083,0.000,0.000,activeTracking,targetAppeared
6382,4,26,rld,14:36:25.671,26467,0.132,0.034,-0.083,0.000,0.000,activeTracking,noEvent
6382,4,26,rld,14:36:25.735,26468,0.202,0.034,-0.083,0.000,0.000,activeTracking,noEvent
6382,4,26,rld,14:36:25.899,26469,0.256,0.034,-0.083,0.000,0.000,activeTracking,noEvent
6382,4,26,rld,14:36:26.084,26470,0.503,0.383,-0.083,3.100,0.000,activeTracking,noEvent
6382,4,26,rld,14:36:26.141,26471,0.593,0.556,-0.083,0.500,0.000,activeTracking,noEvent
6382,4,26,rld,14:36:26.207,26472,0.673,0.636,-0.083,0.200,0.000,activeTracking,noEvent
6382,4,26,rld,14:36:26.298,26473,0.753,0.685,-0.083,0.200,0.000,activeTracking,noEvent
6382,4,26,rld,14:36:26.351,26474,0.810,0.713,-0.083,0.100,0.000,activeTracking,noEvent
6382,4,26,rld,14:36:26.393,26475,0.854,0.722,-0.083,0.000,0.000,activeTracking,noEvent
6382,4,26,rld,14:36:26.466,26476,0.921,0.726,-0.083,0.000,0.000,activeTracking,noEvent
6382,4,26,rld,14:36:26.534,26477,0.989,0.727,-0.083,0.000,0.000,activeTracking,noEvent
6382,4,26,rld,14:36:26.591,26478,1.044,0.727,-0.083,0.000,0.000,activeTracking,noEvent
6382,4,26,rld,14:36:26.641,26479,1.104,0.727,-0.083,0.000,0.000,activeTracking,noEvent
6382,4,26,rld,14:36:26.905,26480,1.310,0.298,0.007,-3.800,0.800,activeTracking,noEvent
6382,4,26,rld,14:36:27.103,26481,1.543,-0.486,0.048,-5.700,0.100,activeTracking,noEvent
6382,4,26,rld,14:36:27.274,26482,1.697,-0.998,0.063,-2.200,0.000,activeTracking,noEvent
6382,4,26,rld,14:36:27.336,26483,1.803,-1.215,0.068,-0.400,0.000,activeTracking,noEvent
6382,4,26,rld,14:36:27.424,26484,1.880,-1.288,0.070,0.000,0.000,activeTracking,noEvent
6382,4,26,rld,14:36:27.481,26485,1.943,-1.312,0.070,0.000,0.000,activeTracking,noEvent
6382,4,26,rld,14:36:27.540,26486,2.007,-1.321,0.070,0.000,0.000,activeTracking,noEvent
6382,4,26,rld,14:36:27.618,26487,2.073,-1.323,0.070,0.000,0.000,activeTracking,noEvent
6382,4,26,rld,14:36:27.683,26488,2.140,-1.324,0.070,0.000,0.000,activeTracking,noEvent
6382,4,26,rld,14:36:27.854,26489,2.210,-1.324,0.070,0.000,0.000,activeTracking,noEvent
6382,4,26,rld,14:36:28.173,26490,2.543,-2.150,-0.031,-7.100,-0.900,activeTracking,noEvent
6382,4,26,rld,14:36:28.349,26491,2.744,-2.672,-0.088,-2.000,-0.200,onTarget,noEvent
6382,4,26,rld,14:36:28.485,26492,2.875,-3.095,-0.143,-2.000,-0.300,activeTracking,noEvent
6382,4,26,rld,14:36:28.684,26493,3.053,-3.593,-0.211,-2.800,-0.400,activeTracking,noEvent
6382,4,26,rld,14:36:28.756,26494,3.156,-3.854,-0.234,-0.700,0.000,activeTracking,noEvent
6382,4,26,rld,14:36:28.949,26495,3.343,-3.955,-0.254,-0.100,-0.100,activeTracking,noEvent
6382,4,26,rld,14:36:29.067,26496,3.456,-3.831,-0.296,1.200,-0.300,activeTracking,noEvent
6382,4,26,rld,14:36:29.202,26497,3.595,-3.674,-0.322,0.900,-0.100,activeTracking,noEvent
6382,4,26,rld,14:36:29.268,26498,3.672,-3.597,-0.330,0.200,0.000,activeTracking,noEvent
6382,4,26,rld,14:36:29.321,26499,3.715,-3.571,-0.332,0.000,0.000,activeTracking,noEvent
6382,4,26,rld,14:36:29.393,26500,3.794,-3.549,-0.333,0.100,0.000,activeTracking,noEvent
6382,4,26,rld,14:36:29.515,26501,3.912,-3.453,-0.333,0.700,0.000,activeTracking,noEvent
6382,4,26,rld,14:36:29.602,26502,3.984,-3.383,-0.332,0.300,0.000,activeTracking,noEvent
6382,4,27,rld,14:36:35.273,26573,0.078,0.084,-0.032,0.000,0.000,activeTracking,targetAppeared
6382,4,27,rld,14:36:35.334,26574,0.146,0.084,-0.032,0.000,0.000,activeTracking,noEvent
6382,4,27,rld,14:36:35.405,26575,0.215,0.084,-0.032,0.000,0.000,activeTracking,noEvent
6382,4,27,rld,14:36:35.448,26576,0.260,0.084,-0.032,0.000,0.000,activeTracking,noEvent
6382,4,27,rld,14:36:35.505,26577,0.317,0.084,-0.032,0.000,0.000,activeTracking,noEvent
6382,4,27,rld,14:36:35.578,26578,0.386,0.084,-0.032,0.000,0.000,activeTracking,noEvent
6382,4,27,rld,14:36:35.822,26579,0.529,0.366,-0.044,2.500,-0.100,activeTracking,noEvent
6382,4,27,rld,14:36:36.142,26580,0.862,1.426,-0.309,8.500,-2.300,activeTracking,noEvent
6382,4,27,rld,14:36:36.301,26581,1.028,2.137,-0.539,3.000,-1.200,activeTracking,noEvent
6382,4,27,rld,14:36:36.367,26582,1.087,2.451,-0.643,0.600,-0.200,activeTracking,noEvent
6382,4,27,rld,14:36:36.450,26583,1.166,2.580,-0.678,0.200,0.000,activeTracking,noEvent
6382,4,27,rld,14:36:36.500,26584,1.225,2.624,-0.690,0.000,0.000,activeTracking,noEvent
6382,4,27,rld,14:36:36.568,26585,1.292,2.638,-0.694,0.000,0.000,activeTracking,noEvent
6382,4,27,rld,14:36:36.628,26586,1.350,2.643,-0.695,0.000,0.000,activeTracking,noEvent
6382,4,27,rld,14:36:36.866,26587,1.570,2.512,-0.565,-1.100,1.100,activeTracking,noEvent
6382,4,27,rld,14:36:36.980,26588,1.676,2.147,-0.219,-2.700,2.600,activeTracking,noEvent
6382,4,27,rld,14:36:37.029,26589,1.747,2.016,-0.094,-0.100,0.100,activeTracking,noEvent
6382,4,27,rld,14:36:37.114,26590,1.827,1.972,-0.029,0.000,0.200,activeTracking,noEvent
6382,4,27,rld,14:36:37.185,26591,1.902,1.957,0.038,0.000,0.400,activeTracking,noEvent
6382,4,27,rld,14:36:37.284,26592,1.999,1.952,0.107,0.000,0.400,activeTracking,noEvent
6382,4,27,rld,14:36:37.388,26593,2.108,1.951,0.187,0.000,0.500,activeTracking,noEvent
6382,4,27,rld,14:36:37.468,26594,2.193,1.950,0.248,0.000,0.300,activeTracking,noEvent
6382,4,27,rld,14:36:37.533,26595,2.256,1.950,0.280,0.000,0.100,activeTracking,noEvent
6382,4,27,rld,14:36:37.602,26596,2.328,1.950,0.291,0.000,0.000,activeTracking,noEvent
6382,4,27,rld,14:36:37.655,26597,2.383,1.950,0.294,0.000,0.000,activeTracking,noEvent
6382,4,27,rld,14:36:37.730,26598,2.446,1.950,0.296,0.000,0.000,activeTracking,noEvent
6382,4,27,rld,14:36:37.790,26599,2.503,1.950,0.296,0.000,0.000,activeTracking,noEvent
6382,4,27,rld,14:36:37.872,26600,2.586,1.950,0.296,0.000,0.000,activeTracking,noEvent
6382,4,27,rld,14:36:37.930,26601,2.636,1.950,0.296,0.000,0.000,activeTracking,noEvent
6382,4,27,rld,14:36:37.982,26602,2.708,1.950,0.296,0.000,0.000,activeTracking,noEvent
6382,4,27,rld,14:36:38.053,26603,2.765,1.950,0.296,0.000,0.000,activeTracking,noEvent
6382,4,27,rld,14:36:38.116,26604,2.835,1.950,0.296,0.000,0.000,activeTracking,noEvent
6382,4,27,rld,14:36:38.181,26605,2.903,1.950,0.296,0.000,0.000,activeTracking,noEvent
6382,4,27,rld,14:36:38.220,26606,2.944,1.950,0.296,0.000,0.000,activeTracking,noEvent
6382,4,27,rld,14:36:38.284,26607,3.004,1.950,0.296,0.000,0.000,activeTracking,noEvent
6382,4,27,rld,14:36:38.351,26608,3.076,1.950,0.296,0.000,0.000,activeTracking,noEvent
6382,4,27,rld,14:36:38.418,26609,3.144,1.950,0.296,0.000,0.000,activeTracking,noEvent
6382,4,27,rld,14:36:38.548,26610,3.267,2.044,0.239,0.800,-0.500,activeTracking,noEvent
6382,4,27,rld,14:36:38.648,26611,3.353,2.122,0.198,0.400,-0.200,activeTracking,noEvent
6382,4,27,rld,14:36:38.757,26612,3.466,2.196,0.115,0.400,-0.600,activeTracking,noEvent
6382,4,27,rld,14:36:38.904,26613,3.610,2.291,-0.005,0.600,-0.800,activeTracking,noEvent
6382,4,27,rld,14:36:38.964,26614,3.685,2.347,-0.068,0.200,-0.200,onTarget,noEvent
6382,4,27,rld,14:36:39.048,26615,3.756,2.366,-0.089,0.000,0.000,onTarget,noEvent
6382,4,27,rld,14:36:39.100,26616,3.825,2.372,-0.096,0.000,0.000,onTarget,noEvent
6382,4,27,rld,14:36:39.153,26617,3.876,2.374,-0.099,0.000,0.000,onTarget,noEvent
6382,4,27,rld,14:36:39.249,26618,3.960,2.399,-0.100,0.200,0.000,onTarget,noEvent
6382,4,28,rld,14:36:42.993,26669,0.065,0.287,-0.100,0.000,0.000,activeTracking,targetAppeared
6382,4,28,rld,14:36:43.051,26670,0.120,0.287,-0.100,0.000,0.000,activeTracking,noEvent
6382,4,28,rld,14:36:43.102,26671,0.172,0.287,-0.100,0.000,0.000,activeTracking,noEvent
6382,4,28,rld,14:36:43.156,26672,0.237,0.287,-0.100,0.000,0.000,activeTracking,noEvent
6382,4,28,rld,14:36:43.217,26673,0.288,0.287,-0.100,0.000,0.000,activeTracking,noEvent
6382,4,28,rld,14:36:43.280,26674,0.356,0.287,-0.100,0.000,0.000,activeTracking,noEvent
6382,4,28,rld,14:36:43.339,26675,0.419,0.287,-0.100,0.000,0.000,activeTracking,noEvent
6382,4,28,rld,14:36:43.398,26676,0.474,0.287,-0.100,0.000,0.000,activeTracking,noEvent
6382,4,28,rld,14:36:43.463,26677,0.532,0.287,-0.100,0.000,0.000,activeTracking,noEvent
6382,4,28,rld,14:36:43.523,26678,0.597,0.287,-0.100,0.000,0.000,activeTracking,noEvent
6382,4,28,rld,14:36:43.581,26679,0.655,0.287,-0.100,0.000,0.000,activeTracking,noEvent
6382,4,28,rld,14:36:43.685,26680,0.756,0.028,-0.145,-2.300,-0.400,activeTracking,noEvent
6382,4,28,rld,14:36:43.729,26681,0.812,-0.058,-0.160,0.000,0.000,activeTracking,noEvent
6382,4,28,rld,14:36:43.782,26682,0.862,-0.087,-0.165,0.000,0.000,activeTracking,noEvent
6382,4,28,rld,14:36:43.861,26683,0.935,-0.096,-0.167,0.000,0.000,activeTracking,noEvent
6382,4,28,rld,14:36:43.915,26684,0.990,-0.100,-0.167,0.000,0.000,activeTracking,noEvent
6382,4,28,rld,14:36:43.969,26685,1.040,-0.101,-0.167,0.000,0.000,activeTracking,noEvent
6382,4,28,rld,14:36:44.139,26686,1.219,-1.405,-0.248,-11.500,-0.700,activeTracking,noEvent
6382,4,28,rld,14:36:44.256,26687,1.289,-1.965,-0.265,-1.000,0.100,activeTracking,noEvent
6382,4,28,rld,14:36:44.495,26688,1.488,-2.536,-0.179,-3.200,0.800,onTarget,noEvent
6382,4,28,rld,14:36:44.578,26689,1.637,-2.950,-0.115,-1.800,0.300,onTarget,noEvent
6382,4,28,rld,14:36:44.654,26690,1.734,-3.140,-0.081,-0.400,0.100,activeTracking,noEvent
6382,4,28,rld,14:36:44.744,26691,1.801,-3.216,-0.058,-0.100,0.100,activeTracking,noEvent
6382,4,28,rld,14:36:44.815,26692,1.890,-3.254,-0.050,-0.100,0.000,activeTracking,noEvent
6382,4,28,rld,14:36:44.884,26693,1.955,-3.267,-0.036,0.000,0.100,activeTracking,noEvent
6382,4,28,rld,14:36:44.934,26694,2.013,-3.271,-0.031,0.000,0.000,activeTracking,noEvent
6382,4,28,rld,14:36:45.084,26695,2.150,-3.061,0.053,1.700,0.700,onTarget,noEvent
6382,4,28,rld,14:36:45.170,26696,2.235,-2.880,0.092,0.900,0.100,onTarget,noEvent
6382,4,28,rld,14:36:45.260,26697,2.318,-2.748,0.081,0.600,-0.200,onTarget,noEvent
6382,4,28,rld,14:36:45.340,26698,2.406,-2.667,0.053,0.300,-0.200,onTarget,noEvent
6382,4,28,rld,14:36:45.420,26699,2.487,-2.616,0.021,0.200,-0.200,onTarget,noEvent
6382,4,28,rld,14:36:45.472,26700,2.554,-2.587,-0.001,0.100,-0.100,onTarget,noEvent
6382,4,28,rld,14:36:45.536,26701,2.608,-2.566,-0.021,0.100,-0.100,onTarget,noEvent
6382,4,28,rld,14:36:45.591,26702,2.668,-2.559,-0.027,0.000,0.000,onTarget,noEvent
6382,4,28,rld,14:36:45.683,26703,2.728,-2.556,-0.029,0.000,0.000,onTarget,noEvent
6382,4,28,rld,14:36:45.750,26704,2.825,-2.555,-0.030,0.000,0.000,onTarget,noEvent
6382,4,28,rld,14:36:45.839,26705,2.917,-2.555,-0.030,0.000,0.000,onTarget,noEvent
6382,4,28,rld,14:36:45.910,26706,2.974,-2.555,-0.030,0.000,0.000,onTarget,noEvent
6382,4,28,rld,14:36:45.979,26707,3.041,-2.555,-0.030,0.000,0.000,onTarget,noEvent
6382,4,28,rld,14:36:46.046,26708,3.118,-2.555,-0.030,0.000,0.000,onTarget,noEvent
6382,4,28,rld,14:36:46.129,26709,3.201,-2.555,-0.030,0.000,0.000,onTarget,targetClick
6382,4,29,rld,14:36:49.594,26751,3.279,0.169,0.001,0.000,0.000,waitingForTarget,middleTargetClick
6382,4,29,rld,14:36:49.658,26752,3.345,0.169,0.001,0.000,0.000,waitingForTarget,noEvent
6382,4,29,rld,14:36:49.733,26753,3.415,0.169,0.001,0.000,0.000,waitingForTarget,noEvent
6382,4,29,rld,14:36:49.771,26754,3.464,0.169,0.001,0.000,0.000,waitingForTarget,noEvent
6382,4,29,rld,14:36:49.866,26755,3.561,0.169,0.001,0.000,0.000,waitingForTarget,noEvent
6382,4,29,rld,14:36:49.934,26756,3.631,0.169,0.001,0.000,0.000,waitingForTarget,noEvent
6382,4,29,rld,14:36:49.985,26757,3.681,0.169,0.001,0.000,0.000,waitingForTarget,noEvent
6382,4,29,rld,14:36:50.046,26758,0.061,0.169,0.001,0.000,0.000,activeTracking,targetAppeared
6382,4,29,rld,14:36:50.111,26759,0.118,0.169,0.001,0.000,0.000,activeTracking,noEvent
6382,4,29,rld,14:36:50.170,26760,0.175,0.169,0.001,0.000,0.000,activeTracking,noEvent
6382,4,29,rld,14:36:50.229,26761,0.233,0.169,0.001,0.000,0.000,activeTracking,noEvent
6382,4,29,rld,14:36:50.284,26762,0.290,0.169,0.001,0.000,0.000,activeTracking,noEvent
6382,4,29,rld,14:36:50.345,26763,0.353,0.169,0.001,0.000,0.000,activeTracking,noEvent
6382,4,29,rld,14:36:50.393,26764,0.406,0.169,0.001,0.000,0.000,activeTracking,noEvent
6382,4,29,rld,14:36:50.466,26765,0.468,0.169,0.001,0.000,0.000,activeTracking,noEvent
6382,4,29,rld,14:36:50.770,26766,0.723,-0.676,0.002,-7.500,0.000,activeTracking,noEvent
6382,4,29,rld,14:36:51.054,26767,1.024,-1.462,0.025,-4.400,0.200,activeTracking,noEvent
6382,4,29,rld,14:36:51.265,26768,1.263,-2.209,0.012,-4.100,-0.200,activeTracking,noEvent
6382,4,29,rld,14:36:51.371,26769,1.383,-2.595,0.007,-1.100,0.000,onTarget,noEvent
6382,4,29,rld,14:36:51.445,26770,1.450,-2.786,-0.005,-0.500,-0.100,onTarget,noEvent
6382,4,29,rld,14:36:51.517,26771,1.524,-2.887,-0.010,-0.300,0.000,onTarget,noEvent
6382,4,29,rld,14:36:51.570,26772,1.575,-2.946,-0.011,-0.200,0.000,onTarget,noEvent
6382,4,29,rld,14:36:51.686,26773,1.694,-2.977,-0.011,-0.100,0.000,onTarget,noEvent
6382,4,29,rld,14:36:51.744,26774,1.752,-2.988,-0.012,0.000,0.000,onTarget,noEvent
6382,4,29,rld,14:36:51.820,26775,1.824,-2.992,-0.012,0.000,0.000,onTarget,noEvent
6382,4,29,rld,14:36:51.870,26776,1.884,-2.993,-0.012,0.000,0.000,onTarget,noEvent
6382,4,29,rld,14:36:51.945,26777,1.950,-2.993,-0.012,0.000,0.000,onTarget,noEvent
6382,4,29,rld,14:36:52.029,26778,2.035,-2.944,-0.012,0.400,0.000,onTarget,noEvent
6382,4,29,rld,14:36:52.129,26779,2.116,-2.879,-0.012,0.400,0.000,onTarget,noEvent
6382,4,29,rld,14:36:52.226,26780,2.238,-2.820,-0.012,0.300,0.000,onTarget,noEvent
6382,4,29,rld,14:36:52.281,26781,2.290,-2.776,-0.012,0.200,0.000,onTarget,noEvent
6382,4,29,rld,14:36:52.339,26782,2.351,-2.762,-0.012,0.000,0.000,onTarget,noEvent
6382,4,29,rld,14:36:52.391,26783,2.403,-2.757,-0.012,0.000,0.000,onTarget,noEvent
6382,4,29,rld,14:36:52.455,26784,2.463,-2.755,-0.012,0.000,0.000,onTarget,noEvent
6382,4,29,rld,14:36:52.506,26785,2.522,-2.755,-0.012,0.000,0.000,onTarget,noEvent
6382,4,29,rld,14:36:52.588,26786,2.591,-2.755,-0.012,0.000,0.000,onTarget,targetClick
6382,4,30,rld,14:36:55.615,26823,2.673,0.135,0.136,0.000,0.000,waitingForTarget,middleTargetClick
6382,4,30,rld,14:36:55.676,26824,2.754,0.135,0.136,0.000,0.000,waitingForTarget,noEvent
6382,4,30,rld,14:36:55.764,26825,2.836,0.135,0.136,0.000,0.000,waitingForTarget,noEvent
6382,4,30,rld,14:36:55.867,26826,2.953,0.135,0.136,0.000,0.000,waitingForTarget,noEvent
6382,4,30,rld,14:36:55.925,26827,3.008,0.135,0.136,0.000,0.000,waitingForTarget,noEvent
6382,4,30,rld,14:36:56.012,26828,3.086,0.135,0.136,0.000,0.000,waitingForTarget,noEvent
6382,4,30,rld,14:36:56.073,26829,0.065,0.135,0.136,0.000,0.000,activeTracking,targetAppeared
6382,4,30,rld,14:36:56.152,26830,0.152,0.135,0.136,0.000,0.000,activeTracking,noEvent
6382,4,30,rld,14:36:56.216,26831,0.205,0.135,0.136,0.000,0.000,activeTracking,noEvent
6382,4,30,rld,14:36:56.281,26832,0.271,0.135,0.136,0.000,0.000,activeTracking,noEvent
6382,4,30,rld,14:36:56.333,26833,0.319,0.135,0.136,0.000,0.000,activeTracking,noEvent
6382,4,30,rld,14:36:56.409,26834,0.397,0.135,0.136,0.000,0.000,activeTracking,noEvent
6382,4,30,rld,14:36:56.481,26835,0.453,0.135,0.136,0.000,0.000,activeTracking,noEvent
6382,4,30,rld,14:36:56.649,26836,0.610,0.518,0.069,3.400,-0.600,activeTracking,noEvent
6382,4,30,rld,14:36:56.946,26837,0.902,1.271,-0.077,5.500,-1.100,activeTracking,noEvent
6382,4,30,rld,14:36:57.000,26838,0.996,1.710,-0.184,1.600,-0.500,activeTracking,noEvent
6382,4,30,rld,14:36:57.053,26839,1.049,1.858,-0.220,0.000,0.000,activeTracking,noEvent
6382,4,30,rld,14:36:57.110,26840,1.100,1.908,-0.232,0.000,0.000,activeTracking,noEvent
6382,4,30,rld,14:36:57.155,26841,1.152,1.924,-0.236,0.000,0.000,activeTracking,noEvent
6382,4,30,rld,14:36:57.206,26842,1.200,1.930,-0.237,0.000,0.000,activeTracking,noEvent
6382,4,30,rld,14:36:57.248,26843,1.247,1.931,-0.237,0.000,0.000,activeTracking,noEvent
6382,4,30,rld,14:36:57.445,26844,1.330,1.932,-0.238,0.000,0.000,activeTracking,noEvent
6382,4,30,rld,14:36:57.665,26845,1.586,2.621,-0.193,5.800,0.400,onTarget,noEvent
6382,4,30,rld,14:36:57.906,26846,1.897,3.353,-0.179,4.000,0.000,activeTracking,noEvent
6382,4,30,rld,14:36:57.972,26847,1.968,3.694,-0.175,0.700,0.000,activeTracking,noEvent
6382,4,30,rld,14:36:58.065,26848,2.067,3.888,-0.198,0.600,-0.200,activeTracking,noEvent
6382,4,30,rld,14:36:58.128,26849,2.118,3.979,-0.206,0.200,0.000,activeTracking,noEvent
6382,4,30,rld,14:36:58.186,26850,2.182,4.023,-0.208,0.100,0.000,activeTracking,noEvent
6382,4,30,rld,14:36:58.252,26851,2.250,4.038,-0.209,0.000,0.000,activeTracking,noEvent
6382,4,30,rld,14:36:58.318,26852,2.315,4.043,-0.210,0.000,0.000,activeTracking,noEvent
6382,4,30,rld,14:36:58.366,26853,2.356,4.044,-0.210,0.000,0.000,activeTracking,noEvent
6382,4,30,rld,14:36:58.432,26854,2.422,4.045,-0.210,0.000,0.000,activeTracking,noEvent
6382,4,30,rld,14:36:58.488,26855,2.476,4.045,-0.210,0.000,0.000,activeTracking,noEvent
6382,4,30,rld,14:36:58.554,26856,2.547,4.045,-0.210,0.000,0.000,activeTracking,noEvent
6382,4,30,rld,14:36:58.623,26857,2.592,4.045,-0.210,0.000,0.000,activeTracking,noEvent
6382,4,30,rld,14:36:58.872,26858,2.850,3.835,-0.161,-1.600,0.400,activeTracking,noEvent
6382,4,30,rld,14:36:59.069,26859,3.018,3.586,-0.072,-1.400,0.600,activeTracking,noEvent
6382,4,30,rld,14:36:59.215,26860,3.190,3.377,-0.031,-1.000,0.100,activeTracking,noEvent
6382,4,30,rld,14:36:59.301,26861,3.288,3.207,-0.018,-0.800,0.000,activeTracking,noEvent
6382,4,30,rld,14:36:59.430,26862,3.407,3.077,-0.002,-0.600,0.100,activeTracking,noEvent
6382,4,30,rld,14:36:59.495,26863,3.476,3.009,0.003,-0.200,0.000,onTarget,noEvent
6382,4,30,rld,14:36:59.564,26864,3.557,2.974,0.005,-0.100,0.000,onTarget,noEvent
6382,4,30,rld,14:36:59.622,26865,3.620,2.962,0.006,0.000,0.000,onTarget,noEvent
6382,4,30,rld,14:36:59.696,26866,3.689,2.958,0.006,0.000,0.000,onTarget,noEvent
6382,4,30,rld,14:36:59.780,26867,3.767,2.957,0.006,0.000,0.000,onTarget,noEvent
6382,4,30,rld,14:36:59.862,26868,3.857,2.957,0.006,0.000,0.000,onTarget,noEvent
6382,4,30,rld,14:36:59.914,26869,3.906,2.956,0.006,0.000,0.000,onTarget,noEvent
6382,4,30,rld,14:36:59.986,26870,3.972,2.956,0.006,0.000,0.000,onTarget,targetClick
6382,4,31,rld,14:37:03.670,26923,0.060,-0.253,-0.083,0.000,0.000,activeTracking,targetAppeared
6382,4,31,rld,14:37:03.731,26924,0.133,-0.253,-0.083,0.000,0.000,activeTracking,noEvent
6382,4,31,rld,14:37:03.799,26925,0.189,-0.253,-0.083,0.000,0.000,activeTracking,noEvent
6382,4,31,rld,14:37:03.875,26926,0.267,-0.253,-0.083,0.000,0.000,activeTracking,noEvent
6382,4,31,rld,14:37:03.922,26927,0.310,-0.253,-0.083,0.000,0.000,activeTracking,noEvent
6382,4,31,rld,14:37:03.983,26928,0.374,-0.253,-0.083,0.000,0.000,activeTracking,noEvent
6382,4,31,rld,14:37:04.037,26929,0.427,-0.253,-0.083,0.000,0.000,activeTracking,noEvent
6382,4,31,rld,14:37:04.097,26930,0.489,-0.253,-0.083,0.000,0.000,activeTracking,noEvent
6382,4,31,rld,14:37:04.161,26931,0.544,-0.253,-0.083,0.000,0.000,activeTracking,noEvent
6382,4,31,rld,14:37:04.216,26932,0.610,-0.253,-0.083,0.000,0.000,activeTracking,noEvent
6382,4,31,rld,14:37:04.275,26933,0.668,-0.253,-0.083,0.000,0.000,activeTracking,noEvent
6382,4,31,rld,14:37:04.334,26934,0.728,-0.253,-0.083,0.000,0.000,activeTracking,noEvent
6382,4,31,rld,14:37:04.394,26935,0.787,-0.253,-0.083,0.000,0.000,activeTracking,noEvent
6382,4,31,rld,14:37:04.462,26936,0.863,-0.253,-0.083,0.000,0.000,activeTracking,noEvent
6382,4,31,rld,14:37:04.504,26937,0.906,-0.253,-0.083,0.000,0.000,activeTracking,noEvent
6382,4,31,rld,14:37:04.579,26938,0.969,-0.253,-0.083,0.000,0.000,activeTracking,noEvent
6382,4,31,rld,14:37:04.642,26939,1.031,-0.253,-0.083,0.000,0.000,activeTracking,noEvent
6382,4,31,rld,14:37:04.684,26940,1.084,-0.253,-0.083,0.000,0.000,activeTracking,noEvent
6382,4,31,rld,14:37:04.900,26941,1.292,-1.688,-0.151,-12.600,-0.600,activeTracking,noEvent
6382,4,31,rld,14:37:05.035,26942,1.403,-2.274,-0.175,-0.800,0.000,activeTracking,noEvent
6382,4,31,rld,14:37:05.130,26943,1.518,-2.653,-0.184,-1.500,0.000,onTarget,noEvent
6382,4,31,rld,14:37:05.254,26944,1.608,-2.953,-0.187,-1.400,0.000,onTarget,noEvent
6382,4,31,rld,14:37:05.379,26945,1.766,-3.341,-0.189,-2.300,0.000,activeTracking,noEvent
6382,4,31,rld,14:37:05.449,26946,1.841,-3.511,-0.190,-0.300,0.000,activeTracking,noEvent
6382,4,31,rld,14:37:05.514,26947,1.911,-3.580,-0.190,-0.100,0.000,activeTracking,noEvent
6382,4,31,rld,14:37:05.595,26948,1.976,-3.604,-0.202,0.000,-0.100,activeTracking,noEvent
6382,4,31,rld,14:37:05.699,26949,2.081,-3.548,-0.218,0.500,-0.100,activeTracking,noEvent
6382,4,31,rld,14:37:05.843,26950,2.210,-3.402,-0.235,1.000,-0.100,activeTracking,noEvent
6382,4,31,rld,14:37:05.978,26951,2.345,-3.054,-0.239,2.400,0.000,activeTracking,noEvent
6382,4,31,rld,14:37:06.098,26952,2.486,-2.829,-0.240,0.900,0.000,onTarget,noEvent
6382,4,31,rld,14:37:06.160,26953,2.551,-2.719,-0.240,0.300,0.000,onTarget,noEvent
6382,4,31,rld,14:37:06.214,26954,2.610,-2.670,-0.240,0.100,0.000,onTarget,noEvent
6382,4,31,rld,14:37:06.265,26955,2.660,-2.654,-0.240,0.000,0.000,onTarget,noEvent
6382,4,31,rld,14:37:06.335,26956,2.725,-2.648,-0.240,0.000,0.000,onTarget,noEvent
6382,4,31,rld,14:37:06.383,26957,2.782,-2.646,-0.240,0.000,0.000,onTarget,noEvent
6382,4,31,rld,14:37:06.447,26958,2.839,-2.646,-0.240,0.000,0.000,onTarget,noEvent
6382,4,31,rld,14:37:06.511,26959,2.898,-2.646,-0.240,0.000,0.000,onTarget,noEvent
6382,4,31,rld,14:37:06.583,26960,2.969,-2.645,-0.240,0.000,0.000,onTarget,noEvent
6382,4,31,rld,14:37:06.668,26961,3.055,-2.670,-0.205,-0.200,0.300,onTarget,noEvent
6382,4,31,rld,14:37:06.731,26962,3.125,-2.702,-0.182,-0.200,0.100,onTarget,noEvent
6382,4,31,rld,14:37:06.846,26963,3.235,-2.713,-0.174,0.000,0.000,onTarget,targetClick
6382,4,32,rld,14:37:09.930,26995,3.307,-0.121,-0.167,0.000,0.000,waitingForTarget,middleTargetClick
6382,4,32,rld,14:37:09.996,26996,3.383,-0.119,-0.167,0.000,0.000,waitingForTarget,noEvent
6382,4,32,rld,14:37:10.044,26997,3.427,-0.118,-0.167,0.000,0.000,waitingForTarget,noEvent
6382,4,32,rld,14:37:10.109,26998,3.479,-0.118,-0.167,0.000,0.000,waitingForTarget,noEvent
6382,4,32,rld,14:37:10.165,26999,3.550,-0.118,-0.168,0.000,0.000,waitingForTarget,noEvent
6382,4,32,rld,14:37:10.249,27000,3.635,-0.118,-0.168,0.000,0.000,waitingForTarget,noEvent
6382,4,32,rld,14:37:10.308,27001,3.685,-0.118,-0.168,0.000,0.000,waitingForTarget,noEvent
6382,4,32,rld,14:37:10.365,27002,3.753,-0.118,-0.168,0.000,0.000,waitingForTarget,noEvent
6382,4,32,rld,14:37:10.427,27003,0.057,-0.118,-0.168,0.000,0.000,activeTracking,targetAppeared
6382,4,32,rld,14:37:10.493,27004,0.117,-0.118,-0.168,0.000,0.000,activeTracking,noEvent
6382,4,32,rld,14:37:10.549,27005,0.185,-0.118,-0.168,0.000,0.000,activeTracking,noEvent
6382,4,32,rld,14:37:10.613,27006,0.238,-0.118,-0.168,0.000,0.000,activeTracking,noEvent
6382,4,32,rld,14:37:10.662,27007,0.290,-0.118,-0.168,0.000,0.000,activeTracking,noEvent
6382,4,32,rld,14:37:10.726,27008,0.342,-0.118,-0.168,0.000,0.000,activeTracking,noEvent
6382,4,32,rld,14:37:10.917,27009,0.503,-0.118,-0.168,0.000,0.000,activeTracking,noEvent
6382,4,32,rld,14:37:11.002,27010,0.630,0.761,-0.427,7.800,-2.300,activeTracking,noEvent
6382,4,32,rld,14:37:11.063,27011,0.689,1.056,-0.515,0.000,0.000,activeTracking,noEvent
6382,4,32,rld,14:37:11.111,27012,0.738,1.155,-0.545,0.000,0.000,activeTracking,noEvent
6382,4,32,rld,14:37:11.164,27013,0.791,1.188,-0.555,0.000,0.000,activeTracking,noEvent
6382,4,32,rld,14:37:11.245,27014,0.871,1.199,-0.558,0.000,0.000,activeTracking,noEvent
6382,4,32,rld,14:37:11.384,27015,1.014,1.930,-0.289,6.300,2.400,activeTracking,noEvent
6382,4,32,rld,14:37:11.451,27016,1.083,2.238,-0.175,0.500,0.200,activeTracking,noEvent
6382,4,32,rld,14:37:11.535,27017,1.165,2.353,-0.125,0.100,0.100,activeTracking,noEvent
6382,4,32,rld,14:37:11.604,27018,1.237,2.392,-0.085,0.000,0.200,onTarget,noEvent
6382,4,32,rld,14:37:11.761,27019,1.364,2.524,0.138,1.000,1.800,onTarget,noEvent
6382,4,32,rld,14:37:11.879,27020,1.499,2.678,0.318,0.900,0.900,onTarget,noEvent
6382,4,32,rld,14:37:11.945,27021,1.573,2.741,0.391,0.100,0.100,activeTracking,noEvent
6382,4,32,rld,14:37:12.013,27022,1.637,2.762,0.415,0.000,0.000,activeTracking,noEvent
6382,4,32,rld,14:37:12.065,27023,1.700,2.769,0.423,0.000,0.000,activeTracking,noEvent
6382,4,32,rld,14:37:12.138,27024,1.759,2.772,0.426,0.000,0.000,activeTracking,noEvent
6382,4,32,rld,14:37:12.183,27025,1.817,2.772,0.427,0.000,0.000,activeTracking,noEvent
6382,4,32,rld,14:37:12.268,27026,1.895,2.773,0.427,0.000,0.000,activeTracking,noEvent
6382,4,32,rld,14:37:12.326,27027,1.955,2.773,0.427,0.000,0.000,activeTracking,noEvent
6382,4,32,rld,14:37:12.397,27028,2.020,2.773,0.427,0.000,0.000,activeTracking,noEvent
6382,4,32,rld,14:37:12.487,27029,2.110,2.773,0.415,0.000,-0.100,activeTracking,noEvent
6382,4,32,rld,14:37:12.578,27030,2.182,2.773,0.376,0.000,-0.300,activeTracking,noEvent
6382,4,32,rld,14:37:12.630,27031,2.264,2.773,0.305,0.000,-0.500,onTarget,noEvent
6382,4,32,rld,14:37:12.766,27032,2.392,2.773,0.210,0.000,-0.600,onTarget,noEvent
6382,4,32,rld,14:37:12.836,27033,2.470,2.773,0.167,0.000,-0.100,onTarget,noEvent
6382,4,32,rld,14:37:12.921,27034,2.543,2.785,0.130,0.100,-0.200,onTarget,noEvent
6382,4,32,rld,14:37:12.977,27035,2.598,2.789,0.105,0.000,-0.100,onTarget,noEvent
6382,4,32,rld,14:37:13.032,27036,2.662,2.790,0.097,0.000,0.000,onTarget,noEvent
6382,4,32,rld,14:37:13.084,27037,2.719,2.791,0.095,0.000,0.000,onTarget,noEvent
6382,4,32,rld,14:37:13.146,27038,2.771,2.791,0.094,0.000,0.000,onTarget,noEvent
6382,4,32,rld,14:37:13.203,27039,2.832,2.791,0.093,0.000,0.000,onTarget,noEvent
6382,4,32,rld,14:37:13.275,27040,2.899,2.791,0.093,0.000,0.000,onTarget,targetClick
6382,4,33,rld,14:37:16.855,27089,2.990,-0.236,-0.202,0.000,0.000,waitingForTarget,middleTargetClick
6382,4,33,rld,14:37:16.935,27090,3.091,-0.236,-0.202,0.000,0.000,waitingForTarget,noEvent
6382,4,33,rld,14:37:17.001,27091,3.167,-0.236,-0.201,0.000,0.000,waitingForTarget,noEvent
6382,4,33,rld,14:37:17.064,27092,3.221,-0.236,-0.201,0.000,0.000,waitingForTarget,noEvent
6382,4,33,rld,14:37:17.150,27093,3.304,-0.236,-0.201,0.000,0.000,waitingForTarget,noEvent
6382,4,33,rld,14:37:17.217,27094,3.373,-0.236,-0.201,0.000,0.000,waitingForTarget,noEvent
6382,4,33,rld,14:37:17.269,27095,3.432,-0.236,-0.201,0.000,0.000,waitingForTarget,noEvent
6382,4,33,rld,14:37:17.348,27096,0.070,-0.236,-0.201,0.000,0.000,activeTracking,targetAppeared
6382,4,33,rld,14:37:17.471,27097,0.182,-0.236,-0.201,0.000,0.000,activeTracking,noEvent
6382,4,33,rld,14:37:17.531,27098,0.259,-0.236,-0.201,0.000,0.000,activeTracking,noEvent
6382,4,33,rld,14:37:17.588,27099,0.310,-0.236,-0.201,0.000,0.000,activeTracking,noEvent
6382,4,33,rld,14:37:17.926,27100,0.602,1.962,-0.100,19.300,0.900,activeTracking,noEvent
6382,4,33,rld,14:37:18.103,27101,0.801,3.359,-0.076,5.100,-0.100,activeTracking,noEvent
6382,4,33,rld,14:37:18.183,27102,0.892,4.062,-0.067,1.600,0.000,activeTracking,noEvent
6382,4,33,rld,14:37:18.303,27103,1.036,4.426,-0.052,0.900,0.100,activeTracking,noEvent
6382,4,33,rld,14:37:18.429,27104,1.142,4.674,-0.021,0.900,0.200,activeTracking,noEvent
6382,4,33,rld,14:37:18.493,27105,1.220,4.786,0.014,0.200,0.200,activeTracking,noEvent
6382,4,33,rld,14:37:18.664,27106,1.368,3.541,0.056,-9.600,0.300,activeTracking,noEvent
6382,4,33,rld,14:37:18.854,27107,1.483,2.951,0.069,-1.600,0.000,onTarget,noEvent
6382,4,33,rld,14:37:18.942,27108,1.658,2.409,0.071,-2.900,0.000,onTarget,noEvent
6382,4,33,rld,14:37:19.116,27109,1.831,1.973,0.071,-2.200,0.000,activeTracking,noEvent
6382,4,33,rld,14:37:19.203,27110,1.919,1.759,0.083,-0.600,0.100,activeTracking,noEvent
6382,4,33,rld,14:37:19.253,27111,1.986,1.677,0.086,-0.100,0.000,activeTracking,noEvent
6382,4,33,rld,14:37:19.318,27112,2.051,1.649,0.088,0.000,0.000,activeTracking,noEvent
6382,4,33,rld,14:37:19.379,27113,2.103,1.640,0.088,0.000,0.000,activeTracking,noEvent
6382,4,33,rld,14:37:19.429,27114,2.163,1.637,0.088,0.000,0.000,activeTracking,noEvent
6382,4,33,rld,14:37:19.494,27115,2.220,1.636,0.088,0.000,0.000,activeTracking,noEvent
6382,4,33,rld,14:37:19.610,27116,2.336,1.717,0.089,0.700,0.000,activeTracking,noEvent
6382,4,33,rld,14:37:19.830,27117,2.524,1.966,0.089,1.900,0.000,activeTracking,noEvent
6382,4,33,rld,14:37:19.966,27118,2.662,2.285,0.056,2.000,-0.300,activeTracking,noEvent
6382,4,33,rld,14:37:20.063,27119,2.782,2.477,0.034,0.700,-0.100,onTarget,noEvent
6382,4,33,rld,14:37:20.125,27120,2.855,2.553,0.026,0.100,0.000,onTarget,noEvent
6382,4,33,rld,14:37:20.220,27121,2.938,2.590,0.024,0.100,0.000,onTarget,noEvent
6382,4,33,rld,14:37:20.288,27122,3.014,2.627,0.000,0.200,-0.200,onTarget,noEvent
6382,4,33,rld,14:37:20.354,27123,3.082,2.651,-0.020,0.100,-0.100,onTarget,noEvent
6382,4,33,rld,14:37:20.442,27124,3.164,2.660,-0.027,0.000,0.000,onTarget,noEvent
6382,4,33,rld,14:37:20.503,27125,3.222,2.662,-0.029,0.000,0.000,onTarget,noEvent
6382,4,33,rld,14:37:20.567,27126,3.290,2.663,-0.030,0.000,0.000,onTarget,noEvent
6382,4,33,rld,14:37:20.638,27127,3.355,2.663,-0.030,0.000,0.000,onTarget,noEvent
6382,4,33,rld,14:37:20.726,27128,3.454,2.664,-0.030,0.000,0.000,onTarget,targetClick
6382,4,34,rld,14:37:23.533,27164,3.543,-0.034,-0.049,0.000,0.000,waitingForTarget,middleTargetClick
6382,4,34,rld,14:37:23.596,27165,3.608,-0.034,-0.049,0.000,0.000,waitingForTarget,noEvent
6382,4,34,rld,14:37:23.656,27166,3.667,-0.034,-0.049,0.000,0.000,waitingForTarget,noEvent
6382,4,34,rld,14:37:23.714,27167,3.722,-0.034,-0.049,0.000,0.000,waitingForTarget,noEvent
6382,4,34,rld,14:37:23.777,27168,3.798,-0.034,-0.049,0.000,0.000,waitingForTarget,noEvent
6382,4,34,rld,14:37:23.848,27169,3.857,-0.034,-0.049,0.000,0.000,waitingForTarget,noEvent
6382,4,34,rld,14:37:23.898,27170,3.908,-0.034,-0.049,0.000,0.000,waitingForTarget,noEvent
6382,4,34,rld,14:37:23.974,27171,3.977,-0.034,-0.049,0.000,0.000,waitingForTarget,noEvent
6382,4,34,rld,14:37:24.032,27172,0.063,-0.034,-0.049,0.000,0.000,activeTracking,targetAppeared
6382,4,34,rld,14:37:24.076,27173,0.121,-0.034,-0.049,0.000,0.000,activeTracking,noEvent
6382,4,34,rld,14:37:24.136,27174,0.176,-0.034,-0.049,0.000,0.000,activeTracking,noEvent
6382,4,34,rld,14:37:24.186,27175,0.229,-0.034,-0.049,0.000,0.000,activeTracking,noEvent
6382,4,34,rld,14:37:24.254,27176,0.284,-0.034,-0.049,0.000,0.000,activeTracking,noEvent
6382,4,34,rld,14:37:24.452,27177,0.462,0.248,-0.049,2.500,0.000,activeTracking,noEvent
6382,4,34,rld,14:37:24.743,27178,0.709,1.721,-0.129,12.100,-0.700,activeTracking,noEvent
6382,4,34,rld,14:37:24.886,27179,0.890,2.645,-0.168,3.500,-0.100,onTarget,noEvent
6382,4,34,rld,14:37:24.959,27180,1.000,3.061,-0.182,0.800,0.000,activeTracking,noEvent
6382,4,34,rld,14:37:25.114,27181,1.147,3.403,-0.187,1.600,0.000,activeTracking,noEvent
6382,4,34,rld,14:37:25.179,27182,1.218,3.608,-0.189,0.700,0.000,activeTracking,noEvent
6382,4,34,rld,14:37:25.250,27183,1.281,3.690,-0.190,0.100,0.000,activeTracking,noEvent
6382,4,34,rld,14:37:25.316,27184,1.343,3.718,-0.190,0.000,0.000,activeTracking,noEvent
6382,4,34,rld,14:37:25.536,27185,1.560,3.458,-0.046,-2.100,1.200,activeTracking,noEvent
6382,4,34,rld,14:37:25.743,27186,1.730,2.961,0.059,-3.300,0.500,onTarget,noEvent
6382,4,34,rld,14:37:25.795,27187,1.822,2.714,0.093,-0.700,0.000,onTarget,noEvent
6382,4,34,rld,14:37:25.900,27188,1.934,2.572,0.115,-0.500,0.100,onTarget,noEvent
6382,4,34,rld,14:37:25.992,27189,2.031,2.476,0.146,-0.400,0.200,onTarget,noEvent
6382,4,34,rld,14:37:26.032,27190,2.073,2.445,0.156,0.000,0.000,onTarget,noEvent
6382,4,34,rld,14:37:26.083,27191,2.112,2.434,0.159,0.000,0.000,onTarget,noEvent
6382,4,34,rld,14:37:26.145,27192,2.175,2.431,0.161,0.000,0.000,onTarget,noEvent
6382,4,34,rld,14:37:26.216,27193,2.247,2.430,0.161,0.000,0.000,onTarget,noEvent
6382,4,34,rld,14:37:26.426,27194,2.344,2.441,0.149,0.100,-0.100,onTarget,noEvent
6382,4,34,rld,14:37:26.580,27195,2.616,2.637,0.077,1.600,-0.600,onTarget,noEvent
6382,4,34,rld,14:37:26.645,27196,2.681,2.728,0.053,0.200,0.000,onTarget,noEvent
6382,4,34,rld,14:37:26.735,27197,2.767,2.770,0.033,0.100,-0.100,onTarget,noEvent
6382,4,34,rld,14:37:26.814,27198,2.856,2.796,0.015,0.100,-0.100,onTarget,noEvent
6382,4,34,rld,14:37:26.882,27199,2.916,2.805,0.009,0.000,0.000,onTarget,noEvent
6382,4,34,rld,14:37:26.948,27200,2.991,2.808,0.006,0.000,0.000,onTarget,noEvent
6382,4,34,rld,14:37:27.018,27201,3.059,2.809,0.006,0.000,0.000,onTarget,noEvent
6382,4,34,rld,14:37:27.070,27202,3.115,2.809,0.006,0.000,0.000,onTarget,noEvent
6382,4,34,rld,14:37:27.167,27203,3.197,2.809,0.005,0.000,0.000,onTarget,targetClick
6382,4,35,rld,14:37:31.515,27250,3.284,-0.034,0.119,0.000,0.000,waitingForTarget,middleTargetClick
6382,4,35,rld,14:37:31.603,27251,3.394,-0.034,0.119,0.000,0.000,waitingForTarget,noEvent
6382,4,35,rld,14:37:31.665,27252,3.471,-0.034,0.119,0.000,0.000,waitingForTarget,noEvent
6382,4,35,rld,14:37:31.749,27253,3.554,-0.034,0.119,0.000,0.000,waitingForTarget,noEvent
6382,4,35,rld,14:37:31.843,27254,3.642,-0.034,0.119,0.000,0.000,waitingForTarget,noEvent
6382,4,35,rld,14:37:31.913,27255,3.705,-0.034,0.119,0.000,0.000,waitingForTarget,noEvent
6382,4,35,rld,14:37:31.977,27256,0.066,-0.034,0.119,0.000,0.000,activeTracking,targetAppeared
6382,4,35,rld,14:37:32.046,27257,0.148,-0.034,0.119,0.000,0.000,activeTracking,noEvent
6382,4,35,rld,14:37:32.103,27258,0.189,-0.034,0.119,0.000,0.000,activeTracking,noEvent
6382,4,35,rld,14:37:32.160,27259,0.249,-0.034,0.119,0.000,0.000,activeTracking,noEvent
6382,4,35,rld,14:37:32.215,27260,0.307,-0.034,0.119,0.000,0.000,activeTracking,noEvent
6382,4,35,rld,14:37:32.294,27261,0.390,-0.011,0.119,0.200,0.000,activeTracking,noEvent
6382,4,35,rld,14:37:32.376,27262,0.456,0.030,0.108,0.300,-0.100,activeTracking,noEvent
6382,4,35,rld,14:37:32.450,27263,0.535,0.021,0.082,-0.200,-0.200,activeTracking,noEvent
6382,4,35,rld,14:37:32.640,27264,0.671,-1.032,-0.062,-9.300,-1.200,activeTracking,noEvent
6382,4,35,rld,14:37:32.703,27265,0.788,-1.422,-0.133,-0.300,-0.200,activeTracking,noEvent
6382,4,35,rld,14:37:32.756,27266,0.856,-1.553,-0.156,0.000,0.000,activeTracking,noEvent
6382,4,35,rld,14:37:32.823,27267,0.922,-1.596,-0.164,0.000,0.000,activeTracking,noEvent
6382,4,35,rld,14:37:32.891,27268,0.979,-1.611,-0.167,0.000,0.000,activeTracking,noEvent
6382,4,35,rld,14:37:33.016,27269,1.105,-2.403,-0.262,-6.700,-0.800,activeTracking,noEvent
6382,4,35,rld,14:37:33.074,27270,1.168,-2.770,-0.307,-0.800,-0.100,onTarget,noEvent
6382,4,35,rld,14:37:33.124,27271,1.218,-2.894,-0.322,0.000,0.000,activeTracking,noEvent
6382,4,35,rld,14:37:33.184,27272,1.280,-2.936,-0.339,0.000,-0.100,activeTracking,noEvent
6382,4,35,rld,14:37:33.260,27273,1.348,-2.949,-0.344,0.000,0.000,activeTracking,noEvent
6382,4,35,rld,14:37:33.315,27274,1.412,-2.942,-0.346,0.100,0.000,activeTracking,noEvent
6382,4,35,rld,14:37:33.428,27275,1.505,-2.976,-0.323,-0.300,0.200,activeTracking,noEvent
6382,4,35,rld,14:37:33.494,27276,1.588,-3.025,-0.304,-0.300,0.100,activeTracking,noEvent
6382,4,35,rld,14:37:33.546,27277,1.639,-3.041,-0.298,0.000,0.000,activeTracking,noEvent
6382,4,35,rld,14:37:33.683,27278,1.767,-2.874,-0.271,1.400,0.200,onTarget,noEvent
6382,4,35,rld,14:37:33.750,27279,1.832,-2.770,-0.262,0.400,0.000,onTarget,noEvent
6382,4,35,rld,14:37:33.847,27280,1.948,-2.699,-0.259,0.300,0.000,onTarget,noEvent
6382,4,35,rld,14:37:33.926,27281,2.016,-2.663,-0.246,0.100,0.100,onTarget,noEvent
6382,4,35,rld,14:37:33.994,27282,2.092,-2.591,-0.219,0.500,0.200,onTarget,noEvent
6382,4,35,rld,14:37:34.083,27283,2.170,-2.531,-0.209,0.300,0.000,onTarget,noEvent
6382,4,35,rld,14:37:34.136,27284,2.238,-2.499,-0.206,0.100,0.000,onTarget,noEvent
6382,4,35,rld,14:37:34.195,27285,2.289,-2.488,-0.205,0.000,0.000,onTarget,noEvent
6382,4,35,rld,14:37:34.258,27286,2.340,-2.485,-0.205,0.000,0.000,onTarget,noEvent
6382,4,35,rld,14:37:34.313,27287,2.402,-2.483,-0.205,0.000,0.000,onTarget,noEvent
6382,4,35,rld,14:37:34.369,27288,2.459,-2.483,-0.205,0.000,0.000,onTarget,noEvent
6382,4,35,rld,14:37:34.441,27289,2.536,-2.495,-0.205,-0.100,0.000,onTarget,noEvent
6382,4,35,rld,14:37:34.500,27290,2.588,-2.499,-0.205,0.000,0.000,onTarget,noEvent
6382,4,35,rld,14:37:34.568,27291,2.657,-2.500,-0.205,0.000,0.000,onTarget,noEvent
6382,4,35,rld,14:37:34.652,27292,2.750,-2.501,-0.205,0.000,0.000,onTarget,targetClick
6382,4,36,rld,14:37:37.534,27329,2.851,-0.101,-0.049,0.000,0.000,waitingForTarget,middleTargetClick
6382,4,36,rld,14:37:37.592,27330,2.921,-0.101,-0.049,0.000,0.000,waitingForTarget,noEvent
6382,4,36,rld,14:37:37.677,27331,3.003,-0.101,-0.049,0.000,0.000,waitingForTarget,noEvent
6382,4,36,rld,14:37:37.817,27332,3.141,-0.101,-0.049,0.000,0.000,waitingForTarget,noEvent
6382,4,36,rld,14:37:37.869,27333,3.205,-0.101,-0.049,0.000,0.000,waitingForTarget,noEvent
6382,4,36,rld,14:37:37.929,27334,3.253,-0.101,-0.049,0.000,0.000,waitingForTarget,noEvent
6382,4,36,rld,14:37:38.025,27335,0.087,-0.101,-0.049,0.000,0.000,activeTracking,targetAppeared
6382,4,36,rld,14:37:38.086,27336,0.164,-0.101,-0.049,0.000,0.000,activeTracking,noEvent
6382,4,36,rld,14:37:38.158,27337,0.238,-0.101,-0.049,0.000,0.000,activeTracking,noEvent
6382,4,36,rld,14:37:38.231,27338,0.299,-0.101,-0.049,0.000,0.000,activeTracking,noEvent
6382,4,36,rld,14:37:38.378,27339,0.418,-0.022,-0.049,0.700,0.000,activeTracking,noEvent
6382,4,36,rld,14:37:38.464,27340,0.540,0.083,-0.049,0.700,0.000,activeTracking,noEvent
6382,4,36,rld,14:37:38.519,27341,0.588,0.118,-0.049,0.000,0.000,activeTracking,noEvent
6382,4,36,rld,14:37:38.726,27342,0.781,-0.863,-0.049,-8.800,0.000,activeTracking,noEvent
6382,4,36,rld,14:37:38.870,27343,0.915,-1.330,-0.026,-1.200,0.200,activeTracking,noEvent
6382,4,36,rld,14:37:39.007,27344,1.045,-1.591,0.005,-0.900,0.200,activeTracking,noEvent
6382,4,36,rld,14:37:39.077,27345,1.146,-1.760,0.026,-0.700,0.100,activeTracking,noEvent
6382,4,36,rld,14:37:39.169,27346,1.242,-1.886,0.034,-0.600,0.000,activeTracking,noEvent
6382,4,36,rld,14:37:39.242,27347,1.308,-1.940,0.037,-0.100,0.000,activeTracking,noEvent
6382,4,36,rld,14:37:39.311,27348,1.379,-1.982,0.037,-0.200,0.000,activeTracking,noEvent
6382,4,36,rld,14:37:39.374,27349,1.446,-1.996,0.038,0.000,0.000,activeTracking,noEvent
6382,4,36,rld,14:37:39.425,27350,1.500,-2.000,0.038,0.000,0.000,activeTracking,noEvent
6382,4,36,rld,14:37:39.489,27351,1.568,-2.002,0.038,0.000,0.000,activeTracking,noEvent
6382,4,36,rld,14:37:39.554,27352,1.630,-2.002,0.038,0.000,0.000,activeTracking,noEvent
6382,4,36,rld,14:37:39.618,27353,1.688,-2.002,0.038,0.000,0.000,activeTracking,noEvent
6382,4,36,rld,14:37:39.675,27354,1.751,-2.003,0.038,0.000,0.000,activeTracking,noEvent
6382,4,36,rld,14:37:39.742,27355,1.813,-2.003,0.038,0.000,0.000,activeTracking,noEvent
6382,4,36,rld,14:37:39.812,27356,1.868,-2.003,0.038,0.000,0.000,activeTracking,noEvent
6382,4,36,rld,14:37:39.865,27357,1.946,-2.003,0.038,0.000,0.000,activeTracking,noEvent
6382,4,36,rld,14:37:39.951,27358,2.020,-2.003,0.038,0.000,0.000,activeTracking,noEvent
6382,4,36,rld,14:37:40.015,27359,2.088,-2.003,0.038,0.000,0.000,activeTracking,noEvent
6382,4,36,rld,14:37:40.076,27360,2.147,-2.003,0.038,0.000,0.000,activeTracking,noEvent
6382,4,36,rld,14:37:40.124,27361,2.201,-2.003,0.038,0.000,0.000,activeTracking,noEvent
6382,4,36,rld,14:37:40.198,27362,2.260,-2.003,0.038,0.000,0.000,activeTracking,noEvent
6382,4,36,rld,14:37:40.376,27363,2.442,-2.120,0.038,-1.000,0.000,activeTracking,noEvent
6382,4,36,rld,14:37:40.552,27364,2.629,-2.349,0.016,-1.600,-0.200,onTarget,noEvent
6382,4,36,rld,14:37:40.716,27365,2.764,-2.570,0.009,-1.200,0.000,onTarget,noEvent
6382,4,36,rld,14:37:40.875,27366,2.912,-2.766,-0.005,-1.000,-0.100,onTarget,noEvent
6382,4,36,rld,14:37:40.966,27367,3.018,-2.880,-0.010,-0.400,0.000,onTarget,noEvent
6382,4,36,rld,14:37:41.034,27368,3.102,-2.931,-0.011,-0.100,0.000,onTarget,noEvent
6382,4,36,rld,14:37:41.126,27369,3.187,-2.948,-0.012,0.000,0.000,onTarget,noEvent
6382,4,36,rld,14:37:41.195,27370,3.265,-2.954,-0.012,0.000,0.000,onTarget,noEvent
6382,4,36,rld,14:37:41.263,27371,3.338,-2.955,-0.012,0.000,0.000,onTarget,noEvent
6382,4,36,rld,14:37:41.315,27372,3.396,-2.956,-0.012,0.000,0.000,onTarget,noEvent
6382,4,36,rld,14:37:41.386,27373,3.454,-2.956,-0.012,0.000,0.000,onTarget,noEvent
6382,4,36,rld,14:37:41.453,27374,3.520,-2.956,-0.012,0.000,0.000,onTarget,noEvent
6382,4,36,rld,14:37:41.527,27375,3.596,-2.956,-0.012,0.000,0.000,onTarget,noEvent
6382,4,36,rld,14:37:41.586,27376,3.667,-2.956,-0.012,0.000,0.000,onTarget,targetClick
6382,4,37,rld,14:37:46.176,27435,3.727,0.051,-0.032,0.000,0.000,waitingForTarget,middleTargetClick
6382,4,37,rld,14:37:46.236,27436,3.801,0.051,-0.032,0.000,0.000,waitingForTarget,noEvent
6382,4,37,rld,14:37:46.286,27437,3.841,0.051,-0.032,0.000,0.000,waitingForTarget,noEvent
6382,4,37,rld,14:37:46.333,27438,3.896,0.051,-0.032,0.000,0.000,waitingForTarget,noEvent
6382,4,37,rld,14:37:46.398,27439,3.961,0.051,-0.032,0.000,0.000,waitingForTarget,noEvent
6382,4,37,rld,14:37:46.668,27444,0.056,0.051,-0.032,0.000,0.000,activeTracking,targetAppeared
6382,4,37,rld,14:37:46.725,27445,0.117,0.051,-0.032,0.000,0.000,activeTracking,noEvent
6382,4,37,rld,14:37:46.814,27446,0.187,0.051,-0.032,0.000,0.000,activeTracking,noEvent
6382,4,37,rld,14:37:46.868,27447,0.264,0.051,-0.032,0.000,0.000,activeTracking,noEvent
6382,4,37,rld,14:37:46.924,27448,0.315,0.051,-0.032,0.000,0.000,activeTracking,noEvent
6382,4,37,rld,14:37:46.985,27449,0.378,0.051,-0.032,0.000,0.000,activeTracking,noEvent
6382,4,37,rld,14:37:47.032,27450,0.433,0.051,-0.032,0.000,0.000,activeTracking,noEvent
6382,4,37,rld,14:37:47.093,27451,0.490,0.051,-0.032,0.000,0.000,activeTracking,noEvent
6382,4,37,rld,14:37:47.174,27452,0.539,0.051,-0.032,0.000,0.000,activeTracking,noEvent
6382,4,37,rld,14:37:47.384,27453,0.778,1.239,0.673,10.500,6.200,activeTracking,noEvent
6382,4,37,rld,14:37:47.444,27454,0.833,1.839,1.035,1.700,1.000,activeTracking,noEvent
6382,4,37,rld,14:37:47.485,27455,0.882,2.042,1.159,0.000,0.000,activeTracking,noEvent
6382,4,37,rld,14:37:47.534,27456,0.935,2.110,1.201,0.000,0.000,activeTracking,noEvent
6382,4,37,rld,14:37:47.585,27457,0.977,2.132,1.215,0.000,0.000,activeTracking,noEvent
6382,4,37,rld,14:37:47.630,27458,1.021,2.140,1.219,0.000,0.000,activeTracking,noEvent
6382,4,37,rld,14:37:47.695,27459,1.081,2.143,1.221,0.000,0.000,activeTracking,noEvent
6382,4,37,rld,14:37:47.775,27460,1.177,2.143,1.221,0.000,0.000,activeTracking,noEvent
6382,4,37,rld,14:37:47.885,27461,1.262,2.203,1.235,0.500,0.100,activeTracking,noEvent
6382,4,37,rld,14:37:48.067,27462,1.447,2.246,0.947,0.200,-2.500,activeTracking,noEvent
6382,4,37,rld,14:37:48.194,27463,1.587,2.285,0.608,0.200,-2.100,activeTracking,noEvent
6382,4,37,rld,14:37:48.296,27464,1.680,2.357,0.414,0.500,-0.700,activeTracking,noEvent
6382,4,37,rld,14:37:48.376,27465,1.764,2.429,0.304,0.400,-0.400,activeTracking,noEvent
6382,4,37,rld,14:37:48.434,27466,1.831,2.489,0.232,0.300,-0.300,onTarget,noEvent
6382,4,37,rld,14:37:48.492,27467,1.888,2.509,0.209,0.000,0.000,onTarget,noEvent
6382,4,37,rld,14:37:48.555,27468,1.955,2.528,0.189,0.100,-0.100,onTarget,noEvent
6382,4,37,rld,14:37:48.651,27469,2.049,2.594,0.171,0.500,-0.100,onTarget,noEvent
6382,4,37,rld,14:37:48.729,27470,2.130,2.640,0.166,0.200,0.000,onTarget,noEvent
6382,4,37,rld,14:37:48.793,27471,2.185,2.692,0.164,0.300,0.000,onTarget,noEvent
6382,4,37,rld,14:37:48.876,27472,2.268,2.734,0.222,0.200,0.500,onTarget,noEvent
6382,4,37,rld,14:37:48.964,27473,2.350,2.772,0.289,0.200,0.400,onTarget,noEvent
6382,4,37,rld,14:37:49.021,27474,2.422,2.797,0.323,0.100,0.100,onTarget,noEvent
6382,4,37,rld,14:37:49.075,27475,2.466,2.805,0.334,0.000,0.000,onTarget,noEvent
6382,4,37,rld,14:37:49.135,27476,2.537,2.808,0.361,0.000,0.200,activeTracking,noEvent
6382,4,37,rld,14:37:49.179,27477,2.580,2.809,0.370,0.000,0.000,activeTracking,noEvent
6382,4,37,rld,14:37:49.215,27478,2.616,2.809,0.373,0.000,0.000,activeTracking,noEvent
6382,4,37,rld,14:37:49.264,27479,2.661,2.809,0.374,0.000,0.000,activeTracking,noEvent
6382,4,37,rld,14:37:49.313,27480,2.701,2.809,0.375,0.000,0.000,activeTracking,noEvent
6382,4,37,rld,14:37:49.362,27481,2.754,2.809,0.375,0.000,0.000,activeTracking,noEvent
6382,4,37,rld,14:37:49.411,27482,2.813,2.809,0.375,0.000,0.000,activeTracking,noEvent
6382,4,37,rld,14:37:49.451,27483,2.850,2.809,0.375,0.000,0.000,activeTracking,noEvent
6382,4,37,rld,14:37:49.493,27484,2.890,2.809,0.375,0.000,0.000,activeTracking,noEvent
6382,4,37,rld,14:37:49.554,27485,2.949,2.809,0.375,0.000,0.000,activeTracking,noEvent
6382,4,37,rld,14:37:49.598,27486,3.001,2.809,0.375,0.000,0.000,activeTracking,noEvent
6382,4,37,rld,14:37:49.665,27487,3.064,2.809,0.375,0.000,0.000,activeTracking,noEvent
6382,4,37,rld,14:37:49.727,27488,3.128,2.809,0.375,0.000,0.000,activeTracking,noEvent
6382,4,37,rld,14:37:49.793,27489,3.190,2.809,0.375,0.000,0.000,activeTracking,noEvent
6382,4,37,rld,14:37:49.849,27490,3.252,2.809,0.375,0.000,0.000,activeTracking,noEvent
6382,4,37,rld,14:37:49.916,27491,3.307,2.809,0.375,0.000,0.000,activeTracking,noEvent
6382,4,37,rld,14:37:49.965,27492,3.358,2.809,0.375,0.000,0.000,activeTracking,noEvent
6382,4,37,rld,14:37:50.031,27493,3.424,2.809,0.363,0.000,-0.100,activeTracking,noEvent
6382,4,37,rld,14:37:50.091,27494,3.486,2.809,0.336,0.000,-0.200,activeTracking,noEvent
6382,4,37,rld,14:37:50.160,27495,3.560,2.822,0.292,0.100,-0.300,onTarget,noEvent
6382,4,37,rld,14:37:50.247,27496,3.613,2.826,0.230,0.000,-0.400,onTarget,noEvent
6382,4,37,rld,14:37:50.328,27497,3.719,2.827,0.174,0.000,-0.300,onTarget,noEvent
6382,4,37,rld,14:37:50.432,27498,3.828,2.840,0.132,0.100,-0.200,onTarget,noEvent
6382,4,37,rld,14:37:50.494,27499,3.890,2.844,0.118,0.000,0.000,onTarget,noEvent
6382,4,37,rld,14:37:50.585,27500,3.984,2.858,0.090,0.100,-0.200,onTarget,noEvent
6382,4,38,rld,14:37:56.378,27591,0.053,0.084,-0.218,0.000,0.000,activeTracking,targetAppeared
6382,4,38,rld,14:37:56.414,27592,0.094,0.084,-0.218,0.000,0.000,activeTracking,noEvent
6382,4,38,rld,14:37:56.453,27593,0.134,0.084,-0.218,0.000,0.000,activeTracking,noEvent
6382,4,38,rld,14:37:56.515,27594,0.199,0.084,-0.218,0.000,0.000,activeTracking,noEvent
6382,4,38,rld,14:37:56.548,27595,0.233,0.084,-0.218,0.000,0.000,activeTracking,noEvent
6382,4,38,rld,14:37:56.596,27596,0.278,0.084,-0.218,0.000,0.000,activeTracking,noEvent
6382,4,38,rld,14:37:56.655,27597,0.321,0.084,-0.218,0.000,0.000,activeTracking,noEvent
6382,4,38,rld,14:37:56.694,27598,0.377,0.084,-0.218,0.000,0.000,activeTracking,noEvent
6382,4,38,rld,14:37:56.766,27599,0.439,0.084,-0.218,0.000,0.000,activeTracking,noEvent
6382,4,38,rld,14:37:56.846,27600,0.519,0.084,-0.218,0.000,0.000,activeTracking,noEvent
6382,4,38,rld,14:37:57.016,27601,0.647,1.422,0.498,11.800,6.300,activeTracking,noEvent
6382,4,38,rld,14:37:57.193,27602,0.860,2.553,0.851,5.700,0.800,activeTracking,noEvent
6382,4,38,rld,14:37:57.391,27603,1.050,3.481,1.006,4.300,0.100,activeTracking,noEvent
6382,4,38,rld,14:37:57.585,27604,1.246,4.078,1.148,2.100,0.600,activeTracking,noEvent
6382,4,38,rld,14:37:57.665,27605,1.346,4.337,1.200,0.400,0.000,activeTracking,noEvent
6382,4,38,rld,14:37:57.830,27606,1.509,4.534,1.148,0.800,-0.600,activeTracking,noEvent
6382,4,38,rld,14:37:57.932,27607,1.588,4.600,1.080,0.000,-0.400,activeTracking,noEvent
6382,4,38,rld,14:37:58.072,27608,1.722,4.335,0.795,-2.100,-2.000,activeTracking,noEvent
6382,4,38,rld,14:37:58.222,27609,1.877,4.009,0.609,-1.800,-0.700,activeTracking,noEvent
6382,4,38,rld,14:37:58.396,27610,2.056,3.149,0.272,-5.900,-2.200,activeTracking,noEvent
6382,4,38,rld,14:37:58.565,27611,2.197,2.654,0.127,-1.800,-0.300,onTarget,noEvent
6382,4,38,rld,14:37:58.627,27612,2.303,2.384,0.068,-0.900,-0.100,onTarget,noEvent
6382,4,38,rld,14:37:58.716,27613,2.381,2.247,0.048,-0.400,0.000,activeTracking,noEvent
6382,4,38,rld,14:37:58.773,27614,2.451,2.166,0.030,-0.300,-0.100,activeTracking,noEvent
6382,4,38,rld,14:37:58.842,27615,2.521,2.116,0.024,-0.200,0.000,activeTracking,noEvent
6382,4,38,rld,14:37:58.933,27616,2.608,2.099,0.010,0.000,-0.100,activeTracking,noEvent
6382,4,38,rld,14:37:58.999,27617,2.671,2.141,0.017,0.400,0.100,activeTracking,noEvent
6382,4,38,rld,14:37:59.155,27618,2.811,2.452,0.125,2.500,0.900,onTarget,noEvent
6382,4,38,rld,14:37:59.263,27619,2.912,2.714,0.198,1.300,0.300,onTarget,noEvent
6382,4,38,rld,14:37:59.345,27620,3.003,2.912,0.247,0.900,0.200,onTarget,noEvent
6382,4,38,rld,14:37:59.397,27621,3.068,3.028,0.264,0.400,0.000,activeTracking,noEvent
6382,4,38,rld,14:37:59.452,27622,3.136,3.104,0.270,0.300,0.000,activeTracking,noEvent
6382,4,38,rld,14:37:59.502,27623,3.183,3.129,0.272,0.000,0.000,activeTracking,noEvent
6382,4,38,rld,14:37:59.564,27624,3.243,3.138,0.272,0.000,0.000,activeTracking,noEvent
6382,4,38,rld,14:37:59.619,27625,3.289,3.141,0.273,0.000,0.000,activeTracking,noEvent
6382,4,38,rld,14:37:59.672,27626,3.348,3.142,0.273,0.000,0.000,activeTracking,noEvent
6382,4,38,rld,14:37:59.734,27627,3.395,3.142,0.273,0.000,0.000,activeTracking,noEvent
6382,4,38,rld,14:37:59.896,27628,3.571,2.907,0.164,-1.900,-0.900,onTarget,noEvent
6382,4,38,rld,14:37:59.985,27629,3.665,2.720,0.058,-0.900,-0.600,onTarget,noEvent
6382,4,38,rld,14:38:00.044,27630,3.719,2.610,0.011,-0.400,-0.100,onTarget,noEvent
6382,4,38,rld,14:38:00.098,27631,3.780,2.549,-0.005,-0.200,0.000,onTarget,noEvent
6382,4,38,rld,14:38:00.154,27632,3.834,2.517,-0.010,-0.100,0.000,onTarget,noEvent
6382,4,38,rld,14:38:00.209,27633,3.882,2.506,-0.012,0.000,0.000,onTarget,noEvent
6382,4,38,rld,14:38:00.250,27634,3.931,2.503,-0.013,0.000,0.000,onTarget,noEvent
6382,4,38,rld,14:38:00.300,27635,3.981,2.501,-0.013,0.000,0.000,onTarget,noEvent
6382,4,39,rld,14:38:06.549,27742,0.046,0.219,0.018,0.000,0.000,activeTracking,targetAppeared
6382,4,39,rld,14:38:06.598,27743,0.096,0.219,0.018,0.000,0.000,activeTracking,noEvent
6382,4,39,rld,14:38:06.624,27744,0.115,0.219,0.018,0.000,0.000,activeTracking,noEvent
6382,4,39,rld,14:38:06.663,27745,0.161,0.219,0.018,0.000,0.000,activeTracking,noEvent
6382,4,39,rld,14:38:06.698,27746,0.195,0.219,0.018,0.000,0.000,activeTracking,noEvent
6382,4,39,rld,14:38:06.749,27747,0.242,0.219,0.018,0.000,0.000,activeTracking,noEvent
6382,4,39,rld,14:38:06.833,27748,0.313,0.219,0.018,0.000,0.000,activeTracking,noEvent
6382,4,39,rld,14:38:06.885,27749,0.382,0.219,0.018,0.000,0.000,activeTracking,noEvent
6382,4,39,rld,14:38:06.931,27750,0.418,0.219,0.018,0.000,0.000,activeTracking,noEvent
6382,4,39,rld,14:38:06.963,27751,0.460,0.219,0.018,0.000,0.000,activeTracking,noEvent
6382,4,39,rld,14:38:07.044,27752,0.533,0.219,0.018,0.000,0.000,activeTracking,noEvent
6382,4,39,rld,14:38:07.148,27753,0.601,0.231,0.041,0.100,0.200,activeTracking,noEvent
6382,4,39,rld,14:38:07.405,27754,0.884,1.151,0.458,8.100,3.600,activeTracking,noEvent
6382,4,39,rld,14:38:07.591,27755,1.063,1.786,0.650,2.800,0.400,activeTracking,noEvent
6382,4,39,rld,14:38:07.657,27756,1.145,2.059,0.716,0.500,0.000,activeTracking,noEvent
6382,4,39,rld,14:38:07.784,27757,1.282,2.198,0.740,0.400,0.000,activeTracking,noEvent
6382,4,39,rld,14:38:07.829,27758,1.328,2.245,0.748,0.000,0.000,activeTracking,noEvent
6382,4,39,rld,14:38:07.911,27759,1.400,2.260,0.750,0.000,0.000,activeTracking,noEvent
6382,4,39,rld,14:38:08.112,27760,1.599,1.575,0.774,-5.900,0.300,activeTracking,noEvent
6382,4,39,rld,14:38:08.184,27761,1.661,1.247,0.770,-0.900,-0.100,activeTracking,noEvent
6382,4,39,rld,14:38:08.295,27762,1.768,1.082,0.632,-0.500,-1.200,activeTracking,noEvent
6382,4,39,rld,14:38:08.467,27763,1.925,1.038,0.370,0.100,-1.900,activeTracking,noEvent
6382,4,39,rld,14:38:08.565,27764,2.062,1.092,0.193,0.600,-0.800,activeTracking,noEvent
6382,4,39,rld,14:38:08.657,27765,2.145,1.224,0.100,1.000,-0.300,activeTracking,noEvent
6382,4,39,rld,14:38:08.835,27766,2.286,1.729,0.173,4.000,0.900,activeTracking,noEvent
6382,4,39,rld,14:38:08.996,27767,2.467,2.336,0.305,3.700,0.900,activeTracking,noEvent
6382,4,39,rld,14:38:09.073,27768,2.565,2.711,0.340,1.400,-0.100,onTarget,noEvent
6382,4,39,rld,14:38:09.151,27769,2.640,2.886,0.329,0.400,-0.200,activeTracking,noEvent
6382,4,39,rld,14:38:09.208,27770,2.703,2.970,0.326,0.200,0.000,activeTracking,noEvent
6382,4,39,rld,14:38:09.259,27771,2.752,2.998,0.325,0.000,0.000,activeTracking,noEvent
6382,4,39,rld,14:38:09.306,27772,2.801,3.007,0.325,0.000,0.000,activeTracking,noEvent
6382,4,39,rld,14:38:09.377,27773,2.864,3.035,0.325,0.200,0.000,activeTracking,noEvent
6382,4,39,rld,14:38:09.457,27774,2.951,3.057,0.290,0.100,-0.300,activeTracking,noEvent
6382,4,39,rld,14:38:09.513,27775,3.006,3.064,0.242,0.000,-0.300,activeTracking,noEvent
6382,4,39,rld,14:38:09.658,27776,3.154,2.857,0.096,-1.700,-1.100,onTarget,noEvent
6382,4,39,rld,14:38:09.716,27777,3.206,2.716,0.012,-0.600,-0.300,onTarget,noEvent
6382,4,39,rld,14:38:09.796,27778,3.294,2.645,-0.040,-0.200,-0.200,onTarget,noEvent
6382,4,39,rld,14:38:09.858,27779,3.354,2.609,-0.068,-0.100,-0.100,onTarget,noEvent
6382,4,39,rld,14:38:09.916,27780,3.410,2.597,-0.078,0.000,0.000,onTarget,noEvent
6382,4,39,rld,14:38:09.972,27781,3.467,2.593,-0.093,0.000,-0.100,onTarget,noEvent
6382,4,39,rld,14:38:10.039,27782,3.534,2.592,-0.121,0.000,-0.200,onTarget,noEvent
6382,4,39,rld,14:38:10.084,27783,3.579,2.591,-0.142,0.000,-0.100,onTarget,noEvent
6382,4,39,rld,14:38:10.134,27784,3.627,2.591,-0.149,0.000,0.000,onTarget,noEvent
6382,4,39,rld,14:38:10.200,27785,3.685,2.591,-0.151,0.000,0.000,onTarget,noEvent
6382,4,39,rld,14:38:10.241,27786,3.739,2.591,-0.152,0.000,0.000,onTarget,noEvent
6382,4,39,rld,14:38:10.306,27787,3.793,2.591,-0.152,0.000,0.000,onTarget,noEvent
6382,4,39,rld,14:38:10.365,27788,3.844,2.591,-0.152,0.000,0.000,onTarget,noEvent
6382,4,39,rld,14:38:10.412,27789,3.905,2.603,-0.141,0.100,0.100,onTarget,noEvent
6382,4,39,rld,14:38:10.450,27790,3.946,2.607,-0.137,0.000,0.000,onTarget,noEvent
6382,4,39,rld,14:38:10.498,27791,3.992,2.609,-0.136,0.000,0.000,onTarget,noEvent
6382,4,40,rld,14:38:14.928,27872,0.041,0.388,-0.083,0.000,0.000,activeTracking,targetAppeared
6382,4,40,rld,14:38:14.984,27873,0.088,0.388,-0.083,0.000,0.000,activeTracking,noEvent
6382,4,40,rld,14:38:15.033,27874,0.140,0.388,-0.083,0.000,0.000,activeTracking,noEvent
6382,4,40,rld,14:38:15.079,27875,0.182,0.388,-0.083,0.000,0.000,activeTracking,noEvent
6382,4,40,rld,14:38:15.125,27876,0.231,0.388,-0.083,0.000,0.000,activeTracking,noEvent
6382,4,40,rld,14:38:15.166,27877,0.281,0.388,-0.083,0.000,0.000,activeTracking,noEvent
6382,4,40,rld,14:38:15.211,27878,0.325,0.388,-0.083,0.000,0.000,activeTracking,noEvent
6382,4,40,rld,14:38:15.272,27879,0.377,0.388,-0.083,0.000,0.000,activeTracking,noEvent
6382,4,40,rld,14:38:15.368,27880,0.467,0.467,-0.016,0.700,0.600,activeTracking,noEvent
6382,4,40,rld,14:38:15.502,27881,0.609,0.776,0.143,2.500,1.200,activeTracking,noEvent
6382,4,40,rld,14:38:15.611,27882,0.702,1.255,0.345,3.300,1.300,activeTracking,noEvent
6382,4,40,rld,14:38:15.735,27883,0.815,1.589,0.471,1.500,0.500,activeTracking,noEvent
6382,4,40,rld,14:38:15.822,27884,0.922,1.771,0.526,0.600,0.100,activeTracking,noEvent
6382,4,40,rld,14:38:15.898,27885,1.011,1.855,0.545,0.200,0.000,activeTracking,noEvent
6382,4,40,rld,14:38:15.954,27886,1.061,1.895,0.552,0.100,0.000,activeTracking,noEvent
6382,4,40,rld,14:38:16.000,27887,1.115,1.931,0.554,0.200,0.000,activeTracking,noEvent
6382,4,40,rld,14:38:16.089,27888,1.199,1.967,0.555,0.200,0.000,activeTracking,noEvent
6382,4,40,rld,14:38:16.143,27889,1.251,1.991,0.556,0.100,0.000,activeTracking,noEvent
6382,4,40,rld,14:38:16.201,27890,1.301,1.999,0.556,0.000,0.000,activeTracking,noEvent
6382,4,40,rld,14:38:16.254,27891,1.363,2.001,0.556,0.000,0.000,activeTracking,noEvent
6382,4,40,rld,14:38:16.299,27892,1.414,2.002,0.556,0.000,0.000,activeTracking,noEvent
6382,4,40,rld,14:38:16.360,27893,1.462,2.002,0.556,0.000,0.000,activeTracking,noEvent
6382,4,40,rld,14:38:16.402,27894,1.512,2.003,0.556,0.000,0.000,activeTracking,noEvent
6382,4,40,rld,14:38:16.465,27895,1.567,2.003,0.556,0.000,0.000,activeTracking,noEvent
6382,4,40,rld,14:38:16.515,27896,1.623,2.003,0.556,0.000,0.000,activeTracking,noEvent
6382,4,40,rld,14:38:16.566,27897,1.668,2.003,0.556,0.000,0.000,activeTracking,noEvent
6382,4,40,rld,14:38:16.628,27898,1.731,2.003,0.556,0.000,0.000,activeTracking,noEvent
6382,4,40,rld,14:38:16.675,27899,1.780,2.003,0.556,0.000,0.000,activeTracking,noEvent
6382,4,40,rld,14:38:16.728,27900,1.843,2.003,0.556,0.000,0.000,activeTracking,noEvent
6382,4,40,rld,14:38:16.765,27901,1.878,2.003,0.556,0.000,0.000,activeTracking,noEvent
6382,4,40,rld,14:38:16.842,27902,1.945,2.003,0.556,0.000,0.000,activeTracking,noEvent
6382,4,40,rld,14:38:16.897,27903,2.000,2.003,0.556,0.000,0.000,activeTracking,noEvent
6382,4,40,rld,14:38:16.949,27904,2.052,2.003,0.556,0.000,0.000,activeTracking,noEvent
6382,4,40,rld,14:38:17.004,27905,2.100,2.003,0.556,0.000,0.000,activeTracking,noEvent
6382,4,40,rld,14:38:17.044,27906,2.151,2.003,0.556,0.000,0.000,activeTracking,noEvent
6382,4,40,rld,14:38:17.117,27907,2.211,2.003,0.556,0.000,0.000,activeTracking,noEvent
6382,4,40,rld,14:38:17.280,27908,2.364,2.144,0.512,1.200,-0.400,activeTracking,noEvent
6382,4,40,rld,14:38:17.415,27909,2.513,2.345,0.383,1.300,-1.000,activeTracking,noEvent
6382,4,40,rld,14:38:17.511,27910,2.618,2.533,0.259,1.000,-0.700,onTarget,noEvent
6382,4,40,rld,14:38:17.585,27911,2.692,2.620,0.195,0.200,-0.200,onTarget,noEvent
6382,4,40,rld,14:38:17.649,27912,2.764,2.673,0.150,0.200,-0.200,onTarget,noEvent
6382,4,40,rld,14:38:17.705,27913,2.820,2.703,0.135,0.100,0.000,onTarget,noEvent
6382,4,40,rld,14:38:17.750,27914,2.864,2.713,0.130,0.000,0.000,onTarget,noEvent
6382,4,40,rld,14:38:17.810,27915,2.919,2.716,0.129,0.000,0.000,onTarget,noEvent
6382,4,40,rld,14:38:17.873,27916,2.980,2.718,0.128,0.000,0.000,onTarget,noEvent
6382,4,40,rld,14:38:17.924,27917,3.032,2.718,0.128,0.000,0.000,onTarget,noEvent
6382,4,40,rld,14:38:17.974,27918,3.078,2.718,0.128,0.000,0.000,onTarget,noEvent
6382,4,40,rld,14:38:18.025,27919,3.127,2.718,0.128,0.000,0.000,onTarget,noEvent
6382,4,40,rld,14:38:18.093,27920,3.197,2.718,0.128,0.000,0.000,onTarget,noEvent
6382,4,40,rld,14:38:18.132,27921,3.240,2.718,0.128,0.000,0.000,onTarget,noEvent
6382,4,40,rld,14:38:18.194,27922,3.297,2.718,0.128,0.000,0.000,onTarget,noEvent
6382,4,40,rld,14:38:18.252,27923,3.361,2.718,0.128,0.000,0.000,onTarget,noEvent
6382,4,40,rld,14:38:18.294,27924,3.409,2.718,0.128,0.000,0.000,onTarget,noEvent
6382,4,40,rld,14:38:18.341,27925,3.451,2.718,0.128,0.000,0.000,onTarget,noEvent
6382,4,40,rld,14:38:18.398,27926,3.500,2.718,0.128,0.000,0.000,onTarget,noEvent
6382,4,40,rld,14:38:18.456,27927,3.561,2.718,0.128,0.000,0.000,onTarget,noEvent
6382,4,40,rld,14:38:18.509,27928,3.615,2.718,0.128,0.000,0.000,onTarget,noEvent
6382,4,40,rld,14:38:18.562,27929,3.663,2.718,0.128,0.000,0.000,onTarget,noEvent
6382,4,40,rld,14:38:18.640,27930,3.741,2.718,0.105,0.000,-0.200,onTarget,noEvent
6382,4,40,rld,14:38:18.697,27931,3.798,2.718,0.085,0.000,-0.100,onTarget,noEvent
6382,4,40,rld,14:38:18.747,27932,3.850,2.718,0.079,0.000,0.000,onTarget,noEvent
6382,4,40,rld,14:38:18.809,27933,3.922,2.718,0.076,0.000,0.000,onTarget,noEvent
6382,4,40,rld,14:38:18.856,27934,3.971,2.718,0.076,0.000,0.000,onTarget,noEvent
6382,4,40,rld,14:38:18.894,27935,3.993,2.718,0.075,0.000,0.000,onTarget,noEvent
6382,4,41,rld,14:38:24.349,28027,0.051,0.068,0.001,0.000,0.000,activeTracking,targetAppeared
6382,4,41,rld,14:38:24.398,28028,0.101,0.068,0.001,0.000,0.000,activeTracking,noEvent
6382,4,41,rld,14:38:24.476,28029,0.167,0.068,0.001,0.000,0.000,activeTracking,noEvent
6382,4,41,rld,14:38:24.514,28030,0.214,0.068,0.001,0.000,0.000,activeTracking,noEvent
6382,4,41,rld,14:38:24.555,28031,0.251,0.068,0.001,0.000,0.000,activeTracking,noEvent
6382,4,41,rld,14:38:24.604,28032,0.299,0.068,0.001,0.000,0.000,activeTracking,noEvent
6382,4,41,rld,14:38:24.647,28033,0.341,0.068,0.001,0.000,0.000,activeTracking,noEvent
6382,4,41,rld,14:38:24.685,28034,0.386,0.068,0.001,0.000,0.000,activeTracking,noEvent
6382,4,41,rld,14:38:24.744,28035,0.440,0.068,0.001,0.000,0.000,activeTracking,noEvent
6382,4,41,rld,14:38:24.821,28036,0.511,0.068,0.001,0.000,0.000,activeTracking,noEvent
6382,4,41,rld,14:38:24.857,28037,0.561,0.068,0.001,0.000,0.000,activeTracking,noEvent
6382,4,41,rld,14:38:24.994,28038,0.649,-0.597,-0.213,-5.900,-1.900,activeTracking,noEvent
6382,4,41,rld,14:38:25.134,28039,0.836,-1.923,-0.517,-9.600,-2.000,activeTracking,noEvent
6382,4,41,rld,14:38:25.197,28040,0.898,-2.522,-0.613,-1.200,0.100,activeTracking,noEvent
6382,4,41,rld,14:38:25.294,28041,0.979,-2.835,-0.625,-0.900,0.200,activeTracking,noEvent
6382,4,41,rld,14:38:25.338,28042,1.031,-2.965,-0.617,-0.200,0.100,activeTracking,noEvent
6382,4,41,rld,14:38:25.374,28043,1.069,-3.009,-0.615,0.000,0.000,activeTracking,noEvent
6382,4,41,rld,14:38:25.417,28044,1.120,-3.023,-0.614,0.000,0.000,activeTracking,noEvent
6382,4,41,rld,14:38:25.455,28045,1.152,-3.028,-0.613,0.000,0.000,activeTracking,noEvent
6382,4,41,rld,14:38:25.505,28046,1.201,-3.030,-0.613,0.000,0.000,activeTracking,noEvent
6382,4,41,rld,14:38:25.548,28047,1.246,-3.030,-0.613,0.000,0.000,activeTracking,noEvent
6382,4,41,rld,14:38:25.605,28048,1.298,-3.030,-0.613,0.000,0.000,activeTracking,noEvent
6382,4,41,rld,14:38:25.648,28049,1.351,-3.030,-0.613,0.000,0.000,activeTracking,noEvent
6382,4,41,rld,14:38:25.908,28050,1.577,-2.785,-0.375,2.000,2.000,activeTracking,noEvent
6382,4,41,rld,14:38:26.089,28051,1.768,-2.643,-0.285,0.500,0.100,onTarget,noEvent
6382,4,41,rld,14:38:26.150,28052,1.838,-2.596,-0.196,0.000,0.500,onTarget,noEvent
6382,4,41,rld,14:38:26.238,28053,1.937,-2.581,-0.086,0.000,0.700,onTarget,noEvent
6382,4,41,rld,14:38:26.327,28054,2.028,-2.576,0.010,0.000,0.500,onTarget,noEvent
6382,4,41,rld,14:38:26.393,28055,2.086,-2.574,0.065,0.000,0.200,onTarget,noEvent
6382,4,41,rld,14:38:26.463,28056,2.149,-2.573,0.106,0.000,0.200,onTarget,noEvent
6382,4,41,rld,14:38:26.513,28057,2.212,-2.573,0.143,0.000,0.200,onTarget,noEvent
6382,4,41,rld,14:38:26.575,28058,2.278,-2.573,0.167,0.000,0.100,onTarget,noEvent
6382,4,41,rld,14:38:26.625,28059,2.326,-2.573,0.187,0.000,0.100,onTarget,noEvent
6382,4,41,rld,14:38:26.674,28060,2.368,-2.573,0.194,0.000,0.000,onTarget,noEvent
6382,4,41,rld,14:38:26.726,28061,2.424,-2.573,0.196,0.000,0.000,onTarget,noEvent
6382,4,41,rld,14:38:26.792,28062,2.485,-2.585,0.208,-0.100,0.100,onTarget,noEvent
6382,4,41,rld,14:38:26.839,28063,2.535,-2.589,0.213,0.000,0.000,onTarget,noEvent
6382,4,41,rld,14:38:26.874,28064,2.577,-2.590,0.214,0.000,0.000,onTarget,noEvent
6382,4,41,rld,14:38:26.898,28065,2.601,-2.591,0.214,0.000,0.000,onTarget,noEvent
6382,4,41,rld,14:38:26.958,28066,2.650,-2.591,0.215,0.000,0.000,onTarget,noEvent
6382,4,41,rld,14:38:26.995,28067,2.694,-2.591,0.215,0.000,0.000,onTarget,noEvent
6382,4,41,rld,14:38:27.045,28068,2.747,-2.591,0.215,0.000,0.000,onTarget,noEvent
6382,4,41,rld,14:38:27.101,28069,2.790,-2.591,0.215,0.000,0.000,onTarget,noEvent
6382,4,41,rld,14:38:27.160,28070,2.848,-2.591,0.215,0.000,0.000,onTarget,noEvent
6382,4,41,rld,14:38:27.228,28071,2.919,-2.591,0.215,0.000,0.000,onTarget,targetClick
6382,4,42,rld,14:38:31.022,28120,2.992,0.405,0.120,0.000,0.000,waitingForTarget,middleTargetClick
6382,4,42,rld,14:38:31.090,28121,3.066,0.405,0.120,0.000,0.000,waitingForTarget,noEvent
6382,4,42,rld,14:38:31.128,28122,3.112,0.405,0.120,0.000,0.000,waitingForTarget,noEvent
6382,4,42,rld,14:38:31.198,28123,3.176,0.405,0.120,0.000,0.000,waitingForTarget,noEvent
6382,4,42,rld,14:38:31.256,28124,3.230,0.405,0.120,0.000,0.000,waitingForTarget,noEvent
6382,4,42,rld,14:38:31.304,28125,3.285,0.405,0.120,0.000,0.000,waitingForTarget,noEvent
6382,4,42,rld,14:38:31.350,28126,3.327,0.405,0.120,0.000,0.000,waitingForTarget,noEvent
6382,4,42,rld,14:38:31.395,28127,3.368,0.405,0.120,0.000,0.000,waitingForTarget,noEvent
6382,4,42,rld,14:38:31.444,28128,3.418,0.405,0.120,0.000,0.000,waitingForTarget,noEvent
6382,4,42,rld,14:38:31.480,28129,0.042,0.405,0.120,0.000,0.000,activeTracking,targetAppeared
6382,4,42,rld,14:38:31.561,28130,0.122,0.405,0.120,0.000,0.000,activeTracking,noEvent
6382,4,42,rld,14:38:31.605,28131,0.161,0.405,0.120,0.000,0.000,activeTracking,noEvent
6382,4,42,rld,14:38:31.644,28132,0.199,0.405,0.120,0.000,0.000,activeTracking,noEvent
6382,4,42,rld,14:38:31.690,28133,0.244,0.405,0.120,0.000,0.000,activeTracking,noEvent
6382,4,42,rld,14:38:31.734,28134,0.291,0.405,0.120,0.000,0.000,activeTracking,noEvent
6382,4,42,rld,14:38:31.794,28135,0.349,0.405,0.120,0.000,0.000,activeTracking,noEvent
6382,4,42,rld,14:38:31.844,28136,0.398,0.405,0.120,0.000,0.000,activeTracking,noEvent
6382,4,42,rld,14:38:31.901,28137,0.450,0.405,0.120,0.000,0.000,activeTracking,noEvent
6382,4,42,rld,14:38:32.095,28138,0.633,-1.845,-0.898,-19.800,-8.900,activeTracking,noEvent
6382,4,42,rld,14:38:32.211,28139,0.773,-2.993,-1.333,-3.000,-0.500,activeTracking,noEvent
6382,4,42,rld,14:38:32.243,28140,0.807,-3.393,-1.488,0.000,0.000,activeTracking,noEvent
6382,4,42,rld,14:38:32.283,28141,0.849,-3.528,-1.541,0.000,0.000,activeTracking,noEvent
6382,4,42,rld,14:38:32.339,28142,0.905,-3.573,-1.559,0.000,0.000,activeTracking,noEvent
6382,4,42,rld,14:38:32.355,28143,0.921,-3.589,-1.565,0.000,0.000,activeTracking,noEvent
6382,4,42,rld,14:38:32.417,28144,0.975,-3.594,-1.567,0.000,0.000,activeTracking,noEvent
6382,4,42,rld,14:38:32.476,28145,1.026,-3.595,-1.568,0.000,0.000,activeTracking,noEvent
6382,4,42,rld,14:38:32.530,28146,1.094,-3.596,-1.568,0.000,0.000,activeTracking,noEvent
6382,4,42,rld,14:38:32.592,28147,1.150,-3.596,-1.568,0.000,0.000,activeTracking,noEvent
6382,4,42,rld,14:38:32.640,28148,1.198,-3.596,-1.568,0.000,0.000,activeTracking,noEvent
6382,4,42,rld,14:38:32.674,28149,1.234,-3.596,-1.568,0.000,0.000,activeTracking,noEvent
6382,4,42,rld,14:38:32.800,28150,1.325,-3.609,-1.532,-0.100,0.300,activeTracking,noEvent
6382,4,42,rld,14:38:32.928,28151,1.479,-3.435,-1.233,1.400,2.300,activeTracking,noEvent
6382,4,42,rld,14:38:32.997,28152,1.549,-3.327,-1.085,0.400,0.400,activeTracking,noEvent
6382,4,42,rld,14:38:33.090,28153,1.644,-3.266,-0.975,0.200,0.500,activeTracking,noEvent
6382,4,42,rld,14:38:33.180,28154,1.722,-3.246,-0.855,0.000,0.700,activeTracking,noEvent
6382,4,42,rld,14:38:33.239,28155,1.799,-3.226,-0.779,0.100,0.300,activeTracking,noEvent
6382,4,42,rld,14:38:33.345,28156,1.876,-3.170,-0.693,0.400,0.500,activeTracking,noEvent
6382,4,42,rld,14:38:33.388,28157,1.951,-3.102,-0.640,0.400,0.200,activeTracking,noEvent
6382,4,42,rld,14:38:33.450,28158,2.001,-3.066,-0.599,0.100,0.200,activeTracking,noEvent
6382,4,42,rld,14:38:33.515,28159,2.060,-3.055,-0.573,0.000,0.100,activeTracking,noEvent
6382,4,42,rld,14:38:33.572,28160,2.130,-3.051,-0.553,0.000,0.100,activeTracking,noEvent
6382,4,42,rld,14:38:33.628,28161,2.183,-3.050,-0.534,0.000,0.100,activeTracking,noEvent
6382,4,42,rld,14:38:33.706,28162,2.253,-3.049,-0.504,0.000,0.200,activeTracking,noEvent
6382,4,42,rld,14:38:33.783,28163,2.344,-3.024,-0.482,0.200,0.100,activeTracking,noEvent
6382,4,42,rld,14:38:33.900,28164,2.448,-2.905,-0.380,0.900,0.800,activeTracking,noEvent
6382,4,42,rld,14:38:33.955,28165,2.519,-2.841,-0.322,0.200,0.200,onTarget,noEvent
6382,4,42,rld,14:38:33.993,28166,2.554,-2.820,-0.303,0.000,0.000,onTarget,noEvent
6382,4,42,rld,14:38:34.072,28167,2.625,-2.801,-0.285,0.100,0.100,onTarget,noEvent
6382,4,42,rld,14:38:34.140,28168,2.692,-2.782,-0.255,0.100,0.200,onTarget,noEvent
6382,4,42,rld,14:38:34.195,28169,2.759,-2.764,-0.222,0.100,0.200,onTarget,noEvent
6382,4,42,rld,14:38:34.249,28170,2.810,-2.758,-0.211,0.000,0.000,onTarget,noEvent
6382,4,42,rld,14:38:34.305,28171,2.861,-2.756,-0.207,0.000,0.000,onTarget,noEvent
6382,4,42,rld,14:38:34.343,28172,2.901,-2.755,-0.206,0.000,0.000,onTarget,noEvent
6382,4,42,rld,14:38:34.404,28173,2.951,-2.755,-0.206,0.000,0.000,onTarget,noEvent
6382,4,42,rld,14:38:34.461,28174,3.013,-2.755,-0.205,0.000,0.000,onTarget,noEvent
6382,4,42,rld,14:38:34.513,28175,3.073,-2.755,-0.205,0.000,0.000,onTarget,noEvent
6382,4,42,rld,14:38:34.561,28176,3.113,-2.755,-0.205,0.000,0.000,onTarget,noEvent
6382,4,42,rld,14:38:34.605,28177,3.163,-2.755,-0.205,0.000,0.000,onTarget,noEvent
6382,4,42,rld,14:38:34.663,28178,3.213,-2.755,-0.205,0.000,0.000,onTarget,noEvent
6382,4,42,rld,14:38:34.709,28179,3.268,-2.755,-0.205,0.000,0.000,onTarget,noEvent
6382,4,42,rld,14:38:34.745,28180,3.309,-2.755,-0.205,0.000,0.000,onTarget,noEvent
6382,4,42,rld,14:38:34.800,28181,3.349,-2.755,-0.205,0.000,0.000,onTarget,noEvent
6382,4,42,rld,14:38:34.845,28182,3.407,-2.755,-0.205,0.000,0.000,onTarget,noEvent
6382,4,42,rld,14:38:34.892,28183,3.451,-2.755,-0.205,0.000,0.000,onTarget,noEvent
6382,4,42,rld,14:38:34.931,28184,3.494,-2.755,-0.205,0.000,0.000,onTarget,noEvent
6382,4,42,rld,14:38:34.977,28185,3.533,-2.755,-0.205,0.000,0.000,onTarget,noEvent
6382,4,42,rld,14:38:35.024,28186,3.579,-2.755,-0.205,0.000,0.000,onTarget,noEvent
6382,4,42,rld,14:38:35.066,28187,3.622,-2.755,-0.205,0.000,0.000,onTarget,noEvent
6382,4,42,rld,14:38:35.113,28188,3.667,-2.755,-0.205,0.000,0.000,onTarget,noEvent
6382,4,42,rld,14:38:35.165,28189,3.718,-2.755,-0.205,0.000,0.000,onTarget,noEvent
6382,4,42,rld,14:38:35.214,28190,3.774,-2.755,-0.205,0.000,0.000,onTarget,noEvent
6382,4,42,rld,14:38:35.262,28191,3.826,-2.755,-0.205,0.000,0.000,onTarget,noEvent
6382,4,42,rld,14:38:35.339,28192,3.891,-2.755,-0.205,0.000,0.000,onTarget,targetClick
6382,4,43,rld,14:38:38.411,28240,3.967,0.118,0.119,0.000,0.000,waitingForTarget,middleTargetClick
6382,4,43,rld,14:38:38.849,28249,0.040,0.118,0.119,0.000,0.000,activeTracking,targetAppeared
6382,4,43,rld,14:38:38.900,28250,0.085,0.118,0.119,0.000,0.000,activeTracking,noEvent
6382,4,43,rld,14:38:38.943,28251,0.133,0.118,0.119,0.000,0.000,activeTracking,noEvent
6382,4,43,rld,14:38:38.995,28252,0.174,0.118,0.119,0.000,0.000,activeTracking,noEvent
6382,4,43,rld,14:38:39.041,28253,0.220,0.118,0.119,0.000,0.000,activeTracking,noEvent
6382,4,43,rld,14:38:39.092,28254,0.268,0.118,0.119,0.000,0.000,activeTracking,noEvent
6382,4,43,rld,14:38:39.129,28255,0.318,0.118,0.119,0.000,0.000,activeTracking,noEvent
6382,4,43,rld,14:38:39.200,28256,0.384,0.118,0.119,0.000,0.000,activeTracking,noEvent
6382,4,43,rld,14:38:39.434,28257,0.598,1.250,0.793,10.000,5.900,activeTracking,noEvent
6382,4,43,rld,14:38:39.576,28258,0.723,2.195,1.096,4.800,0.500,activeTracking,noEvent
6382,4,43,rld,14:38:39.676,28259,0.838,2.699,1.125,1.500,-0.700,activeTracking,noEvent
6382,4,43,rld,14:38:39.765,28260,0.937,3.018,1.094,1.200,-0.400,activeTracking,noEvent
6382,4,43,rld,14:38:39.850,28261,1.033,3.200,1.050,0.600,-0.300,activeTracking,noEvent
6382,4,43,rld,14:38:39.906,28262,1.092,3.274,1.011,0.100,-0.200,activeTracking,noEvent
6382,4,43,rld,14:38:40.036,28263,1.157,3.311,0.915,0.100,-0.700,activeTracking,noEvent
6382,4,43,rld,14:38:40.163,28264,1.339,2.742,0.243,-4.700,-5.300,onTarget,noEvent
6382,4,43,rld,14:38:40.279,28265,1.467,2.437,-0.033,-1.000,-0.500,onTarget,noEvent
6382,4,43,rld,14:38:40.324,28266,1.509,2.312,-0.124,-0.200,0.000,activeTracking,noEvent
6382,4,43,rld,14:38:40.396,28267,1.581,2.247,-0.154,-0.200,0.000,activeTracking,noEvent
6382,4,43,rld,14:38:40.492,28268,1.652,2.202,-0.187,-0.200,-0.200,activeTracking,noEvent
6382,4,43,rld,14:38:40.564,28269,1.744,2.151,-0.302,-0.300,-0.900,activeTracking,noEvent
6382,4,43,rld,14:38:40.625,28270,1.813,2.135,-0.363,0.000,-0.200,activeTracking,noEvent
6382,4,43,rld,14:38:40.680,28271,1.865,2.129,-0.395,0.000,-0.100,activeTracking,noEvent
6382,4,43,rld,14:38:40.906,28272,2.085,2.317,-0.245,1.600,1.400,activeTracking,noEvent
6382,4,43,rld,14:38:40.970,28273,2.153,2.475,-0.172,0.800,0.200,onTarget,noEvent
6382,4,43,rld,14:38:41.028,28274,2.214,2.564,-0.147,0.300,0.000,onTarget,noEvent
6382,4,43,rld,14:38:41.106,28275,2.281,2.618,-0.127,0.200,0.100,onTarget,noEvent
6382,4,43,rld,14:38:41.197,28276,2.369,2.661,-0.086,0.200,0.300,onTarget,noEvent
6382,4,43,rld,14:38:41.272,28277,2.452,2.699,-0.025,0.200,0.400,onTarget,noEvent
6382,4,43,rld,14:38:41.323,28278,2.507,2.712,0.018,0.000,0.200,onTarget,noEvent
6382,4,43,rld,14:38:41.380,28279,2.555,2.716,0.033,0.000,0.000,onTarget,noEvent
6382,4,43,rld,14:38:41.458,28280,2.635,2.717,0.038,0.000,0.000,onTarget,noEvent
6382,4,43,rld,14:38:41.516,28281,2.706,2.706,0.016,-0.100,-0.200,onTarget,noEvent
6382,4,43,rld,14:38:41.574,28282,2.754,2.702,0.009,0.000,0.000,onTarget,noEvent
6382,4,43,rld,14:38:41.607,28283,2.797,2.701,0.006,0.000,0.000,onTarget,noEvent
6382,4,43,rld,14:38:41.650,28284,2.837,2.700,0.006,0.000,0.000,onTarget,noEvent
6382,4,43,rld,14:38:41.713,28285,2.901,2.700,0.005,0.000,0.000,onTarget,noEvent
6382,4,43,rld,14:38:41.749,28286,2.937,2.700,0.005,0.000,0.000,onTarget,noEvent
6382,4,43,rld,14:38:41.864,28287,3.037,2.700,0.005,0.000,0.000,onTarget,noEvent
6382,4,43,rld,14:38:41.917,28288,3.102,2.700,0.005,0.000,0.000,onTarget,noEvent
6382,4,43,rld,14:38:41.999,28289,3.168,2.700,0.005,0.000,0.000,onTarget,noEvent
6382,4,43,rld,14:38:42.073,28290,3.247,2.700,0.005,0.000,0.000,onTarget,targetClick
6382,4,44,rld,14:38:45.599,28345,3.323,0.203,-0.016,0.000,0.000,waitingForTarget,middleTargetClick
6382,4,44,rld,14:38:45.678,28346,3.398,0.203,-0.016,0.000,0.000,waitingForTarget,noEvent
6382,4,44,rld,14:38:45.739,28347,3.456,0.203,-0.016,0.000,0.000,waitingForTarget,noEvent
6382,4,44,rld,14:38:45.809,28348,3.516,0.203,-0.016,0.000,0.000,waitingForTarget,noEvent
6382,4,44,rld,14:38:45.866,28349,3.591,0.203,-0.016,0.000,0.000,waitingForTarget,noEvent
6382,4,44,rld,14:38:45.913,28350,3.644,0.203,-0.016,0.000,0.000,waitingForTarget,noEvent
6382,4,44,rld,14:38:45.961,28351,3.693,0.203,-0.016,0.000,0.000,waitingForTarget,noEvent
6382,4,44,rld,14:38:46.024,28352,3.740,0.203,-0.016,0.000,0.000,waitingForTarget,noEvent
6382,4,44,rld,14:38:46.074,28353,0.059,0.203,-0.016,0.000,0.000,activeTracking,targetAppeared
6382,4,44,rld,14:38:46.116,28354,0.107,0.203,-0.016,0.000,0.000,activeTracking,noEvent
6382,4,44,rld,14:38:46.171,28355,0.156,0.203,-0.016,0.000,0.000,activeTracking,noEvent
6382,4,44,rld,14:38:46.211,28356,0.198,0.203,-0.016,0.000,0.000,activeTracking,noEvent
6382,4,44,rld,14:38:46.265,28357,0.248,0.203,-0.016,0.000,0.000,activeTracking,noEvent
6382,4,44,rld,14:38:46.321,28358,0.303,0.203,-0.016,0.000,0.000,activeTracking,noEvent
6382,4,44,rld,14:38:46.416,28359,0.403,0.326,0.075,1.100,0.800,activeTracking,noEvent
6382,4,44,rld,14:38:46.593,28360,0.552,1.759,0.566,12.200,4.000,activeTracking,noEvent
6382,4,44,rld,14:38:46.703,28361,0.667,2.682,0.771,3.600,0.200,activeTracking,noEvent
6382,4,44,rld,14:38:46.857,28362,0.826,3.223,0.849,1.800,0.000,activeTracking,noEvent
6382,4,44,rld,14:38:46.963,28363,0.934,3.766,0.888,2.800,0.000,activeTracking,noEvent
6382,4,44,rld,14:38:47.109,28364,1.088,4.217,0.838,2.000,-0.600,activeTracking,noEvent
6382,4,44,rld,14:38:47.247,28365,1.205,4.182,0.555,-1.400,-2.100,activeTracking,noEvent
6382,4,44,rld,14:38:47.325,28366,1.305,3.932,0.335,-1.800,-1.000,activeTracking,noEvent
6382,4,44,rld,14:38:47.426,28367,1.405,3.772,0.213,-0.600,-0.400,activeTracking,noEvent
6382,4,44,rld,14:38:47.492,28368,1.461,3.680,0.149,-0.300,-0.200,activeTracking,noEvent
6382,4,44,rld,14:38:47.647,28369,1.621,3.433,0.006,-1.700,-1.000,activeTracking,noEvent
6382,4,44,rld,14:38:47.780,28370,1.755,3.176,-0.089,-1.400,-0.400,activeTracking,noEvent
6382,4,44,rld,14:38:47.848,28371,1.838,3.042,-0.108,-0.400,0.100,onTarget,noEvent
6382,4,44,rld,14:38:47.921,28372,1.901,2.985,-0.091,-0.100,0.200,onTarget,noEvent
6382,4,44,rld,14:38:47.982,28373,1.959,2.954,-0.085,-0.100,0.000,onTarget,noEvent
6382,4,44,rld,14:38:48.036,28374,2.022,2.931,-0.072,-0.100,0.100,onTarget,noEvent
6382,4,44,rld,14:38:48.113,28375,2.102,2.899,-0.044,-0.200,0.200,onTarget,noEvent
6382,4,44,rld,14:38:48.170,28376,2.157,2.864,-0.011,-0.200,0.200,onTarget,noEvent
6382,4,44,rld,14:38:48.227,28377,2.210,2.852,0.012,0.000,0.100,onTarget,noEvent
6382,4,44,rld,14:38:48.282,28378,2.270,2.848,0.031,0.000,0.100,onTarget,noEvent
6382,4,44,rld,14:38:48.337,28379,2.320,2.847,0.049,0.000,0.100,onTarget,noEvent
6382,4,44,rld,14:38:48.365,28380,2.354,2.846,0.055,0.000,0.000,onTarget,noEvent
6382,4,44,rld,14:38:48.416,28381,2.407,2.846,0.057,0.000,0.000,onTarget,noEvent
6382,4,44,rld,14:38:48.457,28382,2.439,2.846,0.058,0.000,0.000,onTarget,noEvent
6382,4,44,rld,14:38:48.507,28383,2.488,2.846,0.058,0.000,0.000,onTarget,noEvent
6382,4,44,rld,14:38:48.545,28384,2.531,2.846,0.058,0.000,0.000,onTarget,noEvent
6382,4,44,rld,14:38:48.598,28385,2.575,2.846,0.058,0.000,0.000,onTarget,noEvent
6382,4,44,rld,14:38:48.665,28386,2.650,2.846,0.058,0.000,0.000,onTarget,noEvent
6382,4,44,rld,14:38:48.743,28387,2.708,2.846,0.058,0.000,0.000,onTarget,noEvent
6382,4,44,rld,14:38:48.826,28388,2.794,2.846,0.058,0.000,0.000,onTarget,targetClick
6382,4,45,rld,14:38:53.045,28453,2.875,0.388,0.018,0.000,0.000,waitingForTarget,middleTargetClick
6382,4,45,rld,14:38:53.109,28454,2.967,0.388,0.018,0.000,0.000,waitingForTarget,noEvent
6382,4,45,rld,14:38:53.159,28455,3.016,0.388,0.018,0.000,0.000,waitingForTarget,noEvent
6382,4,45,rld,14:38:53.211,28456,3.058,0.388,0.018,0.000,0.000,waitingForTarget,noEvent
6382,4,45,rld,14:38:53.259,28457,3.119,0.388,0.018,0.000,0.000,waitingForTarget,noEvent
6382,4,45,rld,14:38:53.324,28458,3.178,0.388,0.018,0.000,0.000,waitingForTarget,noEvent
6382,4,45,rld,14:38:53.349,28459,3.206,0.388,0.018,0.000,0.000,waitingForTarget,noEvent
6382,4,45,rld,14:38:53.396,28460,3.256,0.388,0.018,0.000,0.000,waitingForTarget,noEvent
6382,4,45,rld,14:38:53.444,28461,3.298,0.388,0.018,0.000,0.000,waitingForTarget,noEvent
6382,4,45,rld,14:38:53.487,28462,0.049,0.388,0.018,0.000,0.000,activeTracking,targetAppeared
6382,4,45,rld,14:38:53.546,28463,0.106,0.388,0.018,0.000,0.000,activeTracking,noEvent
6382,4,45,rld,14:38:53.563,28464,0.125,0.388,0.018,0.000,0.000,activeTracking,noEvent
6382,4,45,rld,14:38:53.613,28465,0.176,0.388,0.018,0.000,0.000,activeTracking,noEvent
6382,4,45,rld,14:38:53.662,28466,0.223,0.388,0.018,0.000,0.000,activeTracking,noEvent
6382,4,45,rld,14:38:53.726,28467,0.278,0.388,0.018,0.000,0.000,activeTracking,noEvent
6382,4,45,rld,14:38:53.856,28468,0.341,0.388,0.018,0.000,0.000,activeTracking,noEvent
6382,4,45,rld,14:38:54.052,28469,0.577,0.988,0.211,5.300,1.700,activeTracking,noEvent
6382,4,45,rld,14:38:54.144,28470,0.694,1.649,0.416,4.000,1.200,activeTracking,noEvent
6382,4,45,rld,14:38:54.178,28471,0.739,1.908,0.486,0.300,0.000,activeTracking,noEvent
6382,4,45,rld,14:38:54.225,28472,0.784,1.994,0.510,0.000,0.000,activeTracking,noEvent
6382,4,45,rld,14:38:54.258,28473,0.820,2.023,0.518,0.000,0.000,activeTracking,noEvent
6382,4,45,rld,14:38:54.286,28474,0.847,2.033,0.520,0.000,0.000,activeTracking,noEvent
6382,4,45,rld,14:38:54.329,28475,0.890,2.036,0.521,0.000,0.000,activeTracking,noEvent
6382,4,45,rld,14:38:54.412,28476,0.964,2.037,0.522,0.000,0.000,activeTracking,noEvent
6382,4,45,rld,14:38:54.486,28477,1.027,2.038,0.522,0.000,0.000,activeTracking,noEvent
6382,4,45,rld,14:38:54.682,28478,1.221,-0.332,-0.134,-20.800,-5.700,activeTracking,noEvent
6382,4,45,rld,14:38:54.905,28479,1.447,-2.649,-0.614,-13.100,-2.200,activeTracking,noEvent
6382,4,45,rld,14:38:55.026,28480,1.538,-3.928,-0.911,-3.500,-0.900,activeTracking,noEvent
6382,4,45,rld,14:38:55.120,28481,1.669,-4.613,-1.090,-1.700,-0.500,activeTracking,noEvent
6382,4,45,rld,14:38:55.177,28482,1.724,-4.850,-1.153,0.000,0.000,activeTracking,noEvent
6382,4,45,rld,14:38:55.242,28483,1.794,-4.930,-1.149,0.000,0.200,activeTracking,noEvent
6382,4,45,rld,14:38:55.306,28484,1.857,-4.956,-1.135,0.000,0.100,activeTracking,noEvent
6382,4,45,rld,14:38:55.422,28485,1.963,-4.768,-0.907,1.400,1.700,activeTracking,noEvent
6382,4,45,rld,14:38:55.505,28486,2.049,-4.081,-0.313,4.600,4.100,activeTracking,noEvent
6382,4,45,rld,14:38:55.624,28487,2.168,-3.272,0.092,4.600,1.800,activeTracking,noEvent
6382,4,45,rld,14:38:55.758,28488,2.288,-2.779,0.268,1.900,0.400,onTarget,noEvent
6382,4,45,rld,14:38:55.851,28489,2.407,-2.437,0.370,1.500,0.400,activeTracking,noEvent
6382,4,45,rld,14:38:55.929,28490,2.491,-2.288,0.403,0.300,0.000,activeTracking,noEvent
6382,4,45,rld,14:38:56.043,28491,2.606,-2.156,0.402,0.700,-0.100,activeTracking,noEvent
6382,4,45,rld,14:38:56.093,28492,2.653,-2.089,0.378,0.200,-0.200,activeTracking,noEvent
6382,4,45,rld,14:38:56.199,28493,2.743,-2.126,0.290,-0.500,-0.700,activeTracking,noEvent
6382,4,45,rld,14:38:56.363,28494,2.889,-2.663,-0.050,-4.400,-2.700,onTarget,noEvent
6382,4,45,rld,14:38:56.495,28495,3.012,-3.129,-0.272,-2.300,-0.900,activeTracking,noEvent
6382,4,45,rld,14:38:56.578,28496,3.117,-3.414,-0.361,-1.000,-0.100,activeTracking,noEvent
6382,4,45,rld,14:38:56.678,28497,3.237,-3.573,-0.403,-0.500,-0.100,activeTracking,noEvent
6382,4,45,rld,14:38:56.726,28498,3.285,-3.653,-0.418,-0.200,0.000,activeTracking,noEvent
6382,4,45,rld,14:38:56.776,28499,3.329,-3.679,-0.423,0.000,0.000,activeTracking,noEvent
6382,4,45,rld,14:38:56.865,28500,3.413,-3.650,-0.436,0.300,-0.100,activeTracking,noEvent
6382,4,45,rld,14:38:56.983,28501,3.518,-3.360,-0.342,2.200,0.800,activeTracking,noEvent
6382,4,45,rld,14:38:57.183,28502,3.725,-3.090,-0.251,1.400,0.500,activeTracking,noEvent
6382,4,45,rld,14:38:57.306,28503,3.855,-2.866,-0.185,1.100,0.300,onTarget,noEvent
6382,4,45,rld,14:38:57.388,28504,3.938,-2.743,-0.163,0.400,0.000,onTarget,noEvent
6382,4,46,rld,14:39:02.926,28584,0.053,-0.186,0.069,0.000,0.000,activeTracking,targetAppeared
6382,4,46,rld,14:39:02.976,28585,0.115,-0.186,0.069,0.000,0.000,activeTracking,noEvent
6382,4,46,rld,14:39:03.027,28586,0.154,-0.186,0.069,0.000,0.000,activeTracking,noEvent
6382,4,46,rld,14:39:03.072,28587,0.201,-0.186,0.069,0.000,0.000,activeTracking,noEvent
6382,4,46,rld,14:39:03.108,28588,0.247,-0.186,0.069,0.000,0.000,activeTracking,noEvent
6382,4,46,rld,14:39:03.162,28589,0.294,-0.186,0.069,0.000,0.000,activeTracking,noEvent
6382,4,46,rld,14:39:03.213,28590,0.351,-0.186,0.069,0.000,0.000,activeTracking,noEvent
6382,4,46,rld,14:39:03.266,28591,0.397,-0.186,0.069,0.000,0.000,activeTracking,noEvent
6382,4,46,rld,14:39:03.379,28592,0.505,-0.141,0.080,0.400,0.100,activeTracking,noEvent
6382,4,46,rld,14:39:03.594,28593,0.716,-1.487,-0.256,-12.000,-3.000,activeTracking,noEvent
6382,4,46,rld,14:39:03.694,28594,0.831,-2.194,-0.256,-2.100,1.000,activeTracking,noEvent
6382,4,46,rld,14:39:03.781,28595,0.906,-2.482,-0.234,-0.400,0.200,onTarget,noEvent
6382,4,46,rld,14:39:03.849,28596,0.986,-2.627,-0.226,-0.400,0.000,onTarget,noEvent
6382,4,46,rld,14:39:03.886,28597,1.025,-2.676,-0.224,0.000,0.000,onTarget,noEvent
6382,4,46,rld,14:39:03.930,28598,1.064,-2.692,-0.223,0.000,0.000,onTarget,noEvent
6382,4,46,rld,14:39:03.974,28599,1.101,-2.697,-0.223,0.000,0.000,onTarget,noEvent
6382,4,46,rld,14:39:04.015,28600,1.151,-2.699,-0.223,0.000,0.000,onTarget,noEvent
6382,4,46,rld,14:39:04.064,28601,1.203,-2.700,-0.223,0.000,0.000,onTarget,noEvent
6382,4,46,rld,14:39:04.115,28602,1.245,-2.700,-0.223,0.000,0.000,onTarget,noEvent
6382,4,46,rld,14:39:04.164,28603,1.303,-2.700,-0.223,0.000,0.000,onTarget,noEvent
6382,4,46,rld,14:39:04.203,28604,1.342,-2.700,-0.223,0.000,0.000,onTarget,noEvent
6382,4,46,rld,14:39:04.243,28605,1.380,-2.700,-0.223,0.000,0.000,onTarget,noEvent
6382,4,46,rld,14:39:04.295,28606,1.431,-2.700,-0.223,0.000,0.000,onTarget,noEvent
6382,4,46,rld,14:39:04.415,28607,1.537,-2.651,-0.199,0.400,0.200,onTarget,noEvent
6382,4,46,rld,14:39:04.495,28608,1.617,-2.611,-0.191,0.200,0.000,onTarget,noEvent
6382,4,46,rld,14:39:04.543,28609,1.678,-2.586,-0.177,0.100,0.100,onTarget,noEvent
6382,4,46,rld,14:39:04.587,28610,1.721,-2.577,-0.172,0.000,0.000,onTarget,noEvent
6382,4,46,rld,14:39:04.635,28611,1.761,-2.574,-0.171,0.000,0.000,onTarget,noEvent
6382,4,46,rld,14:39:04.677,28612,1.814,-2.573,-0.170,0.000,0.000,onTarget,noEvent
6382,4,46,rld,14:39:04.722,28613,1.853,-2.573,-0.170,0.000,0.000,onTarget,noEvent
6382,4,46,rld,14:39:04.765,28614,1.896,-2.573,-0.170,0.000,0.000,onTarget,noEvent
6382,4,46,rld,14:39:04.818,28615,1.954,-2.573,-0.170,0.000,0.000,onTarget,noEvent
6382,4,46,rld,14:39:04.874,28616,2.005,-2.573,-0.170,0.000,0.000,onTarget,noEvent
6382,4,46,rld,14:39:04.928,28617,2.067,-2.573,-0.170,0.000,0.000,onTarget,noEvent
6382,4,46,rld,14:39:04.991,28618,2.130,-2.573,-0.170,0.000,0.000,onTarget,noEvent
6382,4,46,rld,14:39:05.062,28619,2.193,-2.573,-0.170,0.000,0.000,onTarget,targetClick
6382,4,47,rld,14:39:07.994,28659,2.282,-0.169,0.086,0.000,0.000,waitingForTarget,middleTargetClick
6382,4,47,rld,14:39:08.048,28660,2.347,-0.169,0.086,0.000,0.000,waitingForTarget,noEvent
6382,4,47,rld,14:39:08.227,28661,2.517,-0.169,0.086,0.000,0.000,waitingForTarget,noEvent
6382,4,47,rld,14:39:08.284,28662,2.583,-0.169,0.086,0.000,0.000,waitingForTarget,noEvent
6382,4,47,rld,14:39:08.335,28663,2.635,-0.169,0.086,0.000,0.000,waitingForTarget,noEvent
6382,4,47,rld,14:39:08.365,28664,2.667,-0.169,0.086,0.000,0.000,waitingForTarget,noEvent
6382,4,47,rld,14:39:08.407,28665,2.706,-0.169,0.086,0.000,0.000,waitingForTarget,noEvent
6382,4,47,rld,14:39:08.438,28666,0.029,-0.169,0.086,0.000,0.000,activeTracking,targetAppeared
6382,4,47,rld,14:39:08.493,28667,0.074,-0.169,0.086,0.000,0.000,activeTracking,noEvent
6382,4,47,rld,14:39:08.552,28668,0.139,-0.169,0.086,0.000,0.000,activeTracking,noEvent
6382,4,47,rld,14:39:08.604,28669,0.193,-0.169,0.086,0.000,0.000,activeTracking,noEvent
6382,4,47,rld,14:39:08.661,28670,0.243,-0.169,0.086,0.000,0.000,activeTracking,noEvent
6382,4,47,rld,14:39:08.728,28671,0.321,-0.169,0.086,0.000,0.000,activeTracking,noEvent
6382,4,47,rld,14:39:08.866,28672,0.428,0.236,0.221,3.600,1.200,activeTracking,noEvent
6382,4,47,rld,14:39:09.127,28673,0.682,1.119,0.314,6.600,0.400,activeTracking,noEvent
6382,4,47,rld,14:39:09.235,28674,0.811,1.891,0.269,4.100,-0.700,activeTracking,noEvent
6382,4,47,rld,14:39:09.318,28675,0.907,2.236,0.232,0.700,-0.200,activeTracking,noEvent
6382,4,47,rld,14:39:09.432,28676,0.994,2.400,0.185,0.400,-0.300,onTarget,noEvent
6382,4,47,rld,14:39:09.528,28677,1.113,2.551,0.100,0.800,-0.600,onTarget,noEvent
6382,4,47,rld,14:39:09.624,28678,1.199,2.699,0.037,0.800,-0.300,onTarget,noEvent
6382,4,47,rld,14:39:09.709,28679,1.283,2.748,-0.078,0.000,-0.800,onTarget,noEvent
6382,4,47,rld,14:39:09.826,28680,1.408,2.463,-0.336,-2.500,-1.900,activeTracking,noEvent
6382,4,47,rld,14:39:09.890,28681,1.469,2.345,-0.422,-0.200,0.000,activeTracking,noEvent
6382,4,47,rld,14:39:09.934,28682,1.526,2.294,-0.450,-0.100,0.000,activeTracking,noEvent
6382,4,47,rld,14:39:09.994,28683,1.578,2.265,-0.459,-0.100,0.000,activeTracking,noEvent
6382,4,47,rld,14:39:10.054,28684,1.638,2.255,-0.463,0.000,0.000,activeTracking,noEvent
6382,4,47,rld,14:39:10.105,28685,1.698,2.240,-0.463,-0.100,0.000,activeTracking,noEvent
6382,4,47,rld,14:39:10.143,28686,1.737,2.235,-0.464,0.000,0.000,activeTracking,noEvent
6382,4,47,rld,14:39:10.182,28687,1.773,2.233,-0.464,0.000,0.000,activeTracking,noEvent
6382,4,47,rld,14:39:10.220,28688,1.815,2.233,-0.464,0.000,0.000,activeTracking,noEvent
6382,4,47,rld,14:39:10.275,28689,1.858,2.233,-0.464,0.000,0.000,activeTracking,noEvent
6382,4,47,rld,14:39:10.312,28690,1.903,2.233,-0.464,0.000,0.000,activeTracking,noEvent
6382,4,47,rld,14:39:10.365,28691,1.951,2.233,-0.464,0.000,0.000,activeTracking,noEvent
6382,4,47,rld,14:39:10.416,28692,2.000,2.233,-0.464,0.000,0.000,activeTracking,noEvent
6382,4,47,rld,14:39:10.464,28693,2.057,2.233,-0.464,0.000,0.000,activeTracking,noEvent
6382,4,47,rld,14:39:10.522,28694,2.111,2.233,-0.464,0.000,0.000,activeTracking,noEvent
6382,4,47,rld,14:39:10.692,28695,2.276,2.423,-0.373,1.600,0.800,activeTracking,noEvent
6382,4,47,rld,14:39:10.812,28696,2.371,2.607,-0.285,1.000,0.500,onTarget,noEvent
6382,4,47,rld,14:39:10.858,28697,2.445,2.705,-0.220,0.300,0.300,onTarget,noEvent
6382,4,47,rld,14:39:10.937,28698,2.523,2.762,-0.175,0.200,0.200,onTarget,noEvent
6382,4,47,rld,14:39:10.975,28699,2.565,2.794,-0.149,0.100,0.100,onTarget,noEvent
6382,4,47,rld,14:39:11.095,28700,2.689,2.841,-0.093,0.300,0.400,onTarget,noEvent
6382,4,47,rld,14:39:11.146,28701,2.738,2.857,-0.074,0.000,0.000,onTarget,noEvent
6382,4,47,rld,14:39:11.191,28702,2.782,2.862,-0.068,0.000,0.000,onTarget,noEvent
6382,4,47,rld,14:39:11.269,28703,2.853,2.864,-0.066,0.000,0.000,onTarget,noEvent
6382,4,47,rld,14:39:11.319,28704,2.904,2.864,-0.065,0.000,0.000,onTarget,noEvent
6382,4,47,rld,14:39:11.359,28705,2.953,2.864,-0.065,0.000,0.000,onTarget,noEvent
6382,4,47,rld,14:39:11.406,28706,2.991,2.864,-0.065,0.000,0.000,onTarget,noEvent
6382,4,47,rld,14:39:11.471,28707,3.050,2.864,-0.065,0.000,0.000,onTarget,noEvent
6382,4,47,rld,14:39:11.522,28708,3.111,2.864,-0.065,0.000,0.000,onTarget,noEvent
6382,4,47,rld,14:39:11.562,28709,3.152,2.864,-0.065,0.000,0.000,onTarget,noEvent
6382,4,47,rld,14:39:11.612,28710,3.200,2.864,-0.065,0.000,0.000,onTarget,noEvent
6382,4,47,rld,14:39:11.665,28711,3.252,2.864,-0.065,0.000,0.000,onTarget,noEvent
6382,4,47,rld,14:39:11.718,28712,3.296,2.864,-0.065,0.000,0.000,onTarget,noEvent
6382,4,47,rld,14:39:11.794,28713,3.371,2.864,-0.065,0.000,0.000,onTarget,targetClick
6382,4,48,rld,14:39:15.885,28776,3.502,0.264,0.018,0.400,0.000,waitingForTarget,middleTargetClick
6382,4,48,rld,14:39:15.935,28777,3.553,0.279,0.018,0.000,0.000,waitingForTarget,noEvent
6382,4,48,rld,14:39:15.980,28778,3.603,0.285,0.018,0.000,0.000,waitingForTarget,noEvent
6382,4,48,rld,14:39:16.062,28779,3.681,0.286,0.018,0.000,0.000,waitingForTarget,noEvent
6382,4,48,rld,14:39:16.113,28780,3.719,0.287,0.018,0.000,0.000,waitingForTarget,noEvent
6382,4,48,rld,14:39:16.177,28781,3.800,0.287,0.018,0.000,0.000,waitingForTarget,noEvent
6382,4,48,rld,14:39:16.259,28782,3.883,0.287,0.018,0.000,0.000,waitingForTarget,noEvent
6382,4,48,rld,14:39:16.291,28783,3.915,0.287,0.018,0.000,0.000,waitingForTarget,noEvent
6382,4,48,rld,14:39:16.348,28784,0.055,0.287,0.018,0.000,0.000,activeTracking,targetAppeared
6382,4,48,rld,14:39:16.406,28785,0.105,0.287,0.018,0.000,0.000,activeTracking,noEvent
6382,4,48,rld,14:39:16.439,28786,0.148,0.287,0.018,0.000,0.000,activeTracking,noEvent
6382,4,48,rld,14:39:16.493,28787,0.201,0.287,0.018,0.000,0.000,activeTracking,noEvent
6382,4,48,rld,14:39:16.538,28788,0.234,0.287,0.018,0.000,0.000,activeTracking,noEvent
6382,4,48,rld,14:39:16.589,28789,0.286,0.287,0.018,0.000,0.000,activeTracking,noEvent
6382,4,48,rld,14:39:16.641,28790,0.335,0.287,0.018,0.000,0.000,activeTracking,noEvent
6382,4,48,rld,14:39:16.695,28791,0.392,0.287,0.018,0.000,0.000,activeTracking,noEvent
6382,4,48,rld,14:39:16.803,28792,0.491,1.090,0.643,7.100,5.500,activeTracking,noEvent
6382,4,48,rld,14:39:16.927,28793,0.618,2.022,0.995,5.700,1.100,activeTracking,noEvent
6382,4,48,rld,14:39:17.063,28794,0.759,2.810,1.156,3.900,0.200,activeTracking,noEvent
6382,4,48,rld,14:39:17.213,28795,0.889,3.255,1.195,1.400,-0.200,activeTracking,noEvent
6382,4,48,rld,14:39:17.291,28796,0.988,3.558,1.192,1.200,-0.200,activeTracking,noEvent
6382,4,48,rld,14:39:17.440,28797,1.122,3.764,1.085,0.800,-0.900,activeTracking,noEvent
6382,4,48,rld,14:39:17.629,28798,1.324,3.924,0.845,0.700,-1.700,activeTracking,noEvent
6382,4,48,rld,14:39:17.723,28799,1.419,3.757,0.503,-1.700,-2.100,activeTracking,noEvent
6382,4,48,rld,14:39:17.902,28800,1.581,3.407,0.277,-2.300,-0.900,activeTracking,noEvent
6382,4,48,rld,14:39:18.029,28801,1.702,3.230,0.191,-0.500,-0.100,activeTracking,noEvent
6382,4,48,rld,14:39:18.147,28802,1.853,3.072,0.079,-0.800,-0.700,activeTracking,noEvent
6382,4,48,rld,14:39:18.246,28803,1.949,2.982,-0.040,-0.300,-0.700,onTarget,noEvent
6382,4,48,rld,14:39:18.321,28804,2.020,2.904,-0.139,-0.400,-0.500,onTarget,noEvent
6382,4,48,rld,14:39:18.388,28805,2.092,2.865,-0.183,-0.100,-0.100,onTarget,noEvent
6382,4,48,rld,14:39:18.440,28806,2.141,2.828,-0.198,-0.200,0.000,onTarget,noEvent
6382,4,48,rld,14:39:18.505,28807,2.203,2.803,-0.203,-0.100,0.000,onTarget,noEvent
6382,4,48,rld,14:39:18.564,28808,2.262,2.795,-0.193,0.000,0.100,onTarget,noEvent
6382,4,48,rld,14:39:18.615,28809,2.323,2.780,-0.178,-0.100,0.100,onTarget,noEvent
6382,4,48,rld,14:39:18.661,28810,2.369,2.775,-0.173,0.000,0.000,onTarget,noEvent
6382,4,48,rld,14:39:18.717,28811,2.425,2.774,-0.171,0.000,0.000,onTarget,noEvent
6382,4,48,rld,14:39:18.819,28812,2.525,2.773,-0.171,0.000,0.000,onTarget,noEvent
6382,4,48,rld,14:39:18.846,28813,2.555,2.773,-0.170,0.000,0.000,onTarget,noEvent
6382,4,48,rld,14:39:19.046,28814,2.753,2.773,-0.170,0.000,0.000,onTarget,targetClick
6382,4,49,rld,14:39:23.212,28881,2.818,0.051,0.136,0.000,0.000,waitingForTarget,middleTargetClick
6382,4,49,rld,14:39:23.284,28882,2.891,0.051,0.136,0.000,0.000,waitingForTarget,noEvent
6382,4,49,rld,14:39:23.369,28883,2.990,0.051,0.136,0.000,0.000,waitingForTarget,noEvent
6382,4,49,rld,14:39:23.414,28884,3.040,0.051,0.136,0.000,0.000,waitingForTarget,noEvent
6382,4,49,rld,14:39:23.463,28885,3.080,0.051,0.136,0.000,0.000,waitingForTarget,noEvent
6382,4,49,rld,14:39:23.514,28886,3.138,0.051,0.136,0.000,0.000,waitingForTarget,noEvent
6382,4,49,rld,14:39:23.548,28887,3.173,0.051,0.136,0.000,0.000,waitingForTarget,noEvent
6382,4,49,rld,14:39:23.602,28888,3.221,0.051,0.136,0.000,0.000,waitingForTarget,noEvent
6382,4,49,rld,14:39:23.645,28889,0.042,0.051,0.136,0.000,0.000,activeTracking,targetAppeared
6382,4,49,rld,14:39:23.690,28890,0.082,0.051,0.136,0.000,0.000,activeTracking,noEvent
6382,4,49,rld,14:39:23.743,28891,0.133,0.051,0.136,0.000,0.000,activeTracking,noEvent
6382,4,49,rld,14:39:23.778,28892,0.179,0.051,0.136,0.000,0.000,activeTracking,noEvent
6382,4,49,rld,14:39:23.841,28893,0.237,0.051,0.136,0.000,0.000,activeTracking,noEvent
6382,4,49,rld,14:39:23.878,28894,0.282,0.051,0.136,0.000,0.000,activeTracking,noEvent
6382,4,49,rld,14:39:23.930,28895,0.321,0.051,0.136,0.000,0.000,activeTracking,noEvent
6382,4,49,rld,14:39:23.987,28896,0.381,0.051,0.136,0.000,0.000,activeTracking,noEvent
6382,4,49,rld,14:39:24.035,28897,0.432,0.051,0.136,0.000,0.000,activeTracking,noEvent
6382,4,49,rld,14:39:24.085,28898,0.480,0.051,0.136,0.000,0.000,activeTracking,noEvent
6382,4,49,rld,14:39:24.144,28899,0.536,0.051,0.136,0.000,0.000,activeTracking,noEvent
6382,4,49,rld,14:39:24.341,28900,0.728,-0.467,-0.077,-4.600,-1.900,activeTracking,noEvent
6382,4,49,rld,14:39:24.512,28901,0.884,-1.071,-0.228,-3.800,-0.700,activeTracking,noEvent
6382,4,49,rld,14:39:24.607,28902,1.001,-1.596,-0.383,-2.800,-0.900,activeTracking,noEvent
6382,4,49,rld,14:39:24.674,28903,1.069,-1.831,-0.435,-0.500,0.000,activeTracking,noEvent
6382,4,49,rld,14:39:24.738,28904,1.141,-1.969,-0.465,-0.500,-0.100,activeTracking,noEvent
6382,4,49,rld,14:39:24.768,28905,1.172,-2.015,-0.475,0.000,0.000,activeTracking,noEvent
6382,4,49,rld,14:39:24.815,28906,1.220,-2.030,-0.478,0.000,0.000,activeTracking,noEvent
6382,4,49,rld,14:39:24.841,28907,1.247,-2.035,-0.479,0.000,0.000,activeTracking,noEvent
6382,4,49,rld,14:39:24.878,28908,1.272,-2.037,-0.479,0.000,0.000,activeTracking,noEvent
6382,4,49,rld,14:39:24.940,28909,1.345,-2.037,-0.480,0.000,0.000,activeTracking,noEvent
6382,4,49,rld,14:39:24.994,28910,1.381,-2.038,-0.480,0.000,0.000,activeTracking,noEvent
6382,4,49,rld,14:39:25.030,28911,1.433,-2.038,-0.480,0.000,0.000,activeTracking,noEvent
6382,4,49,rld,14:39:25.103,28912,1.492,-2.038,-0.480,0.000,0.000,activeTracking,noEvent
6382,4,49,rld,14:39:25.162,28913,1.552,-2.038,-0.480,0.000,0.000,activeTracking,noEvent
6382,4,49,rld,14:39:25.240,28914,1.633,-2.038,-0.445,0.000,0.300,activeTracking,noEvent
6382,4,49,rld,14:39:25.361,28915,1.751,-2.108,-0.365,-0.600,0.600,activeTracking,noEvent
6382,4,49,rld,14:39:25.461,28916,1.846,-2.250,-0.304,-1.000,0.300,activeTracking,noEvent
6382,4,49,rld,14:39:25.522,28917,1.917,-2.369,-0.261,-0.600,0.200,activeTracking,noEvent
6382,4,49,rld,14:39:25.614,28918,2.002,-2.481,-0.212,-0.600,0.300,onTarget,noEvent
6382,4,49,rld,14:39:25.696,28919,2.093,-2.554,-0.161,-0.300,0.300,onTarget,noEvent
6382,4,49,rld,14:39:25.771,28920,2.166,-2.591,-0.144,-0.100,0.000,onTarget,noEvent
6382,4,49,rld,14:39:25.845,28921,2.243,-2.603,-0.126,0.000,0.100,onTarget,noEvent
6382,4,49,rld,14:39:25.880,28922,2.285,-2.619,-0.120,-0.100,0.000,onTarget,noEvent
6382,4,49,rld,14:39:25.935,28923,2.334,-2.625,-0.118,0.000,0.000,onTarget,noEvent
6382,4,49,rld,14:39:25.969,28924,2.374,-2.626,-0.118,0.000,0.000,onTarget,noEvent
6382,4,49,rld,14:39:26.036,28925,2.441,-2.627,-0.118,0.000,0.000,onTarget,noEvent
6382,4,49,rld,14:39:26.084,28926,2.489,-2.627,-0.118,0.000,0.000,onTarget,noEvent
6382,4,49,rld,14:39:26.126,28927,2.519,-2.627,-0.118,0.000,0.000,onTarget,noEvent
6382,4,49,rld,14:39:26.174,28928,2.567,-2.627,-0.117,0.000,0.000,onTarget,noEvent
6382,4,49,rld,14:39:26.228,28929,2.617,-2.627,-0.117,0.000,0.000,onTarget,noEvent
6382,4,49,rld,14:39:26.284,28930,2.679,-2.627,-0.117,0.000,0.000,onTarget,noEvent
6382,4,49,rld,14:39:26.353,28931,2.746,-2.627,-0.117,0.000,0.000,onTarget,targetClick
6382,4,50,rld,14:39:29.346,28975,2.824,-0.422,0.153,0.000,0.000,waitingForTarget,middleTargetClick
6382,4,50,rld,14:39:29.407,28976,2.881,-0.422,0.153,0.000,0.000,waitingForTarget,noEvent
6382,4,50,rld,14:39:29.472,28977,2.951,-0.422,0.153,0.000,0.000,waitingForTarget,noEvent
6382,4,50,rld,14:39:29.530,28978,3.010,-0.422,0.153,0.000,0.000,waitingForTarget,noEvent
6382,4,50,rld,14:39:29.592,28979,3.065,-0.422,0.153,0.000,0.000,waitingForTarget,noEvent
6382,4,50,rld,14:39:29.643,28980,3.120,-0.422,0.153,0.000,0.000,waitingForTarget,noEvent
6382,4,50,rld,14:39:29.685,28981,3.170,-0.422,0.153,0.000,0.000,waitingForTarget,noEvent
6382,4,50,rld,14:39:29.735,28982,3.211,-0.422,0.153,0.000,0.000,waitingForTarget,noEvent
6382,4,50,rld,14:39:29.783,28983,3.256,-0.422,0.153,0.000,0.000,waitingForTarget,noEvent
6382,4,50,rld,14:39:29.835,28984,0.051,-0.422,0.153,0.000,0.000,activeTracking,targetAppeared
6382,4,50,rld,14:39:29.880,28985,0.099,-0.422,0.153,0.000,0.000,activeTracking,noEvent
6382,4,50,rld,14:39:29.924,28986,0.141,-0.422,0.153,0.000,0.000,activeTracking,noEvent
6382,4,50,rld,14:39:29.970,28987,0.186,-0.422,0.153,0.000,0.000,activeTracking,noEvent
6382,4,50,rld,14:39:30.011,28988,0.225,-0.422,0.153,0.000,0.000,activeTracking,noEvent
6382,4,50,rld,14:39:30.072,28989,0.286,-0.422,0.153,0.000,0.000,activeTracking,noEvent
6382,4,50,rld,14:39:30.261,28990,0.475,0.727,0.914,10.200,6.700,activeTracking,noEvent
6382,4,50,rld,14:39:30.344,28991,0.560,1.342,1.282,2.000,0.900,activeTracking,noEvent
6382,4,50,rld,14:39:30.394,28992,0.619,1.549,1.408,0.000,0.000,activeTracking,noEvent
6382,4,50,rld,14:39:30.470,28993,0.689,1.618,1.415,0.000,-0.300,activeTracking,noEvent
6382,4,50,rld,14:39:30.613,28994,0.794,1.491,1.286,-1.300,-1.100,activeTracking,noEvent
6382,4,50,rld,14:39:30.812,28995,0.973,0.077,0.795,-12.100,-3.800,activeTracking,noEvent
6382,4,50,rld,14:39:30.954,28996,1.150,-1.505,0.235,-9.800,-3.600,activeTracking,noEvent
6382,4,50,rld,14:39:31.038,28997,1.255,-2.307,-0.010,-2.200,-0.500,activeTracking,noEvent
6382,4,50,rld,14:39:31.087,28998,1.312,-2.580,-0.093,0.000,0.000,onTarget,noEvent
6382,4,50,rld,14:39:31.123,28999,1.349,-2.672,-0.121,0.000,0.000,onTarget,noEvent
6382,4,50,rld,14:39:31.157,29000,1.383,-2.703,-0.130,0.000,0.000,onTarget,noEvent
6382,4,50,rld,14:39:31.211,29001,1.438,-2.713,-0.134,0.000,0.000,onTarget,noEvent
6382,4,50,rld,14:39:31.256,29002,1.472,-2.716,-0.135,0.000,0.000,onTarget,noEvent
6382,4,50,rld,14:39:31.302,29003,1.525,-2.718,-0.135,0.000,0.000,onTarget,noEvent
6382,4,50,rld,14:39:31.354,29004,1.570,-2.718,-0.135,0.000,0.000,onTarget,noEvent
6382,4,50,rld,14:39:31.406,29005,1.622,-2.718,-0.135,0.000,0.000,onTarget,noEvent
6382,4,50,rld,14:39:31.460,29006,1.685,-2.718,-0.135,0.000,0.000,onTarget,noEvent
6382,4,50,rld,14:39:31.510,29007,1.732,-2.718,-0.135,0.000,0.000,onTarget,noEvent
6382,4,50,rld,14:39:31.574,29008,1.775,-2.718,-0.135,0.000,0.000,onTarget,noEvent
6382,4,50,rld,14:39:31.636,29009,1.850,-2.718,-0.135,0.000,0.000,onTarget,noEvent
6382,4,50,rld,14:39:31.702,29010,1.925,-2.718,-0.135,0.000,0.000,onTarget,noEvent
6382,4,50,rld,14:39:31.755,29011,1.974,-2.730,-0.135,-0.100,0.000,onTarget,noEvent
6382,4,50,rld,14:39:31.792,29012,2.016,-2.734,-0.135,0.000,0.000,onTarget,noEvent
6382,4,50,rld,14:39:31.847,29013,2.072,-2.736,-0.135,0.000,0.000,onTarget,noEvent
6382,4,50,rld,14:39:31.890,29014,2.106,-2.736,-0.135,0.000,0.000,onTarget,noEvent
6382,4,50,rld,14:39:31.922,29015,2.144,-2.736,-0.135,0.000,0.000,onTarget,noEvent
6382,4,50,rld,14:39:31.974,29016,2.186,-2.736,-0.135,0.000,0.000,onTarget,noEvent
6382,4,50,rld,14:39:32.023,29017,2.235,-2.736,-0.135,0.000,0.000,onTarget,noEvent
6382,4,50,rld,14:39:32.078,29018,2.292,-2.736,-0.135,0.000,0.000,onTarget,noEvent
6382,4,50,rld,14:39:32.151,29019,2.371,-2.736,-0.135,0.000,0.000,onTarget,targetClick
6382,4,51,rld,14:39:34.926,29059,2.446,-0.253,-0.320,0.000,0.000,waitingForTarget,middleTargetClick
6382,4,51,rld,14:39:34.976,29060,2.507,-0.253,-0.320,0.000,0.000,waitingForTarget,noEvent
6382,4,51,rld,14:39:35.020,29061,2.547,-0.253,-0.320,0.000,0.000,waitingForTarget,noEvent
6382,4,51,rld,14:39:35.079,29062,2.599,-0.253,-0.320,0.000,0.000,waitingForTarget,noEvent
6382,4,51,rld,14:39:35.144,29063,2.676,-0.253,-0.320,0.000,0.000,waitingForTarget,noEvent
6382,4,51,rld,14:39:35.188,29064,2.715,-0.253,-0.320,0.000,0.000,waitingForTarget,noEvent
6382,4,51,rld,14:39:35.225,29065,2.756,-0.253,-0.320,0.000,0.000,waitingForTarget,noEvent
6382,4,51,rld,14:39:35.288,29066,2.811,-0.253,-0.320,0.000,0.000,waitingForTarget,noEvent
6382,4,51,rld,14:39:35.326,29067,2.858,-0.253,-0.320,0.000,0.000,waitingForTarget,noEvent
6382,4,51,rld,14:39:35.378,29068,0.041,-0.253,-0.320,0.000,0.000,activeTracking,targetAppeared
6382,4,51,rld,14:39:35.428,29069,0.103,-0.253,-0.320,0.000,0.000,activeTracking,noEvent
6382,4,51,rld,14:39:35.473,29070,0.140,-0.253,-0.320,0.000,0.000,activeTracking,noEvent
6382,4,51,rld,14:39:35.524,29071,0.189,-0.253,-0.320,0.000,0.000,activeTracking,noEvent
6382,4,51,rld,14:39:35.584,29072,0.240,-0.253,-0.320,0.000,0.000,activeTracking,noEvent
6382,4,51,rld,14:39:35.795,29073,0.431,0.840,0.528,9.700,7.500,activeTracking,noEvent
6382,4,51,rld,14:39:35.992,29074,0.638,1.668,0.983,4.000,1.400,activeTracking,noEvent
6382,4,51,rld,14:39:36.158,29075,0.800,2.458,1.202,4.300,0.400,activeTracking,noEvent
6382,4,51,rld,14:39:36.229,29076,0.896,2.887,1.260,1.300,-0.200,activeTracking,noEvent
6382,4,51,rld,14:39:36.324,29077,0.981,3.081,1.247,0.400,-0.300,activeTracking,noEvent
6382,4,51,rld,14:39:36.438,29078,1.070,3.184,1.184,0.300,-0.500,activeTracking,noEvent
6382,4,51,rld,14:39:36.545,29079,1.190,3.243,0.995,0.200,-1.400,activeTracking,noEvent
6382,4,51,rld,14:39:36.679,29080,1.302,3.201,0.835,-0.500,-0.800,activeTracking,noEvent
6382,4,51,rld,14:39:36.786,29081,1.431,3.013,0.587,-1.400,-1.600,activeTracking,noEvent
6382,4,51,rld,14:39:36.880,29082,1.541,2.840,0.386,-0.900,-1.000,activeTracking,noEvent
6382,4,51,rld,14:39:36.991,29083,1.639,2.710,0.237,-0.600,-0.700,onTarget,noEvent
6382,4,51,rld,14:39:37.081,29084,1.752,2.570,0.117,-0.800,-0.600,onTarget,noEvent
6382,4,51,rld,14:39:37.177,29085,1.846,2.488,0.065,-0.300,-0.100,onTarget,noEvent
6382,4,51,rld,14:39:37.219,29086,1.894,2.449,0.036,-0.100,-0.100,onTarget,noEvent
6382,4,51,rld,14:39:37.277,29087,1.951,2.435,0.027,0.000,0.000,onTarget,noEvent
6382,4,51,rld,14:39:37.316,29088,1.990,2.431,0.023,0.000,0.000,onTarget,noEvent
6382,4,51,rld,14:39:37.395,29089,2.064,2.430,0.022,0.000,0.000,onTarget,noEvent
6382,4,51,rld,14:39:37.438,29090,2.115,2.429,0.022,0.000,0.000,onTarget,noEvent
6382,4,51,rld,14:39:37.483,29091,2.150,2.429,0.022,0.000,0.000,onTarget,noEvent
6382,4,51,rld,14:39:37.510,29092,2.185,2.429,0.022,0.000,0.000,onTarget,noEvent
6382,4,51,rld,14:39:37.562,29093,2.234,2.429,0.022,0.000,0.000,onTarget,noEvent
6382,4,51,rld,14:39:37.624,29094,2.285,2.429,0.022,0.000,0.000,onTarget,noEvent
6382,4,51,rld,14:39:37.679,29095,2.348,2.429,0.022,0.000,0.000,onTarget,noEvent
6382,4,51,rld,14:39:37.723,29096,2.387,2.429,0.022,0.000,0.000,onTarget,noEvent
6382,4,51,rld,14:39:37.759,29097,2.423,2.429,0.022,0.000,0.000,onTarget,noEvent
6382,4,51,rld,14:39:37.811,29098,2.483,2.429,0.022,0.000,0.000,onTarget,noEvent
6382,4,51,rld,14:39:37.854,29099,2.525,2.429,0.022,0.000,0.000,onTarget,noEvent
6382,4,51,rld,14:39:37.919,29100,2.583,2.429,0.022,0.000,0.000,onTarget,noEvent
6382,4,51,rld,14:39:37.990,29101,2.653,2.429,0.022,0.000,0.000,onTarget,targetClick
6382,4,52,rld,14:39:41.577,29154,2.721,0.152,0.069,0.000,0.000,waitingForTarget,middleTargetClick
6382,4,52,rld,14:39:41.644,29155,2.788,0.152,0.069,0.000,0.000,waitingForTarget,noEvent
6382,4,52,rld,14:39:41.753,29156,2.896,0.152,0.069,0.000,0.000,waitingForTarget,noEvent
6382,4,52,rld,14:39:41.806,29157,2.958,0.152,0.069,0.000,0.000,waitingForTarget,noEvent
6382,4,52,rld,14:39:41.851,29158,3.005,0.152,0.069,0.000,0.000,waitingForTarget,noEvent
6382,4,52,rld,14:39:41.885,29159,3.041,0.152,0.069,0.000,0.000,waitingForTarget,noEvent
6382,4,52,rld,14:39:41.926,29160,3.085,0.152,0.069,0.000,0.000,waitingForTarget,noEvent
6382,4,52,rld,14:39:41.968,29161,3.117,0.152,0.069,0.000,0.000,waitingForTarget,noEvent
6382,4,52,rld,14:39:42.002,29162,3.157,0.152,0.069,0.000,0.000,waitingForTarget,noEvent
6382,4,52,rld,14:39:42.070,29163,0.049,0.152,0.069,0.000,0.000,activeTracking,targetAppeared
6382,4,52,rld,14:39:42.121,29164,0.113,0.152,0.069,0.000,0.000,activeTracking,noEvent
6382,4,52,rld,14:39:42.160,29165,0.150,0.152,0.069,0.000,0.000,activeTracking,noEvent
6382,4,52,rld,14:39:42.194,29166,0.196,0.152,0.069,0.000,0.000,activeTracking,noEvent
6382,4,52,rld,14:39:42.254,29167,0.249,0.152,0.069,0.000,0.000,activeTracking,noEvent
6382,4,52,rld,14:39:42.295,29168,0.289,0.152,0.069,0.000,0.000,activeTracking,noEvent
6382,4,52,rld,14:39:42.345,29169,0.344,0.152,0.069,0.000,0.000,activeTracking,noEvent
6382,4,52,rld,14:39:42.387,29170,0.385,0.152,0.069,0.000,0.000,activeTracking,noEvent
6382,4,52,rld,14:39:42.435,29171,0.429,0.152,0.069,0.000,0.000,activeTracking,noEvent
6382,4,52,rld,14:39:42.470,29172,0.465,0.152,0.069,0.000,0.000,activeTracking,noEvent
6382,4,52,rld,14:39:42.520,29173,0.518,0.152,0.069,0.000,0.000,activeTracking,noEvent
6382,4,52,rld,14:39:42.562,29174,0.562,0.152,0.069,0.000,0.000,activeTracking,noEvent
6382,4,52,rld,14:39:42.622,29175,0.607,0.152,0.069,0.000,0.000,activeTracking,noEvent
6382,4,52,rld,14:39:42.673,29176,0.666,0.152,0.069,0.000,0.000,activeTracking,noEvent
6382,4,52,rld,14:39:42.719,29177,0.712,0.152,0.069,0.000,0.000,activeTracking,noEvent
6382,4,52,rld,14:39:42.761,29178,0.751,0.152,0.069,0.000,0.000,activeTracking,noEvent
6382,4,52,rld,14:39:42.815,29179,0.809,0.152,0.069,0.000,0.000,activeTracking,noEvent
6382,4,52,rld,14:39:42.856,29180,0.850,0.152,0.069,0.000,0.000,activeTracking,noEvent
6382,4,52,rld,14:39:42.905,29181,0.898,0.152,0.069,0.000,0.000,activeTracking,noEvent
6382,4,52,rld,14:39:42.945,29182,0.941,0.152,0.069,0.000,0.000,activeTracking,noEvent
6382,4,52,rld,14:39:42.991,29183,0.980,0.152,0.069,0.000,0.000,activeTracking,noEvent
6382,4,52,rld,14:39:43.037,29184,1.029,0.152,0.069,0.000,0.000,activeTracking,noEvent
6382,4,52,rld,14:39:43.079,29185,1.068,0.152,0.069,0.000,0.000,activeTracking,noEvent
6382,4,52,rld,14:39:43.112,29186,1.113,0.152,0.069,0.000,0.000,activeTracking,noEvent
6382,4,52,rld,14:39:43.160,29187,1.160,0.152,0.069,0.000,0.000,activeTracking,noEvent
6382,4,52,rld,14:39:43.213,29188,1.207,0.152,0.069,0.000,0.000,activeTracking,noEvent
6382,4,52,rld,14:39:43.231,29189,1.234,0.152,0.069,0.000,0.000,activeTracking,noEvent
6382,4,52,rld,14:39:43.263,29190,1.264,0.152,0.069,0.000,0.000,activeTracking,noEvent
6382,4,52,rld,14:39:43.322,29191,1.316,0.152,0.069,0.000,0.000,activeTracking,noEvent
6382,4,52,rld,14:39:43.360,29192,1.362,0.152,0.069,0.000,0.000,activeTracking,noEvent
6382,4,52,rld,14:39:43.428,29193,1.428,0.152,0.069,0.000,0.000,activeTracking,noEvent
6382,4,52,rld,14:39:43.487,29194,1.489,0.152,0.069,0.000,0.000,activeTracking,noEvent
6382,4,52,rld,14:39:43.559,29195,1.559,0.152,0.069,0.000,0.000,activeTracking,noEvent
6382,4,52,rld,14:39:43.605,29196,1.602,0.152,0.069,0.000,0.000,activeTracking,noEvent
6382,4,52,rld,14:39:43.639,29197,1.642,0.152,0.069,0.000,0.000,activeTracking,noEvent
6382,4,52,rld,14:39:43.839,29198,1.800,0.231,0.136,0.700,0.600,activeTracking,noEvent
6382,4,52,rld,14:39:44.006,29199,1.950,0.878,0.228,5.500,0.600,activeTracking,noEvent
6382,4,52,rld,14:39:44.143,29200,2.135,1.496,0.238,3.500,-0.200,activeTracking,noEvent
6382,4,52,rld,14:39:44.270,29201,2.247,2.032,0.106,2.800,-1.200,activeTracking,noEvent
6382,4,52,rld,14:39:44.356,29202,2.350,2.284,0.027,0.600,-0.300,activeTracking,noEvent
6382,4,52,rld,14:39:44.470,29203,2.460,2.428,-0.127,0.500,-1.100,onTarget,noEvent
6382,4,52,rld,14:39:44.563,29204,2.558,2.525,-0.295,0.400,-1.000,onTarget,noEvent
6382,4,52,rld,14:39:44.639,29205,2.639,2.593,-0.422,0.300,-0.600,activeTracking,noEvent
6382,4,52,rld,14:39:44.863,29206,2.849,2.592,-0.487,-0.200,-0.200,activeTracking,noEvent
6382,4,52,rld,14:39:44.913,29207,2.917,2.591,-0.509,0.000,0.000,activeTracking,noEvent
6382,4,52,rld,14:39:44.986,29208,2.981,2.591,-0.493,0.000,0.200,activeTracking,noEvent
6382,4,52,rld,14:39:45.078,29209,3.066,2.591,-0.476,0.000,0.100,activeTracking,noEvent
6382,4,52,rld,14:39:45.204,29210,3.182,2.639,-0.377,0.400,0.800,activeTracking,noEvent
6382,4,52,rld,14:39:45.275,29211,3.264,2.680,-0.321,0.200,0.200,onTarget,noEvent
6382,4,52,rld,14:39:45.356,29212,3.341,2.705,-0.291,0.100,0.100,onTarget,noEvent
6382,4,52,rld,14:39:45.436,29213,3.422,2.714,-0.257,0.000,0.200,onTarget,noEvent
6382,4,52,rld,14:39:45.520,29214,3.507,2.729,-0.223,0.100,0.200,onTarget,noEvent
6382,4,52,rld,14:39:45.594,29215,3.593,2.758,-0.164,0.200,0.400,onTarget,noEvent
6382,4,52,rld,14:39:45.670,29216,3.672,2.768,-0.121,0.000,0.200,onTarget,noEvent
6382,4,52,rld,14:39:45.745,29217,3.747,2.783,-0.095,0.100,0.100,onTarget,noEvent
6382,4,52,rld,14:39:45.793,29218,3.797,2.789,-0.087,0.000,0.000,onTarget,noEvent
6382,4,52,rld,14:39:45.854,29219,3.847,2.790,-0.084,0.000,0.000,onTarget,noEvent
6382,4,52,rld,14:39:45.905,29220,3.891,2.791,-0.083,0.000,0.000,onTarget,noEvent
6382,4,52,rld,14:39:45.961,29221,3.950,2.791,-0.083,0.000,0.000,onTarget,noEvent
6382,4,52,rld,14:39:45.992,29222,3.990,2.791,-0.082,0.000,0.000,onTarget,noEvent
6382,4,53,rld,14:39:50.335,29287,0.051,-0.068,-0.134,0.000,0.000,activeTracking,targetAppeared
6382,4,53,rld,14:39:50.384,29288,0.097,-0.068,-0.134,0.000,0.000,activeTracking,noEvent
6382,4,53,rld,14:39:50.435,29289,0.147,-0.068,-0.134,0.000,0.000,activeTracking,noEvent
6382,4,53,rld,14:39:50.476,29290,0.189,-0.068,-0.134,0.000,0.000,activeTracking,noEvent
6382,4,53,rld,14:39:50.505,29291,0.215,-0.068,-0.134,0.000,0.000,activeTracking,noEvent
6382,4,53,rld,14:39:50.555,29292,0.261,-0.068,-0.134,0.000,0.000,activeTracking,noEvent
6382,4,53,rld,14:39:50.604,29293,0.311,-0.068,-0.134,0.000,0.000,activeTracking,noEvent
6382,4,53,rld,14:39:50.675,29294,0.389,-0.068,-0.134,0.000,0.000,activeTracking,noEvent
6382,4,53,rld,14:39:50.743,29295,0.452,-0.068,-0.134,0.000,0.000,activeTracking,noEvent
6382,4,53,rld,14:39:50.985,29296,0.663,1.290,0.400,12.000,4.700,activeTracking,noEvent
6382,4,53,rld,14:39:51.243,29297,0.877,2.351,0.441,5.100,-1.300,activeTracking,noEvent
6382,4,53,rld,14:39:51.393,29298,1.074,3.321,0.514,4.900,0.400,activeTracking,noEvent
6382,4,53,rld,14:39:51.492,29299,1.193,3.943,0.608,2.200,0.500,activeTracking,noEvent
6382,4,53,rld,14:39:51.642,29300,1.341,4.345,0.646,1.400,0.000,activeTracking,noEvent
6382,4,53,rld,14:39:51.710,29301,1.414,4.509,0.635,0.200,-0.200,activeTracking,noEvent
6382,4,53,rld,14:39:51.896,29302,1.521,4.633,0.558,0.500,-0.600,activeTracking,noEvent
6382,4,53,rld,14:39:52.013,29303,1.712,4.913,0.374,1.700,-1.300,activeTracking,noEvent
6382,4,53,rld,14:39:52.143,29304,1.841,4.573,0.218,-3.100,-0.700,activeTracking,noEvent
6382,4,53,rld,14:39:52.271,29305,1.953,3.706,0.087,-5.700,-0.600,activeTracking,noEvent
6382,4,53,rld,14:39:52.342,29306,2.043,3.315,0.033,-0.900,-0.100,activeTracking,noEvent
6382,4,53,rld,14:39:52.405,29307,2.111,3.162,0.015,-0.200,0.000,activeTracking,noEvent
6382,4,53,rld,14:39:52.535,29308,2.203,3.012,0.009,-0.800,0.000,onTarget,noEvent
6382,4,53,rld,14:39:52.590,29309,2.301,2.865,0.007,-0.800,0.000,onTarget,noEvent
6382,4,53,rld,14:39:52.694,29310,2.407,2.730,0.006,-0.700,0.000,onTarget,noEvent
6382,4,53,rld,14:39:52.743,29311,2.454,2.649,0.005,-0.300,0.000,onTarget,noEvent
6382,4,53,rld,14:39:52.823,29312,2.533,2.647,0.005,0.200,0.000,onTarget,noEvent
6382,4,53,rld,14:39:53.008,29313,2.709,2.706,0.052,0.500,0.400,onTarget,noEvent
6382,4,53,rld,14:39:53.046,29314,2.760,2.726,0.068,0.000,0.000,onTarget,noEvent
6382,4,53,rld,14:39:53.091,29315,2.795,2.733,0.073,0.000,0.000,onTarget,noEvent
6382,4,53,rld,14:39:53.145,29316,2.858,2.735,0.075,0.000,0.000,onTarget,noEvent
6382,4,53,rld,14:39:53.186,29317,2.901,2.736,0.075,0.000,0.000,onTarget,noEvent
6382,4,53,rld,14:39:53.240,29318,2.943,2.736,0.075,0.000,0.000,onTarget,noEvent
6382,4,53,rld,14:39:53.276,29319,2.991,2.736,0.075,0.000,0.000,onTarget,noEvent
6382,4,53,rld,14:39:53.335,29320,3.038,2.736,0.075,0.000,0.000,onTarget,noEvent
6382,4,53,rld,14:39:53.387,29321,3.092,2.736,0.075,0.000,0.000,onTarget,noEvent
6382,4,53,rld,14:39:53.453,29322,3.154,2.736,0.075,0.000,0.000,onTarget,targetClick
6382,4,54,rld,14:39:57.705,29386,3.254,0.169,-0.083,0.000,0.000,waitingForTarget,middleTargetClick
6382,4,54,rld,14:39:57.792,29387,3.333,0.169,-0.083,0.000,0.000,waitingForTarget,noEvent
6382,4,54,rld,14:39:57.841,29388,3.403,0.169,-0.083,0.000,0.000,waitingForTarget,noEvent
6382,4,54,rld,14:39:57.910,29389,3.474,0.169,-0.083,0.000,0.000,waitingForTarget,noEvent
6382,4,54,rld,14:39:57.956,29390,3.521,0.169,-0.083,0.000,0.000,waitingForTarget,noEvent
6382,4,54,rld,14:39:57.984,29391,3.548,0.169,-0.083,0.000,0.000,waitingForTarget,noEvent
6382,4,54,rld,14:39:58.039,29392,3.593,0.169,-0.083,0.000,0.000,waitingForTarget,noEvent
6382,4,54,rld,14:39:58.088,29393,3.653,0.169,-0.083,0.000,0.000,waitingForTarget,noEvent
6382,4,54,rld,14:39:58.138,29394,3.692,0.169,-0.083,0.000,0.000,waitingForTarget,noEvent
6382,4,54,rld,14:39:58.174,29395,0.038,0.169,-0.083,0.000,0.000,activeTracking,targetAppeared
6382,4,54,rld,14:39:58.225,29396,0.087,0.169,-0.083,0.000,0.000,activeTracking,noEvent
6382,4,54,rld,14:39:58.273,29397,0.137,0.169,-0.083,0.000,0.000,activeTracking,noEvent
6382,4,54,rld,14:39:58.305,29398,0.176,0.169,-0.083,0.000,0.000,activeTracking,noEvent
6382,4,54,rld,14:39:58.357,29399,0.230,0.169,-0.083,0.000,0.000,activeTracking,noEvent
6382,4,54,rld,14:39:58.411,29400,0.282,0.169,-0.083,0.000,0.000,activeTracking,noEvent
6382,4,54,rld,14:39:58.473,29401,0.335,0.169,-0.083,0.000,0.000,activeTracking,noEvent
6382,4,54,rld,14:39:58.624,29402,0.483,0.439,0.210,2.400,2.600,activeTracking,noEvent
6382,4,54,rld,14:39:58.696,29403,0.565,0.563,0.342,0.300,0.300,activeTracking,noEvent
6382,4,54,rld,14:39:58.807,29404,0.655,0.548,0.420,-0.500,0.300,activeTracking,noEvent
6382,4,54,rld,14:39:58.928,29405,0.795,-0.685,0.299,-10.900,-1.300,activeTracking,noEvent
6382,4,54,rld,14:39:59.017,29406,0.889,-1.099,0.260,0.000,0.000,activeTracking,noEvent
6382,4,54,rld,14:39:59.058,29407,0.932,-1.238,0.247,0.000,0.000,activeTracking,noEvent
6382,4,54,rld,14:39:59.109,29408,0.982,-1.284,0.243,0.000,0.000,activeTracking,noEvent
6382,4,54,rld,14:39:59.146,29409,1.016,-1.300,0.241,0.000,0.000,activeTracking,noEvent
6382,4,54,rld,14:39:59.193,29410,1.063,-1.305,0.241,0.000,0.000,activeTracking,noEvent
6382,4,54,rld,14:39:59.245,29411,1.112,-1.307,0.241,0.000,0.000,activeTracking,noEvent
6382,4,54,rld,14:39:59.323,29412,1.168,-1.307,0.241,0.000,0.000,activeTracking,noEvent
6382,4,54,rld,14:39:59.421,29413,1.277,-1.583,0.162,-2.400,-0.700,activeTracking,noEvent
6382,4,54,rld,14:39:59.476,29414,1.348,-1.688,0.125,-0.100,-0.100,activeTracking,noEvent
6382,4,54,rld,14:39:59.575,29415,1.438,-1.722,0.055,0.000,-0.500,activeTracking,noEvent
6382,4,54,rld,14:39:59.762,29416,1.575,-1.967,-0.117,-2.000,-1.300,activeTracking,noEvent
6382,4,54,rld,14:39:59.882,29417,1.735,-2.393,-0.233,-2.900,-0.500,activeTracking,noEvent
6382,4,54,rld,14:39:59.939,29418,1.801,-2.549,-0.273,-0.100,0.000,onTarget,noEvent
6382,4,54,rld,14:39:59.985,29419,1.851,-2.613,-0.286,-0.100,0.000,onTarget,noEvent
6382,4,54,rld,14:40:00.069,29420,1.941,-2.671,-0.290,-0.300,0.000,onTarget,noEvent
6382,4,54,rld,14:40:00.167,29421,2.004,-2.751,-0.292,-0.500,0.000,onTarget,noEvent
6382,4,54,rld,14:40:00.224,29422,2.092,-2.826,-0.293,-0.400,0.000,onTarget,noEvent
6382,4,54,rld,14:40:00.285,29423,2.160,-2.864,-0.294,-0.100,0.000,onTarget,noEvent
6382,4,54,rld,14:40:00.390,29424,2.253,-2.828,-0.235,0.400,0.500,onTarget,noEvent
6382,4,54,rld,14:40:00.483,29425,2.337,-2.755,-0.168,0.500,0.400,onTarget,noEvent
6382,4,54,rld,14:40:00.543,29426,2.403,-2.718,-0.123,0.100,0.200,onTarget,noEvent
6382,4,54,rld,14:40:00.593,29427,2.465,-2.706,-0.096,0.000,0.100,onTarget,noEvent
6382,4,54,rld,14:40:00.655,29428,2.517,-2.702,-0.087,0.000,0.000,onTarget,noEvent
6382,4,54,rld,14:40:00.708,29429,2.578,-2.701,-0.072,0.000,0.100,onTarget,noEvent
6382,4,54,rld,14:40:00.760,29430,2.618,-2.700,-0.067,0.000,0.000,onTarget,noEvent
6382,4,54,rld,14:40:00.818,29431,2.689,-2.700,-0.066,0.000,0.000,onTarget,noEvent
6382,4,54,rld,14:40:00.863,29432,2.731,-2.700,-0.065,0.000,0.000,onTarget,noEvent
6382,4,54,rld,14:40:00.906,29433,2.781,-2.700,-0.065,0.000,0.000,onTarget,noEvent
6382,4,54,rld,14:40:00.945,29434,2.818,-2.700,-0.065,0.000,0.000,onTarget,noEvent
6382,4,54,rld,14:40:00.989,29435,2.852,-2.700,-0.065,0.000,0.000,onTarget,noEvent
6382,4,54,rld,14:40:01.034,29436,2.898,-2.700,-0.065,0.000,0.000,onTarget,noEvent
6382,4,54,rld,14:40:01.092,29437,2.951,-2.700,-0.065,0.000,0.000,onTarget,noEvent
6382,4,54,rld,14:40:01.161,29438,3.022,-2.700,-0.065,0.000,0.000,onTarget,targetClick
6382,4,55,rld,14:40:04.459,29481,3.082,-0.118,0.035,0.000,0.000,waitingForTarget,middleTargetClick
6382,4,55,rld,14:40:04.518,29482,3.149,-0.118,0.035,0.000,0.000,waitingForTarget,noEvent
6382,4,55,rld,14:40:04.562,29483,3.190,-0.118,0.035,0.000,0.000,waitingForTarget,noEvent
6382,4,55,rld,14:40:04.635,29484,3.262,-0.118,0.035,0.000,0.000,waitingForTarget,noEvent
6382,4,55,rld,14:40:04.727,29485,3.362,-0.242,0.181,-1.100,1.300,waitingForTarget,noEvent
6382,4,55,rld,14:40:04.758,29486,3.393,-0.283,0.230,0.000,0.000,waitingForTarget,noEvent
6382,4,55,rld,14:40:04.835,29487,3.462,-0.297,0.247,0.000,0.000,waitingForTarget,noEvent
6382,4,55,rld,14:40:04.884,29488,3.511,-0.302,0.252,0.000,0.000,waitingForTarget,noEvent
6382,4,55,rld,14:40:04.927,29489,0.043,-0.303,0.254,0.000,0.000,activeTracking,targetAppeared
6382,4,55,rld,14:40:04.973,29490,0.089,-0.304,0.254,0.000,0.000,activeTracking,noEvent
6382,4,55,rld,14:40:05.023,29491,0.138,-0.304,0.255,0.000,0.000,activeTracking,noEvent
6382,4,55,rld,14:40:05.058,29492,0.181,-0.304,0.255,0.000,0.000,activeTracking,noEvent
6382,4,55,rld,14:40:05.105,29493,0.226,-0.304,0.255,0.000,0.000,activeTracking,noEvent
6382,4,55,rld,14:40:05.152,29494,0.271,-0.304,0.255,0.000,0.000,activeTracking,noEvent
6382,4,55,rld,14:40:05.218,29495,0.333,-0.304,0.255,0.000,0.000,activeTracking,noEvent
6382,4,55,rld,14:40:05.263,29496,0.381,-0.304,0.255,0.000,0.000,activeTracking,noEvent
6382,4,55,rld,14:40:05.303,29497,0.427,-0.304,0.255,0.000,0.000,activeTracking,noEvent
6382,4,55,rld,14:40:05.357,29498,0.471,-0.304,0.255,0.000,0.000,activeTracking,noEvent
6382,4,55,rld,14:40:05.395,29499,0.514,-0.304,0.255,0.000,0.000,activeTracking,noEvent
6382,4,55,rld,14:40:05.444,29500,0.556,-0.304,0.255,0.000,0.000,activeTracking,noEvent
6382,4,55,rld,14:40:05.503,29501,0.619,-0.304,0.255,0.000,0.000,activeTracking,noEvent
6382,4,55,rld,14:40:05.552,29502,0.670,-0.304,0.255,0.000,0.000,activeTracking,noEvent
6382,4,55,rld,14:40:05.591,29503,0.710,-0.304,0.255,0.000,0.000,activeTracking,noEvent
6382,4,55,rld,14:40:05.638,29504,0.752,-0.304,0.255,0.000,0.000,activeTracking,noEvent
6382,4,55,rld,14:40:05.676,29505,0.794,-0.304,0.255,0.000,0.000,activeTracking,noEvent
6382,4,55,rld,14:40:05.741,29506,0.853,-0.304,0.255,0.000,0.000,activeTracking,noEvent
6382,4,55,rld,14:40:05.784,29507,0.898,-0.304,0.255,0.000,0.000,activeTracking,noEvent
6382,4,55,rld,14:40:05.826,29508,0.949,-0.304,0.255,0.000,0.000,activeTracking,noEvent
6382,4,55,rld,14:40:05.860,29509,0.984,-0.304,0.255,0.000,0.000,activeTracking,noEvent
6382,4,55,rld,14:40:05.911,29510,1.029,-0.304,0.255,0.000,0.000,activeTracking,noEvent
6382,4,55,rld,14:40:05.957,29511,1.070,-0.304,0.255,0.000,0.000,activeTracking,noEvent
6382,4,55,rld,14:40:05.997,29512,1.119,-0.304,0.255,0.000,0.000,activeTracking,noEvent
6382,4,55,rld,14:40:06.050,29513,1.166,-0.304,0.255,0.000,0.000,activeTracking,noEvent
6382,4,55,rld,14:40:06.086,29514,1.208,-0.304,0.255,0.000,0.000,activeTracking,noEvent
6382,4,55,rld,14:40:06.141,29515,1.256,-0.304,0.255,0.000,0.000,activeTracking,noEvent
6382,4,55,rld,14:40:06.175,29516,1.299,-0.304,0.255,0.000,0.000,activeTracking,noEvent
6382,4,55,rld,14:40:06.224,29517,1.346,-0.304,0.255,0.000,0.000,activeTracking,noEvent
6382,4,55,rld,14:40:06.273,29518,1.397,-0.304,0.255,0.000,0.000,activeTracking,noEvent
6382,4,55,rld,14:40:06.312,29519,1.432,-0.304,0.255,0.000,0.000,activeTracking,noEvent
6382,4,55,rld,14:40:06.353,29520,1.471,-0.304,0.255,0.000,0.000,activeTracking,noEvent
6382,4,55,rld,14:40:06.403,29521,1.520,-0.304,0.255,0.000,0.000,activeTracking,noEvent
6382,4,55,rld,14:40:06.444,29522,1.562,-0.304,0.255,0.000,0.000,activeTracking,noEvent
6382,4,55,rld,14:40:06.489,29523,1.603,-0.304,0.255,0.000,0.000,activeTracking,noEvent
6382,4,55,rld,14:40:06.543,29524,1.660,-0.304,0.255,0.000,0.000,activeTracking,noEvent
6382,4,55,rld,14:40:06.584,29525,1.701,-0.304,0.255,0.000,0.000,activeTracking,noEvent
6382,4,55,rld,14:40:06.622,29526,1.738,-0.304,0.255,0.000,0.000,activeTracking,noEvent
6382,4,55,rld,14:40:06.666,29527,1.787,-0.304,0.255,0.000,0.000,activeTracking,noEvent
6382,4,55,rld,14:40:06.715,29528,1.837,-0.304,0.255,0.000,0.000,activeTracking,noEvent
6382,4,55,rld,14:40:06.762,29529,1.873,-0.304,0.255,0.000,0.000,activeTracking,noEvent
6382,4,55,rld,14:40:06.819,29530,1.933,-0.304,0.255,0.000,0.000,activeTracking,noEvent
6382,4,55,rld,14:40:06.861,29531,1.986,-0.304,0.255,0.000,0.000,activeTracking,noEvent
6382,4,55,rld,14:40:06.920,29532,2.033,-0.304,0.255,0.000,0.000,activeTracking,noEvent
6382,4,55,rld,14:40:06.976,29533,2.092,-0.304,0.255,0.000,0.000,activeTracking,noEvent
6382,4,55,rld,14:40:07.020,29534,2.143,-0.304,0.255,0.000,0.000,activeTracking,noEvent
6382,4,55,rld,14:40:07.074,29535,2.189,-0.304,0.255,0.000,0.000,activeTracking,noEvent
6382,4,55,rld,14:40:07.118,29536,2.234,-0.304,0.255,0.000,0.000,activeTracking,noEvent
6382,4,55,rld,14:40:07.168,29537,2.282,-0.304,0.255,0.000,0.000,activeTracking,noEvent
6382,4,55,rld,14:40:07.206,29538,2.327,-0.304,0.255,0.000,0.000,activeTracking,noEvent
6382,4,55,rld,14:40:07.254,29539,2.369,-0.304,0.255,0.000,0.000,activeTracking,noEvent
6382,4,55,rld,14:40:07.325,29540,2.450,-0.304,0.255,0.000,0.000,activeTracking,noEvent
6382,4,55,rld,14:40:07.403,29541,2.529,-0.304,0.255,0.000,0.000,activeTracking,noEvent
6382,4,55,rld,14:40:07.456,29542,2.580,-0.304,0.255,0.000,0.000,activeTracking,noEvent
6382,4,55,rld,14:40:07.507,29543,2.629,-0.304,0.255,0.000,0.000,activeTracking,noEvent
6382,4,55,rld,14:40:07.546,29544,2.670,-0.304,0.255,0.000,0.000,activeTracking,noEvent
6382,4,55,rld,14:40:07.596,29545,2.713,-0.304,0.255,0.000,0.000,activeTracking,noEvent
6382,4,55,rld,14:40:07.676,29546,2.783,-0.304,0.255,0.000,0.000,activeTracking,noEvent
6382,4,55,rld,14:40:07.711,29547,2.835,-0.304,0.255,0.000,0.000,activeTracking,noEvent
6382,4,55,rld,14:40:07.762,29548,2.880,-0.304,0.255,0.000,0.000,activeTracking,noEvent
6382,4,55,rld,14:40:07.811,29549,2.930,-0.304,0.255,0.000,0.000,activeTracking,noEvent
6382,4,55,rld,14:40:07.852,29550,2.970,-0.304,0.255,0.000,0.000,activeTracking,noEvent
6382,4,55,rld,14:40:07.904,29551,3.018,-0.304,0.255,0.000,0.000,activeTracking,noEvent
6382,4,55,rld,14:40:07.943,29552,3.065,-0.304,0.255,0.000,0.000,activeTracking,noEvent
6382,4,55,rld,14:40:07.986,29553,3.110,-0.304,0.255,0.000,0.000,activeTracking,noEvent
6382,4,55,rld,14:40:08.032,29554,3.152,-0.304,0.255,0.000,0.000,activeTracking,noEvent
6382,4,55,rld,14:40:08.075,29555,3.199,-0.304,0.255,0.000,0.000,activeTracking,noEvent
6382,4,55,rld,14:40:08.125,29556,3.247,-0.304,0.255,0.000,0.000,activeTracking,noEvent
6382,4,55,rld,14:40:08.170,29557,3.289,-0.304,0.255,0.000,0.000,activeTracking,noEvent
6382,4,55,rld,14:40:08.219,29558,3.327,-0.304,0.255,0.000,0.000,activeTracking,noEvent
6382,4,55,rld,14:40:08.261,29559,3.382,-0.304,0.255,0.000,0.000,activeTracking,noEvent
6382,4,55,rld,14:40:08.308,29560,3.423,-0.304,0.255,0.000,0.000,activeTracking,noEvent
6382,4,55,rld,14:40:08.357,29561,3.481,-0.304,0.255,0.000,0.000,activeTracking,noEvent
6382,4,55,rld,14:40:08.410,29562,3.533,-0.304,0.255,0.000,0.000,activeTracking,noEvent
6382,4,55,rld,14:40:08.450,29563,3.569,-0.304,0.255,0.000,0.000,activeTracking,noEvent
6382,4,55,rld,14:40:08.504,29564,3.629,-0.304,0.255,0.000,0.000,activeTracking,noEvent
6382,4,55,rld,14:40:08.542,29565,3.662,-0.304,0.255,0.000,0.000,activeTracking,noEvent
6382,4,55,rld,14:40:08.573,29566,3.695,-0.304,0.255,0.000,0.000,activeTracking,noEvent
6382,4,55,rld,14:40:08.611,29567,3.736,-0.304,0.255,0.000,0.000,activeTracking,noEvent
6382,4,55,rld,14:40:08.686,29568,3.810,-0.304,0.255,0.000,0.000,activeTracking,noEvent
6382,4,55,rld,14:40:08.743,29569,3.861,-0.304,0.255,0.000,0.000,activeTracking,noEvent
6382,4,55,rld,14:40:08.794,29570,3.909,-0.304,0.255,0.000,0.000,activeTracking,noEvent
6382,4,55,rld,14:40:08.845,29571,3.970,-0.304,0.255,0.000,0.000,activeTracking,noEvent
6382,4,56,rld,14:40:29.772,29923,0.048,0.186,-0.134,0.000,0.000,activeTracking,targetAppeared
6382,4,56,rld,14:40:29.839,29924,0.120,0.186,-0.134,0.000,0.000,activeTracking,noEvent
6382,4,56,rld,14:40:29.894,29925,0.181,0.186,-0.134,0.000,0.000,activeTracking,noEvent
6382,4,56,rld,14:40:29.941,29926,0.232,0.186,-0.134,0.000,0.000,activeTracking,noEvent
6382,4,56,rld,14:40:29.989,29927,0.278,0.186,-0.134,0.000,0.000,activeTracking,noEvent
6382,4,56,rld,14:40:30.036,29928,0.317,0.186,-0.134,0.000,0.000,activeTracking,noEvent
6382,4,56,rld,14:40:30.075,29929,0.360,0.186,-0.134,0.000,0.000,activeTracking,noEvent
6382,4,56,rld,14:40:30.118,29930,0.399,0.186,-0.134,0.000,0.000,activeTracking,noEvent
6382,4,56,rld,14:40:30.168,29931,0.446,0.186,-0.134,0.000,0.000,activeTracking,noEvent
6382,4,56,rld,14:40:30.203,29932,0.487,0.186,-0.134,0.000,0.000,activeTracking,noEvent
6382,4,56,rld,14:40:30.243,29933,0.534,0.186,-0.134,0.000,0.000,activeTracking,noEvent
6382,4,56,rld,14:40:30.278,29934,0.568,0.186,-0.134,0.000,0.000,activeTracking,noEvent
6382,4,56,rld,14:40:30.333,29935,0.619,0.186,-0.134,0.000,0.000,activeTracking,noEvent
6382,4,56,rld,14:40:30.372,29936,0.654,0.186,-0.134,0.000,0.000,activeTracking,noEvent
6382,4,56,rld,14:40:30.403,29937,0.694,0.186,-0.134,0.000,0.000,activeTracking,noEvent
6382,4,56,rld,14:40:30.456,29938,0.738,0.186,-0.134,0.000,0.000,activeTracking,noEvent
6382,4,56,rld,14:40:30.511,29939,0.797,0.186,-0.134,0.000,0.000,activeTracking,noEvent
6382,4,56,rld,14:40:30.676,29940,0.936,-0.129,-0.235,-2.800,-0.900,activeTracking,noEvent
6382,4,56,rld,14:40:30.972,29941,1.234,-1.071,-0.587,-7.400,-2.800,activeTracking,noEvent
6382,4,56,rld,14:40:31.087,29942,1.347,-1.701,-0.790,-2.700,-0.700,activeTracking,noEvent
6382,4,56,rld,14:40:31.194,29943,1.481,-2.066,-0.862,-1.300,0.000,activeTracking,noEvent
6382,4,56,rld,14:40:31.273,29944,1.546,-2.224,-0.887,-0.300,0.000,activeTracking,noEvent
6382,4,56,rld,14:40:31.358,29945,1.647,-2.372,-0.897,-0.800,0.000,activeTracking,noEvent
6382,4,56,rld,14:40:31.454,29946,1.728,-2.470,-0.890,-0.400,0.100,activeTracking,noEvent
6382,4,56,rld,14:40:31.525,29947,1.810,-2.527,-0.865,-0.200,0.200,activeTracking,noEvent
6382,4,56,rld,14:40:31.668,29948,1.950,-2.545,-0.739,0.000,1.000,activeTracking,noEvent
6382,4,56,rld,14:40:31.752,29949,2.017,-2.528,-0.592,0.200,0.900,activeTracking,noEvent
6382,4,56,rld,14:40:31.839,29950,2.117,-2.498,-0.473,0.200,0.600,activeTracking,noEvent
6382,4,56,rld,14:40:31.938,29951,2.213,-2.416,-0.363,0.600,0.600,activeTracking,noEvent
6382,4,56,rld,14:40:32.038,29952,2.293,-2.341,-0.280,0.400,0.400,activeTracking,noEvent
6382,4,56,rld,14:40:32.107,29953,2.393,-2.292,-0.218,0.200,0.300,activeTracking,noEvent
6382,4,56,rld,14:40:32.164,29954,2.453,-2.276,-0.185,0.000,0.100,activeTracking,noEvent
6382,4,56,rld,14:40:32.231,29955,2.517,-2.271,-0.152,0.000,0.200,activeTracking,noEvent
6382,4,56,rld,14:40:32.303,29956,2.587,-2.269,-0.129,0.000,0.100,activeTracking,noEvent
6382,4,56,rld,14:40:32.371,29957,2.649,-2.268,-0.121,0.000,0.000,activeTracking,noEvent
6382,4,56,rld,14:40:32.417,29958,2.704,-2.268,-0.119,0.000,0.000,activeTracking,noEvent
6382,4,56,rld,14:40:32.466,29959,2.751,-2.268,-0.118,0.000,0.000,activeTracking,noEvent
6382,4,56,rld,14:40:32.531,29960,2.816,-2.268,-0.117,0.000,0.000,activeTracking,noEvent
6382,4,56,rld,14:40:32.615,29961,2.885,-2.292,-0.117,-0.200,0.000,activeTracking,noEvent
6382,4,56,rld,14:40:32.674,29962,2.965,-2.371,-0.117,-0.600,0.000,onTarget,noEvent
6382,4,56,rld,14:40:32.738,29963,3.026,-2.410,-0.117,-0.100,0.000,onTarget,noEvent
6382,4,56,rld,14:40:32.800,29964,3.085,-2.434,-0.117,-0.100,0.000,onTarget,noEvent
6382,4,56,rld,14:40:32.850,29965,3.141,-2.443,-0.117,0.000,0.000,onTarget,noEvent
6382,4,56,rld,14:40:32.899,29966,3.185,-2.446,-0.117,0.000,0.000,onTarget,noEvent
6382,4,56,rld,14:40:32.955,29967,3.238,-2.446,-0.117,0.000,0.000,onTarget,noEvent
6382,4,56,rld,14:40:33.011,29968,3.299,-2.447,-0.117,0.000,0.000,onTarget,noEvent
6382,4,56,rld,14:40:33.031,29969,3.321,-2.447,-0.117,0.000,0.000,onTarget,noEvent
6382,4,56,rld,14:40:33.081,29970,3.369,-2.447,-0.117,0.000,0.000,onTarget,noEvent
6382,4,56,rld,14:40:33.116,29971,3.408,-2.447,-0.117,0.000,0.000,onTarget,noEvent
6382,4,56,rld,14:40:33.155,29972,3.447,-2.447,-0.117,0.000,0.000,onTarget,noEvent
6382,4,56,rld,14:40:33.210,29973,3.480,-2.447,-0.117,0.000,0.000,onTarget,noEvent
6382,4,56,rld,14:40:33.260,29974,3.547,-2.447,-0.117,0.000,0.000,onTarget,noEvent
6382,4,56,rld,14:40:33.323,29975,3.610,-2.447,-0.117,0.000,0.000,onTarget,noEvent
6382,4,56,rld,14:40:33.419,29976,3.702,-2.447,-0.117,0.000,0.000,onTarget,targetClick
6382,4,57,rld,14:40:36.933,30030,3.763,0.236,-0.100,0.000,0.000,waitingForTarget,middleTargetClick
6382,4,57,rld,14:40:37.005,30031,3.839,0.236,-0.100,0.000,0.000,waitingForTarget,noEvent
6382,4,57,rld,14:40:37.063,30032,3.900,0.236,-0.100,0.000,0.000,waitingForTarget,noEvent
6382,4,57,rld,14:40:37.105,30033,3.951,0.236,-0.100,0.000,0.000,waitingForTarget,noEvent
6382,4,57,rld,14:40:37.151,30034,3.992,0.236,-0.100,0.000,0.000,waitingForTarget,noEvent
6382,4,57,rld,14:40:37.424,30040,0.072,0.236,-0.100,0.000,0.000,activeTracking,targetAppeared
6382,4,57,rld,14:40:37.474,30041,0.121,0.236,-0.100,0.000,0.000,activeTracking,noEvent
6382,4,57,rld,14:40:37.525,30042,0.169,0.236,-0.100,0.000,0.000,activeTracking,noEvent
6382,4,57,rld,14:40:37.572,30043,0.217,0.236,-0.100,0.000,0.000,activeTracking,noEvent
6382,4,57,rld,14:40:37.610,30044,0.256,0.236,-0.100,0.000,0.000,activeTracking,noEvent
6382,4,57,rld,14:40:37.704,30045,0.324,0.236,-0.100,0.000,0.000,activeTracking,noEvent
6382,4,57,rld,14:40:37.748,30046,0.395,0.236,-0.100,0.000,0.000,activeTracking,noEvent
6382,4,57,rld,14:40:37.971,30047,0.592,-0.383,-0.089,-5.500,0.100,activeTracking,noEvent
6382,4,57,rld,14:40:38.196,30048,0.813,-1.340,-0.153,-6.600,-0.600,activeTracking,noEvent
6382,4,57,rld,14:40:38.276,30049,0.908,-1.990,-0.233,-2.800,-0.500,activeTracking,noEvent
6382,4,57,rld,14:40:38.384,30050,1.016,-2.329,-0.260,-1.000,0.000,activeTracking,noEvent
6382,4,57,rld,14:40:38.446,30051,1.091,-2.479,-0.270,-0.300,0.000,onTarget,noEvent
6382,4,57,rld,14:40:38.516,30052,1.146,-2.542,-0.273,-0.100,0.000,onTarget,noEvent
6382,4,57,rld,14:40:38.589,30053,1.227,-2.623,-0.274,-0.500,0.000,onTarget,noEvent
6382,4,57,rld,14:40:38.647,30054,1.293,-2.674,-0.275,-0.200,0.000,onTarget,noEvent
6382,4,57,rld,14:40:38.694,30055,1.340,-2.691,-0.275,0.000,0.000,onTarget,noEvent
6382,4,57,rld,14:40:38.801,30056,1.426,-2.685,-0.263,0.100,0.100,onTarget,noEvent
6382,4,57,rld,14:40:38.885,30057,1.519,-2.574,-0.189,0.900,0.600,onTarget,noEvent
6382,4,57,rld,14:40:38.944,30058,1.594,-2.501,-0.141,0.300,0.200,onTarget,noEvent
6382,4,57,rld,14:40:39.015,30059,1.652,-2.465,-0.125,0.100,0.000,onTarget,noEvent
6382,4,57,rld,14:40:39.056,30060,1.702,-2.453,-0.120,0.000,0.000,onTarget,noEvent
6382,4,57,rld,14:40:39.113,30061,1.758,-2.449,-0.118,0.000,0.000,onTarget,noEvent
6382,4,57,rld,14:40:39.157,30062,1.806,-2.448,-0.118,0.000,0.000,onTarget,noEvent
6382,4,57,rld,14:40:39.205,30063,1.855,-2.447,-0.118,0.000,0.000,onTarget,noEvent
6382,4,57,rld,14:40:39.235,30064,1.884,-2.447,-0.117,0.000,0.000,onTarget,noEvent
6382,4,57,rld,14:40:39.283,30065,1.928,-2.447,-0.117,0.000,0.000,onTarget,noEvent
6382,4,57,rld,14:40:39.326,30066,1.975,-2.447,-0.117,0.000,0.000,onTarget,noEvent
6382,4,57,rld,14:40:39.410,30067,2.048,-2.447,-0.117,0.000,0.000,onTarget,noEvent
6382,4,57,rld,14:40:39.472,30068,2.108,-2.447,-0.117,0.000,0.000,onTarget,noEvent
6382,4,57,rld,14:40:39.535,30069,2.175,-2.447,-0.117,0.000,0.000,onTarget,targetClick
6382,4,58,rld,14:40:42.343,30108,2.280,-0.101,-0.066,0.000,0.000,waitingForTarget,middleTargetClick
6382,4,58,rld,14:40:42.388,30109,2.335,-0.101,-0.066,0.000,0.000,waitingForTarget,noEvent
6382,4,58,rld,14:40:42.450,30110,2.399,-0.101,-0.066,0.000,0.000,waitingForTarget,noEvent
6382,4,58,rld,14:40:42.492,30111,2.442,-0.101,-0.066,0.000,0.000,waitingForTarget,noEvent
6382,4,58,rld,14:40:42.534,30112,2.476,-0.101,-0.066,0.000,0.000,waitingForTarget,noEvent
6382,4,58,rld,14:40:42.584,30113,2.523,-0.101,-0.066,0.000,0.000,waitingForTarget,noEvent
6382,4,58,rld,14:40:42.620,30114,2.565,-0.101,-0.066,0.000,0.000,waitingForTarget,noEvent
6382,4,58,rld,14:40:42.667,30115,2.605,-0.101,-0.066,0.000,0.000,waitingForTarget,noEvent
6382,4,58,rld,14:40:42.715,30116,2.656,-0.101,-0.066,0.000,0.000,waitingForTarget,noEvent
6382,4,58,rld,14:40:42.742,30117,2.687,-0.101,-0.066,0.000,0.000,waitingForTarget,noEvent
6382,4,58,rld,14:40:42.804,30118,0.065,-0.101,-0.066,0.000,0.000,activeTracking,targetAppeared
6382,4,58,rld,14:40:42.852,30119,0.104,-0.101,-0.066,0.000,0.000,activeTracking,noEvent
6382,4,58,rld,14:40:42.902,30120,0.149,-0.101,-0.066,0.000,0.000,activeTracking,noEvent
6382,4,58,rld,14:40:42.943,30121,0.190,-0.101,-0.066,0.000,0.000,activeTracking,noEvent
6382,4,58,rld,14:40:42.992,30122,0.241,-0.101,-0.066,0.000,0.000,activeTracking,noEvent
6382,4,58,rld,14:40:43.043,30123,0.304,-0.101,-0.066,0.000,0.000,activeTracking,noEvent
6382,4,58,rld,14:40:43.222,30124,0.457,0.450,0.193,4.900,2.300,activeTracking,noEvent
6382,4,58,rld,14:40:43.342,30125,0.584,1.340,0.374,6.200,0.800,activeTracking,noEvent
6382,4,58,rld,14:40:43.526,30126,0.746,2.143,0.314,4.300,-1.100,activeTracking,noEvent
6382,4,58,rld,14:40:43.635,30127,0.883,2.730,0.215,2.600,-0.700,onTarget,noEvent
6382,4,58,rld,14:40:43.727,30128,0.987,2.991,0.147,0.500,-0.300,onTarget,noEvent
6382,4,58,rld,14:40:43.835,30129,1.086,3.129,0.077,0.400,-0.400,activeTracking,noEvent
6382,4,58,rld,14:40:43.922,30130,1.180,3.250,-0.053,0.600,-0.900,activeTracking,noEvent
6382,4,58,rld,14:40:44.021,30131,1.265,3.316,-0.156,0.200,-0.500,activeTracking,noEvent
6382,4,58,rld,14:40:44.110,30132,1.363,3.187,-0.296,-1.200,-0.900,activeTracking,noEvent
6382,4,58,rld,14:40:44.238,30133,1.488,3.008,-0.354,-1.100,-0.100,activeTracking,noEvent
6382,4,58,rld,14:40:44.346,30134,1.583,2.839,-0.325,-0.900,0.400,activeTracking,noEvent
6382,4,58,rld,14:40:44.408,30135,1.665,2.746,-0.268,-0.300,0.400,onTarget,noEvent
6382,4,58,rld,14:40:44.481,30136,1.729,2.703,-0.238,-0.100,0.100,onTarget,noEvent
6382,4,58,rld,14:40:44.534,30137,1.796,2.689,-0.228,0.000,0.000,onTarget,noEvent
6382,4,58,rld,14:40:44.599,30138,1.843,2.684,-0.224,0.000,0.000,onTarget,noEvent
6382,4,58,rld,14:40:44.643,30139,1.901,2.683,-0.223,0.000,0.000,onTarget,noEvent
6382,4,58,rld,14:40:44.721,30140,1.962,2.682,-0.199,0.000,0.200,onTarget,noEvent
6382,4,58,rld,14:40:44.777,30141,2.020,2.682,-0.192,0.000,0.000,onTarget,noEvent
6382,4,58,rld,14:40:44.838,30142,2.097,2.682,-0.189,0.000,0.000,onTarget,noEvent
6382,4,58,rld,14:40:44.909,30143,2.168,2.682,-0.188,0.000,0.000,onTarget,noEvent
6382,4,58,rld,14:40:44.946,30144,2.205,2.682,-0.188,0.000,0.000,onTarget,noEvent
6382,4,58,rld,14:40:44.998,30145,2.249,2.682,-0.188,0.000,0.000,onTarget,noEvent
6382,4,58,rld,14:40:45.032,30146,2.287,2.682,-0.188,0.000,0.000,onTarget,noEvent
6382,4,58,rld,14:40:45.082,30147,2.340,2.682,-0.188,0.000,0.000,onTarget,noEvent
6382,4,58,rld,14:40:45.140,30148,2.386,2.682,-0.188,0.000,0.000,onTarget,noEvent
6382,4,58,rld,14:40:45.193,30149,2.451,2.682,-0.188,0.000,0.000,onTarget,noEvent
6382,4,58,rld,14:40:45.252,30150,2.508,2.682,-0.188,0.000,0.000,onTarget,noEvent
6382,4,58,rld,14:40:45.383,30151,2.635,2.682,-0.188,0.000,0.000,onTarget,noEvent
6382,4,58,rld,14:40:45.435,30152,2.695,2.682,-0.188,0.000,0.000,onTarget,noEvent
6382,4,58,rld,14:40:45.475,30153,2.734,2.682,-0.188,0.000,0.000,onTarget,noEvent
6382,4,58,rld,14:40:45.546,30154,2.807,2.682,-0.188,0.000,0.000,onTarget,noEvent
6382,4,58,rld,14:40:45.603,30155,2.855,2.682,-0.188,0.000,0.000,onTarget,noEvent
6382,4,58,rld,14:40:45.654,30156,2.908,2.682,-0.188,0.000,0.000,onTarget,noEvent
6382,4,58,rld,14:40:45.705,30157,2.967,2.682,-0.188,0.000,0.000,onTarget,noEvent
6382,4,58,rld,14:40:45.751,30158,3.004,2.682,-0.188,0.000,0.000,onTarget,noEvent
6382,4,58,rld,14:40:45.803,30159,3.054,2.682,-0.188,0.000,0.000,onTarget,noEvent
6382,4,58,rld,14:40:45.843,30160,3.105,2.682,-0.188,0.000,0.000,onTarget,noEvent
6382,4,58,rld,14:40:45.889,30161,3.149,2.682,-0.188,0.000,0.000,onTarget,noEvent
6382,4,58,rld,14:40:45.947,30162,3.199,2.682,-0.188,0.000,0.000,onTarget,noEvent
6382,4,58,rld,14:40:45.985,30163,3.238,2.682,-0.188,0.000,0.000,onTarget,noEvent
6382,4,58,rld,14:40:46.024,30164,3.287,2.682,-0.188,0.000,0.000,onTarget,noEvent
6382,4,58,rld,14:40:46.075,30165,3.334,2.682,-0.188,0.000,0.000,onTarget,noEvent
6382,4,58,rld,14:40:46.121,30166,3.380,2.682,-0.188,0.000,0.000,onTarget,noEvent
6382,4,58,rld,14:40:46.172,30167,3.431,2.682,-0.188,0.000,0.000,onTarget,noEvent
6382,4,58,rld,14:40:46.202,30168,3.460,2.682,-0.188,0.000,0.000,onTarget,noEvent
6382,4,58,rld,14:40:46.264,30169,3.508,2.682,-0.188,0.000,0.000,onTarget,noEvent
6382,4,58,rld,14:40:46.302,30170,3.561,2.682,-0.188,0.000,0.000,onTarget,noEvent
6382,4,58,rld,14:40:46.354,30171,3.602,2.682,-0.188,0.000,0.000,onTarget,noEvent
6382,4,58,rld,14:40:46.400,30172,3.656,2.682,-0.188,0.000,0.000,onTarget,noEvent
6382,4,58,rld,14:40:46.440,30173,3.702,2.682,-0.188,0.000,0.000,onTarget,noEvent
6382,4,58,rld,14:40:46.542,30174,3.797,2.682,-0.188,0.000,0.000,onTarget,noEvent
6382,4,58,rld,14:40:46.583,30175,3.841,2.682,-0.188,0.000,0.000,onTarget,noEvent
6382,4,58,rld,14:40:46.622,30176,3.879,2.682,-0.188,0.000,0.000,onTarget,noEvent
6382,4,58,rld,14:40:46.683,30177,3.930,2.682,-0.188,0.000,0.000,onTarget,noEvent
6382,4,58,rld,14:40:46.731,30178,3.987,2.682,-0.188,0.000,0.000,onTarget,noEvent
6382,4,59,rld,14:40:51.914,30250,0.054,-0.287,0.001,0.000,0.000,activeTracking,targetAppeared
6382,4,59,rld,14:40:51.964,30251,0.107,-0.287,0.001,0.000,0.000,activeTracking,noEvent
6382,4,59,rld,14:40:52.004,30252,0.135,-0.287,0.001,0.000,0.000,activeTracking,noEvent
6382,4,59,rld,14:40:52.098,30253,0.226,-0.287,0.001,0.000,0.000,activeTracking,noEvent
6382,4,59,rld,14:40:52.183,30254,0.309,-0.287,0.001,0.000,0.000,activeTracking,noEvent
6382,4,59,rld,14:40:52.466,30255,0.587,0.625,0.453,8.100,4.000,activeTracking,noEvent
6382,4,59,rld,14:40:52.643,30256,0.746,0.242,0.422,-6.100,-1.600,activeTracking,noEvent
6382,4,59,rld,14:40:52.741,30257,0.881,-0.189,0.412,-2.700,0.000,activeTracking,noEvent
6382,4,59,rld,14:40:52.797,30258,0.937,-0.333,0.409,0.000,0.000,activeTracking,noEvent
6382,4,59,rld,14:40:52.836,30259,0.977,-0.381,0.408,0.000,0.000,activeTracking,noEvent
6382,4,59,rld,14:40:52.884,30260,1.017,-0.397,0.407,0.000,0.000,activeTracking,noEvent
6382,4,59,rld,14:40:52.920,30261,1.062,-0.403,0.407,0.000,0.000,activeTracking,noEvent
6382,4,59,rld,14:40:52.973,30262,1.108,-0.404,0.407,0.000,0.000,activeTracking,noEvent
6382,4,59,rld,14:40:53.025,30263,1.163,-0.405,0.407,0.000,0.000,activeTracking,noEvent
6382,4,59,rld,14:40:53.145,30264,1.251,-1.085,0.376,-6.000,-0.300,activeTracking,noEvent
6382,4,59,rld,14:40:53.225,30265,1.348,-1.543,0.368,-2.000,0.000,activeTracking,noEvent
6382,4,59,rld,14:40:53.372,30266,1.503,-2.118,0.207,-3.600,-1.400,activeTracking,noEvent
6382,4,59,rld,14:40:53.450,30267,1.587,-2.637,0.015,-2.700,-1.200,onTarget,noEvent
6382,4,59,rld,14:40:53.512,30268,1.649,-2.837,-0.050,-0.200,0.000,onTarget,noEvent
6382,4,59,rld,14:40:53.563,30269,1.699,-2.904,-0.071,0.000,0.000,onTarget,noEvent
6382,4,59,rld,14:40:53.601,30270,1.734,-2.927,-0.079,0.000,0.000,onTarget,noEvent
6382,4,59,rld,14:40:53.654,30271,1.790,-2.934,-0.081,0.000,0.000,onTarget,noEvent
6382,4,59,rld,14:40:53.726,30272,1.854,-2.937,-0.094,0.000,-0.100,onTarget,noEvent
6382,4,59,rld,14:40:53.803,30273,1.926,-2.901,-0.110,0.300,-0.100,onTarget,noEvent
6382,4,59,rld,14:40:53.855,30274,1.987,-2.889,-0.115,0.000,0.000,onTarget,noEvent
6382,4,59,rld,14:40:53.893,30275,2.034,-2.885,-0.117,0.000,0.000,onTarget,noEvent
6382,4,59,rld,14:40:53.954,30276,2.087,-2.883,-0.117,0.000,0.000,onTarget,noEvent
6382,4,59,rld,14:40:54.023,30277,2.164,-2.858,-0.118,0.200,0.000,onTarget,noEvent
6382,4,59,rld,14:40:54.101,30278,2.241,-2.801,-0.082,0.400,0.300,onTarget,noEvent
6382,4,59,rld,14:40:54.156,30279,2.294,-2.770,-0.059,0.100,0.100,onTarget,noEvent
6382,4,59,rld,14:40:54.196,30280,2.335,-2.760,-0.051,0.000,0.000,onTarget,noEvent
6382,4,59,rld,14:40:54.234,30281,2.375,-2.756,-0.049,0.000,0.000,onTarget,noEvent
6382,4,59,rld,14:40:54.285,30282,2.425,-2.755,-0.048,0.000,0.000,onTarget,noEvent
6382,4,59,rld,14:40:54.335,30283,2.467,-2.755,-0.047,0.000,0.000,onTarget,noEvent
6382,4,59,rld,14:40:54.376,30284,2.514,-2.755,-0.047,0.000,0.000,onTarget,noEvent
6382,4,59,rld,14:40:54.419,30285,2.553,-2.755,-0.047,0.000,0.000,onTarget,noEvent
6382,4,59,rld,14:40:54.463,30286,2.599,-2.755,-0.047,0.000,0.000,onTarget,noEvent
6382,4,59,rld,14:40:54.540,30287,2.676,-2.755,-0.047,0.000,0.000,onTarget,targetClick
6382,4,60,rld,14:40:57.466,30326,2.786,-0.203,0.035,0.000,0.000,waitingForTarget,middleTargetClick
6382,4,60,rld,14:40:57.531,30327,2.870,-0.203,0.035,0.000,0.000,waitingForTarget,noEvent
6382,4,60,rld,14:40:57.582,30328,2.914,-0.203,0.035,0.000,0.000,waitingForTarget,noEvent
6382,4,60,rld,14:40:57.636,30329,2.977,-0.203,0.035,0.000,0.000,waitingForTarget,noEvent
6382,4,60,rld,14:40:57.702,30330,3.041,-0.203,0.035,0.000,0.000,waitingForTarget,noEvent
6382,4,60,rld,14:40:57.753,30331,3.085,-0.203,0.035,0.000,0.000,waitingForTarget,noEvent
6382,4,60,rld,14:40:57.814,30332,3.148,-0.203,0.035,0.000,0.000,waitingForTarget,noEvent
6382,4,60,rld,14:40:57.854,30333,3.191,-0.203,0.035,0.000,0.000,waitingForTarget,noEvent
6382,4,60,rld,14:40:57.902,30334,0.040,-0.203,0.035,0.000,0.000,activeTracking,targetAppeared
6382,4,60,rld,14:40:57.950,30335,0.092,-0.203,0.035,0.000,0.000,activeTracking,noEvent
6382,4,60,rld,14:40:57.988,30336,0.138,-0.203,0.035,0.000,0.000,activeTracking,noEvent
6382,4,60,rld,14:40:58.041,30337,0.185,-0.203,0.035,0.000,0.000,activeTracking,noEvent
6382,4,60,rld,14:40:58.087,30338,0.236,-0.203,0.035,0.000,0.000,activeTracking,noEvent
6382,4,60,rld,14:40:58.132,30339,0.277,-0.203,0.035,0.000,0.000,activeTracking,noEvent
6382,4,60,rld,14:40:58.165,30340,0.307,-0.203,0.035,0.000,0.000,activeTracking,noEvent
6382,4,60,rld,14:40:58.217,30341,0.369,-0.203,0.035,0.000,0.000,activeTracking,noEvent
6382,4,60,rld,14:40:58.254,30342,0.405,-0.203,0.035,0.000,0.000,activeTracking,noEvent
6382,4,60,rld,14:40:58.309,30343,0.453,-0.203,0.035,0.000,0.000,activeTracking,noEvent
6382,4,60,rld,14:40:58.356,30344,0.495,-0.203,0.035,0.000,0.000,activeTracking,noEvent
6382,4,60,rld,14:40:58.417,30345,0.555,-0.203,0.035,0.000,0.000,activeTracking,noEvent
6382,4,60,rld,14:40:58.590,30346,0.690,0.733,0.703,8.300,5.900,activeTracking,noEvent
6382,4,60,rld,14:40:58.808,30347,0.945,1.817,0.942,6.700,0.000,activeTracking,noEvent
6382,4,60,rld,14:40:58.972,30348,1.056,2.558,0.954,3.100,-0.700,activeTracking,noEvent
6382,4,60,rld,14:40:59.069,30349,1.206,3.268,0.998,3.700,0.200,activeTracking,noEvent
6382,4,60,rld,14:40:59.148,30350,1.286,3.524,0.978,0.100,-0.300,activeTracking,noEvent
6382,4,60,rld,14:40:59.234,30351,1.368,3.611,0.911,0.000,-0.500,activeTracking,noEvent
6382,4,60,rld,14:40:59.311,30352,1.454,3.640,0.840,0.000,-0.400,activeTracking,noEvent
6382,4,60,rld,14:40:59.403,30353,1.542,3.598,0.694,-0.400,-1.000,activeTracking,noEvent
6382,4,60,rld,14:40:59.495,30354,1.639,3.381,0.389,-1.600,-2.100,activeTracking,noEvent
6382,4,60,rld,14:40:59.657,30355,1.775,2.973,0.214,-2.700,-0.600,onTarget,noEvent
6382,4,60,rld,14:40:59.721,30356,1.869,2.754,0.156,-0.700,0.000,onTarget,noEvent
6382,4,60,rld,14:40:59.798,30357,1.930,2.669,0.137,-0.100,0.000,onTarget,noEvent
6382,4,60,rld,14:40:59.919,30358,2.045,2.617,0.095,-0.200,-0.300,onTarget,noEvent
6382,4,60,rld,14:41:00.032,30359,2.169,2.444,-0.035,-1.300,-1.000,onTarget,noEvent
6382,4,60,rld,14:41:00.165,30360,2.291,2.410,0.049,0.200,1.100,onTarget,noEvent
6382,4,60,rld,14:41:00.265,30361,2.396,2.482,0.147,0.700,0.600,onTarget,noEvent
6382,4,60,rld,14:41:00.336,30362,2.469,2.555,0.180,0.400,0.000,onTarget,noEvent
6382,4,60,rld,14:41:00.418,30363,2.566,2.627,0.192,0.400,0.000,onTarget,noEvent
6382,4,60,rld,14:41:00.463,30364,2.609,2.664,0.196,0.100,0.000,onTarget,noEvent
6382,4,60,rld,14:41:00.516,30365,2.659,2.676,0.197,0.000,0.000,onTarget,noEvent
6382,4,60,rld,14:41:00.555,30366,2.706,2.680,0.198,0.000,0.000,onTarget,noEvent
6382,4,60,rld,14:41:00.600,30367,2.744,2.681,0.198,0.000,0.000,onTarget,noEvent
6382,4,60,rld,14:41:00.651,30368,2.803,2.682,0.198,0.000,0.000,onTarget,noEvent
6382,4,60,rld,14:41:00.689,30369,2.838,2.682,0.198,0.000,0.000,onTarget,noEvent
6382,4,60,rld,14:41:00.873,30370,3.008,2.682,0.198,0.000,0.000,onTarget,noEvent
6382,4,60,rld,14:41:00.953,30371,3.099,2.682,0.198,0.000,0.000,onTarget,targetClick;
6382,5,1,rld,14:41:40.337,31106,3.174,0.253,0.272,0.000,0.000,waitingForTarget,middleTargetClick
6382,5,1,rld,14:41:40.384,31107,3.226,0.253,0.272,0.000,0.000,waitingForTarget,noEvent
6382,5,1,rld,14:41:40.428,31108,3.258,0.253,0.272,0.000,0.000,waitingForTarget,noEvent
6382,5,1,rld,14:41:40.463,31109,3.302,0.253,0.272,0.000,0.000,waitingForTarget,noEvent
6382,5,1,rld,14:41:40.521,31110,3.359,0.253,0.272,0.000,0.000,waitingForTarget,noEvent
6382,5,1,rld,14:41:40.576,31111,3.409,0.253,0.272,0.000,0.000,waitingForTarget,noEvent
6382,5,1,rld,14:41:40.624,31112,3.465,0.253,0.272,0.000,0.000,waitingForTarget,noEvent
6382,5,1,rld,14:41:40.663,31113,3.499,0.253,0.272,0.000,0.000,waitingForTarget,noEvent
6382,5,1,rld,14:41:40.716,31114,3.549,0.253,0.272,0.000,0.000,waitingForTarget,noEvent
6382,5,1,rld,14:41:40.756,31115,3.591,0.253,0.272,0.000,0.000,waitingForTarget,noEvent
6382,5,1,rld,14:41:40.819,31116,0.056,0.253,0.272,0.000,0.000,activeTracking,targetAppeared
6382,5,1,rld,14:41:40.869,31117,0.119,0.253,0.272,0.000,0.000,activeTracking,noEvent
6382,5,1,rld,14:41:40.916,31118,0.154,0.253,0.272,0.000,0.000,activeTracking,noEvent
6382,5,1,rld,14:41:40.965,31119,0.217,0.253,0.272,0.000,0.000,activeTracking,noEvent
6382,5,1,rld,14:41:41.007,31120,0.257,0.253,0.272,0.000,0.000,activeTracking,noEvent
6382,5,1,rld,14:41:41.068,31121,0.306,0.253,0.272,0.000,0.000,activeTracking,noEvent
6382,5,1,rld,14:41:41.121,31122,0.369,0.253,0.272,0.000,0.000,activeTracking,noEvent
6382,5,1,rld,14:41:41.172,31123,0.416,0.253,0.272,0.000,0.000,activeTracking,noEvent
6382,5,1,rld,14:41:41.220,31124,0.469,0.253,0.272,0.000,0.000,activeTracking,noEvent
6382,5,1,rld,14:41:41.285,31125,0.526,0.253,0.272,0.000,0.000,activeTracking,noEvent
6382,5,1,rld,14:41:41.340,31126,0.587,0.253,0.272,0.000,0.000,activeTracking,noEvent
6382,5,1,rld,14:41:41.386,31127,0.637,0.253,0.272,0.000,0.000,activeTracking,noEvent
6382,5,1,rld,14:41:41.447,31128,0.693,0.253,0.272,0.000,0.000,activeTracking,noEvent
6382,5,1,rld,14:41:41.498,31129,0.738,0.253,0.272,0.000,0.000,activeTracking,noEvent
6382,5,1,rld,14:41:41.557,31130,0.794,0.253,0.272,0.000,0.000,activeTracking,noEvent
6382,5,1,rld,14:41:41.599,31131,0.844,0.253,0.272,0.000,0.000,activeTracking,noEvent
6382,5,1,rld,14:41:41.740,31132,0.967,0.163,0.260,-0.800,-0.100,activeTracking,noEvent
6382,5,1,rld,14:41:41.905,31133,1.123,-0.633,0.212,-6.800,-0.400,activeTracking,noEvent
6382,5,1,rld,14:41:42.010,31134,1.227,-1.287,0.198,-3.400,0.000,activeTracking,noEvent
6382,5,1,rld,14:41:42.096,31135,1.333,-1.867,0.149,-3.100,-0.400,activeTracking,noEvent
6382,5,1,rld,14:41:42.219,31136,1.453,-2.514,0.077,-3.800,-0.500,onTarget,noEvent
6382,5,1,rld,14:41:42.323,31137,1.568,-3.066,0.007,-2.700,-0.400,onTarget,noEvent
6382,5,1,rld,14:41:42.373,31138,1.621,-3.342,-0.016,-0.700,0.000,activeTracking,noEvent
6382,5,1,rld,14:41:42.425,31139,1.671,-3.460,-0.024,-0.200,0.000,activeTracking,noEvent
6382,5,1,rld,14:41:42.479,31140,1.725,-3.512,-0.027,-0.100,0.000,activeTracking,noEvent
6382,5,1,rld,14:41:42.511,31141,1.759,-3.530,-0.028,0.000,0.000,activeTracking,noEvent
6382,5,1,rld,14:41:42.561,31142,1.804,-3.549,-0.040,-0.100,-0.100,activeTracking,noEvent
6382,5,1,rld,14:41:42.602,31143,1.854,-3.580,-0.044,-0.200,0.000,activeTracking,noEvent
6382,5,1,rld,14:41:42.653,31144,1.893,-3.591,-0.045,0.000,0.000,activeTracking,noEvent
6382,5,1,rld,14:41:42.697,31145,1.943,-3.594,-0.046,0.000,0.000,activeTracking,noEvent
6382,5,1,rld,14:41:42.753,31146,1.990,-3.583,-0.046,0.100,0.000,activeTracking,noEvent
6382,5,1,rld,14:41:42.866,31147,2.089,-3.401,-0.034,1.400,0.100,activeTracking,noEvent
6382,5,1,rld,14:41:42.950,31148,2.188,-2.930,-0.008,3.300,0.200,onTarget,noEvent
6382,5,1,rld,14:41:43.006,31149,2.249,-2.716,0.001,0.500,0.000,onTarget,noEvent
6382,5,1,rld,14:41:43.048,31150,2.297,-2.632,0.003,0.100,0.000,onTarget,noEvent
6382,5,1,rld,14:41:43.102,31151,2.339,-2.593,0.004,0.100,0.000,onTarget,noEvent
6382,5,1,rld,14:41:43.149,31152,2.391,-2.555,0.016,0.200,0.100,onTarget,noEvent
6382,5,1,rld,14:41:43.202,31153,2.453,-2.519,0.020,0.200,0.000,onTarget,noEvent
6382,5,1,rld,14:41:43.247,31154,2.499,-2.507,0.021,0.000,0.000,onTarget,noEvent
6382,5,1,rld,14:41:43.268,31155,2.519,-2.503,0.022,0.000,0.000,onTarget,noEvent
6382,5,1,rld,14:41:43.303,31156,2.555,-2.501,0.022,0.000,0.000,onTarget,noEvent
6382,5,1,rld,14:41:43.371,31157,2.620,-2.501,0.022,0.000,0.000,onTarget,noEvent
6382,5,1,rld,14:41:43.416,31158,2.664,-2.501,0.022,0.000,0.000,onTarget,noEvent
6382,5,1,rld,14:41:43.488,31159,2.714,-2.513,0.022,-0.100,0.000,onTarget,noEvent
6382,5,1,rld,14:41:43.536,31160,2.777,-2.541,0.022,-0.200,0.000,onTarget,noEvent
6382,5,1,rld,14:41:43.572,31161,2.818,-2.550,0.022,0.000,0.000,onTarget,noEvent
6382,5,1,rld,14:41:43.623,31162,2.870,-2.565,0.022,-0.100,0.000,onTarget,noEvent
6382,5,1,rld,14:41:43.674,31163,2.919,-2.583,0.022,-0.100,0.000,onTarget,noEvent
6382,5,1,rld,14:41:43.715,31164,2.960,-2.612,0.022,-0.200,0.000,onTarget,noEvent
6382,5,1,rld,14:41:43.762,31165,2.994,-2.622,0.022,0.000,0.000,onTarget,noEvent
6382,5,1,rld,14:41:43.795,31166,3.039,-2.626,0.022,0.000,0.000,onTarget,noEvent
6382,5,1,rld,14:41:43.847,31167,3.086,-2.627,0.022,0.000,0.000,onTarget,noEvent
6382,5,1,rld,14:41:43.898,31168,3.150,-2.627,0.022,0.000,0.000,onTarget,noEvent
6382,5,1,rld,14:41:43.935,31169,3.186,-2.627,0.022,0.000,0.000,onTarget,noEvent
6382,5,1,rld,14:41:43.978,31170,3.222,-2.627,0.022,0.000,0.000,onTarget,noEvent
6382,5,1,rld,14:41:44.020,31171,3.270,-2.627,0.022,0.000,0.000,onTarget,noEvent
6382,5,1,rld,14:41:44.054,31172,3.301,-2.627,0.022,0.000,0.000,onTarget,noEvent
6382,5,1,rld,14:41:44.097,31173,3.341,-2.627,0.022,0.000,0.000,onTarget,noEvent
6382,5,1,rld,14:41:44.146,31174,3.396,-2.627,0.022,0.000,0.000,onTarget,noEvent
6382,5,1,rld,14:41:44.178,31175,3.423,-2.627,0.022,0.000,0.000,onTarget,noEvent
6382,5,1,rld,14:41:44.214,31176,3.464,-2.627,0.022,0.000,0.000,onTarget,noEvent
6382,5,1,rld,14:41:44.251,31177,3.501,-2.627,0.022,0.000,0.000,onTarget,noEvent
6382,5,1,rld,14:41:44.279,31178,3.530,-2.627,0.022,0.000,0.000,onTarget,noEvent
6382,5,1,rld,14:41:44.306,31179,3.558,-2.627,0.022,0.000,0.000,onTarget,noEvent
6382,5,1,rld,14:41:44.343,31180,3.591,-2.627,0.022,0.000,0.000,onTarget,noEvent
6382,5,1,rld,14:41:44.385,31181,3.637,-2.627,0.022,0.000,0.000,onTarget,noEvent
6382,5,1,rld,14:41:44.433,31182,3.685,-2.627,0.022,0.000,0.000,onTarget,noEvent
6382,5,1,rld,14:41:44.483,31183,3.734,-2.627,0.022,0.000,0.000,onTarget,noEvent
6382,5,1,rld,14:41:44.533,31184,3.783,-2.627,0.022,0.000,0.000,onTarget,noEvent
6382,5,1,rld,14:41:44.571,31185,3.822,-2.627,0.022,0.000,0.000,onTarget,noEvent
6382,5,1,rld,14:41:44.618,31186,3.870,-2.627,0.022,0.000,0.000,onTarget,noEvent
6382,5,1,rld,14:41:44.688,31187,3.937,-2.627,0.022,0.000,0.000,onTarget,noEvent
6382,5,2,rld,14:41:48.770,31250,0.062,0.000,0.250,0.000,0.000,activeTracking,targetAppeared
6382,5,2,rld,14:41:48.852,31251,0.133,0.000,0.253,0.000,0.000,activeTracking,noEvent
6382,5,2,rld,14:41:48.916,31252,0.212,0.000,0.254,0.000,0.000,activeTracking,noEvent
6382,5,2,rld,14:41:48.981,31253,0.273,0.000,0.254,0.000,0.000,activeTracking,noEvent
6382,5,2,rld,14:41:49.031,31254,0.319,0.000,0.255,0.000,0.000,activeTracking,noEvent
6382,5,2,rld,14:41:49.095,31255,0.382,-0.022,0.255,-0.200,0.000,activeTracking,noEvent
6382,5,2,rld,14:41:49.152,31256,0.440,-0.030,0.255,0.000,0.000,activeTracking,noEvent
6382,5,2,rld,14:41:49.199,31257,0.489,-0.032,0.255,0.000,0.000,activeTracking,noEvent
6382,5,2,rld,14:41:49.265,31258,0.560,-0.033,0.255,0.000,0.000,activeTracking,noEvent
6382,5,2,rld,14:41:49.303,31259,0.598,-0.034,0.255,0.000,0.000,activeTracking,noEvent
6382,5,2,rld,14:41:49.456,31260,0.748,-3.117,-0.995,-26.500,-10.700,activeTracking,noEvent
6382,5,2,rld,14:41:49.530,31261,0.807,-4.256,-1.474,0.000,0.000,activeTracking,noEvent
6382,5,2,rld,14:41:49.673,31262,0.951,-4.995,-1.617,-2.400,0.400,activeTracking,noEvent
6382,5,2,rld,14:41:49.881,31263,1.167,-5.758,-1.664,-3.400,0.300,activeTracking,noEvent
6382,5,2,rld,14:41:49.935,31264,1.219,-6.150,-1.664,-0.800,0.200,activeTracking,noEvent
6382,5,2,rld,14:41:50.011,31265,1.298,-6.332,-1.640,-0.300,0.200,activeTracking,noEvent
6382,5,2,rld,14:41:50.106,31266,1.393,-6.345,-1.547,0.300,0.600,activeTracking,noEvent
6382,5,2,rld,14:41:50.239,31267,1.523,-5.986,-1.224,2.300,2.000,activeTracking,noEvent
6382,5,2,rld,14:41:50.399,31268,1.643,-3.722,0.283,15.300,10.900,activeTracking,noEvent
6382,5,2,rld,14:41:50.481,31269,1.760,-2.910,0.802,1.100,0.600,activeTracking,noEvent
6382,5,2,rld,14:41:50.570,31270,1.854,-2.516,1.015,1.100,0.400,activeTracking,noEvent
6382,5,2,rld,14:41:50.720,31271,1.966,-2.255,1.129,1.100,0.400,activeTracking,noEvent
6382,5,2,rld,14:41:50.802,31272,2.092,-2.134,1.166,0.300,0.000,activeTracking,noEvent
6382,5,2,rld,14:41:50.845,31273,2.144,-2.093,1.178,0.000,0.000,activeTracking,noEvent
6382,5,2,rld,14:41:50.950,31274,2.229,-2.115,1.160,-0.300,-0.200,activeTracking,noEvent
6382,5,2,rld,14:41:51.029,31275,2.317,-2.146,1.119,-0.200,-0.300,activeTracking,noEvent
6382,5,2,rld,14:41:51.116,31276,2.401,-2.227,0.944,-0.600,-1.400,activeTracking,noEvent
6382,5,2,rld,14:41:51.225,31277,2.505,-2.918,0.265,-5.500,-5.400,onTarget,noEvent
6382,5,2,rld,14:41:51.289,31278,2.582,-3.166,0.022,-0.100,-0.100,activeTracking,noEvent
6382,5,2,rld,14:41:51.338,31279,2.633,-3.250,-0.059,0.000,0.000,activeTracking,noEvent
6382,5,2,rld,14:41:51.388,31280,2.679,-3.278,-0.086,0.000,0.000,activeTracking,noEvent
6382,5,2,rld,14:41:51.437,31281,2.730,-3.287,-0.095,0.000,0.000,activeTracking,noEvent
6382,5,2,rld,14:41:51.481,31282,2.779,-3.290,-0.098,0.000,0.000,activeTracking,noEvent
6382,5,2,rld,14:41:51.544,31283,2.831,-3.291,-0.099,0.000,0.000,activeTracking,noEvent
6382,5,2,rld,14:41:51.617,31284,2.895,-3.292,-0.088,0.000,0.100,activeTracking,noEvent
6382,5,2,rld,14:41:51.683,31285,2.961,-3.267,-0.060,0.200,0.200,activeTracking,noEvent
6382,5,2,rld,14:41:51.763,31286,3.045,-3.208,0.020,0.400,0.600,activeTracking,noEvent
6382,5,2,rld,14:41:51.918,31287,3.139,-3.127,0.141,0.500,0.800,activeTracking,noEvent
6382,5,2,rld,14:41:51.997,31288,3.278,-2.964,0.262,1.100,0.700,activeTracking,noEvent
6382,5,2,rld,14:41:52.072,31289,3.364,-2.873,0.338,0.300,0.300,activeTracking,noEvent
6382,5,2,rld,14:41:52.129,31290,3.418,-2.831,0.362,0.100,0.000,activeTracking,noEvent
6382,5,2,rld,14:41:52.168,31291,3.464,-2.816,0.371,0.000,0.000,activeTracking,noEvent
6382,5,2,rld,14:41:52.233,31292,3.531,-2.812,0.374,0.000,0.000,activeTracking,noEvent
6382,5,2,rld,14:41:52.279,31293,3.568,-2.810,0.374,0.000,0.000,activeTracking,noEvent
6382,5,2,rld,14:41:52.332,31294,3.618,-2.810,0.375,0.000,0.000,activeTracking,noEvent
6382,5,2,rld,14:41:52.372,31295,3.665,-2.809,0.375,0.000,0.000,activeTracking,noEvent
6382,5,2,rld,14:41:52.437,31296,3.720,-2.809,0.375,0.000,0.000,activeTracking,noEvent
6382,5,2,rld,14:41:52.531,31297,3.802,-2.809,0.340,0.000,-0.300,activeTracking,noEvent
6382,5,2,rld,14:41:52.600,31298,3.887,-2.809,0.281,0.000,-0.400,onTarget,noEvent
6382,5,2,rld,14:41:52.672,31299,3.961,-2.809,0.226,0.000,-0.300,onTarget,noEvent
6382,5,3,rld,14:41:56.332,31356,0.050,0.067,0.322,0.000,0.000,activeTracking,targetAppeared
6382,5,3,rld,14:41:56.382,31357,0.097,0.068,0.322,0.000,0.000,activeTracking,noEvent
6382,5,3,rld,14:41:56.423,31358,0.141,0.068,0.322,0.000,0.000,activeTracking,noEvent
6382,5,3,rld,14:41:56.460,31359,0.178,0.068,0.322,0.000,0.000,activeTracking,noEvent
6382,5,3,rld,14:41:56.543,31360,0.241,0.068,0.322,0.000,0.000,activeTracking,noEvent
6382,5,3,rld,14:41:56.606,31361,0.320,0.068,0.322,0.000,0.000,activeTracking,noEvent
6382,5,3,rld,14:41:56.665,31362,0.381,0.068,0.322,0.000,0.000,activeTracking,noEvent
6382,5,3,rld,14:41:56.715,31363,0.434,0.068,0.322,0.000,0.000,activeTracking,noEvent
6382,5,3,rld,14:41:56.821,31364,0.480,0.068,0.322,0.000,0.000,activeTracking,noEvent
6382,5,3,rld,14:41:56.948,31365,0.650,0.971,0.460,8.000,1.200,activeTracking,noEvent
6382,5,3,rld,14:41:57.048,31366,0.758,1.447,0.509,1.500,0.000,activeTracking,noEvent
6382,5,3,rld,14:41:57.109,31367,0.832,1.642,0.527,0.300,0.000,activeTracking,noEvent
6382,5,3,rld,14:41:57.233,31368,0.959,1.858,0.500,1.300,-0.300,activeTracking,noEvent
6382,5,3,rld,14:41:57.321,31369,1.042,2.037,0.457,0.900,-0.300,activeTracking,noEvent
6382,5,3,rld,14:41:57.389,31370,1.110,2.108,0.443,0.100,0.000,activeTracking,noEvent
6382,5,3,rld,14:41:57.452,31371,1.166,2.132,0.427,0.000,-0.100,activeTracking,noEvent
6382,5,3,rld,14:41:57.517,31372,1.242,2.116,0.387,-0.200,-0.300,activeTracking,noEvent
6382,5,3,rld,14:41:57.579,31373,1.299,2.111,0.362,0.000,-0.100,activeTracking,noEvent
6382,5,3,rld,14:41:57.632,31374,1.348,2.109,0.342,0.000,-0.100,activeTracking,noEvent
6382,5,3,rld,14:41:57.819,31375,1.499,2.310,0.210,1.700,-1.100,activeTracking,noEvent
6382,5,3,rld,14:41:57.951,31376,1.626,2.473,0.131,0.800,-0.300,onTarget,noEvent
6382,5,3,rld,14:41:58.035,31377,1.750,2.576,0.105,0.400,0.000,onTarget,noEvent
6382,5,3,rld,14:41:58.132,31378,1.848,2.610,0.120,0.000,0.200,onTarget,noEvent
6382,5,3,rld,14:41:58.181,31379,1.900,2.622,0.137,0.000,0.100,onTarget,noEvent
6382,5,3,rld,14:41:58.216,31380,1.941,2.625,0.142,0.000,0.000,onTarget,noEvent
6382,5,3,rld,14:41:58.263,31381,1.989,2.627,0.144,0.000,0.000,onTarget,noEvent
6382,5,3,rld,14:41:58.315,31382,2.030,2.627,0.145,0.000,0.000,onTarget,noEvent
6382,5,3,rld,14:41:58.366,31383,2.080,2.627,0.145,0.000,0.000,onTarget,noEvent
6382,5,3,rld,14:41:58.415,31384,2.142,2.627,0.145,0.000,0.000,onTarget,noEvent
6382,5,3,rld,14:41:58.463,31385,2.188,2.627,0.145,0.000,0.000,onTarget,noEvent
6382,5,3,rld,14:41:58.518,31386,2.245,2.627,0.145,0.000,0.000,onTarget,noEvent
6382,5,3,rld,14:41:58.555,31387,2.280,2.627,0.145,0.000,0.000,onTarget,noEvent
6382,5,3,rld,14:41:58.618,31388,2.345,2.627,0.145,0.000,0.000,onTarget,noEvent
6382,5,3,rld,14:41:58.753,31389,2.479,2.627,0.145,0.000,0.000,onTarget,noEvent
6382,5,3,rld,14:41:58.871,31390,2.581,2.627,0.145,0.000,0.000,onTarget,targetClick
6382,5,4,rld,14:42:04.276,31468,2.647,0.068,-0.033,0.000,0.000,waitingForTarget,middleTargetClick
6382,5,4,rld,14:42:04.331,31469,2.715,0.068,-0.032,0.000,0.000,waitingForTarget,noEvent
6382,5,4,rld,14:42:04.389,31470,2.776,0.068,-0.032,0.000,0.000,waitingForTarget,noEvent
6382,5,4,rld,14:42:04.446,31471,2.824,0.068,-0.032,0.000,0.000,waitingForTarget,noEvent
6382,5,4,rld,14:42:04.483,31472,2.872,0.068,-0.032,0.000,0.000,waitingForTarget,noEvent
6382,5,4,rld,14:42:04.545,31473,2.915,0.068,-0.032,0.000,0.000,waitingForTarget,noEvent
6382,5,4,rld,14:42:04.609,31474,2.996,0.068,-0.032,0.000,0.000,waitingForTarget,noEvent
6382,5,4,rld,14:42:04.651,31475,3.035,0.068,-0.032,0.000,0.000,waitingForTarget,noEvent
6382,5,4,rld,14:42:04.714,31476,3.094,0.068,-0.032,0.000,0.000,waitingForTarget,noEvent
6382,5,4,rld,14:42:04.762,31477,0.044,0.068,-0.032,0.000,0.000,activeTracking,targetAppeared
6382,5,4,rld,14:42:04.820,31478,0.112,0.068,-0.032,0.000,0.000,activeTracking,noEvent
6382,5,4,rld,14:42:04.897,31479,0.188,0.068,-0.032,0.000,0.000,activeTracking,noEvent
6382,5,4,rld,14:42:04.948,31480,0.238,0.068,-0.032,0.000,0.000,activeTracking,noEvent
6382,5,4,rld,14:42:05.010,31481,0.287,0.068,-0.032,0.000,0.000,activeTracking,noEvent
6382,5,4,rld,14:42:05.048,31482,0.345,0.068,-0.032,0.000,0.000,activeTracking,noEvent
6382,5,4,rld,14:42:05.093,31483,0.384,0.068,-0.032,0.000,0.000,activeTracking,noEvent
6382,5,4,rld,14:42:05.152,31484,0.438,0.068,-0.032,0.000,0.000,activeTracking,noEvent
6382,5,4,rld,14:42:05.188,31485,0.481,0.068,-0.032,0.000,0.000,activeTracking,noEvent
6382,5,4,rld,14:42:05.328,31486,0.597,-0.484,-0.032,-4.900,0.000,activeTracking,noEvent
6382,5,4,rld,14:42:05.518,31487,0.795,-1.203,-0.032,-4.700,0.000,activeTracking,noEvent
6382,5,4,rld,14:42:05.642,31488,0.912,-1.955,-0.066,-4.400,-0.300,activeTracking,noEvent
6382,5,4,rld,14:42:05.770,31489,1.047,-2.690,-0.077,-4.000,0.000,onTarget,noEvent
6382,5,4,rld,14:42:05.885,31490,1.149,-3.027,-0.057,-0.700,0.200,onTarget,noEvent
6382,5,4,rld,14:42:05.991,31491,1.283,-3.141,-0.003,0.000,0.400,activeTracking,noEvent
6382,5,4,rld,14:42:06.116,31492,1.380,-3.191,0.098,-0.100,0.700,activeTracking,noEvent
6382,5,4,rld,14:42:06.183,31493,1.471,-3.246,0.192,-0.300,0.500,activeTracking,noEvent
6382,5,4,rld,14:42:06.266,31494,1.551,-3.277,0.271,-0.100,0.400,activeTracking,noEvent
6382,5,4,rld,14:42:06.353,31495,1.601,-3.287,0.321,0.000,0.200,activeTracking,noEvent
6382,5,4,rld,14:42:06.469,31496,1.743,-3.066,0.406,1.800,0.600,activeTracking,noEvent
6382,5,4,rld,14:42:06.570,31497,1.863,-2.882,0.444,0.900,0.100,activeTracking,noEvent
6382,5,4,rld,14:42:06.621,31498,1.912,-2.809,0.444,0.100,-0.100,activeTracking,noEvent
6382,5,4,rld,14:42:06.712,31499,1.986,-2.785,0.421,0.000,-0.200,activeTracking,noEvent
6382,5,4,rld,14:42:06.852,31500,2.100,-2.728,0.354,0.400,-0.500,activeTracking,noEvent
6382,5,4,rld,14:42:06.962,31501,2.258,-2.576,0.214,1.100,-1.000,onTarget,noEvent
6382,5,4,rld,14:42:07.031,31502,2.318,-2.490,0.109,0.300,-0.500,onTarget,noEvent
6382,5,4,rld,14:42:07.114,31503,2.399,-2.461,0.028,0.000,-0.400,onTarget,noEvent
6382,5,4,rld,14:42:07.206,31504,2.499,-2.440,-0.046,0.100,-0.400,onTarget,noEvent
6382,5,4,rld,14:42:07.302,31505,2.586,-2.409,-0.128,0.200,-0.500,onTarget,noEvent
6382,5,4,rld,14:42:07.364,31506,2.660,-2.398,-0.167,0.000,-0.100,onTarget,noEvent
6382,5,4,rld,14:42:07.430,31507,2.721,-2.395,-0.180,0.000,0.000,onTarget,noEvent
6382,5,4,rld,14:42:07.497,31508,2.781,-2.394,-0.185,0.000,0.000,activeTracking,noEvent
6382,5,4,rld,14:42:07.562,31509,2.852,-2.393,-0.186,0.000,0.000,activeTracking,failedClick
6382,5,5,rld,14:42:15.509,31611,2.932,0.017,0.153,0.000,0.000,waitingForTarget,middleTargetClick
6382,5,5,rld,14:42:15.604,31612,3.034,0.051,0.187,0.300,0.300,waitingForTarget,noEvent
6382,5,5,rld,14:42:15.669,31613,3.101,0.073,0.232,0.100,0.300,waitingForTarget,noEvent
6382,5,5,rld,14:42:15.743,31614,3.178,0.058,0.258,-0.200,0.100,waitingForTarget,noEvent
6382,5,5,rld,14:42:15.792,31615,3.221,0.053,0.267,0.000,0.000,waitingForTarget,noEvent
6382,5,5,rld,14:42:15.845,31616,3.272,0.051,0.270,0.000,0.000,waitingForTarget,noEvent
6382,5,5,rld,14:42:15.881,31617,3.310,0.051,0.271,0.000,0.000,waitingForTarget,noEvent
6382,5,5,rld,14:42:15.932,31618,3.358,0.051,0.271,0.000,0.000,waitingForTarget,noEvent
6382,5,5,rld,14:42:15.971,31619,0.050,0.051,0.271,0.000,0.000,activeTracking,targetAppeared
6382,5,5,rld,14:42:16.030,31620,0.098,0.051,0.271,0.000,0.000,activeTracking,noEvent
6382,5,5,rld,14:42:16.079,31621,0.144,0.051,0.271,0.000,0.000,activeTracking,noEvent
6382,5,5,rld,14:42:16.119,31622,0.198,0.051,0.271,0.000,0.000,activeTracking,noEvent
6382,5,5,rld,14:42:16.165,31623,0.232,0.051,0.271,0.000,0.000,activeTracking,noEvent
6382,5,5,rld,14:42:16.209,31624,0.279,0.051,0.271,0.000,0.000,activeTracking,noEvent
6382,5,5,rld,14:42:16.248,31625,0.326,0.051,0.271,0.000,0.000,activeTracking,noEvent
6382,5,5,rld,14:42:16.299,31626,0.375,0.051,0.271,0.000,0.000,activeTracking,noEvent
6382,5,5,rld,14:42:16.341,31627,0.413,0.051,0.271,0.000,0.000,activeTracking,noEvent
6382,5,5,rld,14:42:16.386,31628,0.465,0.051,0.271,0.000,0.000,activeTracking,noEvent
6382,5,5,rld,14:42:16.441,31629,0.509,0.051,0.271,0.000,0.000,activeTracking,noEvent
6382,5,5,rld,14:42:16.487,31630,0.553,0.051,0.271,0.000,0.000,activeTracking,noEvent
6382,5,5,rld,14:42:16.541,31631,0.612,0.051,0.271,0.000,0.000,activeTracking,noEvent
6382,5,5,rld,14:42:16.564,31632,0.643,0.051,0.271,0.000,0.000,activeTracking,noEvent
6382,5,5,rld,14:42:16.682,31633,0.745,0.051,0.271,0.000,0.000,activeTracking,noEvent
6382,5,5,rld,14:42:16.845,31634,0.902,-0.761,0.047,-7.200,-2.000,activeTracking,noEvent
6382,5,5,rld,14:42:17.132,31635,1.156,-2.026,-0.349,-8.600,-2.800,activeTracking,noEvent
6382,5,5,rld,14:42:17.371,31636,1.431,-3.496,-0.558,-8.400,-0.500,activeTracking,noEvent
6382,5,5,rld,14:42:17.497,31637,1.544,-4.338,-0.640,-2.400,0.000,activeTracking,noEvent
6382,5,5,rld,14:42:17.596,31638,1.649,-4.672,-0.620,-0.300,0.400,activeTracking,noEvent
6382,5,5,rld,14:42:17.660,31639,1.732,-4.771,-0.563,0.100,0.400,activeTracking,noEvent
6382,5,5,rld,14:42:17.715,31640,1.790,-4.777,-0.518,0.200,0.200,activeTracking,noEvent
6382,5,5,rld,14:42:18.035,31641,2.101,-3.679,0.562,8.200,8.700,activeTracking,noEvent
6382,5,5,rld,14:42:18.144,31642,2.219,-2.509,1.379,6.700,4.200,activeTracking,noEvent
6382,5,5,rld,14:42:18.231,31643,2.303,-2.040,1.608,0.800,-0.300,activeTracking,noEvent
6382,5,5,rld,14:42:18.414,31644,2.451,-1.781,1.646,0.900,-0.300,activeTracking,noEvent
6382,5,5,rld,14:42:18.535,31645,2.591,-1.522,1.548,1.500,-0.900,activeTracking,noEvent
6382,5,5,rld,14:42:18.697,31646,2.755,-1.344,1.085,0.800,-3.700,activeTracking,noEvent
6382,5,5,rld,14:42:18.921,31647,2.952,-1.400,0.533,-1.000,-3.500,activeTracking,noEvent
6382,5,5,rld,14:42:19.037,31648,3.092,-1.568,0.203,-1.300,-1.300,activeTracking,noEvent
6382,5,5,rld,14:42:19.125,31649,3.182,-1.706,0.012,-0.700,-0.700,activeTracking,noEvent
6382,5,5,rld,14:42:19.184,31650,3.261,-1.822,-0.051,-0.600,0.000,activeTracking,noEvent
6382,5,5,rld,14:42:19.262,31651,3.333,-1.907,-0.038,-0.400,0.300,activeTracking,noEvent
6382,5,5,rld,14:42:19.305,31652,3.381,-1.947,0.001,-0.100,0.300,activeTracking,noEvent
6382,5,5,rld,14:42:19.446,31653,3.497,-1.996,0.083,-0.300,0.600,activeTracking,noEvent
6382,5,5,rld,14:42:19.569,31654,3.633,-2.024,0.283,-0.100,1.500,activeTracking,noEvent
6382,5,5,rld,14:42:19.843,31655,3.902,-2.033,0.615,0.000,2.300,activeTracking,noEvent
6382,5,5,rld,14:42:19.887,31656,3.963,-2.036,0.738,0.000,0.100,activeTracking,noEvent
6382,5,6,rld,14:42:27.345,31769,0.043,-0.017,0.508,0.000,0.000,activeTracking,targetAppeared
6382,5,6,rld,14:42:27.478,31770,0.174,-0.017,0.508,0.000,0.000,activeTracking,noEvent
6382,5,6,rld,14:42:27.532,31771,0.232,-0.017,0.508,0.000,0.000,activeTracking,noEvent
6382,5,6,rld,14:42:27.591,31772,0.287,-0.017,0.508,0.000,0.000,activeTracking,noEvent
6382,5,6,rld,14:42:27.668,31773,0.364,-0.017,0.508,0.000,0.000,activeTracking,noEvent
6382,5,6,rld,14:42:27.718,31774,0.411,-0.017,0.508,0.000,0.000,activeTracking,noEvent
6382,5,6,rld,14:42:27.744,31775,0.434,-0.017,0.508,0.000,0.000,activeTracking,noEvent
6382,5,6,rld,14:42:27.863,31776,0.523,-0.017,0.508,0.000,0.000,activeTracking,noEvent
6382,5,6,rld,14:42:27.911,31777,0.602,-0.017,0.508,0.000,0.000,activeTracking,noEvent
6382,5,6,rld,14:42:28.003,31778,0.696,-0.355,0.283,-3.000,-2.000,activeTracking,noEvent
6382,5,6,rld,14:42:28.235,31779,0.901,-2.537,-1.324,-17.900,-13.200,activeTracking,noEvent
6382,5,6,rld,14:42:28.360,31780,1.034,-4.218,-2.137,-7.000,-1.300,activeTracking,noEvent
6382,5,6,rld,14:42:28.540,31781,1.198,-5.358,-2.431,-3.700,0.500,activeTracking,noEvent
6382,5,6,rld,14:42:28.730,31782,1.417,-6.888,-2.459,-7.000,1.500,activeTracking,noEvent
6382,5,6,rld,14:42:28.770,31783,1.468,-7.488,-2.480,-0.200,0.000,activeTracking,noEvent
6382,5,6,rld,14:42:28.842,31784,1.536,-7.734,-2.478,-0.200,0.100,activeTracking,noEvent
6382,5,6,rld,14:42:28.951,31785,1.616,-7.817,-2.417,0.000,0.400,activeTracking,noEvent
6382,5,6,rld,14:42:29.124,31786,1.813,-3.102,1.742,31.900,31.100,activeTracking,noEvent
6382,5,6,rld,14:42:29.170,31787,1.868,-1.809,2.950,0.200,0.000,activeTracking,noEvent
6382,5,6,rld,14:42:29.524,31788,2.175,-0.857,3.308,4.700,-0.300,activeTracking,noEvent
6382,5,6,rld,14:42:29.631,31789,2.282,-0.431,3.394,1.000,-0.300,activeTracking,noEvent
6382,5,6,rld,14:42:29.717,31790,2.402,-0.166,3.372,1.100,-0.400,activeTracking,noEvent
6382,5,6,rld,14:42:29.867,31791,2.538,0.068,3.315,1.300,-0.400,activeTracking,noEvent
6382,5,6,rld,14:42:29.912,31792,2.610,0.169,3.296,0.200,0.000,activeTracking,noEvent
6382,5,6,rld,14:42:29.983,31793,2.673,0.191,3.265,-0.100,-0.200,activeTracking,noEvent
6382,5,6,rld,14:42:30.121,31794,2.762,-0.884,2.404,-9.600,-7.000,activeTracking,noEvent
6382,5,6,rld,14:42:30.225,31795,2.884,-1.730,1.813,-4.200,-2.800,activeTracking,noEvent
6382,5,6,rld,14:42:30.380,31796,3.060,-2.721,1.075,-5.900,-4.800,activeTracking,noEvent
6382,5,6,rld,14:42:30.504,31797,3.129,-3.261,0.714,-1.600,-1.000,activeTracking,noEvent
6382,5,6,rld,14:42:30.630,31798,3.294,-3.560,0.522,-0.900,-0.600,activeTracking,noEvent
6382,5,6,rld,14:42:30.731,31799,3.414,-3.739,0.386,-0.600,-0.600,activeTracking,noEvent
6382,5,6,rld,14:42:30.792,31800,3.491,-3.812,0.341,-0.100,0.000,activeTracking,noEvent
6382,5,6,rld,14:42:30.884,31801,3.579,-3.823,0.350,0.100,0.200,activeTracking,noEvent
6382,5,6,rld,14:42:31.004,31802,3.693,-2.577,1.015,10.000,5.800,activeTracking,noEvent
6382,5,6,rld,14:42:31.076,31803,3.772,-1.934,1.366,2.100,1.200,activeTracking,noEvent
6382,5,6,rld,14:42:31.171,31804,3.859,-1.700,1.482,0.200,0.000,activeTracking,noEvent
6382,5,6,rld,14:42:31.228,31805,3.921,-1.622,1.520,0.000,0.000,activeTracking,noEvent
6382,5,6,rld,14:42:31.272,31806,3.971,-1.596,1.533,0.000,0.000,activeTracking,noEvent
6382,5,7,rld,14:42:40.481,31930,0.057,0.101,0.069,0.000,0.000,activeTracking,targetAppeared
6382,5,7,rld,14:42:40.568,31931,0.150,0.101,0.069,0.000,0.000,activeTracking,noEvent
6382,5,7,rld,14:42:40.630,31932,0.205,0.101,0.069,0.000,0.000,activeTracking,failedClick
6382,5,8,rld,14:42:46.205,31999,0.284,0.253,0.103,0.000,0.000,waitingForTarget,middleTargetClick
6382,5,8,rld,14:42:46.275,32000,0.359,0.253,0.103,0.000,0.000,waitingForTarget,noEvent
6382,5,8,rld,14:42:46.347,32001,0.424,0.253,0.103,0.000,0.000,waitingForTarget,noEvent
6382,5,8,rld,14:42:46.387,32002,0.469,0.253,0.103,0.000,0.000,waitingForTarget,noEvent
6382,5,8,rld,14:42:46.463,32003,0.539,0.253,0.103,0.000,0.000,waitingForTarget,noEvent
6382,5,8,rld,14:42:46.516,32004,0.602,0.253,0.103,0.000,0.000,waitingForTarget,noEvent
6382,5,8,rld,14:42:46.563,32005,0.636,0.253,0.103,0.000,0.000,waitingForTarget,noEvent
6382,5,8,rld,14:42:46.613,32006,0.697,0.253,0.103,0.000,0.000,waitingForTarget,noEvent
6382,5,8,rld,14:42:46.665,32007,0.049,0.253,0.103,0.000,0.000,activeTracking,targetAppeared
6382,5,8,rld,14:42:46.729,32008,0.107,0.253,0.103,0.000,0.000,activeTracking,noEvent
6382,5,8,rld,14:42:46.769,32009,0.150,0.253,0.103,0.000,0.000,activeTracking,noEvent
6382,5,8,rld,14:42:46.834,32010,0.220,0.253,0.103,0.000,0.000,activeTracking,noEvent
6382,5,8,rld,14:42:46.891,32011,0.270,0.253,0.103,0.000,0.000,activeTracking,noEvent
6382,5,8,rld,14:42:46.942,32012,0.318,0.253,0.103,0.000,0.000,activeTracking,noEvent
6382,5,8,rld,14:42:46.997,32013,0.371,0.253,0.103,0.000,0.000,activeTracking,noEvent
6382,5,8,rld,14:42:47.036,32014,0.421,0.253,0.103,0.000,0.000,activeTracking,noEvent
6382,5,8,rld,14:42:47.104,32015,0.487,0.264,0.103,0.100,0.000,activeTracking,noEvent
6382,5,8,rld,14:42:47.167,32016,0.542,0.280,0.103,0.100,0.000,activeTracking,noEvent
6382,5,8,rld,14:42:47.377,32017,0.750,-0.775,-0.213,-9.400,-2.800,activeTracking,noEvent
6382,5,8,rld,14:42:47.501,32018,0.860,-1.914,-0.345,-6.800,-0.200,activeTracking,noEvent
6382,5,8,rld,14:42:47.672,32019,1.022,-2.615,-0.160,-2.600,2.000,onTarget,noEvent
6382,5,8,rld,14:42:47.879,32020,1.240,-3.038,0.246,-1.500,2.900,activeTracking,noEvent
6382,5,8,rld,14:42:48.037,32021,1.381,-3.459,0.663,-2.200,2.300,activeTracking,noEvent
6382,5,8,rld,14:42:48.127,32022,1.506,-3.627,1.037,-0.200,1.900,activeTracking,noEvent
6382,5,8,rld,14:42:48.232,32023,1.608,-3.684,1.261,0.000,0.800,activeTracking,noEvent
6382,5,8,rld,14:42:48.332,32024,1.697,-3.703,1.398,0.000,0.500,activeTracking,noEvent
6382,5,8,rld,14:42:48.417,32025,1.791,-3.644,1.465,0.500,0.200,activeTracking,noEvent
6382,5,8,rld,14:42:48.494,32026,1.868,-3.587,1.460,0.300,-0.200,activeTracking,noEvent
6382,5,8,rld,14:42:48.652,32027,2.032,-3.453,1.222,0.900,-1.900,activeTracking,noEvent
6382,5,8,rld,14:42:48.769,32028,2.139,-3.232,0.764,1.400,-3.100,activeTracking,noEvent
6382,5,8,rld,14:42:48.920,32029,2.272,-3.073,0.387,0.700,-1.900,activeTracking,noEvent
6382,5,8,rld,14:42:49.000,32030,2.386,-2.983,0.085,0.300,-1.500,onTarget,noEvent
6382,5,8,rld,14:42:49.100,32031,2.480,-2.953,-0.085,0.000,-0.600,onTarget,noEvent
6382,5,8,rld,14:42:49.216,32032,2.603,-2.918,-0.236,0.200,-0.800,onTarget,noEvent
6382,5,8,rld,14:42:49.422,32033,2.791,-2.895,-0.298,0.100,-0.100,activeTracking,noEvent
6382,5,8,rld,14:42:49.496,32034,2.877,-2.887,-0.307,0.000,0.100,activeTracking,noEvent
6382,5,8,rld,14:42:49.559,32035,2.935,-2.884,-0.298,0.000,0.100,onTarget,noEvent
6382,5,8,rld,14:42:49.632,32036,3.008,-2.883,-0.272,0.000,0.200,onTarget,noEvent
6382,5,8,rld,14:42:49.697,32037,3.081,-2.883,-0.251,0.000,0.100,onTarget,noEvent
6382,5,8,rld,14:42:49.766,32038,3.153,-2.883,-0.233,0.000,0.100,onTarget,noEvent
6382,5,8,rld,14:42:49.852,32039,3.238,-2.883,-0.226,0.000,0.000,onTarget,noEvent
6382,5,8,rld,14:42:49.912,32040,3.291,-2.883,-0.236,0.000,-0.100,onTarget,noEvent
6382,5,8,rld,14:42:49.982,32041,3.364,-2.883,-0.239,0.000,0.000,onTarget,noEvent
6382,5,8,rld,14:42:50.079,32042,3.460,-2.870,-0.193,0.100,0.400,onTarget,noEvent
6382,5,8,rld,14:42:50.148,32043,3.523,-2.866,-0.155,0.000,0.200,onTarget,noEvent
6382,5,8,rld,14:42:50.212,32044,3.593,-2.865,-0.130,0.000,0.100,onTarget,noEvent
6382,5,8,rld,14:42:50.270,32045,3.647,-2.865,-0.122,0.000,0.000,onTarget,noEvent
6382,5,8,rld,14:42:50.311,32046,3.690,-2.864,-0.119,0.000,0.000,onTarget,noEvent
6382,5,8,rld,14:42:50.352,32047,3.740,-2.864,-0.118,0.000,0.000,onTarget,noEvent
6382,5,8,rld,14:42:50.402,32048,3.785,-2.864,-0.118,0.000,0.000,onTarget,noEvent
6382,5,8,rld,14:42:50.453,32049,3.839,-2.864,-0.118,0.000,0.000,onTarget,noEvent
6382,5,8,rld,14:42:50.515,32050,3.900,-2.864,-0.118,0.000,0.000,onTarget,noEvent
6382,5,8,rld,14:42:50.577,32051,3.957,-2.864,-0.118,0.000,0.000,onTarget,noEvent
6382,5,9,rld,14:42:53.542,32096,0.045,0.051,-0.016,0.000,0.000,activeTracking,targetAppeared
6382,5,9,rld,14:42:53.585,32097,0.092,0.051,-0.016,0.000,0.000,activeTracking,noEvent
6382,5,9,rld,14:42:53.636,32098,0.132,0.051,-0.016,0.000,0.000,activeTracking,noEvent
6382,5,9,rld,14:42:53.681,32099,0.177,0.051,-0.016,0.000,0.000,activeTracking,noEvent
6382,5,9,rld,14:42:53.726,32100,0.228,0.051,-0.016,0.000,0.000,activeTracking,noEvent
6382,5,9,rld,14:42:53.790,32101,0.292,0.051,-0.016,0.000,0.000,activeTracking,noEvent
6382,5,9,rld,14:42:53.859,32102,0.352,0.051,-0.016,0.000,0.000,activeTracking,noEvent
6382,5,9,rld,14:42:53.901,32103,0.409,0.051,-0.016,0.000,0.000,activeTracking,noEvent
6382,5,9,rld,14:42:53.952,32104,0.456,0.051,-0.016,0.000,0.000,activeTracking,noEvent
6382,5,9,rld,14:42:54.010,32105,0.506,0.051,-0.016,0.000,0.000,activeTracking,noEvent
6382,5,9,rld,14:42:54.052,32106,0.558,0.051,-0.016,0.000,0.000,activeTracking,noEvent
6382,5,9,rld,14:42:54.136,32107,0.633,0.073,-0.016,0.200,0.000,activeTracking,noEvent
6382,5,9,rld,14:42:54.194,32108,0.689,0.081,-0.016,0.000,0.000,activeTracking,noEvent
6382,5,9,rld,14:42:54.302,32109,0.792,-0.029,-0.049,-1.000,-0.300,activeTracking,noEvent
6382,5,9,rld,14:42:54.582,32110,1.044,-1.738,-0.163,-14.700,-0.900,activeTracking,noEvent
6382,5,9,rld,14:42:54.727,32111,1.190,-3.254,0.187,-7.600,3.300,activeTracking,noEvent
6382,5,9,rld,14:42:54.882,32112,1.353,-3.933,0.692,-1.100,3.100,activeTracking,noEvent
6382,5,9,rld,14:42:54.973,32113,1.455,-4.234,0.919,-0.500,0.400,activeTracking,noEvent
6382,5,9,rld,14:42:55.136,32114,1.625,-4.650,1.111,-2.300,0.800,activeTracking,noEvent
6382,5,9,rld,14:42:55.225,32115,1.718,-4.961,1.237,-1.200,0.400,activeTracking,noEvent
6382,5,9,rld,14:42:55.266,32116,1.772,-5.067,1.280,0.000,0.000,activeTracking,noEvent
6382,5,9,rld,14:42:55.343,32117,1.842,-5.088,1.294,0.100,0.000,activeTracking,noEvent
6382,5,9,rld,14:42:55.481,32118,1.971,-4.909,1.210,1.300,-0.600,activeTracking,noEvent
6382,5,9,rld,14:42:55.642,32119,2.102,-4.490,0.976,2.600,-1.500,activeTracking,noEvent
6382,5,9,rld,14:42:55.801,32120,2.260,-3.953,0.640,3.000,-2.000,activeTracking,noEvent
6382,5,9,rld,14:42:55.935,32121,2.426,-3.586,0.420,1.500,-0.900,activeTracking,noEvent
6382,5,9,rld,14:42:55.993,32122,2.493,-3.415,0.311,0.400,-0.300,activeTracking,noEvent
6382,5,9,rld,14:42:56.063,32123,2.570,-3.333,0.263,0.200,-0.100,activeTracking,noEvent
6382,5,9,rld,14:42:56.117,32124,2.613,-3.306,0.247,0.000,0.000,activeTracking,noEvent
6382,5,9,rld,14:42:56.162,32125,2.669,-3.296,0.242,0.000,0.000,activeTracking,noEvent
6382,5,9,rld,14:42:56.224,32126,2.722,-3.293,0.240,0.000,0.000,activeTracking,noEvent
6382,5,9,rld,14:42:56.275,32127,2.783,-3.292,0.239,0.000,0.000,activeTracking,noEvent
6382,5,9,rld,14:42:56.329,32128,2.821,-3.292,0.239,0.000,0.000,activeTracking,noEvent
6382,5,9,rld,14:42:56.380,32129,2.878,-3.292,0.239,0.000,0.000,activeTracking,noEvent
6382,5,9,rld,14:42:56.430,32130,2.932,-3.292,0.239,0.000,0.000,activeTracking,noEvent
6382,5,9,rld,14:42:56.486,32131,2.983,-3.292,0.239,0.000,0.000,activeTracking,noEvent
6382,5,9,rld,14:42:56.533,32132,3.033,-3.292,0.239,0.000,0.000,activeTracking,noEvent
6382,5,9,rld,14:42:56.576,32133,3.079,-3.292,0.239,0.000,0.000,activeTracking,noEvent
6382,5,9,rld,14:42:56.633,32134,3.124,-3.292,0.239,0.000,0.000,activeTracking,noEvent
6382,5,9,rld,14:42:56.711,32135,3.219,-3.267,0.227,0.200,-0.100,activeTracking,noEvent
6382,5,9,rld,14:42:56.782,32136,3.274,-3.221,0.199,0.300,-0.200,activeTracking,noEvent
6382,5,9,rld,14:42:56.896,32137,3.394,-3.106,0.165,0.800,-0.200,activeTracking,noEvent
6382,5,9,rld,14:42:56.981,32138,3.481,-3.006,0.141,0.500,-0.100,onTarget,noEvent
6382,5,9,rld,14:42:57.062,32139,3.557,-2.948,0.133,0.200,0.000,onTarget,noEvent
6382,5,9,rld,14:42:57.145,32140,3.649,-2.905,0.130,0.200,0.000,onTarget,noEvent
6382,5,9,rld,14:42:57.250,32141,3.755,-2.890,0.129,0.000,0.000,onTarget,noEvent
6382,5,9,rld,14:42:57.299,32142,3.798,-2.885,0.129,0.000,0.000,onTarget,noEvent
6382,5,9,rld,14:42:57.465,32143,3.958,-2.884,0.129,0.000,0.000,onTarget,noEvent
6382,5,10,rld,14:43:00.677,32192,0.049,-0.219,0.204,0.000,0.000,activeTracking,targetAppeared
6382,5,10,rld,14:43:00.729,32193,0.112,-0.219,0.204,0.000,0.000,activeTracking,noEvent
6382,5,10,rld,14:43:00.782,32194,0.169,-0.219,0.204,0.000,0.000,activeTracking,noEvent
6382,5,10,rld,14:43:00.862,32195,0.249,-0.219,0.204,0.000,0.000,activeTracking,noEvent
6382,5,10,rld,14:43:00.925,32196,0.310,-0.219,0.204,0.000,0.000,activeTracking,noEvent
6382,5,10,rld,14:43:00.977,32197,0.360,-0.219,0.204,0.000,0.000,activeTracking,noEvent
6382,5,10,rld,14:43:01.031,32198,0.410,-0.219,0.204,0.000,0.000,activeTracking,noEvent
6382,5,10,rld,14:43:01.134,32199,0.489,-0.219,0.204,0.000,0.000,activeTracking,noEvent
6382,5,10,rld,14:43:01.422,32200,0.781,0.795,0.205,9.000,0.000,activeTracking,noEvent
6382,5,10,rld,14:43:01.530,32201,0.914,1.330,0.241,1.700,0.300,activeTracking,noEvent
6382,5,10,rld,14:43:01.633,32202,0.997,1.580,0.265,0.600,0.100,activeTracking,noEvent
6382,5,10,rld,14:43:01.711,32203,1.091,1.721,0.296,0.500,0.200,activeTracking,noEvent
6382,5,10,rld,14:43:01.768,32204,1.159,1.792,0.319,0.200,0.100,activeTracking,noEvent
6382,5,10,rld,14:43:01.862,32205,1.250,1.839,0.338,0.200,0.100,activeTracking,noEvent
6382,5,10,rld,14:43:01.909,32206,1.299,1.854,0.344,0.000,0.000,activeTracking,noEvent
6382,5,10,rld,14:43:01.947,32207,1.342,1.860,0.346,0.000,0.000,activeTracking,noEvent
6382,5,10,rld,14:43:02.013,32208,1.400,1.850,0.347,-0.100,0.000,activeTracking,noEvent
6382,5,10,rld,14:43:02.080,32209,1.471,1.823,0.347,-0.200,0.000,activeTracking,noEvent
6382,5,10,rld,14:43:02.129,32210,1.522,1.814,0.347,0.000,0.000,activeTracking,noEvent
6382,5,10,rld,14:43:02.203,32211,1.598,1.834,0.347,0.200,0.000,activeTracking,noEvent
6382,5,10,rld,14:43:02.266,32212,1.662,1.876,0.336,0.300,-0.100,activeTracking,noEvent
6382,5,10,rld,14:43:02.427,32213,1.799,1.972,0.264,0.700,-0.600,activeTracking,noEvent
6382,5,10,rld,14:43:02.476,32214,1.861,2.028,0.240,0.200,0.000,activeTracking,noEvent
6382,5,10,rld,14:43:02.506,32215,1.899,2.046,0.232,0.000,0.000,activeTracking,noEvent
6382,5,10,rld,14:43:02.550,32216,1.932,2.052,0.229,0.000,0.000,activeTracking,noEvent
6382,5,10,rld,14:43:02.600,32217,1.994,2.054,0.228,0.000,0.000,activeTracking,noEvent
6382,5,10,rld,14:43:02.677,32218,2.051,2.055,0.228,0.000,0.000,activeTracking,noEvent
6382,5,10,rld,14:43:02.731,32219,2.128,2.055,0.228,0.000,0.000,activeTracking,noEvent
6382,5,10,rld,14:43:02.878,32220,2.243,2.531,0.069,4.000,-1.400,onTarget,noEvent
6382,5,10,rld,14:43:02.947,32221,2.340,2.801,-0.020,0.900,-0.300,onTarget,noEvent
6382,5,10,rld,14:43:03.073,32222,2.457,2.978,-0.061,0.700,-0.100,onTarget,noEvent
6382,5,10,rld,14:43:03.141,32223,2.529,3.100,-0.087,0.500,-0.100,activeTracking,noEvent
6382,5,10,rld,14:43:03.285,32224,2.666,3.290,-0.119,1.200,-0.200,activeTracking,noEvent
6382,5,10,rld,14:43:03.367,32225,2.729,3.392,-0.130,0.300,0.000,activeTracking,noEvent
6382,5,10,rld,14:43:03.436,32226,2.816,3.439,-0.134,0.100,0.000,activeTracking,noEvent
6382,5,10,rld,14:43:03.492,32227,2.881,3.455,-0.135,0.000,0.000,activeTracking,noEvent
6382,5,10,rld,14:43:03.539,32228,2.930,3.460,-0.136,0.000,0.000,activeTracking,noEvent
6382,5,10,rld,14:43:03.610,32229,2.993,3.449,-0.136,-0.100,0.000,activeTracking,noEvent
6382,5,10,rld,14:43:03.729,32230,3.109,3.382,-0.124,-0.500,0.100,activeTracking,noEvent
6382,5,10,rld,14:43:03.840,32231,3.226,3.259,-0.072,-0.800,0.400,activeTracking,noEvent
6382,5,10,rld,14:43:03.931,32232,3.316,3.119,-0.044,-0.800,0.100,activeTracking,noEvent
6382,5,10,rld,14:43:04.064,32233,3.445,2.949,0.013,-1.000,0.400,onTarget,noEvent
6382,5,10,rld,14:43:04.168,32234,3.555,2.831,0.031,-0.500,0.000,onTarget,noEvent
6382,5,10,rld,14:43:04.250,32235,3.638,2.719,0.072,-0.600,0.300,onTarget,noEvent
6382,5,10,rld,14:43:04.318,32236,3.707,2.658,0.097,-0.200,0.100,onTarget,noEvent
6382,5,10,rld,14:43:04.368,32237,3.760,2.637,0.106,0.000,0.000,onTarget,noEvent
6382,5,10,rld,14:43:04.419,32238,3.808,2.631,0.109,0.000,0.000,onTarget,noEvent
6382,5,10,rld,14:43:04.490,32239,3.877,2.616,0.109,-0.100,0.000,onTarget,noEvent
6382,5,10,rld,14:43:04.550,32240,3.940,2.612,0.110,0.000,0.000,onTarget,noEvent
6382,5,10,rld,14:43:04.609,32241,3.997,2.610,0.110,0.000,0.000,onTarget,noEvent
6382,5,11,rld,14:43:12.732,32351,0.047,0.169,0.187,0.000,0.000,activeTracking,targetAppeared
6382,5,11,rld,14:43:12.777,32352,0.088,0.169,0.187,0.000,0.000,activeTracking,noEvent
6382,5,11,rld,14:43:12.844,32353,0.153,0.169,0.187,0.000,0.000,activeTracking,noEvent
6382,5,11,rld,14:43:12.879,32354,0.200,0.169,0.187,0.000,0.000,activeTracking,noEvent
6382,5,11,rld,14:43:12.919,32355,0.234,0.169,0.187,0.000,0.000,activeTracking,noEvent
6382,5,11,rld,14:43:12.958,32356,0.273,0.169,0.187,0.000,0.000,activeTracking,noEvent
6382,5,11,rld,14:43:12.994,32357,0.306,0.169,0.187,0.000,0.000,activeTracking,noEvent
6382,5,11,rld,14:43:13.028,32358,0.348,0.169,0.187,0.000,0.000,activeTracking,noEvent
6382,5,11,rld,14:43:13.087,32359,0.403,0.169,0.187,0.000,0.000,activeTracking,noEvent
6382,5,11,rld,14:43:13.130,32360,0.449,0.169,0.187,0.000,0.000,activeTracking,noEvent
6382,5,11,rld,14:43:13.159,32361,0.471,0.169,0.187,0.000,0.000,activeTracking,noEvent
6382,5,11,rld,14:43:13.208,32362,0.522,0.169,0.187,0.000,0.000,activeTracking,noEvent
6382,5,11,rld,14:43:13.248,32363,0.564,0.169,0.187,0.000,0.000,activeTracking,noEvent
6382,5,11,rld,14:43:13.274,32364,0.590,0.169,0.187,0.000,0.000,activeTracking,noEvent
6382,5,11,rld,14:43:13.325,32365,0.645,0.169,0.187,0.000,0.000,activeTracking,noEvent
6382,5,11,rld,14:43:13.433,32366,0.723,0.169,0.187,0.000,0.000,activeTracking,noEvent
6382,5,11,rld,14:43:13.632,32367,0.924,-0.755,0.052,-8.200,-1.200,activeTracking,noEvent
6382,5,11,rld,14:43:13.772,32368,1.079,-2.071,-0.083,-8.700,-0.800,activeTracking,noEvent
6382,5,11,rld,14:43:13.858,32369,1.166,-2.548,-0.152,-0.200,-0.200,onTarget,noEvent
6382,5,11,rld,14:43:13.917,32370,1.230,-2.710,-0.188,0.000,-0.100,onTarget,noEvent
6382,5,11,rld,14:43:13.976,32371,1.295,-2.788,-0.211,-0.200,-0.100,onTarget,noEvent
6382,5,11,rld,14:43:14.078,32372,1.383,-2.949,-0.208,-1.100,0.100,onTarget,noEvent
6382,5,11,rld,14:43:14.157,32373,1.463,-3.127,-0.195,-1.000,0.100,activeTracking,noEvent
6382,5,11,rld,14:43:14.198,32374,1.517,-3.199,-0.191,-0.100,0.000,activeTracking,noEvent
6382,5,11,rld,14:43:14.326,32375,1.624,-3.111,-0.095,0.900,0.800,activeTracking,noEvent
6382,5,11,rld,14:43:14.445,32376,1.753,-2.946,0.019,1.100,0.700,onTarget,noEvent
6382,5,11,rld,14:43:14.545,32377,1.851,-2.733,0.103,1.300,0.400,onTarget,noEvent
6382,5,11,rld,14:43:14.671,32378,1.983,-2.518,0.177,1.200,0.400,onTarget,noEvent
6382,5,11,rld,14:43:14.722,32379,2.035,-2.423,0.224,0.200,0.200,activeTracking,noEvent
6382,5,11,rld,14:43:14.763,32380,2.081,-2.391,0.240,0.000,0.000,activeTracking,noEvent
6382,5,11,rld,14:43:14.847,32381,2.162,-2.369,0.245,0.100,0.000,activeTracking,noEvent
6382,5,11,rld,14:43:14.889,32382,2.204,-2.361,0.247,0.000,0.000,activeTracking,noEvent
6382,5,11,rld,14:43:14.982,32383,2.288,-2.370,0.224,-0.100,-0.200,activeTracking,noEvent
6382,5,11,rld,14:43:15.065,32384,2.374,-2.409,0.182,-0.300,-0.300,onTarget,noEvent
6382,5,11,rld,14:43:15.139,32385,2.451,-2.470,0.145,-0.400,-0.200,onTarget,noEvent
6382,5,11,rld,14:43:15.231,32386,2.544,-2.539,0.110,-0.400,-0.200,onTarget,noEvent
6382,5,11,rld,14:43:15.298,32387,2.612,-2.586,0.075,-0.200,-0.200,onTarget,noEvent
6382,5,11,rld,14:43:15.385,32388,2.691,-2.625,0.028,-0.200,-0.300,onTarget,noEvent
6382,5,11,rld,14:43:15.440,32389,2.756,-2.663,0.013,-0.200,0.000,onTarget,noEvent
6382,5,11,rld,14:43:15.485,32390,2.805,-2.675,0.008,0.000,0.000,onTarget,noEvent
6382,5,11,rld,14:43:15.547,32391,2.853,-2.680,0.006,0.000,0.000,onTarget,noEvent
6382,5,11,rld,14:43:15.629,32392,2.948,-2.681,0.029,0.000,0.200,onTarget,noEvent
6382,5,11,rld,14:43:15.680,32393,2.991,-2.681,0.048,0.000,0.100,onTarget,noEvent
6382,5,11,rld,14:43:15.738,32394,3.056,-2.682,0.054,0.000,0.000,onTarget,noEvent
6382,5,11,rld,14:43:15.834,32395,3.149,-2.682,0.057,0.000,0.000,onTarget,targetClick
6382,5,12,rld,14:43:18.550,32433,3.311,0.167,0.136,0.000,0.000,waitingForTarget,middleTargetClick
6382,5,12,rld,14:43:18.611,32434,3.383,0.168,0.136,0.000,0.000,waitingForTarget,noEvent
6382,5,12,rld,14:43:18.677,32435,3.457,0.169,0.136,0.000,0.000,waitingForTarget,noEvent
6382,5,12,rld,14:43:18.722,32436,3.501,0.169,0.136,0.000,0.000,waitingForTarget,noEvent
6382,5,12,rld,14:43:18.741,32437,3.522,0.169,0.136,0.000,0.000,waitingForTarget,noEvent
6382,5,12,rld,14:43:18.800,32438,3.581,0.169,0.136,0.000,0.000,waitingForTarget,noEvent
6382,5,12,rld,14:43:18.861,32439,3.637,0.169,0.136,0.000,0.000,waitingForTarget,noEvent
6382,5,12,rld,14:43:18.911,32440,3.691,0.169,0.136,0.000,0.000,waitingForTarget,noEvent
6382,5,12,rld,14:43:18.961,32441,3.727,0.169,0.136,0.000,0.000,waitingForTarget,noEvent
6382,5,12,rld,14:43:19.016,32442,0.054,0.169,0.136,0.000,0.000,activeTracking,targetAppeared
6382,5,12,rld,14:43:19.067,32443,0.113,0.169,0.136,0.000,0.000,activeTracking,noEvent
6382,5,12,rld,14:43:19.100,32444,0.148,0.169,0.136,0.000,0.000,activeTracking,noEvent
6382,5,12,rld,14:43:19.141,32445,0.186,0.169,0.136,0.000,0.000,activeTracking,noEvent
6382,5,12,rld,14:43:19.194,32446,0.235,0.169,0.136,0.000,0.000,activeTracking,noEvent
6382,5,12,rld,14:43:19.233,32447,0.277,0.169,0.136,0.000,0.000,activeTracking,noEvent
6382,5,12,rld,14:43:19.291,32448,0.335,0.169,0.136,0.000,0.000,activeTracking,noEvent
6382,5,12,rld,14:43:19.362,32449,0.404,0.169,0.136,0.000,0.000,activeTracking,noEvent
6382,5,12,rld,14:43:19.429,32450,0.482,0.169,0.136,0.000,0.000,activeTracking,noEvent
6382,5,12,rld,14:43:19.483,32451,0.523,0.169,0.136,0.000,0.000,activeTracking,noEvent
6382,5,12,rld,14:43:19.550,32452,0.590,0.169,0.136,0.000,0.000,activeTracking,noEvent
6382,5,12,rld,14:43:19.630,32453,0.676,0.158,0.136,-0.100,0.000,activeTracking,noEvent
6382,5,12,rld,14:43:19.827,32454,0.804,-1.145,0.093,-11.500,-0.400,activeTracking,noEvent
6382,5,12,rld,14:43:19.947,32455,0.980,-2.576,-0.069,-8.400,-1.300,onTarget,noEvent
6382,5,12,rld,14:43:20.026,32456,1.074,-3.224,-0.125,-1.200,0.000,activeTracking,noEvent
6382,5,12,rld,14:43:20.130,32457,1.166,-3.535,-0.144,-0.700,0.000,activeTracking,noEvent
6382,5,12,rld,14:43:20.207,32458,1.239,-3.678,-0.139,-0.300,0.100,activeTracking,noEvent
6382,5,12,rld,14:43:20.278,32459,1.320,-3.765,-0.137,-0.300,0.000,activeTracking,noEvent
6382,5,12,rld,14:43:20.347,32460,1.390,-3.795,-0.100,0.000,0.300,activeTracking,noEvent
6382,5,12,rld,14:43:20.443,32461,1.477,-3.752,-0.064,0.400,0.200,activeTracking,noEvent
6382,5,12,rld,14:43:20.532,32462,1.567,-3.610,-0.028,1.000,0.200,activeTracking,noEvent
6382,5,12,rld,14:43:20.667,32463,1.690,-3.334,0.031,1.800,0.400,activeTracking,noEvent
6382,5,12,rld,14:43:20.794,32464,1.806,-3.032,0.097,1.700,0.400,onTarget,noEvent
6382,5,12,rld,14:43:20.889,32465,1.936,-2.834,0.129,0.800,0.100,onTarget,noEvent
6382,5,12,rld,14:43:20.951,32466,1.997,-2.757,0.140,0.100,0.000,onTarget,noEvent
6382,5,12,rld,14:43:21.000,32467,2.047,-2.731,0.144,0.000,0.000,onTarget,noEvent
6382,5,12,rld,14:43:21.056,32468,2.102,-2.722,0.133,0.000,-0.100,onTarget,noEvent
6382,5,12,rld,14:43:21.106,32469,2.157,-2.720,0.130,0.000,0.000,onTarget,noEvent
6382,5,12,rld,14:43:21.176,32470,2.226,-2.719,0.105,0.000,-0.200,onTarget,noEvent
6382,5,12,rld,14:43:21.262,32471,2.306,-2.718,0.085,0.000,-0.100,onTarget,noEvent
6382,5,12,rld,14:43:21.332,32472,2.373,-2.742,0.079,-0.200,0.000,onTarget,noEvent
6382,5,12,rld,14:43:21.387,32473,2.436,-2.751,0.053,0.000,-0.200,onTarget,noEvent
6382,5,12,rld,14:43:21.427,32474,2.470,-2.753,0.045,0.000,0.000,onTarget,noEvent
6382,5,12,rld,14:43:21.483,32475,2.535,-2.754,0.042,0.000,0.000,onTarget,noEvent
6382,5,12,rld,14:43:21.544,32476,2.585,-2.754,0.041,0.000,0.000,onTarget,noEvent
6382,5,12,rld,14:43:21.582,32477,2.634,-2.755,0.041,0.000,0.000,onTarget,noEvent
6382,5,12,rld,14:43:21.664,32478,2.713,-2.755,0.040,0.000,0.000,onTarget,targetClick
6382,5,13,rld,14:43:25.060,32519,2.791,0.017,0.170,0.000,0.000,waitingForTarget,middleTargetClick
6382,5,13,rld,14:43:25.113,32520,2.846,0.017,0.170,0.000,0.000,waitingForTarget,noEvent
6382,5,13,rld,14:43:25.172,32521,2.898,0.017,0.170,0.000,0.000,waitingForTarget,noEvent
6382,5,13,rld,14:43:25.247,32522,2.950,0.017,0.170,0.000,0.000,waitingForTarget,noEvent
6382,5,13,rld,14:43:25.299,32523,3.026,0.017,0.170,0.000,0.000,waitingForTarget,noEvent
6382,5,13,rld,14:43:25.342,32524,3.069,0.017,0.170,0.000,0.000,waitingForTarget,noEvent
6382,5,13,rld,14:43:25.394,32525,3.113,0.017,0.170,0.000,0.000,waitingForTarget,noEvent
6382,5,13,rld,14:43:25.433,32526,3.162,0.017,0.170,0.000,0.000,waitingForTarget,noEvent
6382,5,13,rld,14:43:25.478,32527,3.208,0.017,0.170,0.000,0.000,waitingForTarget,noEvent
6382,5,13,rld,14:43:25.540,32528,0.053,0.017,0.170,0.000,0.000,activeTracking,targetAppeared
6382,5,13,rld,14:43:25.593,32529,0.107,0.017,0.170,0.000,0.000,activeTracking,noEvent
6382,5,13,rld,14:43:25.642,32530,0.158,0.017,0.170,0.000,0.000,activeTracking,noEvent
6382,5,13,rld,14:43:25.697,32531,0.208,0.017,0.170,0.000,0.000,activeTracking,noEvent
6382,5,13,rld,14:43:25.757,32532,0.268,0.017,0.170,0.000,0.000,activeTracking,noEvent
6382,5,13,rld,14:43:25.840,32533,0.357,0.017,0.170,0.000,0.000,activeTracking,noEvent
6382,5,13,rld,14:43:25.912,32534,0.422,0.017,0.170,0.000,0.000,activeTracking,noEvent
6382,5,13,rld,14:43:25.964,32535,0.475,0.017,0.170,0.000,0.000,activeTracking,noEvent
6382,5,13,rld,14:43:26.092,32536,0.589,0.332,0.193,2.800,0.200,activeTracking,noEvent
6382,5,13,rld,14:43:26.352,32537,0.838,1.174,0.316,6.500,1.000,activeTracking,noEvent
6382,5,13,rld,14:43:26.424,32538,0.935,1.516,0.381,0.500,0.200,activeTracking,noEvent
6382,5,13,rld,14:43:26.497,32539,1.009,1.677,0.404,0.400,0.000,activeTracking,noEvent
6382,5,13,rld,14:43:26.613,32540,1.124,1.800,0.423,0.600,0.100,activeTracking,noEvent
6382,5,13,rld,14:43:26.687,32541,1.205,1.888,0.430,0.400,0.000,activeTracking,noEvent
6382,5,13,rld,14:43:26.765,32542,1.280,1.953,0.433,0.300,0.000,activeTracking,noEvent
6382,5,13,rld,14:43:26.867,32543,1.384,2.033,0.435,0.500,0.000,activeTracking,noEvent
6382,5,13,rld,14:43:26.932,32544,1.452,2.071,0.435,0.100,0.000,activeTracking,noEvent
6382,5,13,rld,14:43:26.996,32545,1.507,2.084,0.424,0.000,-0.100,activeTracking,noEvent
6382,5,13,rld,14:43:27.057,32546,1.571,2.089,0.420,0.000,0.000,activeTracking,noEvent
6382,5,13,rld,14:43:27.134,32547,1.641,2.090,0.408,0.000,-0.100,activeTracking,noEvent
6382,5,13,rld,14:43:27.243,32548,1.743,2.091,0.346,0.000,-0.500,activeTracking,noEvent
6382,5,13,rld,14:43:27.346,32549,1.858,2.102,0.290,0.100,-0.300,activeTracking,noEvent
6382,5,13,rld,14:43:27.480,32550,2.000,2.225,0.215,1.000,-0.500,activeTracking,noEvent
6382,5,13,rld,14:43:27.609,32551,2.109,2.349,0.168,0.700,-0.200,activeTracking,noEvent
6382,5,13,rld,14:43:27.678,32552,2.202,2.522,0.164,1.100,0.100,onTarget,noEvent
6382,5,13,rld,14:43:27.829,32553,2.268,2.653,0.187,0.600,0.200,onTarget,noEvent
6382,5,13,rld,14:43:27.913,32554,2.419,2.830,0.207,1.100,0.100,onTarget,noEvent
6382,5,13,rld,14:43:27.990,32555,2.502,2.914,0.214,0.200,0.000,onTarget,noEvent
6382,5,13,rld,14:43:28.040,32556,2.558,2.942,0.217,0.000,0.000,onTarget,noEvent
6382,5,13,rld,14:43:28.100,32557,2.618,2.952,0.217,0.000,0.000,onTarget,noEvent
6382,5,13,rld,14:43:28.160,32558,2.684,2.955,0.218,0.000,0.000,onTarget,noEvent
6382,5,13,rld,14:43:28.209,32559,2.728,2.956,0.218,0.000,0.000,onTarget,noEvent
6382,5,13,rld,14:43:28.260,32560,2.778,2.956,0.218,0.000,0.000,onTarget,noEvent
6382,5,13,rld,14:43:28.311,32561,2.826,2.956,0.218,0.000,0.000,onTarget,noEvent
6382,5,13,rld,14:43:28.350,32562,2.870,2.956,0.218,0.000,0.000,onTarget,noEvent
6382,5,13,rld,14:43:28.400,32563,2.920,2.956,0.218,0.000,0.000,onTarget,noEvent
6382,5,13,rld,14:43:28.450,32564,2.969,2.956,0.218,0.000,0.000,onTarget,noEvent
6382,5,13,rld,14:43:28.526,32565,3.049,2.956,0.218,0.000,0.000,onTarget,targetClick
6382,5,14,rld,14:43:32.639,32626,3.125,-0.101,-0.016,0.000,0.000,waitingForTarget,middleTargetClick
6382,5,14,rld,14:43:32.682,32627,3.177,-0.101,-0.016,0.000,0.000,waitingForTarget,noEvent
6382,5,14,rld,14:43:32.755,32628,3.248,-0.101,-0.016,0.000,0.000,waitingForTarget,noEvent
6382,5,14,rld,14:43:32.842,32629,3.332,-0.101,-0.016,0.000,0.000,waitingForTarget,noEvent
6382,5,14,rld,14:43:32.882,32630,3.378,-0.101,-0.016,0.000,0.000,waitingForTarget,noEvent
6382,5,14,rld,14:43:32.922,32631,3.415,-0.101,-0.016,0.000,0.000,waitingForTarget,noEvent
6382,5,14,rld,14:43:32.971,32632,3.466,-0.101,-0.016,0.000,0.000,waitingForTarget,noEvent
6382,5,14,rld,14:43:33.026,32633,3.521,-0.101,-0.016,0.000,0.000,waitingForTarget,noEvent
6382,5,14,rld,14:43:33.067,32634,3.560,-0.101,-0.016,0.000,0.000,waitingForTarget,noEvent
6382,5,14,rld,14:43:33.100,32635,0.036,-0.101,-0.016,0.000,0.000,activeTracking,targetAppeared
6382,5,14,rld,14:43:33.150,32636,0.081,-0.101,-0.016,0.000,0.000,activeTracking,noEvent
6382,5,14,rld,14:43:33.200,32637,0.132,-0.101,-0.016,0.000,0.000,activeTracking,noEvent
6382,5,14,rld,14:43:33.260,32638,0.195,-0.101,-0.016,0.000,0.000,activeTracking,noEvent
6382,5,14,rld,14:43:33.299,32639,0.236,-0.101,-0.016,0.000,0.000,activeTracking,noEvent
6382,5,14,rld,14:43:33.340,32640,0.272,-0.101,-0.016,0.000,0.000,activeTracking,noEvent
6382,5,14,rld,14:43:33.382,32641,0.319,-0.101,-0.016,0.000,0.000,activeTracking,noEvent
6382,5,14,rld,14:43:33.430,32642,0.367,-0.101,-0.016,0.000,0.000,activeTracking,noEvent
6382,5,14,rld,14:43:33.463,32643,0.397,-0.101,-0.016,0.000,0.000,activeTracking,noEvent
6382,5,14,rld,14:43:33.520,32644,0.450,-0.101,-0.016,0.000,0.000,activeTracking,noEvent
6382,5,14,rld,14:43:33.561,32645,0.498,-0.101,-0.016,0.000,0.000,activeTracking,noEvent
6382,5,14,rld,14:43:33.611,32646,0.547,-0.101,-0.016,0.000,0.000,activeTracking,noEvent
6382,5,14,rld,14:43:33.675,32647,0.599,-0.101,-0.016,0.000,0.000,activeTracking,noEvent
6382,5,14,rld,14:43:33.741,32648,0.669,-0.101,-0.016,0.000,0.000,activeTracking,noEvent
6382,5,14,rld,14:43:33.960,32649,0.869,1.210,0.235,11.600,2.200,activeTracking,noEvent
6382,5,14,rld,14:43:34.039,32650,0.971,2.016,0.335,3.100,0.100,activeTracking,noEvent
6382,5,14,rld,14:43:34.090,32651,1.019,2.302,0.370,0.100,0.000,activeTracking,noEvent
6382,5,14,rld,14:43:34.181,32652,1.086,2.423,0.382,0.200,0.000,activeTracking,noEvent
6382,5,14,rld,14:43:34.243,32653,1.173,2.499,0.387,0.300,0.000,activeTracking,noEvent
6382,5,14,rld,14:43:34.327,32654,1.245,2.548,0.388,0.200,0.000,activeTracking,noEvent
6382,5,14,rld,14:43:34.391,32655,1.311,2.589,0.413,0.200,0.200,activeTracking,noEvent
6382,5,14,rld,14:43:34.447,32656,1.379,2.627,0.433,0.200,0.100,activeTracking,noEvent
6382,5,14,rld,14:43:34.512,32657,1.437,2.663,0.440,0.200,0.000,activeTracking,noEvent
6382,5,14,rld,14:43:34.562,32658,1.488,2.676,0.442,0.000,0.000,activeTracking,noEvent
6382,5,14,rld,14:43:34.631,32659,1.567,2.680,0.420,0.000,-0.200,activeTracking,noEvent
6382,5,14,rld,14:43:34.693,32660,1.620,2.681,0.400,0.000,-0.100,activeTracking,noEvent
6382,5,14,rld,14:43:34.759,32661,1.684,2.682,0.371,0.000,-0.200,activeTracking,noEvent
6382,5,14,rld,14:43:34.843,32662,1.771,2.682,0.326,0.000,-0.300,onTarget,noEvent
6382,5,14,rld,14:43:34.903,32663,1.834,2.682,0.287,0.000,-0.200,onTarget,noEvent
6382,5,14,rld,14:43:34.960,32664,1.889,2.682,0.263,0.000,-0.100,onTarget,noEvent
6382,5,14,rld,14:43:35.037,32665,1.969,2.682,0.219,0.000,-0.300,onTarget,noEvent
6382,5,14,rld,14:43:35.100,32666,2.018,2.682,0.205,0.000,0.000,onTarget,noEvent
6382,5,14,rld,14:43:35.171,32667,2.104,2.682,0.200,0.000,0.000,onTarget,noEvent
6382,5,14,rld,14:43:35.215,32668,2.152,2.682,0.199,0.000,0.000,onTarget,noEvent
6382,5,14,rld,14:43:35.278,32669,2.207,2.682,0.198,0.000,0.000,onTarget,noEvent
6382,5,14,rld,14:43:35.334,32670,2.266,2.682,0.198,0.000,0.000,onTarget,noEvent
6382,5,14,rld,14:43:35.379,32671,2.310,2.682,0.198,0.000,0.000,onTarget,noEvent
6382,5,14,rld,14:43:35.426,32672,2.352,2.682,0.198,0.000,0.000,onTarget,noEvent
6382,5,14,rld,14:43:35.491,32673,2.418,2.682,0.198,0.000,0.000,onTarget,noEvent
6382,5,14,rld,14:43:35.528,32674,2.458,2.682,0.198,0.000,0.000,onTarget,noEvent
6382,5,14,rld,14:43:35.616,32675,2.550,2.682,0.198,0.000,0.000,onTarget,targetClick
6382,5,15,rld,14:43:40.489,32748,2.618,0.051,0.187,0.000,0.000,waitingForTarget,middleTargetClick
6382,5,15,rld,14:43:40.540,32749,2.676,0.051,0.187,0.000,0.000,waitingForTarget,noEvent
6382,5,15,rld,14:43:40.572,32750,2.711,0.051,0.187,0.000,0.000,waitingForTarget,noEvent
6382,5,15,rld,14:43:40.614,32751,2.754,0.051,0.187,0.000,0.000,waitingForTarget,noEvent
6382,5,15,rld,14:43:40.680,32752,2.819,0.051,0.187,0.000,0.000,waitingForTarget,noEvent
6382,5,15,rld,14:43:40.760,32753,2.901,0.051,0.187,0.000,0.000,waitingForTarget,noEvent
6382,5,15,rld,14:43:40.823,32754,2.965,0.051,0.187,0.000,0.000,waitingForTarget,noEvent
6382,5,15,rld,14:43:40.874,32755,3.016,0.051,0.187,0.000,0.000,waitingForTarget,noEvent
6382,5,15,rld,14:43:40.910,32756,3.050,0.051,0.187,0.000,0.000,waitingForTarget,noEvent
6382,5,15,rld,14:43:40.963,32757,0.053,0.051,0.187,0.000,0.000,activeTracking,targetAppeared
6382,5,15,rld,14:43:41.012,32758,0.095,0.051,0.187,0.000,0.000,activeTracking,noEvent
6382,5,15,rld,14:43:41.080,32759,0.166,0.051,0.187,0.000,0.000,activeTracking,noEvent
6382,5,15,rld,14:43:41.122,32760,0.211,0.051,0.187,0.000,0.000,activeTracking,noEvent
6382,5,15,rld,14:43:41.176,32761,0.254,0.051,0.187,0.000,0.000,activeTracking,noEvent
6382,5,15,rld,14:43:41.212,32762,0.305,0.051,0.187,0.000,0.000,activeTracking,noEvent
6382,5,15,rld,14:43:41.272,32763,0.352,0.051,0.187,0.000,0.000,activeTracking,noEvent
6382,5,15,rld,14:43:41.313,32764,0.395,0.051,0.187,0.000,0.000,activeTracking,noEvent
6382,5,15,rld,14:43:41.360,32765,0.447,0.051,0.187,0.000,0.000,activeTracking,noEvent
6382,5,15,rld,14:43:41.407,32766,0.493,0.051,0.187,0.000,0.000,activeTracking,noEvent
6382,5,15,rld,14:43:41.449,32767,0.535,0.051,0.187,0.000,0.000,activeTracking,noEvent
6382,5,15,rld,14:43:41.492,32768,0.584,0.051,0.187,0.000,0.000,activeTracking,noEvent
6382,5,15,rld,14:43:41.543,32769,0.624,0.051,0.187,0.000,0.000,activeTracking,noEvent
6382,5,15,rld,14:43:41.603,32770,0.684,0.051,0.187,0.000,0.000,activeTracking,noEvent
6382,5,15,rld,14:43:41.697,32771,0.745,0.051,0.187,0.000,0.000,activeTracking,noEvent
6382,5,15,rld,14:43:41.861,32772,0.927,2.167,0.483,18.500,2.500,activeTracking,noEvent
6382,5,15,rld,14:43:41.920,32773,0.997,2.946,0.593,0.300,0.000,activeTracking,noEvent
6382,5,15,rld,14:43:41.977,32774,1.060,3.226,0.632,0.100,0.000,activeTracking,noEvent
6382,5,15,rld,14:43:42.030,32775,1.119,3.345,0.646,0.200,0.000,activeTracking,noEvent
6382,5,15,rld,14:43:42.093,32776,1.178,3.411,0.651,0.200,0.000,activeTracking,noEvent
6382,5,15,rld,14:43:42.160,32777,1.227,3.445,0.653,0.100,0.000,activeTracking,noEvent
6382,5,15,rld,14:43:42.296,32778,1.359,3.533,0.656,0.600,0.000,activeTracking,noEvent
6382,5,15,rld,14:43:42.353,32779,1.438,3.575,0.657,0.100,0.000,activeTracking,noEvent
6382,5,15,rld,14:43:42.415,32780,1.506,3.589,0.633,0.000,-0.200,activeTracking,noEvent
6382,5,15,rld,14:43:42.511,32781,1.588,3.581,0.601,-0.100,-0.200,activeTracking,noEvent
6382,5,15,rld,14:43:42.563,32782,1.655,3.540,0.553,-0.300,-0.300,activeTracking,noEvent
6382,5,15,rld,14:43:42.662,32783,1.744,3.488,0.513,-0.300,-0.200,activeTracking,noEvent
6382,5,15,rld,14:43:42.778,32784,1.860,3.344,0.473,-1.000,-0.200,activeTracking,noEvent
6382,5,15,rld,14:43:42.877,32785,1.955,3.172,0.398,-1.000,-0.500,activeTracking,noEvent
6382,5,15,rld,14:43:42.982,32786,2.058,3.003,0.336,-0.900,-0.300,activeTracking,noEvent
6382,5,15,rld,14:43:43.080,32787,2.139,2.886,0.280,-0.500,-0.300,onTarget,noEvent
6382,5,15,rld,14:43:43.145,32788,2.231,2.786,0.225,-0.500,-0.300,onTarget,noEvent
6382,5,15,rld,14:43:43.231,32789,2.307,2.704,0.172,-0.400,-0.300,onTarget,noEvent
6382,5,15,rld,14:43:43.304,32790,2.387,2.629,0.119,-0.400,-0.300,onTarget,noEvent
6382,5,15,rld,14:43:43.360,32791,2.443,2.604,0.101,0.000,0.000,onTarget,noEvent
6382,5,15,rld,14:43:43.398,32792,2.485,2.595,0.095,0.000,0.000,onTarget,noEvent
6382,5,15,rld,14:43:43.464,32793,2.543,2.592,0.093,0.000,0.000,onTarget,noEvent
6382,5,15,rld,14:43:43.511,32794,2.598,2.592,0.093,0.000,0.000,onTarget,noEvent
6382,5,15,rld,14:43:43.573,32795,2.644,2.591,0.092,0.000,0.000,onTarget,noEvent
6382,5,15,rld,14:43:43.637,32796,2.725,2.615,0.092,0.200,0.000,onTarget,noEvent
6382,5,15,rld,14:43:43.689,32797,2.767,2.623,0.092,0.000,0.000,onTarget,noEvent
6382,5,15,rld,14:43:43.745,32798,2.827,2.626,0.116,0.000,0.200,onTarget,noEvent
6382,5,15,rld,14:43:43.792,32799,2.872,2.627,0.124,0.000,0.000,onTarget,noEvent
6382,5,15,rld,14:43:43.847,32800,2.937,2.627,0.126,0.000,0.000,onTarget,noEvent
6382,5,15,rld,14:43:43.891,32801,2.977,2.627,0.127,0.000,0.000,onTarget,noEvent
6382,5,15,rld,14:43:43.941,32802,3.023,2.627,0.127,0.000,0.000,onTarget,noEvent
6382,5,15,rld,14:43:43.979,32803,3.072,2.627,0.127,0.000,0.000,onTarget,noEvent
6382,5,15,rld,14:43:44.016,32804,3.107,2.627,0.127,0.000,0.000,onTarget,noEvent
6382,5,15,rld,14:43:44.070,32805,3.157,2.627,0.127,0.000,0.000,onTarget,noEvent
6382,5,15,rld,14:43:44.122,32806,3.208,2.627,0.127,0.000,0.000,onTarget,noEvent
6382,5,15,rld,14:43:44.170,32807,3.253,2.627,0.127,0.000,0.000,onTarget,noEvent
6382,5,15,rld,14:43:44.213,32808,3.305,2.627,0.127,0.000,0.000,onTarget,noEvent
6382,5,15,rld,14:43:44.276,32809,3.357,2.627,0.127,0.000,0.000,onTarget,noEvent
6382,5,15,rld,14:43:44.347,32810,3.427,2.627,0.127,0.000,0.000,onTarget,targetClick
6382,5,16,rld,14:43:52.382,32863,3.760,-0.069,0.020,-4.800,0.400,waitingForTarget,middleTargetClick
6382,5,16,rld,14:43:52.463,32864,3.865,-0.248,0.041,0.000,0.000,waitingForTarget,noEvent
6382,5,16,rld,14:43:52.539,32865,3.941,-0.308,0.048,0.000,0.000,waitingForTarget,noEvent
6382,5,16,rld,14:43:52.598,32866,3.992,-0.328,0.051,0.000,0.000,waitingForTarget,noEvent
6382,5,16,rld,14:43:52.952,32870,0.103,-0.338,0.052,0.000,0.000,activeTracking,targetAppeared
6382,5,16,rld,14:43:53.061,32871,0.212,-0.338,0.052,0.000,0.000,activeTracking,noEvent
6382,5,16,rld,14:43:53.115,32872,0.260,-0.338,0.052,0.000,0.000,activeTracking,noEvent
6382,5,16,rld,14:43:53.165,32873,0.316,-0.338,0.052,0.000,0.000,activeTracking,noEvent
6382,5,16,rld,14:43:53.237,32874,0.385,-0.338,0.052,0.000,0.000,activeTracking,noEvent
6382,5,16,rld,14:43:53.303,32875,0.451,-0.338,0.052,0.000,0.000,activeTracking,noEvent
6382,5,16,rld,14:43:53.379,32876,0.507,-0.338,0.052,0.000,0.000,activeTracking,noEvent
6382,5,16,rld,14:43:53.590,32877,0.712,2.020,0.793,20.700,6.400,activeTracking,noEvent
6382,5,16,rld,14:43:53.699,32878,0.826,3.267,1.236,3.400,1.300,activeTracking,noEvent
6382,5,16,rld,14:43:53.913,32879,0.985,4.405,1.688,5.300,2.000,activeTracking,noEvent
6382,5,16,rld,14:43:53.974,32880,1.109,5.545,2.144,5.100,1.700,activeTracking,noEvent
6382,5,16,rld,14:43:54.029,32881,1.174,5.967,2.314,0.100,0.000,activeTracking,noEvent
6382,5,16,rld,14:43:54.225,32882,1.336,6.206,2.398,0.600,0.100,activeTracking,noEvent
6382,5,16,rld,14:43:54.292,32883,1.433,6.416,2.470,0.800,0.200,activeTracking,noEvent
6382,5,16,rld,14:43:54.357,32884,1.508,6.536,2.501,0.300,0.000,activeTracking,noEvent
6382,5,16,rld,14:43:54.398,32885,1.545,6.576,2.511,0.000,0.000,activeTracking,noEvent
6382,5,16,rld,14:43:54.586,32886,1.696,6.249,2.487,-2.100,0.100,activeTracking,noEvent
6382,5,16,rld,14:43:54.772,32887,1.897,4.735,1.725,-9.500,-4.600,activeTracking,noEvent
6382,5,16,rld,14:43:54.925,32888,2.044,3.273,0.210,-7.700,-10.300,activeTracking,noEvent
6382,5,16,rld,14:43:55.053,32889,2.180,2.393,-0.533,-3.500,-2.400,activeTracking,noEvent
6382,5,16,rld,14:43:55.228,32890,2.362,1.757,-1.289,-3.000,-4.500,activeTracking,noEvent
6382,5,16,rld,14:43:55.297,32891,2.443,1.526,-1.609,-0.200,-0.600,activeTracking,noEvent
6382,5,16,rld,14:43:55.356,32892,2.503,1.461,-1.717,0.100,0.000,activeTracking,noEvent
6382,5,16,rld,14:43:55.416,32893,2.557,1.450,-1.753,0.100,0.000,activeTracking,noEvent
6382,5,16,rld,14:43:55.464,32894,2.610,1.470,-1.766,0.200,0.000,activeTracking,noEvent
6382,5,16,rld,14:43:55.577,32895,2.706,1.534,-1.713,0.500,0.500,activeTracking,noEvent
6382,5,16,rld,14:43:55.728,32896,2.856,3.068,-0.086,12.700,14.000,activeTracking,noEvent
6382,5,16,rld,14:43:55.781,32897,2.924,3.674,0.532,0.500,0.400,activeTracking,noEvent
6382,5,16,rld,14:43:55.871,32898,3.013,3.894,0.781,0.100,0.300,activeTracking,noEvent
6382,5,16,rld,14:43:55.927,32899,3.075,3.968,0.890,0.000,0.200,activeTracking,noEvent
6382,5,16,rld,14:43:56.023,32900,3.164,3.993,0.988,0.000,0.500,activeTracking,noEvent
6382,5,16,rld,14:43:56.080,32901,3.225,4.001,1.045,0.000,0.200,activeTracking,noEvent
6382,5,16,rld,14:43:56.146,32902,3.286,4.004,1.089,0.000,0.200,activeTracking,noEvent
6382,5,16,rld,14:43:56.220,32903,3.350,3.979,1.090,-0.200,-0.100,activeTracking,noEvent
6382,5,16,rld,14:43:56.278,32904,3.430,3.931,1.027,-0.300,-0.500,activeTracking,noEvent
6382,5,16,rld,14:43:56.375,32905,3.515,3.889,0.920,-0.200,-0.700,activeTracking,noEvent
6382,5,16,rld,14:43:56.439,32906,3.585,3.862,0.810,-0.100,-0.600,activeTracking,noEvent
6382,5,16,rld,14:43:56.672,32907,3.800,3.775,0.541,-0.600,-1.900,activeTracking,noEvent
6382,5,16,rld,14:43:56.730,32908,3.882,3.733,0.439,-0.100,-0.100,activeTracking,noEvent
6382,5,16,rld,14:43:56.811,32909,3.933,3.719,0.405,0.000,0.000,activeTracking,noEvent
6382,5,17,rld,14:44:07.071,33049,0.039,0.084,0.238,0.000,0.000,activeTracking,targetAppeared
6382,5,17,rld,14:44:07.130,33050,0.091,0.084,0.238,0.000,0.000,activeTracking,noEvent
6382,5,17,rld,14:44:07.261,33051,0.216,0.084,0.238,0.000,0.000,activeTracking,failedClick
6382,5,18,rld,14:44:11.988,33096,0.344,-0.034,0.086,0.000,0.000,waitingForTarget,middleTargetClick
6382,5,18,rld,14:44:12.040,33097,0.403,-0.034,0.086,0.000,0.000,waitingForTarget,noEvent
6382,5,18,rld,14:44:12.091,33098,0.462,-0.034,0.086,0.000,0.000,waitingForTarget,noEvent
6382,5,18,rld,14:44:12.152,33099,0.522,-0.034,0.086,0.000,0.000,waitingForTarget,noEvent
6382,5,18,rld,14:44:12.195,33100,0.568,-0.034,0.086,0.000,0.000,waitingForTarget,noEvent
6382,5,18,rld,14:44:12.230,33101,0.602,-0.034,0.086,0.000,0.000,waitingForTarget,noEvent
6382,5,18,rld,14:44:12.281,33102,0.654,-0.034,0.086,0.000,0.000,waitingForTarget,noEvent
6382,5,18,rld,14:44:12.321,33103,0.686,-0.034,0.086,0.000,0.000,waitingForTarget,noEvent
6382,5,18,rld,14:44:12.372,33104,0.729,-0.034,0.086,0.000,0.000,waitingForTarget,noEvent
6382,5,18,rld,14:44:12.412,33105,0.781,-0.034,0.086,0.000,0.000,waitingForTarget,noEvent
6382,5,18,rld,14:44:12.460,33106,0.040,-0.034,0.086,0.000,0.000,activeTracking,targetAppeared
6382,5,18,rld,14:44:12.510,33107,0.100,-0.034,0.086,0.000,0.000,activeTracking,noEvent
6382,5,18,rld,14:44:12.542,33108,0.130,-0.034,0.086,0.000,0.000,activeTracking,noEvent
6382,5,18,rld,14:44:12.594,33109,0.173,-0.034,0.086,0.000,0.000,activeTracking,noEvent
6382,5,18,rld,14:44:12.632,33110,0.218,-0.034,0.086,0.000,0.000,activeTracking,noEvent
6382,5,18,rld,14:44:12.676,33111,0.264,-0.034,0.086,0.000,0.000,activeTracking,noEvent
6382,5,18,rld,14:44:12.724,33112,0.305,-0.034,0.086,0.000,0.000,activeTracking,noEvent
6382,5,18,rld,14:44:12.770,33113,0.358,-0.034,0.086,0.000,0.000,activeTracking,noEvent
6382,5,18,rld,14:44:12.822,33114,0.414,-0.034,0.086,0.000,0.000,activeTracking,noEvent
6382,5,18,rld,14:44:12.870,33115,0.454,-0.034,0.086,0.000,0.000,activeTracking,noEvent
6382,5,18,rld,14:44:12.910,33116,0.497,-0.034,0.086,0.000,0.000,activeTracking,noEvent
6382,5,18,rld,14:44:12.964,33117,0.553,-0.034,0.086,0.000,0.000,activeTracking,noEvent
6382,5,18,rld,14:44:13.010,33118,0.588,-0.034,0.086,0.000,0.000,activeTracking,noEvent
6382,5,18,rld,14:44:13.058,33119,0.636,-0.034,0.086,0.000,0.000,activeTracking,noEvent
6382,5,18,rld,14:44:13.112,33120,0.690,-0.034,0.086,0.000,0.000,activeTracking,noEvent
6382,5,18,rld,14:44:13.168,33121,0.741,-0.034,0.086,0.000,0.000,activeTracking,noEvent
6382,5,18,rld,14:44:13.241,33122,0.818,-0.034,0.086,0.000,0.000,activeTracking,noEvent
6382,5,18,rld,14:44:13.414,33123,0.975,2.387,0.010,21.100,-0.700,onTarget,noEvent
6382,5,18,rld,14:44:13.565,33124,1.155,4.610,0.214,10.400,1.800,activeTracking,noEvent
6382,5,18,rld,14:44:13.619,33125,1.207,5.848,0.458,2.700,1.200,activeTracking,noEvent
6382,5,18,rld,14:44:13.680,33126,1.266,6.309,0.547,0.100,0.000,activeTracking,noEvent
6382,5,18,rld,14:44:13.756,33127,1.334,6.500,0.579,0.200,0.000,activeTracking,noEvent
6382,5,18,rld,14:44:13.845,33128,1.425,6.614,0.592,0.300,0.000,activeTracking,noEvent
6382,5,18,rld,14:44:13.893,33129,1.473,6.652,0.596,0.000,0.000,activeTracking,noEvent
6382,5,18,rld,14:44:13.943,33130,1.530,6.665,0.597,0.000,0.000,activeTracking,noEvent
6382,5,18,rld,14:44:14.004,33131,1.584,6.669,0.598,0.000,0.000,activeTracking,noEvent
6382,5,18,rld,14:44:14.090,33132,1.669,6.620,0.569,-0.300,-0.200,activeTracking,noEvent
6382,5,18,rld,14:44:14.259,33133,1.816,6.408,0.458,-1.200,-0.700,activeTracking,noEvent
6382,5,18,rld,14:44:14.391,33134,1.965,4.368,-0.486,-13.400,-7.000,activeTracking,noEvent
6382,5,18,rld,14:44:14.457,33135,2.034,3.552,-0.825,-1.600,-0.500,activeTracking,noEvent
6382,5,18,rld,14:44:14.546,33136,2.122,3.215,-0.933,-0.600,0.000,activeTracking,noEvent
6382,5,18,rld,14:44:14.646,33137,2.206,3.055,-0.968,-0.400,0.000,activeTracking,noEvent
6382,5,18,rld,14:44:14.729,33138,2.305,2.940,-0.966,-0.500,0.100,activeTracking,noEvent
6382,5,18,rld,14:44:14.830,33139,2.405,2.816,-0.928,-0.700,0.300,activeTracking,noEvent
6382,5,18,rld,14:44:14.908,33140,2.488,2.763,-0.856,-0.100,0.500,activeTracking,noEvent
6382,5,18,rld,14:44:15.031,33141,2.604,3.516,0.038,6.200,7.400,activeTracking,noEvent
6382,5,18,rld,14:44:15.106,33142,2.682,3.814,0.382,0.300,0.300,activeTracking,noEvent
6382,5,18,rld,14:44:15.159,33143,2.749,3.928,0.511,0.100,0.100,activeTracking,noEvent
6382,5,18,rld,14:44:15.214,33144,2.805,3.967,0.555,0.000,0.000,activeTracking,noEvent
6382,5,18,rld,14:44:15.256,33145,2.845,3.979,0.569,0.000,0.000,activeTracking,noEvent
6382,5,18,rld,14:44:15.324,33146,2.902,3.970,0.574,-0.100,0.000,activeTracking,noEvent
6382,5,18,rld,14:44:15.405,33147,2.995,3.928,0.550,-0.300,-0.200,activeTracking,noEvent
6382,5,18,rld,14:44:15.454,33148,3.040,3.901,0.529,-0.100,-0.100,activeTracking,noEvent
6382,5,18,rld,14:44:15.511,33149,3.092,3.892,0.523,0.000,0.000,activeTracking,noEvent
6382,5,18,rld,14:44:15.662,33150,3.245,2.157,-1.210,-14.000,-14.700,activeTracking,noEvent
6382,5,18,rld,14:44:15.748,33151,3.325,1.588,-1.769,-0.200,0.000,activeTracking,noEvent
6382,5,18,rld,14:44:15.801,33152,3.387,1.401,-1.956,0.000,0.000,activeTracking,noEvent
6382,5,18,rld,14:44:15.871,33153,3.462,1.338,-1.995,0.000,0.200,activeTracking,noEvent
6382,5,18,rld,14:44:15.912,33154,3.502,1.318,-2.008,0.000,0.000,activeTracking,noEvent
6382,5,18,rld,14:44:15.973,33155,3.551,1.311,-2.012,0.000,0.000,activeTracking,noEvent
6382,5,18,rld,14:44:16.052,33156,3.623,1.309,-2.014,0.000,0.000,activeTracking,noEvent
6382,5,18,rld,14:44:16.118,33157,3.698,1.308,-2.014,0.000,0.000,activeTracking,noEvent
6382,5,18,rld,14:44:16.155,33158,3.745,1.308,-2.014,0.000,0.000,activeTracking,noEvent
6382,5,18,rld,14:44:16.220,33159,3.792,1.307,-2.014,0.000,0.000,activeTracking,noEvent
6382,5,18,rld,14:44:16.412,33160,3.966,1.781,-1.511,4.100,4.400,activeTracking,noEvent
6382,5,19,rld,14:44:29.726,33345,0.044,0.186,0.305,0.000,0.000,activeTracking,targetAppeared
6382,5,19,rld,14:44:29.776,33346,0.091,0.186,0.305,0.000,0.000,activeTracking,noEvent
6382,5,19,rld,14:44:29.840,33347,0.159,0.186,0.305,0.000,0.000,activeTracking,noEvent
6382,5,19,rld,14:44:29.873,33348,0.202,0.186,0.305,0.000,0.000,activeTracking,noEvent
6382,5,19,rld,14:44:29.923,33349,0.244,0.186,0.305,0.000,0.000,activeTracking,noEvent
6382,5,19,rld,14:44:29.969,33350,0.287,0.186,0.305,0.000,0.000,activeTracking,noEvent
6382,5,19,rld,14:44:30.008,33351,0.332,0.186,0.305,0.000,0.000,activeTracking,noEvent
6382,5,19,rld,14:44:30.051,33352,0.378,0.186,0.305,0.000,0.000,activeTracking,noEvent
6382,5,19,rld,14:44:30.098,33353,0.428,0.186,0.305,0.000,0.000,activeTracking,noEvent
6382,5,19,rld,14:44:30.130,33354,0.459,0.186,0.305,0.000,0.000,activeTracking,noEvent
6382,5,19,rld,14:44:30.181,33355,0.508,0.186,0.305,0.000,0.000,activeTracking,noEvent
6382,5,19,rld,14:44:30.237,33356,0.559,0.186,0.305,0.000,0.000,activeTracking,noEvent
6382,5,19,rld,14:44:30.290,33357,0.610,0.186,0.305,0.000,0.000,activeTracking,noEvent
6382,5,19,rld,14:44:30.327,33358,0.653,0.186,0.305,0.000,0.000,activeTracking,noEvent
6382,5,19,rld,14:44:30.387,33359,0.700,0.186,0.305,0.000,0.000,activeTracking,noEvent
6382,5,19,rld,14:44:30.426,33360,0.753,0.186,0.305,0.000,0.000,activeTracking,noEvent
6382,5,19,rld,14:44:30.528,33361,0.823,0.186,0.305,0.000,0.000,activeTracking,noEvent
6382,5,19,rld,14:44:30.674,33362,0.985,0.897,0.296,6.300,-0.100,activeTracking,noEvent
6382,5,19,rld,14:44:30.833,33363,1.111,2.429,0.279,11.100,-0.200,activeTracking,noEvent
6382,5,19,rld,14:44:30.993,33364,1.315,3.757,0.576,6.300,2.400,activeTracking,noEvent
6382,5,19,rld,14:44:31.084,33365,1.395,4.430,0.776,1.500,0.700,activeTracking,noEvent
6382,5,19,rld,14:44:31.140,33366,1.468,4.675,0.847,0.100,0.000,activeTracking,noEvent
6382,5,19,rld,14:44:31.197,33367,1.521,4.759,0.870,0.000,0.000,activeTracking,noEvent
6382,5,19,rld,14:44:31.254,33368,1.583,4.786,0.878,0.000,0.000,activeTracking,noEvent
6382,5,19,rld,14:44:31.309,33369,1.624,4.796,0.881,0.000,0.000,activeTracking,noEvent
6382,5,19,rld,14:44:31.390,33370,1.719,4.799,0.869,0.000,-0.100,activeTracking,noEvent
6382,5,19,rld,14:44:31.522,33371,1.841,2.446,-0.977,-18.300,-15.200,activeTracking,noEvent
6382,5,19,rld,14:44:31.569,33372,1.891,1.705,-1.551,-0.200,0.000,activeTracking,noEvent
6382,5,19,rld,14:44:31.650,33373,1.972,1.462,-1.755,0.000,-0.100,activeTracking,noEvent
6382,5,19,rld,14:44:31.772,33374,2.088,1.085,-1.933,-2.600,-1.000,activeTracking,noEvent
6382,5,19,rld,14:44:31.867,33375,2.188,0.891,-2.003,-0.600,-0.100,activeTracking,noEvent
6382,5,19,rld,14:44:31.941,33376,2.265,0.793,-2.026,-0.300,0.000,activeTracking,noEvent
6382,5,19,rld,14:44:32.010,33377,2.324,0.726,-2.034,-0.300,0.000,activeTracking,noEvent
6382,5,19,rld,14:44:32.130,33378,2.410,0.704,-2.001,0.000,0.300,activeTracking,noEvent
6382,5,19,rld,14:44:32.204,33379,2.525,0.731,-1.932,0.300,0.500,activeTracking,noEvent
6382,5,19,rld,14:44:32.343,33380,2.639,2.181,-0.325,12.500,13.900,activeTracking,noEvent
6382,5,19,rld,14:44:32.427,33381,2.741,3.099,0.497,3.400,2.300,activeTracking,noEvent
6382,5,19,rld,14:44:32.490,33382,2.810,3.429,0.784,0.100,0.000,activeTracking,noEvent
6382,5,19,rld,14:44:32.554,33383,2.874,3.566,0.906,0.200,0.200,activeTracking,noEvent
6382,5,19,rld,14:44:32.626,33384,2.952,3.650,0.997,0.300,0.400,activeTracking,noEvent
6382,5,19,rld,14:44:32.691,33385,3.017,3.691,1.065,0.100,0.300,activeTracking,noEvent
6382,5,19,rld,14:44:32.740,33386,3.069,3.705,1.099,0.000,0.100,activeTracking,noEvent
6382,5,19,rld,14:44:32.821,33387,3.147,3.710,1.111,0.000,0.000,activeTracking,noEvent
6382,5,19,rld,14:44:32.903,33388,3.217,3.711,1.115,0.000,0.000,activeTracking,noEvent
6382,5,19,rld,14:44:32.953,33389,3.270,3.712,1.116,0.000,0.000,activeTracking,noEvent
6382,5,19,rld,14:44:33.038,33390,3.342,3.699,1.079,-0.100,-0.300,activeTracking,noEvent
6382,5,19,rld,14:44:33.124,33391,3.453,3.656,0.993,-0.300,-0.600,activeTracking,noEvent
6382,5,19,rld,14:44:33.185,33392,3.511,3.629,0.939,-0.100,-0.200,activeTracking,noEvent
6382,5,19,rld,14:44:33.259,33393,3.567,3.620,0.909,0.000,-0.100,activeTracking,noEvent
6382,5,19,rld,14:44:33.372,33394,3.691,3.112,0.088,-4.000,-6.700,activeTracking,noEvent
6382,5,19,rld,14:44:33.422,33395,3.749,2.947,-0.179,0.000,0.000,onTarget,noEvent
6382,5,19,rld,14:44:33.451,33396,3.779,2.892,-0.267,0.000,0.000,onTarget,noEvent
6382,5,19,rld,14:44:33.522,33397,3.845,2.874,-0.297,0.000,0.000,onTarget,noEvent
6382,5,19,rld,14:44:33.594,33398,3.906,2.867,-0.283,0.000,0.200,onTarget,noEvent
6382,5,19,rld,14:44:33.662,33399,3.991,2.865,-0.255,0.000,0.200,onTarget,noEvent
6382,5,20,rld,14:44:45.389,33584,0.060,0.084,0.119,0.000,0.000,activeTracking,targetAppeared
6382,5,20,rld,14:44:45.450,33585,0.129,0.084,0.119,0.000,0.000,activeTracking,noEvent
6382,5,20,rld,14:44:45.488,33586,0.174,0.084,0.119,0.000,0.000,activeTracking,noEvent
6382,5,20,rld,14:44:45.533,33587,0.205,0.084,0.119,0.000,0.000,activeTracking,noEvent
6382,5,20,rld,14:44:45.563,33588,0.251,0.084,0.119,0.000,0.000,activeTracking,noEvent
6382,5,20,rld,14:44:45.612,33589,0.293,0.084,0.119,0.000,0.000,activeTracking,noEvent
6382,5,20,rld,14:44:45.656,33590,0.333,0.084,0.119,0.000,0.000,activeTracking,noEvent
6382,5,20,rld,14:44:45.701,33591,0.389,0.084,0.119,0.000,0.000,activeTracking,noEvent
6382,5,20,rld,14:44:45.739,33592,0.429,0.084,0.119,0.000,0.000,activeTracking,noEvent
6382,5,20,rld,14:44:45.808,33593,0.470,0.084,0.119,0.000,0.000,activeTracking,noEvent
6382,5,20,rld,14:44:45.928,33594,0.577,1.296,0.110,10.700,-0.100,activeTracking,noEvent
6382,5,20,rld,14:44:46.123,33595,0.793,3.231,0.116,12.700,0.000,activeTracking,noEvent
6382,5,20,rld,14:44:46.204,33596,0.879,4.351,0.086,3.200,-0.300,activeTracking,noEvent
6382,5,20,rld,14:44:46.322,33597,1.002,4.844,0.064,0.700,-0.100,activeTracking,noEvent
6382,5,20,rld,14:44:46.429,33598,1.113,5.128,0.044,0.800,-0.100,activeTracking,noEvent
6382,5,20,rld,14:44:46.494,33599,1.170,5.224,0.038,0.000,0.000,activeTracking,noEvent
6382,5,20,rld,14:44:46.556,33600,1.245,5.256,0.010,0.000,-0.200,activeTracking,noEvent
6382,5,20,rld,14:44:46.640,33601,1.303,5.252,-0.012,-0.100,-0.100,activeTracking,noEvent
6382,5,20,rld,14:44:46.719,33602,1.397,5.207,-0.045,-0.300,-0.200,activeTracking,noEvent
6382,5,20,rld,14:44:46.835,33603,1.513,3.992,-0.277,-8.700,-1.800,activeTracking,noEvent
6382,5,20,rld,14:44:46.893,33604,1.575,3.535,-0.350,-0.600,0.000,activeTracking,noEvent
6382,5,20,rld,14:44:46.960,33605,1.645,3.360,-0.373,-0.200,0.000,activeTracking,noEvent
6382,5,20,rld,14:44:47.040,33606,1.713,3.252,-0.369,-0.400,0.100,activeTracking,noEvent
6382,5,20,rld,14:44:47.180,33607,1.844,3.079,-0.331,-1.100,0.300,activeTracking,noEvent
6382,5,20,rld,14:44:47.289,33608,1.963,2.862,-0.270,-1.300,0.400,onTarget,noEvent
6382,5,20,rld,14:44:47.378,33609,2.048,2.778,-0.227,-0.100,0.200,onTarget,noEvent
6382,5,20,rld,14:44:47.450,33610,2.135,2.775,-0.189,0.200,0.200,onTarget,noEvent
6382,5,20,rld,14:44:47.512,33611,2.197,2.798,-0.141,0.200,0.300,onTarget,noEvent
6382,5,20,rld,14:44:47.596,33612,2.283,2.830,-0.102,0.200,0.200,onTarget,noEvent
6382,5,20,rld,14:44:47.660,33613,2.349,2.853,-0.089,0.100,0.000,onTarget,noEvent
6382,5,20,rld,14:44:47.719,33614,2.403,2.861,-0.085,0.000,0.000,onTarget,noEvent
6382,5,20,rld,14:44:47.776,33615,2.465,2.875,-0.083,0.100,0.000,onTarget,noEvent
6382,5,20,rld,14:44:47.836,33616,2.521,2.880,-0.083,0.000,0.000,onTarget,noEvent
6382,5,20,rld,14:44:47.887,33617,2.571,2.882,-0.082,0.000,0.000,onTarget,noEvent
6382,5,20,rld,14:44:47.957,33618,2.634,2.882,-0.082,0.000,0.000,onTarget,noEvent
6382,5,20,rld,14:44:48.016,33619,2.693,2.883,-0.082,0.000,0.000,onTarget,noEvent
6382,5,20,rld,14:44:48.055,33620,2.732,2.883,-0.082,0.000,0.000,onTarget,noEvent
6382,5,20,rld,14:44:48.099,33621,2.780,2.883,-0.082,0.000,0.000,onTarget,noEvent
6382,5,20,rld,14:44:48.138,33622,2.821,2.883,-0.082,0.000,0.000,onTarget,noEvent
6382,5,20,rld,14:44:48.186,33623,2.868,2.883,-0.082,0.000,0.000,onTarget,noEvent
6382,5,20,rld,14:44:48.243,33624,2.922,2.883,-0.082,0.000,0.000,onTarget,noEvent
6382,5,20,rld,14:44:48.293,33625,2.978,2.883,-0.082,0.000,0.000,onTarget,noEvent
6382,5,20,rld,14:44:48.345,33626,3.030,2.883,-0.082,0.000,0.000,onTarget,noEvent
6382,5,20,rld,14:44:48.399,33627,3.079,2.883,-0.082,0.000,0.000,onTarget,noEvent
6382,5,20,rld,14:44:48.468,33628,3.145,2.883,-0.082,0.000,0.000,onTarget,targetClick
6382,5,21,rld,14:44:52.432,33696,3.218,0.034,0.052,0.000,0.000,waitingForTarget,middleTargetClick
6382,5,21,rld,14:44:52.485,33697,3.269,0.034,0.052,0.000,0.000,waitingForTarget,noEvent
6382,5,21,rld,14:44:52.538,33698,3.322,0.034,0.052,0.000,0.000,waitingForTarget,noEvent
6382,5,21,rld,14:44:52.588,33699,3.365,0.034,0.052,0.000,0.000,waitingForTarget,noEvent
6382,5,21,rld,14:44:52.652,33700,3.440,0.034,0.052,0.000,0.000,waitingForTarget,noEvent
6382,5,21,rld,14:44:52.700,33701,3.493,0.034,0.052,0.000,0.000,waitingForTarget,noEvent
6382,5,21,rld,14:44:52.740,33702,3.528,0.034,0.052,0.000,0.000,waitingForTarget,noEvent
6382,5,21,rld,14:44:52.793,33703,3.585,0.034,0.052,0.000,0.000,waitingForTarget,noEvent
6382,5,21,rld,14:44:52.853,33704,3.634,0.034,0.052,0.000,0.000,waitingForTarget,noEvent
6382,5,21,rld,14:44:52.886,33705,0.040,0.034,0.052,0.000,0.000,activeTracking,targetAppeared
6382,5,21,rld,14:44:52.941,33706,0.089,0.034,0.052,0.000,0.000,activeTracking,noEvent
6382,5,21,rld,14:44:52.996,33707,0.149,0.034,0.052,0.000,0.000,activeTracking,noEvent
6382,5,21,rld,14:44:53.033,33708,0.188,0.034,0.052,0.000,0.000,activeTracking,noEvent
6382,5,21,rld,14:44:53.072,33709,0.221,0.034,0.052,0.000,0.000,activeTracking,noEvent
6382,5,21,rld,14:44:53.113,33710,0.264,0.034,0.052,0.000,0.000,activeTracking,noEvent
6382,5,21,rld,14:44:53.161,33711,0.311,0.034,0.052,0.000,0.000,activeTracking,noEvent
6382,5,21,rld,14:44:53.201,33712,0.360,0.034,0.052,0.000,0.000,activeTracking,noEvent
6382,5,21,rld,14:44:53.270,33713,0.421,0.034,0.052,0.000,0.000,activeTracking,noEvent
6382,5,21,rld,14:44:53.326,33714,0.471,0.034,0.052,0.000,0.000,activeTracking,noEvent
6382,5,21,rld,14:44:53.420,33715,0.565,0.101,0.041,0.600,-0.100,activeTracking,noEvent
6382,5,21,rld,14:44:53.492,33716,0.643,0.135,0.037,0.100,0.000,activeTracking,noEvent
6382,5,21,rld,14:44:53.661,33717,0.783,-1.005,0.070,-10.200,0.300,activeTracking,noEvent
6382,5,21,rld,14:44:53.827,33718,0.906,-1.922,0.095,-4.600,0.100,activeTracking,noEvent
6382,5,21,rld,14:44:53.901,33719,1.053,-2.426,0.117,-1.600,0.100,onTarget,noEvent
6382,5,21,rld,14:44:53.992,33720,1.133,-2.644,0.136,-0.400,0.100,onTarget,noEvent
6382,5,21,rld,14:44:54.188,33721,1.335,-2.815,0.155,-0.800,0.100,onTarget,noEvent
6382,5,21,rld,14:44:54.227,33722,1.385,-2.885,0.161,-0.100,0.000,onTarget,noEvent
6382,5,21,rld,14:44:54.443,33723,1.589,-2.908,0.163,0.000,0.000,onTarget,noEvent
6382,5,21,rld,14:44:54.501,33724,1.649,-2.916,0.164,0.000,0.000,onTarget,noEvent
6382,5,21,rld,14:44:54.587,33725,1.733,-2.881,0.141,0.300,-0.200,onTarget,noEvent
6382,5,21,rld,14:44:54.650,33726,1.797,-2.858,0.133,0.100,0.000,onTarget,noEvent
6382,5,21,rld,14:44:54.702,33727,1.860,-2.850,0.130,0.000,0.000,onTarget,noEvent
6382,5,21,rld,14:44:54.756,33728,1.903,-2.847,0.129,0.000,0.000,onTarget,noEvent
6382,5,21,rld,14:44:54.862,33729,2.004,-2.846,0.129,0.000,0.000,onTarget,noEvent
6382,5,21,rld,14:44:54.906,33730,2.053,-2.846,0.129,0.000,0.000,onTarget,noEvent
6382,5,21,rld,14:44:54.954,33731,2.101,-2.846,0.129,0.000,0.000,onTarget,noEvent
6382,5,21,rld,14:44:55.007,33732,2.165,-2.846,0.129,0.000,0.000,onTarget,noEvent
6382,5,21,rld,14:44:55.060,33733,2.213,-2.834,0.129,0.100,0.000,onTarget,noEvent
6382,5,21,rld,14:44:55.132,33734,2.279,-2.830,0.117,0.000,-0.100,onTarget,noEvent
6382,5,21,rld,14:44:55.187,33735,2.332,-2.828,0.113,0.000,0.000,onTarget,noEvent
6382,5,21,rld,14:44:55.239,33736,2.393,-2.828,0.112,0.000,0.000,onTarget,noEvent
6382,5,21,rld,14:44:55.293,33737,2.452,-2.828,0.111,0.000,0.000,onTarget,noEvent
6382,5,21,rld,14:44:55.340,33738,2.488,-2.828,0.111,0.000,0.000,onTarget,noEvent
6382,5,21,rld,14:44:55.387,33739,2.540,-2.828,0.111,0.000,0.000,onTarget,noEvent
6382,5,21,rld,14:44:55.427,33740,2.584,-2.828,0.111,0.000,0.000,onTarget,noEvent
6382,5,21,rld,14:44:55.491,33741,2.633,-2.828,0.111,0.000,0.000,onTarget,noEvent
6382,5,21,rld,14:44:55.542,33742,2.689,-2.828,0.111,0.000,0.000,onTarget,noEvent
6382,5,21,rld,14:44:55.619,33743,2.767,-2.828,0.111,0.000,0.000,onTarget,targetClick
6382,5,22,rld,14:44:57.903,33779,2.827,0.169,0.272,0.000,0.000,waitingForTarget,middleTargetClick
6382,5,22,rld,14:44:57.992,33780,2.909,0.169,0.272,0.000,0.000,waitingForTarget,noEvent
6382,5,22,rld,14:44:58.052,33781,2.974,0.169,0.272,0.000,0.000,waitingForTarget,noEvent
6382,5,22,rld,14:44:58.100,33782,3.029,0.169,0.272,0.000,0.000,waitingForTarget,noEvent
6382,5,22,rld,14:44:58.126,33783,3.058,0.169,0.272,0.000,0.000,waitingForTarget,noEvent
6382,5,22,rld,14:44:58.174,33784,3.105,0.169,0.272,0.000,0.000,waitingForTarget,noEvent
6382,5,22,rld,14:44:58.226,33785,3.156,0.169,0.272,0.000,0.000,waitingForTarget,noEvent
6382,5,22,rld,14:44:58.270,33786,3.194,0.169,0.272,0.000,0.000,waitingForTarget,noEvent
6382,5,22,rld,14:44:58.319,33787,3.238,0.169,0.272,0.000,0.000,waitingForTarget,noEvent
6382,5,22,rld,14:44:58.352,33788,0.040,0.169,0.272,0.000,0.000,activeTracking,targetAppeared
6382,5,22,rld,14:44:58.407,33789,0.094,0.169,0.272,0.000,0.000,activeTracking,noEvent
6382,5,22,rld,14:44:58.457,33790,0.152,0.169,0.272,0.000,0.000,activeTracking,noEvent
6382,5,22,rld,14:44:58.505,33791,0.187,0.169,0.272,0.000,0.000,activeTracking,noEvent
6382,5,22,rld,14:44:58.552,33792,0.239,0.169,0.272,0.000,0.000,activeTracking,noEvent
6382,5,22,rld,14:44:58.601,33793,0.290,0.169,0.272,0.000,0.000,activeTracking,noEvent
6382,5,22,rld,14:44:58.643,33794,0.334,0.169,0.272,0.000,0.000,activeTracking,noEvent
6382,5,22,rld,14:44:58.691,33795,0.378,0.169,0.272,0.000,0.000,activeTracking,noEvent
6382,5,22,rld,14:44:58.739,33796,0.428,0.169,0.272,0.000,0.000,activeTracking,noEvent
6382,5,22,rld,14:44:58.778,33797,0.470,0.169,0.272,0.000,0.000,activeTracking,noEvent
6382,5,22,rld,14:44:58.873,33798,0.527,0.169,0.272,0.000,0.000,activeTracking,noEvent
6382,5,22,rld,14:44:59.023,33799,0.677,0.869,0.330,6.200,0.500,activeTracking,noEvent
6382,5,22,rld,14:44:59.121,33800,0.809,1.206,0.350,0.900,0.000,activeTracking,noEvent
6382,5,22,rld,14:44:59.193,33801,0.877,1.365,0.357,0.400,0.000,activeTracking,noEvent
6382,5,22,rld,14:44:59.271,33802,0.960,1.453,0.360,0.300,0.000,activeTracking,noEvent
6382,5,22,rld,14:44:59.323,33803,1.011,1.494,0.361,0.100,0.000,activeTracking,noEvent
6382,5,22,rld,14:44:59.402,33804,1.087,1.542,0.362,0.300,0.000,activeTracking,noEvent
6382,5,22,rld,14:44:59.465,33805,1.156,1.570,0.362,0.100,0.000,activeTracking,noEvent
6382,5,22,rld,14:44:59.526,33806,1.219,1.579,0.351,0.000,-0.100,activeTracking,noEvent
6382,5,22,rld,14:44:59.602,33807,1.281,1.582,0.335,0.000,-0.100,activeTracking,noEvent
6382,5,22,rld,14:44:59.672,33808,1.354,1.583,0.308,0.000,-0.200,activeTracking,noEvent
6382,5,22,rld,14:44:59.730,33809,1.425,1.583,0.275,0.000,-0.200,activeTracking,noEvent
6382,5,22,rld,14:44:59.908,33810,1.590,1.781,0.106,1.700,-1.400,activeTracking,noEvent
6382,5,22,rld,14:44:59.990,33811,1.670,1.928,-0.020,0.700,-0.600,activeTracking,noEvent
6382,5,22,rld,14:45:00.135,33812,1.791,2.154,-0.131,1.500,-0.600,activeTracking,noEvent
6382,5,22,rld,14:45:00.248,33813,1.931,2.397,-0.168,1.400,0.000,onTarget,noEvent
6382,5,22,rld,14:45:00.332,33814,2.023,2.574,-0.169,0.800,0.100,onTarget,noEvent
6382,5,22,rld,14:45:00.383,33815,2.072,2.658,-0.170,0.200,0.000,onTarget,noEvent
6382,5,22,rld,14:45:00.427,33816,2.121,2.686,-0.170,0.000,0.000,onTarget,noEvent
6382,5,22,rld,14:45:00.491,33817,2.180,2.695,-0.158,0.000,0.100,onTarget,noEvent
6382,5,22,rld,14:45:00.570,33818,2.258,2.698,-0.131,0.000,0.200,onTarget,noEvent
6382,5,22,rld,14:45:00.645,33819,2.339,2.699,-0.099,0.000,0.200,onTarget,noEvent
6382,5,22,rld,14:45:00.735,33820,2.405,2.700,-0.065,0.000,0.200,onTarget,noEvent
6382,5,22,rld,14:45:00.801,33821,2.491,2.651,-0.018,-0.400,0.300,onTarget,noEvent
6382,5,22,rld,14:45:00.890,33822,2.571,2.599,0.009,-0.300,0.100,onTarget,noEvent
6382,5,22,rld,14:45:00.944,33823,2.633,2.570,0.029,-0.100,0.100,onTarget,noEvent
6382,5,22,rld,14:45:01.002,33824,2.688,2.560,0.036,0.000,0.000,onTarget,noEvent
6382,5,22,rld,14:45:01.054,33825,2.750,2.557,0.039,0.000,0.000,onTarget,noEvent
6382,5,22,rld,14:45:01.105,33826,2.790,2.555,0.039,0.000,0.000,onTarget,noEvent
6382,5,22,rld,14:45:01.152,33827,2.838,2.555,0.040,0.000,0.000,onTarget,noEvent
6382,5,22,rld,14:45:01.207,33828,2.888,2.555,0.040,0.000,0.000,onTarget,noEvent
6382,5,22,rld,14:45:01.274,33829,2.950,2.555,0.040,0.000,0.000,onTarget,noEvent
6382,5,22,rld,14:45:01.339,33830,3.021,2.555,0.040,0.000,0.000,onTarget,targetClick
6382,5,23,rld,14:45:06.117,33901,3.090,0.068,0.001,0.000,0.000,waitingForTarget,middleTargetClick
6382,5,23,rld,14:45:06.160,33902,3.139,0.068,0.001,0.000,0.000,waitingForTarget,noEvent
6382,5,23,rld,14:45:06.228,33903,3.194,0.068,0.001,0.000,0.000,waitingForTarget,noEvent
6382,5,23,rld,14:45:06.283,33904,3.260,0.068,0.001,0.000,0.000,waitingForTarget,noEvent
6382,5,23,rld,14:45:06.326,33905,3.302,0.068,0.001,0.000,0.000,waitingForTarget,noEvent
6382,5,23,rld,14:45:06.371,33906,3.341,0.068,0.001,0.000,0.000,waitingForTarget,noEvent
6382,5,23,rld,14:45:06.409,33907,3.378,0.068,0.001,0.000,0.000,waitingForTarget,noEvent
6382,5,23,rld,14:45:06.462,33908,3.433,0.068,0.001,0.000,0.000,waitingForTarget,noEvent
6382,5,23,rld,14:45:06.499,33909,3.474,0.068,0.001,0.000,0.000,waitingForTarget,noEvent
6382,5,23,rld,14:45:06.561,33910,3.539,0.068,0.001,0.000,0.000,waitingForTarget,noEvent
6382,5,23,rld,14:45:06.599,33911,0.036,0.068,0.001,0.000,0.000,activeTracking,targetAppeared
6382,5,23,rld,14:45:06.653,33912,0.089,0.068,0.001,0.000,0.000,activeTracking,noEvent
6382,5,23,rld,14:45:06.695,33913,0.115,0.068,0.001,0.000,0.000,activeTracking,noEvent
6382,5,23,rld,14:45:06.744,33914,0.183,0.068,0.001,0.000,0.000,activeTracking,noEvent
6382,5,23,rld,14:45:06.792,33915,0.215,0.068,0.001,0.000,0.000,activeTracking,noEvent
6382,5,23,rld,14:45:06.835,33916,0.271,0.068,0.001,0.000,0.000,activeTracking,noEvent
6382,5,23,rld,14:45:06.887,33917,0.315,0.068,0.001,0.000,0.000,activeTracking,noEvent
6382,5,23,rld,14:45:06.929,33918,0.362,0.068,0.001,0.000,0.000,activeTracking,noEvent
6382,5,23,rld,14:45:06.971,33919,0.404,0.068,0.001,0.000,0.000,activeTracking,noEvent
6382,5,23,rld,14:45:07.020,33920,0.456,0.068,0.001,0.000,0.000,activeTracking,noEvent
6382,5,23,rld,14:45:07.075,33921,0.505,0.068,0.001,0.000,0.000,activeTracking,noEvent
6382,5,23,rld,14:45:07.122,33922,0.553,0.068,0.001,0.000,0.000,activeTracking,noEvent
6382,5,23,rld,14:45:07.169,33923,0.596,0.068,0.001,0.000,0.000,activeTracking,noEvent
6382,5,23,rld,14:45:07.247,33924,0.678,0.068,0.001,0.000,0.000,activeTracking,noEvent
6382,5,23,rld,14:45:07.406,33925,0.836,-0.248,-0.100,-2.800,-0.900,activeTracking,noEvent
6382,5,23,rld,14:45:07.470,33926,0.903,-0.454,-0.145,-0.900,-0.100,activeTracking,noEvent
6382,5,23,rld,14:45:07.559,33927,0.996,-0.580,-0.160,-0.500,0.000,activeTracking,noEvent
6382,5,23,rld,14:45:07.623,33928,1.061,-0.689,-0.165,-0.600,0.000,activeTracking,noEvent
6382,5,23,rld,14:45:07.793,33929,1.216,-0.850,-0.144,-1.100,0.200,activeTracking,noEvent
6382,5,23,rld,14:45:07.887,33930,1.303,-1.006,-0.126,-0.900,0.100,activeTracking,noEvent
6382,5,23,rld,14:45:07.982,33931,1.401,-1.081,-0.086,-0.200,0.300,activeTracking,noEvent
6382,5,23,rld,14:45:08.091,33932,1.517,-1.198,-0.016,-0.800,0.500,activeTracking,noEvent
6382,5,23,rld,14:45:08.249,33933,1.669,-1.374,0.076,-1.200,0.600,activeTracking,noEvent
6382,5,23,rld,14:45:08.350,33934,1.754,-1.571,0.153,-1.200,0.400,activeTracking,noEvent
6382,5,23,rld,14:45:08.481,33935,1.912,-1.788,0.225,-1.300,0.400,activeTracking,noEvent
6382,5,23,rld,14:45:08.575,33936,2.012,-1.943,0.250,-0.700,0.000,activeTracking,noEvent
6382,5,23,rld,14:45:08.662,33937,2.087,-2.041,0.247,-0.400,-0.100,activeTracking,noEvent
6382,5,23,rld,14:45:08.841,33938,2.225,-2.192,0.178,-1.000,-0.600,activeTracking,noEvent
6382,5,23,rld,14:45:08.928,33939,2.365,-2.374,0.097,-1.100,-0.500,onTarget,noEvent
6382,5,23,rld,14:45:09.029,33940,2.454,-2.458,0.036,-0.200,-0.300,onTarget,noEvent
6382,5,23,rld,14:45:09.077,33941,2.513,-2.487,-0.008,0.000,-0.200,onTarget,noEvent
6382,5,23,rld,14:45:09.137,33942,2.576,-2.508,-0.046,-0.100,-0.200,onTarget,noEvent
6382,5,23,rld,14:45:09.227,33943,2.652,-2.539,-0.105,-0.200,-0.400,onTarget,noEvent
6382,5,23,rld,14:45:09.303,33944,2.720,-2.562,-0.148,-0.100,-0.200,onTarget,noEvent
6382,5,23,rld,14:45:09.352,33945,2.788,-2.605,-0.174,-0.300,-0.100,onTarget,noEvent
6382,5,23,rld,14:45:09.428,33946,2.865,-2.644,-0.171,-0.200,0.100,onTarget,noEvent
6382,5,23,rld,14:45:09.481,33947,2.918,-2.657,-0.159,0.000,0.100,onTarget,noEvent
6382,5,23,rld,14:45:09.551,33948,2.986,-2.661,-0.131,0.000,0.200,onTarget,noEvent
6382,5,23,rld,14:45:09.598,33949,3.035,-2.663,-0.122,0.000,0.000,onTarget,noEvent
6382,5,23,rld,14:45:09.658,33950,3.099,-2.663,-0.119,0.000,0.000,onTarget,noEvent
6382,5,23,rld,14:45:09.732,33951,3.149,-2.663,-0.118,0.000,0.000,onTarget,noEvent
6382,5,23,rld,14:45:09.790,33952,3.224,-2.664,-0.118,0.000,0.000,onTarget,targetClick
6382,5,24,rld,14:45:13.124,33996,3.294,0.456,-0.032,0.000,0.000,waitingForTarget,middleTargetClick
6382,5,24,rld,14:45:13.179,33997,3.353,0.456,-0.032,0.000,0.000,waitingForTarget,noEvent
6382,5,24,rld,14:45:13.240,33998,3.411,0.456,-0.032,0.000,0.000,waitingForTarget,noEvent
6382,5,24,rld,14:45:13.299,33999,3.467,0.456,-0.032,0.000,0.000,waitingForTarget,noEvent
6382,5,24,rld,14:45:13.353,34000,3.533,0.456,-0.032,0.000,0.000,waitingForTarget,noEvent
6382,5,24,rld,14:45:13.401,34001,3.575,0.456,-0.032,0.000,0.000,waitingForTarget,noEvent
6382,5,24,rld,14:45:13.437,34002,3.618,0.456,-0.032,0.000,0.000,waitingForTarget,noEvent
6382,5,24,rld,14:45:13.493,34003,3.672,0.456,-0.032,0.000,0.000,waitingForTarget,noEvent
6382,5,24,rld,14:45:13.549,34004,3.720,0.456,-0.032,0.000,0.000,waitingForTarget,noEvent
6382,5,24,rld,14:45:13.598,34005,0.053,0.456,-0.032,0.000,0.000,activeTracking,targetAppeared
6382,5,24,rld,14:45:13.639,34006,0.096,0.456,-0.032,0.000,0.000,activeTracking,noEvent
6382,5,24,rld,14:45:13.684,34007,0.144,0.456,-0.032,0.000,0.000,activeTracking,noEvent
6382,5,24,rld,14:45:13.742,34008,0.202,0.456,-0.032,0.000,0.000,activeTracking,noEvent
6382,5,24,rld,14:45:13.805,34009,0.265,0.456,-0.032,0.000,0.000,activeTracking,noEvent
6382,5,24,rld,14:45:13.852,34010,0.303,0.456,-0.032,0.000,0.000,activeTracking,noEvent
6382,5,24,rld,14:45:13.900,34011,0.356,0.456,-0.032,0.000,0.000,activeTracking,noEvent
6382,5,24,rld,14:45:13.939,34012,0.395,0.456,-0.032,0.000,0.000,activeTracking,noEvent
6382,5,24,rld,14:45:13.986,34013,0.431,0.456,-0.032,0.000,0.000,activeTracking,noEvent
6382,5,24,rld,14:45:14.022,34014,0.473,0.456,-0.032,0.000,0.000,activeTracking,noEvent
6382,5,24,rld,14:45:14.073,34015,0.530,0.456,-0.032,0.000,0.000,activeTracking,noEvent
6382,5,24,rld,14:45:14.132,34016,0.593,0.456,-0.032,0.000,0.000,activeTracking,noEvent
6382,5,24,rld,14:45:14.257,34017,0.651,0.456,-0.032,0.000,0.000,activeTracking,noEvent
6382,5,24,rld,14:45:14.339,34018,0.797,1.827,-0.077,12.000,-0.400,activeTracking,noEvent
6382,5,24,rld,14:45:14.407,34019,0.863,2.322,-0.092,0.200,0.000,activeTracking,noEvent
6382,5,24,rld,14:45:14.470,34020,0.915,2.501,-0.097,0.100,0.000,onTarget,noEvent
6382,5,24,rld,14:45:14.520,34021,0.977,2.573,-0.087,0.100,0.100,onTarget,noEvent
6382,5,24,rld,14:45:14.584,34022,1.033,2.609,-0.084,0.100,0.000,onTarget,noEvent
6382,5,24,rld,14:45:14.640,34023,1.095,2.645,-0.071,0.200,0.100,onTarget,noEvent
6382,5,24,rld,14:45:14.704,34024,1.162,2.670,-0.067,0.100,0.000,onTarget,noEvent
6382,5,24,rld,14:45:14.759,34025,1.212,2.678,-0.054,0.000,0.100,onTarget,noEvent
6382,5,24,rld,14:45:14.822,34026,1.280,2.680,-0.050,0.000,0.000,onTarget,noEvent
6382,5,24,rld,14:45:14.869,34027,1.323,2.681,-0.048,0.000,0.000,onTarget,noEvent
6382,5,24,rld,14:45:14.926,34028,1.372,2.682,-0.048,0.000,0.000,onTarget,noEvent
6382,5,24,rld,14:45:14.969,34029,1.422,2.682,-0.048,0.000,0.000,onTarget,noEvent
6382,5,24,rld,14:45:15.036,34030,1.485,2.682,-0.047,0.000,0.000,onTarget,noEvent
6382,5,24,rld,14:45:15.083,34031,1.533,2.682,-0.047,0.000,0.000,onTarget,noEvent
6382,5,24,rld,14:45:15.122,34032,1.573,2.682,-0.047,0.000,0.000,onTarget,noEvent
6382,5,24,rld,14:45:15.172,34033,1.625,2.682,-0.047,0.000,0.000,onTarget,noEvent
6382,5,24,rld,14:45:15.241,34034,1.690,2.682,-0.047,0.000,0.000,onTarget,noEvent
6382,5,24,rld,14:45:15.307,34035,1.762,2.682,-0.047,0.000,0.000,onTarget,targetClick
6382,5,25,rld,14:45:18.670,34083,1.829,0.051,0.086,0.000,0.000,waitingForTarget,middleTargetClick
6382,5,25,rld,14:45:18.720,34084,1.890,0.051,0.086,0.000,0.000,waitingForTarget,noEvent
6382,5,25,rld,14:45:18.759,34085,1.934,0.051,0.086,0.000,0.000,waitingForTarget,noEvent
6382,5,25,rld,14:45:18.842,34086,2.019,0.051,0.086,0.000,0.000,waitingForTarget,noEvent
6382,5,25,rld,14:45:18.882,34087,2.057,0.051,0.086,0.000,0.000,waitingForTarget,noEvent
6382,5,25,rld,14:45:18.922,34088,2.095,0.051,0.086,0.000,0.000,waitingForTarget,noEvent
6382,5,25,rld,14:45:18.970,34089,2.136,0.051,0.086,0.000,0.000,waitingForTarget,noEvent
6382,5,25,rld,14:45:19.010,34090,2.178,0.051,0.086,0.000,0.000,waitingForTarget,noEvent
6382,5,25,rld,14:45:19.069,34091,2.229,0.051,0.086,0.000,0.000,waitingForTarget,noEvent
6382,5,25,rld,14:45:19.110,34092,2.282,0.051,0.086,0.000,0.000,waitingForTarget,noEvent
6382,5,25,rld,14:45:19.173,34093,0.055,0.051,0.086,0.000,0.000,activeTracking,targetAppeared
6382,5,25,rld,14:45:19.235,34094,0.118,0.051,0.086,0.000,0.000,activeTracking,noEvent
6382,5,25,rld,14:45:19.422,34095,0.298,-0.355,0.153,-3.600,0.600,activeTracking,noEvent
6382,5,25,rld,14:45:19.619,34096,0.504,-1.216,0.133,-6.400,-0.400,activeTracking,noEvent
6382,5,25,rld,14:45:19.688,34097,0.579,-1.576,0.081,-0.600,-0.400,activeTracking,noEvent
6382,5,25,rld,14:45:19.756,34098,0.649,-1.697,0.063,0.000,0.000,activeTracking,noEvent
6382,5,25,rld,14:45:19.952,34099,0.829,-1.587,0.057,1.300,0.000,activeTracking,noEvent
6382,5,25,rld,14:45:20.138,34100,0.999,-0.175,0.042,12.100,-0.100,activeTracking,noEvent
6382,5,25,rld,14:45:20.256,34101,1.118,0.969,0.083,6.000,0.400,activeTracking,noEvent
6382,5,25,rld,14:45:20.409,34102,1.258,1.527,0.098,1.500,0.000,activeTracking,noEvent
6382,5,25,rld,14:45:20.555,34103,1.438,2.243,0.117,4.500,0.100,activeTracking,noEvent
6382,5,25,rld,14:45:20.638,34104,1.524,2.619,0.136,1.100,0.100,onTarget,noEvent
6382,5,25,rld,14:45:20.704,34105,1.587,2.770,0.143,0.200,0.000,onTarget,noEvent
6382,5,25,rld,14:45:20.750,34106,1.642,2.833,0.145,0.100,0.000,onTarget,noEvent
6382,5,25,rld,14:45:20.782,34107,1.676,2.854,0.146,0.000,0.000,onTarget,noEvent
6382,5,25,rld,14:45:20.861,34108,1.740,2.861,0.146,0.000,0.000,onTarget,noEvent
6382,5,25,rld,14:45:20.923,34109,1.807,2.863,0.146,0.000,0.000,onTarget,noEvent
6382,5,25,rld,14:45:20.954,34110,1.847,2.864,0.146,0.000,0.000,onTarget,noEvent
6382,5,25,rld,14:45:21.076,34111,1.968,2.815,0.123,-0.400,-0.200,onTarget,noEvent
6382,5,25,rld,14:45:21.159,34112,2.050,2.750,0.091,-0.400,-0.200,onTarget,noEvent
6382,5,25,rld,14:45:21.222,34113,2.116,2.717,0.045,-0.100,-0.300,onTarget,noEvent
6382,5,25,rld,14:45:21.287,34114,2.168,2.669,0.018,-0.300,-0.100,onTarget,noEvent
6382,5,25,rld,14:45:21.381,34115,2.271,2.629,-0.014,-0.200,-0.200,onTarget,noEvent
6382,5,25,rld,14:45:21.441,34116,2.329,2.616,-0.025,0.000,0.000,onTarget,noEvent
6382,5,25,rld,14:45:21.499,34117,2.385,2.611,-0.028,0.000,0.000,onTarget,noEvent
6382,5,25,rld,14:45:21.538,34118,2.431,2.610,-0.029,0.000,0.000,onTarget,noEvent
6382,5,25,rld,14:45:21.593,34119,2.484,2.609,-0.030,0.000,0.000,onTarget,noEvent
6382,5,25,rld,14:45:21.669,34120,2.554,2.609,-0.030,0.000,0.000,onTarget,targetClick
6382,5,26,rld,14:45:25.740,34179,2.623,0.236,0.085,0.000,0.000,waitingForTarget,middleTargetClick
6382,5,26,rld,14:45:25.792,34180,2.687,0.236,0.085,0.000,0.000,waitingForTarget,noEvent
6382,5,26,rld,14:45:25.845,34181,2.736,0.236,0.086,0.000,0.000,waitingForTarget,noEvent
6382,5,26,rld,14:45:25.915,34182,2.798,0.236,0.086,0.000,0.000,waitingForTarget,noEvent
6382,5,26,rld,14:45:25.954,34183,2.848,0.236,0.086,0.000,0.000,waitingForTarget,noEvent
6382,5,26,rld,14:45:26.003,34184,2.886,0.236,0.086,0.000,0.000,waitingForTarget,noEvent
6382,5,26,rld,14:45:26.044,34185,2.935,0.236,0.086,0.000,0.000,waitingForTarget,noEvent
6382,5,26,rld,14:45:26.092,34186,2.984,0.236,0.086,0.000,0.000,waitingForTarget,noEvent
6382,5,26,rld,14:45:26.136,34187,3.029,0.236,0.086,0.000,0.000,waitingForTarget,noEvent
6382,5,26,rld,14:45:26.183,34188,0.040,0.236,0.086,0.000,0.000,activeTracking,targetAppeared
6382,5,26,rld,14:45:26.232,34189,0.089,0.236,0.086,0.000,0.000,activeTracking,noEvent
6382,5,26,rld,14:45:26.292,34190,0.155,0.236,0.086,0.000,0.000,activeTracking,noEvent
6382,5,26,rld,14:45:26.329,34191,0.186,0.236,0.086,0.000,0.000,activeTracking,noEvent
6382,5,26,rld,14:45:26.364,34192,0.229,0.236,0.086,0.000,0.000,activeTracking,noEvent
6382,5,26,rld,14:45:26.402,34193,0.265,0.236,0.086,0.000,0.000,activeTracking,noEvent
6382,5,26,rld,14:45:26.457,34194,0.319,0.236,0.086,0.000,0.000,activeTracking,noEvent
6382,5,26,rld,14:45:26.509,34195,0.371,0.236,0.086,0.000,0.000,activeTracking,noEvent
6382,5,26,rld,14:45:26.584,34196,0.441,0.236,0.086,0.000,0.000,activeTracking,noEvent
6382,5,26,rld,14:45:26.632,34197,0.492,0.236,0.086,0.000,0.000,activeTracking,noEvent
6382,5,26,rld,14:45:26.858,34198,0.690,-0.891,-0.015,-10.000,-0.900,activeTracking,noEvent
6382,5,26,rld,14:45:26.978,34199,0.841,-2.427,-0.094,-9.900,-0.400,onTarget,noEvent
6382,5,26,rld,14:45:27.073,34200,0.908,-3.036,-0.133,-0.600,-0.100,onTarget,noEvent
6382,5,26,rld,14:45:27.183,34201,1.044,-3.395,-0.159,-1.200,-0.100,activeTracking,noEvent
6382,5,26,rld,14:45:27.259,34202,1.112,-3.631,-0.168,-0.900,0.000,activeTracking,noEvent
6382,5,26,rld,14:45:27.328,34203,1.187,-3.762,-0.171,-0.400,0.000,activeTracking,noEvent
6382,5,26,rld,14:45:27.401,34204,1.257,-3.846,-0.172,-0.300,0.000,activeTracking,noEvent
6382,5,26,rld,14:45:27.444,34205,1.309,-3.873,-0.173,0.000,0.000,activeTracking,noEvent
6382,5,26,rld,14:45:27.517,34206,1.369,-3.857,-0.173,0.200,0.000,activeTracking,noEvent
6382,5,26,rld,14:45:27.603,34207,1.460,-3.799,-0.173,0.400,0.000,activeTracking,noEvent
6382,5,26,rld,14:45:27.759,34208,1.610,-2.935,-0.065,6.700,0.900,onTarget,noEvent
6382,5,26,rld,14:45:27.849,34209,1.707,-2.584,-0.030,0.600,0.000,onTarget,noEvent
6382,5,26,rld,14:45:27.891,34210,1.756,-2.457,-0.019,0.100,0.000,onTarget,noEvent
6382,5,26,rld,14:45:27.941,34211,1.807,-2.414,-0.015,0.000,0.000,onTarget,noEvent
6382,5,26,rld,14:45:28.016,34212,1.876,-2.400,-0.014,0.000,0.000,onTarget,noEvent
6382,5,26,rld,14:45:28.070,34213,1.928,-2.395,-0.013,0.000,0.000,onTarget,noEvent
6382,5,26,rld,14:45:28.124,34214,1.990,-2.394,-0.013,0.000,0.000,onTarget,noEvent
6382,5,26,rld,14:45:28.251,34215,2.106,-2.393,-0.025,0.000,-0.100,onTarget,noEvent
6382,5,26,rld,14:45:28.316,34216,2.169,-2.393,-0.052,0.000,-0.200,onTarget,noEvent
6382,5,26,rld,14:45:28.460,34217,2.311,-2.477,-0.084,-0.700,-0.200,onTarget,noEvent
6382,5,26,rld,14:45:28.507,34218,2.368,-2.565,-0.095,-0.500,0.000,onTarget,noEvent
6382,5,26,rld,14:45:28.591,34219,2.448,-2.655,-0.098,-0.500,0.000,onTarget,noEvent
6382,5,26,rld,14:45:28.651,34220,2.509,-2.709,-0.099,-0.200,0.000,onTarget,noEvent
6382,5,26,rld,14:45:28.702,34221,2.560,-2.752,-0.100,-0.200,0.000,onTarget,noEvent
6382,5,26,rld,14:45:28.768,34222,2.628,-2.790,-0.100,-0.200,0.000,onTarget,noEvent
6382,5,26,rld,14:45:28.850,34223,2.707,-2.827,-0.100,-0.200,0.000,onTarget,noEvent
6382,5,26,rld,14:45:28.903,34224,2.764,-2.840,-0.100,0.000,0.000,onTarget,noEvent
6382,5,26,rld,14:45:28.953,34225,2.807,-2.844,-0.100,0.000,0.000,onTarget,noEvent
6382,5,26,rld,14:45:29.003,34226,2.856,-2.845,-0.100,0.000,0.000,onTarget,noEvent
6382,5,26,rld,14:45:29.072,34227,2.919,-2.846,-0.088,0.000,0.100,onTarget,noEvent
6382,5,26,rld,14:45:29.163,34228,3.023,-2.834,-0.084,0.100,0.000,onTarget,noEvent
6382,5,26,rld,14:45:29.226,34229,3.077,-2.830,-0.083,0.000,0.000,onTarget,noEvent
6382,5,26,rld,14:45:29.276,34230,3.137,-2.828,-0.083,0.000,0.000,onTarget,noEvent
6382,5,26,rld,14:45:29.332,34231,3.187,-2.828,-0.082,0.000,0.000,onTarget,noEvent
6382,5,26,rld,14:45:29.378,34232,3.237,-2.828,-0.082,0.000,0.000,onTarget,noEvent
6382,5,26,rld,14:45:29.488,34233,3.340,-2.803,-0.036,0.200,0.400,onTarget,noEvent
6382,5,26,rld,14:45:29.541,34234,3.406,-2.795,-0.020,0.000,0.000,onTarget,targetClick
6382,5,27,rld,14:45:31.911,34272,3.474,0.002,0.172,0.000,0.000,waitingForTarget,middleTargetClick
6382,5,27,rld,14:45:31.969,34273,3.531,0.001,0.171,0.000,0.000,waitingForTarget,noEvent
6382,5,27,rld,14:45:32.020,34274,3.579,0.000,0.170,0.000,0.000,waitingForTarget,noEvent
6382,5,27,rld,14:45:32.076,34275,3.644,0.000,0.170,0.000,0.000,waitingForTarget,noEvent
6382,5,27,rld,14:45:32.110,34276,3.681,0.000,0.170,0.000,0.000,waitingForTarget,noEvent
6382,5,27,rld,14:45:32.153,34277,3.714,0.000,0.170,0.000,0.000,waitingForTarget,noEvent
6382,5,27,rld,14:45:32.191,34278,3.755,0.000,0.170,0.000,0.000,waitingForTarget,noEvent
6382,5,27,rld,14:45:32.243,34279,3.801,0.000,0.170,0.000,0.000,waitingForTarget,noEvent
6382,5,27,rld,14:45:32.291,34280,3.849,0.000,0.170,0.000,0.000,waitingForTarget,noEvent
6382,5,27,rld,14:45:32.334,34281,3.895,0.000,0.170,0.000,0.000,waitingForTarget,noEvent
6382,5,27,rld,14:45:32.376,34282,0.052,0.000,0.170,0.000,0.000,activeTracking,targetAppeared
6382,5,27,rld,14:45:32.426,34283,0.103,0.000,0.170,0.000,0.000,activeTracking,noEvent
6382,5,27,rld,14:45:32.463,34284,0.138,0.000,0.170,0.000,0.000,activeTracking,noEvent
6382,5,27,rld,14:45:32.518,34285,0.188,0.000,0.170,0.000,0.000,activeTracking,noEvent
6382,5,27,rld,14:45:32.558,34286,0.228,0.000,0.170,0.000,0.000,activeTracking,noEvent
6382,5,27,rld,14:45:32.610,34287,0.271,0.000,0.170,0.000,0.000,activeTracking,noEvent
6382,5,27,rld,14:45:32.674,34288,0.348,0.000,0.170,0.000,0.000,activeTracking,failedClick
6382,5,28,rld,14:45:36.150,34332,0.461,0.079,-0.077,0.100,0.500,waitingForTarget,middleTargetClick
6382,5,28,rld,14:45:36.220,34333,0.525,0.083,-0.059,0.000,0.000,waitingForTarget,noEvent
6382,5,28,rld,14:45:36.306,34334,0.620,0.084,-0.052,0.000,0.000,waitingForTarget,noEvent
6382,5,28,rld,14:45:36.358,34335,0.677,0.084,-0.050,0.000,0.000,waitingForTarget,noEvent
6382,5,28,rld,14:45:36.407,34336,0.711,0.084,-0.050,0.000,0.000,waitingForTarget,noEvent
6382,5,28,rld,14:45:36.457,34337,0.776,0.084,-0.049,0.000,0.000,waitingForTarget,noEvent
6382,5,28,rld,14:45:36.491,34338,0.810,0.084,-0.049,0.000,0.000,waitingForTarget,noEvent
6382,5,28,rld,14:45:36.537,34339,0.854,0.084,-0.049,0.000,0.000,waitingForTarget,noEvent
6382,5,28,rld,14:45:36.592,34340,0.911,0.084,-0.049,0.000,0.000,waitingForTarget,noEvent
6382,5,28,rld,14:45:36.642,34341,0.042,0.084,-0.049,0.000,0.000,activeTracking,targetAppeared
6382,5,28,rld,14:45:36.697,34342,0.102,0.084,-0.049,0.000,0.000,activeTracking,noEvent
6382,5,28,rld,14:45:36.744,34343,0.149,0.084,-0.049,0.000,0.000,activeTracking,noEvent
6382,5,28,rld,14:45:36.792,34344,0.187,0.084,-0.049,0.000,0.000,activeTracking,noEvent
6382,5,28,rld,14:45:36.842,34345,0.249,0.084,-0.049,0.000,0.000,activeTracking,noEvent
6382,5,28,rld,14:45:36.889,34346,0.291,0.084,-0.049,0.000,0.000,activeTracking,noEvent
6382,5,28,rld,14:45:36.934,34347,0.331,0.084,-0.049,0.000,0.000,activeTracking,noEvent
6382,5,28,rld,14:45:36.972,34348,0.380,0.084,-0.049,0.000,0.000,activeTracking,noEvent
6382,5,28,rld,14:45:37.025,34349,0.430,0.084,-0.049,0.000,0.000,activeTracking,noEvent
6382,5,28,rld,14:45:37.076,34350,0.480,0.084,-0.049,0.000,0.000,activeTracking,noEvent
6382,5,28,rld,14:45:37.124,34351,0.527,0.084,-0.049,0.000,0.000,activeTracking,noEvent
6382,5,28,rld,14:45:37.220,34352,0.588,-0.006,-0.049,-0.800,0.000,activeTracking,noEvent
6382,5,28,rld,14:45:37.409,34353,0.801,-0.791,-0.072,-6.700,-0.200,activeTracking,noEvent
6382,5,28,rld,14:45:37.486,34354,0.882,-1.386,-0.079,-2.900,0.000,activeTracking,noEvent
6382,5,28,rld,14:45:37.576,34355,0.968,-1.633,-0.082,-0.400,0.000,activeTracking,noEvent
6382,5,28,rld,14:45:37.625,34356,1.029,-1.727,-0.082,-0.100,0.000,activeTracking,noEvent
6382,5,28,rld,14:45:37.685,34357,1.080,-1.759,-0.083,0.000,0.000,activeTracking,noEvent
6382,5,28,rld,14:45:37.730,34358,1.132,-1.770,-0.083,0.000,0.000,activeTracking,noEvent
6382,5,28,rld,14:45:37.810,34359,1.217,-1.773,-0.083,0.000,0.000,activeTracking,noEvent
6382,5,28,rld,14:45:37.870,34360,1.271,-1.774,-0.083,0.000,0.000,activeTracking,noEvent
6382,5,28,rld,14:45:37.912,34361,1.319,-1.775,-0.083,0.000,0.000,activeTracking,noEvent
6382,5,28,rld,14:45:38.010,34362,1.412,-1.775,-0.083,0.000,0.000,activeTracking,noEvent
6382,5,28,rld,14:45:38.082,34363,1.490,-1.775,-0.083,0.000,0.000,activeTracking,noEvent
6382,5,28,rld,14:45:38.149,34364,1.542,-1.775,-0.083,0.000,0.000,activeTracking,noEvent
6382,5,28,rld,14:45:38.201,34365,1.609,-1.786,-0.083,-0.100,0.000,activeTracking,noEvent
6382,5,28,rld,14:45:38.275,34366,1.667,-1.814,-0.083,-0.200,0.000,activeTracking,noEvent
6382,5,28,rld,14:45:38.370,34367,1.769,-1.881,-0.083,-0.500,0.000,activeTracking,noEvent
6382,5,28,rld,14:45:38.459,34368,1.862,-2.021,-0.083,-1.000,0.000,activeTracking,noEvent
6382,5,28,rld,14:45:38.557,34369,1.945,-2.162,-0.083,-0.800,0.000,activeTracking,noEvent
6382,5,28,rld,14:45:38.656,34370,2.050,-2.280,-0.083,-0.600,0.000,activeTracking,noEvent
6382,5,28,rld,14:45:38.718,34371,2.119,-2.331,-0.083,-0.100,0.000,activeTracking,noEvent
6382,5,28,rld,14:45:38.768,34372,2.173,-2.361,-0.083,-0.100,0.000,onTarget,noEvent
6382,5,28,rld,14:45:38.876,34373,2.283,-2.406,-0.094,-0.300,-0.100,onTarget,noEvent
6382,5,28,rld,14:45:38.953,34374,2.361,-2.481,-0.098,-0.500,0.000,onTarget,noEvent
6382,5,28,rld,14:45:39.029,34375,2.428,-2.554,-0.088,-0.400,0.100,onTarget,noEvent
6382,5,28,rld,14:45:39.089,34376,2.483,-2.603,-0.073,-0.200,0.100,onTarget,noEvent
6382,5,28,rld,14:45:39.172,34377,2.570,-2.655,-0.044,-0.300,0.200,onTarget,noEvent
6382,5,28,rld,14:45:39.415,34378,2.801,-2.721,0.000,-0.400,0.300,onTarget,noEvent
6382,5,28,rld,14:45:39.474,34379,2.878,-2.744,0.015,0.000,0.000,onTarget,noEvent
6382,5,28,rld,14:45:39.539,34380,2.941,-2.751,0.020,0.000,0.000,onTarget,noEvent
6382,5,28,rld,14:45:39.601,34381,2.992,-2.753,0.022,0.000,0.000,onTarget,noEvent
6382,5,28,rld,14:45:39.668,34382,3.067,-2.754,0.023,0.000,0.000,onTarget,targetClick
6382,5,29,rld,14:45:42.600,34424,3.138,-0.270,-0.049,0.000,0.000,waitingForTarget,middleTargetClick
6382,5,29,rld,14:45:42.658,34425,3.195,-0.270,-0.049,0.000,0.000,waitingForTarget,noEvent
6382,5,29,rld,14:45:42.717,34426,3.260,-0.270,-0.049,0.000,0.000,waitingForTarget,noEvent
6382,5,29,rld,14:45:42.759,34427,3.302,-0.270,-0.049,0.000,0.000,waitingForTarget,noEvent
6382,5,29,rld,14:45:42.833,34428,3.376,-0.270,-0.049,0.000,0.000,waitingForTarget,noEvent
6382,5,29,rld,14:45:42.884,34429,3.417,-0.270,-0.049,0.000,0.000,waitingForTarget,noEvent
6382,5,29,rld,14:45:42.943,34430,3.486,-0.270,-0.049,0.000,0.000,waitingForTarget,noEvent
6382,5,29,rld,14:45:42.988,34431,3.527,-0.270,-0.049,0.000,0.000,waitingForTarget,noEvent
6382,5,29,rld,14:45:43.037,34432,3.570,-0.270,-0.049,0.000,0.000,waitingForTarget,noEvent
6382,5,29,rld,14:45:43.075,34433,0.047,-0.270,-0.049,0.000,0.000,activeTracking,targetAppeared
6382,5,29,rld,14:45:43.130,34434,0.102,-0.270,-0.049,0.000,0.000,activeTracking,noEvent
6382,5,29,rld,14:45:43.190,34435,0.157,-0.270,-0.049,0.000,0.000,activeTracking,noEvent
6382,5,29,rld,14:45:43.246,34436,0.207,-0.270,-0.049,0.000,0.000,activeTracking,noEvent
6382,5,29,rld,14:45:43.325,34437,0.286,-0.248,-0.049,0.200,0.000,activeTracking,noEvent
6382,5,29,rld,14:45:43.573,34438,0.527,0.435,0.052,6.000,0.900,activeTracking,noEvent
6382,5,29,rld,14:45:43.732,34439,0.697,1.473,0.293,7.100,1.800,activeTracking,noEvent
6382,5,29,rld,14:45:43.832,34440,0.805,1.871,0.376,0.400,0.000,activeTracking,noEvent
6382,5,29,rld,14:45:43.891,34441,0.864,2.017,0.404,0.100,0.000,activeTracking,noEvent
6382,5,29,rld,14:45:43.939,34442,0.907,2.066,0.414,0.000,0.000,activeTracking,noEvent
6382,5,29,rld,14:45:44.001,34443,0.974,2.094,0.417,0.100,0.000,activeTracking,noEvent
6382,5,29,rld,14:45:44.059,34444,1.027,2.127,0.418,0.200,0.000,activeTracking,noEvent
6382,5,29,rld,14:45:44.104,34445,1.077,2.138,0.419,0.000,0.000,activeTracking,noEvent
6382,5,29,rld,14:45:44.157,34446,1.127,2.154,0.419,0.100,0.000,activeTracking,noEvent
6382,5,29,rld,14:45:44.231,34447,1.198,2.194,0.420,0.300,0.000,activeTracking,noEvent
6382,5,29,rld,14:45:44.277,34448,1.247,2.220,0.420,0.100,0.000,activeTracking,noEvent
6382,5,29,rld,14:45:44.336,34449,1.309,2.240,0.420,0.100,0.000,activeTracking,noEvent
6382,5,29,rld,14:45:44.387,34450,1.359,2.247,0.397,0.000,-0.200,activeTracking,noEvent
6382,5,29,rld,14:45:44.457,34451,1.430,2.249,0.378,0.000,-0.100,activeTracking,noEvent
6382,5,29,rld,14:45:44.576,34452,1.548,2.840,0.202,4.900,-1.500,onTarget,noEvent
6382,5,29,rld,14:45:44.636,34453,1.603,3.053,0.119,0.100,-0.200,activeTracking,noEvent
6382,5,29,rld,14:45:44.789,34454,1.741,3.125,0.044,0.000,-0.400,activeTracking,noEvent
6382,5,29,rld,14:45:44.865,34455,1.835,3.149,-0.016,0.000,-0.300,activeTracking,noEvent
6382,5,29,rld,14:45:44.937,34456,1.911,3.157,-0.048,0.000,-0.100,activeTracking,noEvent
6382,5,29,rld,14:45:45.001,34457,1.969,3.159,-0.059,0.000,0.000,activeTracking,noEvent
6382,5,29,rld,14:45:45.056,34458,2.018,3.160,-0.063,0.000,0.000,activeTracking,noEvent
6382,5,29,rld,14:45:45.100,34459,2.066,3.161,-0.064,0.000,0.000,activeTracking,noEvent
6382,5,29,rld,14:45:45.155,34460,2.117,3.161,-0.064,0.000,0.000,activeTracking,noEvent
6382,5,29,rld,14:45:45.216,34461,2.183,3.161,-0.064,0.000,0.000,activeTracking,noEvent
6382,5,29,rld,14:45:45.290,34462,2.236,3.161,-0.064,0.000,0.000,activeTracking,noEvent
6382,5,29,rld,14:45:45.404,34463,2.364,3.086,-0.053,-0.600,0.100,activeTracking,noEvent
6382,5,29,rld,14:45:45.475,34464,2.430,3.037,-0.025,-0.200,0.200,onTarget,noEvent
6382,5,29,rld,14:45:45.569,34465,2.513,2.958,0.007,-0.500,0.200,onTarget,noEvent
6382,5,29,rld,14:45:45.676,34466,2.635,2.835,0.076,-0.800,0.500,onTarget,noEvent
6382,5,29,rld,14:45:45.792,34467,2.764,2.672,0.180,-1.000,0.700,onTarget,noEvent
6382,5,29,rld,14:45:45.862,34468,2.833,2.606,0.226,-0.100,0.100,onTarget,noEvent
6382,5,29,rld,14:45:45.931,34469,2.886,2.584,0.242,0.000,0.000,onTarget,noEvent
6382,5,29,rld,14:45:45.983,34470,2.949,2.577,0.247,0.000,0.000,onTarget,noEvent
6382,5,29,rld,14:45:46.024,34471,2.995,2.574,0.249,0.000,0.000,onTarget,noEvent
6382,5,29,rld,14:45:46.086,34472,3.045,2.573,0.249,0.000,0.000,onTarget,noEvent
6382,5,29,rld,14:45:46.136,34473,3.110,2.573,0.238,0.000,-0.100,onTarget,noEvent
6382,5,29,rld,14:45:46.184,34474,3.157,2.573,0.234,0.000,0.000,onTarget,noEvent
6382,5,29,rld,14:45:46.242,34475,3.214,2.573,0.233,0.000,0.000,onTarget,noEvent
6382,5,29,rld,14:45:46.309,34476,3.269,2.573,0.232,0.000,0.000,onTarget,noEvent
6382,5,29,rld,14:45:46.359,34477,3.333,2.573,0.232,0.000,0.000,onTarget,noEvent
6382,5,29,rld,14:45:46.425,34478,3.398,2.573,0.232,0.000,0.000,onTarget,targetClick
6382,5,30,rld,14:45:49.525,34526,3.463,0.169,-0.066,0.000,0.000,waitingForTarget,middleTargetClick
6382,5,30,rld,14:45:49.606,34527,3.559,0.169,-0.066,0.000,0.000,waitingForTarget,noEvent
6382,5,30,rld,14:45:49.659,34528,3.613,0.169,-0.066,0.000,0.000,waitingForTarget,noEvent
6382,5,30,rld,14:45:49.715,34529,3.664,0.169,-0.066,0.000,0.000,waitingForTarget,noEvent
6382,5,30,rld,14:45:49.749,34530,3.703,0.169,-0.066,0.000,0.000,waitingForTarget,noEvent
6382,5,30,rld,14:45:49.792,34531,3.747,0.169,-0.066,0.000,0.000,waitingForTarget,noEvent
6382,5,30,rld,14:45:49.858,34532,3.807,0.169,-0.066,0.000,0.000,waitingForTarget,noEvent
6382,5,30,rld,14:45:49.874,34533,3.829,0.169,-0.066,0.000,0.000,waitingForTarget,noEvent
6382,5,30,rld,14:45:49.920,34534,3.874,0.169,-0.066,0.000,0.000,waitingForTarget,noEvent
6382,5,30,rld,14:45:49.970,34535,0.034,0.169,-0.066,0.000,0.000,activeTracking,targetAppeared
6382,5,30,rld,14:45:50.026,34536,0.102,0.169,-0.066,0.000,0.000,activeTracking,noEvent
6382,5,30,rld,14:45:50.068,34537,0.140,0.169,-0.066,0.000,0.000,activeTracking,noEvent
6382,5,30,rld,14:45:50.108,34538,0.188,0.169,-0.066,0.000,0.000,activeTracking,noEvent
6382,5,30,rld,14:45:50.137,34539,0.213,0.169,-0.066,0.000,0.000,activeTracking,noEvent
6382,5,30,rld,14:45:50.191,34540,0.269,0.169,-0.066,0.000,0.000,activeTracking,noEvent
6382,5,30,rld,14:45:50.243,34541,0.321,0.169,-0.066,0.000,0.000,activeTracking,noEvent
6382,5,30,rld,14:45:50.318,34542,0.389,0.169,-0.066,0.000,0.000,activeTracking,noEvent
6382,5,30,rld,14:45:50.370,34543,0.451,0.169,-0.066,0.000,0.000,activeTracking,noEvent
6382,5,30,rld,14:45:50.492,34544,0.493,0.169,-0.066,0.000,0.000,activeTracking,noEvent
6382,5,30,rld,14:45:50.616,34545,0.674,0.755,-0.044,5.200,0.200,activeTracking,noEvent
6382,5,30,rld,14:45:50.687,34546,0.745,0.997,-0.036,0.400,0.000,activeTracking,noEvent
6382,5,30,rld,14:45:50.751,34547,0.826,1.113,-0.033,0.300,0.000,activeTracking,noEvent
6382,5,30,rld,14:45:50.889,34548,0.943,1.657,0.128,4.400,1.400,activeTracking,noEvent
6382,5,30,rld,14:45:50.965,34549,1.035,1.957,0.206,1.000,0.200,activeTracking,noEvent
6382,5,30,rld,14:45:51.032,34550,1.109,2.070,0.232,0.100,0.000,activeTracking,noEvent
6382,5,30,rld,14:45:51.081,34551,1.154,2.107,0.241,0.000,0.000,activeTracking,noEvent
6382,5,30,rld,14:45:51.146,34552,1.221,2.120,0.244,0.000,0.000,activeTracking,noEvent
6382,5,30,rld,14:45:51.221,34553,1.300,2.124,0.245,0.000,0.000,activeTracking,noEvent
6382,5,30,rld,14:45:51.271,34554,1.341,2.125,0.246,0.000,0.000,activeTracking,noEvent
6382,5,30,rld,14:45:51.358,34555,1.435,2.149,0.246,0.200,0.000,activeTracking,noEvent
6382,5,30,rld,14:45:51.424,34556,1.493,2.169,0.246,0.100,0.000,activeTracking,noEvent
6382,5,30,rld,14:45:51.473,34557,1.542,2.176,0.246,0.000,0.000,activeTracking,noEvent
6382,5,30,rld,14:45:51.533,34558,1.608,2.190,0.246,0.100,0.000,activeTracking,noEvent
6382,5,30,rld,14:45:51.619,34559,1.684,2.230,0.247,0.300,0.000,activeTracking,noEvent
6382,5,30,rld,14:45:51.709,34560,1.771,2.351,0.213,0.900,-0.300,activeTracking,noEvent
6382,5,30,rld,14:45:51.769,34561,1.841,2.427,0.202,0.300,0.000,onTarget,noEvent
6382,5,30,rld,14:45:51.871,34562,1.947,2.476,0.187,0.200,-0.100,onTarget,noEvent
6382,5,30,rld,14:45:51.941,34563,2.011,2.517,0.170,0.200,-0.100,onTarget,noEvent
6382,5,30,rld,14:45:52.000,34564,2.072,2.554,0.165,0.200,0.000,onTarget,noEvent
6382,5,30,rld,14:45:52.051,34565,2.124,2.579,0.163,0.100,0.000,onTarget,noEvent
6382,5,30,rld,14:45:52.104,34566,2.175,2.587,0.162,0.000,0.000,onTarget,noEvent
6382,5,30,rld,14:45:52.156,34567,2.236,2.590,0.162,0.000,0.000,onTarget,noEvent
6382,5,30,rld,14:45:52.213,34568,2.283,2.591,0.162,0.000,0.000,onTarget,noEvent
6382,5,30,rld,14:45:52.269,34569,2.345,2.591,0.162,0.000,0.000,onTarget,noEvent
6382,5,30,rld,14:45:52.352,34570,2.390,2.603,0.162,0.100,0.000,onTarget,noEvent
6382,5,30,rld,14:45:52.425,34571,2.492,2.692,0.116,0.700,-0.400,onTarget,noEvent
6382,5,30,rld,14:45:52.486,34572,2.554,2.734,0.101,0.100,0.000,onTarget,noEvent
6382,5,30,rld,14:45:52.529,34573,2.605,2.748,0.096,0.000,0.000,onTarget,noEvent
6382,5,30,rld,14:45:52.571,34574,2.651,2.752,0.094,0.000,0.000,onTarget,noEvent
6382,5,30,rld,14:45:52.592,34575,2.674,2.754,0.093,0.000,0.000,onTarget,noEvent
6382,5,30,rld,14:45:52.636,34576,2.711,2.754,0.093,0.000,0.000,onTarget,noEvent
6382,5,30,rld,14:45:52.692,34577,2.759,2.754,0.093,0.000,0.000,onTarget,noEvent
6382,5,30,rld,14:45:52.738,34578,2.804,2.755,0.093,0.000,0.000,onTarget,noEvent
6382,5,30,rld,14:45:52.781,34579,2.854,2.755,0.093,0.000,0.000,onTarget,noEvent
6382,5,30,rld,14:45:52.899,34580,2.973,2.755,0.093,0.000,0.000,onTarget,targetClick
6382,5,31,rld,14:45:55.789,34627,3.041,-0.034,0.170,0.000,0.000,waitingForTarget,middleTargetClick
6382,5,31,rld,14:45:55.853,34628,3.123,-0.034,0.170,0.000,0.000,waitingForTarget,noEvent
6382,5,31,rld,14:45:55.926,34629,3.195,-0.034,0.170,0.000,0.000,waitingForTarget,noEvent
6382,5,31,rld,14:45:55.968,34630,3.228,-0.034,0.170,0.000,0.000,waitingForTarget,noEvent
6382,5,31,rld,14:45:56.008,34631,3.272,-0.034,0.170,0.000,0.000,waitingForTarget,noEvent
6382,5,31,rld,14:45:56.040,34632,3.306,-0.034,0.170,0.000,0.000,waitingForTarget,noEvent
6382,5,31,rld,14:45:56.089,34633,3.353,-0.034,0.170,0.000,0.000,waitingForTarget,noEvent
6382,5,31,rld,14:45:56.124,34634,3.393,-0.034,0.170,0.000,0.000,waitingForTarget,noEvent
6382,5,31,rld,14:45:56.176,34635,3.437,-0.034,0.170,0.000,0.000,waitingForTarget,noEvent
6382,5,31,rld,14:45:56.213,34636,3.480,-0.034,0.170,0.000,0.000,waitingForTarget,noEvent
6382,5,31,rld,14:45:56.265,34637,0.048,-0.034,0.170,0.000,0.000,activeTracking,targetAppeared
6382,5,31,rld,14:45:56.315,34638,0.101,-0.034,0.170,0.000,0.000,activeTracking,noEvent
6382,5,31,rld,14:45:56.359,34639,0.141,-0.034,0.170,0.000,0.000,activeTracking,noEvent
6382,5,31,rld,14:45:56.470,34640,0.258,-0.034,0.170,0.000,0.000,activeTracking,noEvent
6382,5,31,rld,14:45:56.579,34641,0.363,-0.034,0.170,0.000,0.000,activeTracking,noEvent
6382,5,31,rld,14:45:56.619,34642,0.409,-0.034,0.170,0.000,0.000,activeTracking,noEvent
6382,5,31,rld,14:45:56.657,34643,0.442,-0.034,0.170,0.000,0.000,activeTracking,noEvent
6382,5,31,rld,14:45:56.718,34644,0.493,-0.034,0.170,0.000,0.000,activeTracking,noEvent
6382,5,31,rld,14:45:56.771,34645,0.551,-0.034,0.170,0.000,0.000,activeTracking,noEvent
6382,5,31,rld,14:45:56.952,34646,0.699,0.846,0.307,7.800,1.200,activeTracking,noEvent
6382,5,31,rld,14:45:57.085,34647,0.870,1.578,0.379,3.800,0.200,activeTracking,noEvent
6382,5,31,rld,14:45:57.198,34648,0.983,1.860,0.405,0.300,0.000,activeTracking,noEvent
6382,5,31,rld,14:45:57.240,34649,1.024,1.955,0.413,0.000,0.000,activeTracking,noEvent
6382,5,31,rld,14:45:57.332,34650,1.103,2.010,0.416,0.200,0.000,activeTracking,noEvent
6382,5,31,rld,14:45:57.404,34651,1.180,2.076,0.418,0.400,0.000,activeTracking,noEvent
6382,5,31,rld,14:45:57.473,34652,1.247,2.121,0.419,0.200,0.000,activeTracking,noEvent
6382,5,31,rld,14:45:57.539,34653,1.328,2.160,0.419,0.200,0.000,activeTracking,noEvent
6382,5,31,rld,14:45:57.597,34654,1.381,2.173,0.396,0.000,-0.200,activeTracking,noEvent
6382,5,31,rld,14:45:57.666,34655,1.449,2.177,0.366,0.000,-0.200,activeTracking,noEvent
6382,5,31,rld,14:45:57.731,34656,1.520,2.179,0.332,0.000,-0.200,activeTracking,noEvent
6382,5,31,rld,14:45:57.809,34657,1.571,2.179,0.309,0.000,-0.100,activeTracking,noEvent
6382,5,31,rld,14:45:57.892,34658,1.673,2.203,0.267,0.200,-0.300,activeTracking,noEvent
6382,5,31,rld,14:45:58.040,34659,1.798,2.270,0.208,0.500,-0.400,activeTracking,noEvent
6382,5,31,rld,14:45:58.189,34660,1.909,2.424,0.107,1.100,-0.700,onTarget,noEvent
6382,5,31,rld,14:45:58.273,34661,2.044,2.632,0.074,1.300,0.000,onTarget,noEvent
6382,5,31,rld,14:45:58.359,34662,2.145,2.738,0.064,0.300,0.000,onTarget,noEvent
6382,5,31,rld,14:45:58.435,34663,2.208,2.810,0.060,0.300,0.000,onTarget,noEvent
6382,5,31,rld,14:45:58.500,34664,2.273,2.858,0.059,0.200,0.000,onTarget,noEvent
6382,5,31,rld,14:45:58.563,34665,2.335,2.899,0.059,0.200,0.000,onTarget,noEvent
6382,5,31,rld,14:45:58.632,34666,2.412,2.937,0.059,0.200,0.000,onTarget,noEvent
6382,5,31,rld,14:45:58.684,34667,2.462,2.950,0.059,0.000,0.000,onTarget,noEvent
6382,5,31,rld,14:45:58.729,34668,2.514,2.954,0.059,0.000,0.000,onTarget,noEvent
6382,5,31,rld,14:45:58.806,34669,2.594,2.956,0.059,0.000,0.000,onTarget,noEvent
6382,5,31,rld,14:45:58.867,34670,2.649,2.956,0.059,0.000,0.000,onTarget,noEvent
6382,5,31,rld,14:45:58.917,34671,2.692,2.956,0.059,0.000,0.000,onTarget,noEvent
6382,5,31,rld,14:45:58.970,34672,2.754,2.956,0.059,0.000,0.000,onTarget,noEvent
6382,5,31,rld,14:45:59.049,34673,2.831,2.956,0.059,0.000,0.000,onTarget,targetClick
6382,5,32,rld,14:46:03.081,34733,2.893,0.219,0.018,0.000,0.000,waitingForTarget,middleTargetClick
6382,5,32,rld,14:46:03.146,34734,2.956,0.219,0.018,0.000,0.000,waitingForTarget,noEvent
6382,5,32,rld,14:46:03.190,34735,3.010,0.219,0.018,0.000,0.000,waitingForTarget,noEvent
6382,5,32,rld,14:46:03.242,34736,3.069,0.219,0.018,0.000,0.000,waitingForTarget,noEvent
6382,5,32,rld,14:46:03.283,34737,3.110,0.219,0.018,0.000,0.000,waitingForTarget,noEvent
6382,5,32,rld,14:46:03.326,34738,3.143,0.219,0.018,0.000,0.000,waitingForTarget,noEvent
6382,5,32,rld,14:46:03.364,34739,3.185,0.219,0.018,0.000,0.000,waitingForTarget,noEvent
6382,5,32,rld,14:46:03.401,34740,3.229,0.219,0.018,0.000,0.000,waitingForTarget,noEvent
6382,5,32,rld,14:46:03.456,34741,3.279,0.219,0.018,0.000,0.000,waitingForTarget,noEvent
6382,5,32,rld,14:46:03.499,34742,3.322,0.219,0.018,0.000,0.000,waitingForTarget,noEvent
6382,5,32,rld,14:46:03.555,34743,0.057,0.219,0.018,0.000,0.000,activeTracking,targetAppeared
6382,5,32,rld,14:46:03.602,34744,0.109,0.219,0.018,0.000,0.000,activeTracking,noEvent
6382,5,32,rld,14:46:03.648,34745,0.148,0.219,0.018,0.000,0.000,activeTracking,noEvent
6382,5,32,rld,14:46:03.691,34746,0.188,0.219,0.018,0.000,0.000,activeTracking,noEvent
6382,5,32,rld,14:46:03.731,34747,0.230,0.219,0.018,0.000,0.000,activeTracking,noEvent
6382,5,32,rld,14:46:03.776,34748,0.275,0.219,0.018,0.000,0.000,activeTracking,noEvent
6382,5,32,rld,14:46:03.871,34749,0.363,0.219,0.018,0.000,0.000,activeTracking,noEvent
6382,5,32,rld,14:46:03.921,34750,0.420,0.219,0.018,0.000,0.000,activeTracking,noEvent
6382,5,32,rld,14:46:04.020,34751,0.488,0.490,0.063,2.400,0.400,activeTracking,noEvent
6382,5,32,rld,14:46:04.116,34752,0.606,1.653,0.184,9.400,0.900,activeTracking,noEvent
6382,5,32,rld,14:46:04.175,34753,0.677,2.085,0.214,0.300,-0.100,activeTracking,noEvent
6382,5,32,rld,14:46:04.223,34754,0.727,2.242,0.225,0.100,0.000,activeTracking,noEvent
6382,5,32,rld,14:46:04.324,34755,0.815,2.462,0.229,1.400,0.000,onTarget,noEvent
6382,5,32,rld,14:46:04.371,34756,0.875,2.596,0.232,0.500,0.000,onTarget,noEvent
6382,5,32,rld,14:46:04.479,34757,0.972,2.702,0.233,0.500,0.000,onTarget,noEvent
6382,5,32,rld,14:46:04.521,34758,1.028,2.737,0.233,0.000,0.000,onTarget,noEvent
6382,5,32,rld,14:46:04.567,34759,1.070,2.749,0.233,0.000,0.000,onTarget,noEvent
6382,5,32,rld,14:46:04.612,34760,1.118,2.753,0.234,0.000,0.000,onTarget,noEvent
6382,5,32,rld,14:46:04.669,34761,1.164,2.754,0.234,0.000,0.000,onTarget,noEvent
6382,5,32,rld,14:46:04.731,34762,1.212,2.754,0.234,0.000,0.000,onTarget,noEvent
6382,5,32,rld,14:46:04.782,34763,1.284,2.755,0.234,0.000,0.000,onTarget,noEvent
6382,5,32,rld,14:46:04.854,34764,1.359,2.755,0.234,0.000,0.000,onTarget,noEvent
6382,5,32,rld,14:46:04.902,34765,1.397,2.755,0.234,0.000,0.000,onTarget,noEvent
6382,5,32,rld,14:46:04.958,34766,1.463,2.755,0.234,0.000,0.000,onTarget,noEvent
6382,5,32,rld,14:46:05.008,34767,1.508,2.755,0.234,0.000,0.000,onTarget,noEvent
6382,5,32,rld,14:46:05.101,34768,1.590,2.755,0.234,0.000,0.000,onTarget,targetClick
6382,5,33,rld,14:46:07.488,34810,1.641,0.151,-0.185,0.000,0.000,waitingForTarget,middleTargetClick
6382,5,33,rld,14:46:07.542,34811,1.702,0.152,-0.184,0.000,0.000,waitingForTarget,noEvent
6382,5,33,rld,14:46:07.600,34812,1.760,0.152,-0.184,0.000,0.000,waitingForTarget,noEvent
6382,5,33,rld,14:46:07.648,34813,1.803,0.152,-0.184,0.000,0.000,waitingForTarget,noEvent
6382,5,33,rld,14:46:07.682,34814,1.845,0.152,-0.184,0.000,0.000,waitingForTarget,noEvent
6382,5,33,rld,14:46:07.731,34815,1.887,0.152,-0.184,0.000,0.000,waitingForTarget,noEvent
6382,5,33,rld,14:46:07.768,34816,1.932,0.152,-0.184,0.000,0.000,waitingForTarget,noEvent
6382,5,33,rld,14:46:07.820,34817,1.986,0.152,-0.184,0.000,0.000,waitingForTarget,noEvent
6382,5,33,rld,14:46:07.852,34818,2.015,0.152,-0.184,0.000,0.000,waitingForTarget,noEvent
6382,5,33,rld,14:46:07.892,34819,2.057,0.152,-0.184,0.000,0.000,waitingForTarget,noEvent
6382,5,33,rld,14:46:07.947,34820,0.043,0.152,-0.184,0.000,0.000,activeTracking,targetAppeared
6382,5,33,rld,14:46:08.020,34821,0.113,0.152,-0.184,0.000,0.000,activeTracking,noEvent
6382,5,33,rld,14:46:08.098,34822,0.206,0.152,-0.184,0.000,0.000,activeTracking,noEvent
6382,5,33,rld,14:46:08.162,34823,0.269,0.152,-0.184,0.000,0.000,activeTracking,noEvent
6382,5,33,rld,14:46:08.364,34824,0.450,0.524,-0.173,3.300,0.100,activeTracking,noEvent
6382,5,33,rld,14:46:08.409,34825,0.514,0.738,-0.170,0.800,0.000,activeTracking,noEvent
6382,5,33,rld,14:46:08.536,34826,0.634,0.697,-0.202,-1.000,-0.300,activeTracking,noEvent
6382,5,33,rld,14:46:08.848,34827,0.841,-0.128,-0.314,-7.200,-0.900,activeTracking,noEvent
6382,5,33,rld,14:46:09.041,34828,1.095,-1.174,-0.467,-6.800,-1.000,activeTracking,noEvent
6382,5,33,rld,14:46:09.106,34829,1.211,-1.608,-0.531,-0.700,-0.100,activeTracking,noEvent
6382,5,33,rld,14:46:09.167,34830,1.269,-1.765,-0.553,-0.100,0.000,activeTracking,noEvent
6382,5,33,rld,14:46:09.250,34831,1.357,-1.818,-0.549,0.000,0.100,activeTracking,noEvent
6382,5,33,rld,14:46:09.300,34832,1.402,-1.836,-0.525,0.000,0.200,activeTracking,noEvent
6382,5,33,rld,14:46:09.346,34833,1.451,-1.842,-0.505,0.000,0.100,activeTracking,noEvent
6382,5,33,rld,14:46:09.440,34834,1.533,-1.844,-0.464,0.000,0.300,activeTracking,noEvent
6382,5,33,rld,14:46:09.521,34835,1.607,-1.844,-0.416,0.000,0.300,activeTracking,noEvent
6382,5,33,rld,14:46:09.621,34836,1.712,-1.810,-0.308,0.300,0.800,activeTracking,noEvent
6382,5,33,rld,14:46:09.701,34837,1.806,-1.763,-0.192,0.300,0.700,activeTracking,noEvent
6382,5,33,rld,14:46:09.767,34838,1.873,-1.748,-0.131,0.000,0.200,activeTracking,noEvent
6382,5,33,rld,14:46:09.900,34839,1.991,-1.777,-0.110,-0.300,0.000,activeTracking,noEvent
6382,5,33,rld,14:46:10.070,34840,2.165,-1.986,-0.046,-1.700,0.500,activeTracking,noEvent
6382,5,33,rld,14:46:10.151,34841,2.233,-2.115,-0.024,-0.500,0.000,activeTracking,noEvent
6382,5,33,rld,14:46:10.267,34842,2.362,-2.240,-0.040,-0.700,-0.200,activeTracking,noEvent
6382,5,33,rld,14:46:10.371,34843,2.447,-2.414,-0.068,-1.100,-0.200,onTarget,noEvent
6382,5,33,rld,14:46:10.431,34844,2.532,-2.568,-0.089,-0.800,-0.100,onTarget,noEvent
6382,5,33,rld,14:46:10.485,34845,2.593,-2.632,-0.096,-0.100,0.000,onTarget,noEvent
6382,5,33,rld,14:46:10.549,34846,2.650,-2.653,-0.099,0.000,0.000,onTarget,noEvent
6382,5,33,rld,14:46:10.589,34847,2.698,-2.660,-0.100,0.000,0.000,onTarget,noEvent
6382,5,33,rld,14:46:10.668,34848,2.750,-2.662,-0.100,0.000,0.000,onTarget,noEvent
6382,5,33,rld,14:46:10.725,34849,2.829,-2.663,-0.100,0.000,0.000,onTarget,noEvent
6382,5,33,rld,14:46:10.818,34850,2.923,-2.663,-0.100,0.000,0.000,onTarget,noEvent
6382,5,33,rld,14:46:10.908,34851,3.001,-2.664,-0.077,0.000,0.200,onTarget,noEvent
6382,5,33,rld,14:46:10.999,34852,3.099,-2.639,-0.057,0.200,0.100,onTarget,noEvent
6382,5,33,rld,14:46:11.048,34853,3.150,-2.607,-0.051,0.200,0.000,onTarget,noEvent
6382,5,33,rld,14:46:11.100,34854,3.202,-2.596,-0.049,0.000,0.000,onTarget,noEvent
6382,5,33,rld,14:46:11.158,34855,3.265,-2.593,-0.048,0.000,0.000,onTarget,noEvent
6382,5,33,rld,14:46:11.217,34856,3.312,-2.592,-0.048,0.000,0.000,onTarget,noEvent
6382,5,33,rld,14:46:11.270,34857,3.365,-2.591,-0.048,0.000,0.000,onTarget,noEvent
6382,5,33,rld,14:46:11.329,34858,3.428,-2.591,-0.048,0.000,0.000,onTarget,noEvent
6382,5,33,rld,14:46:11.382,34859,3.480,-2.591,-0.048,0.000,0.000,onTarget,noEvent
6382,5,33,rld,14:46:11.446,34860,3.542,-2.591,-0.048,0.000,0.000,onTarget,targetClick
6382,5,34,rld,14:46:14.207,34888,3.621,-0.303,0.086,0.000,0.000,waitingForTarget,middleTargetClick
6382,5,34,rld,14:46:14.260,34889,3.685,-0.304,0.086,0.000,0.000,waitingForTarget,noEvent
6382,5,34,rld,14:46:14.315,34890,3.743,-0.304,0.086,0.000,0.000,waitingForTarget,noEvent
6382,5,34,rld,14:46:14.355,34891,3.784,-0.304,0.086,0.000,0.000,waitingForTarget,noEvent
6382,5,34,rld,14:46:14.402,34892,3.822,-0.304,0.086,0.000,0.000,waitingForTarget,noEvent
6382,5,34,rld,14:46:14.447,34893,3.862,-0.304,0.086,0.000,0.000,waitingForTarget,noEvent
6382,5,34,rld,14:46:14.481,34894,3.909,-0.304,0.086,0.000,0.000,waitingForTarget,noEvent
6382,5,34,rld,14:46:14.531,34895,3.960,-0.304,0.086,0.000,0.000,waitingForTarget,noEvent
6382,5,34,rld,14:46:14.569,34896,3.997,-0.304,0.086,0.000,0.000,waitingForTarget,noEvent
6382,5,34,rld,14:46:14.672,34898,0.040,-0.304,0.086,0.000,0.000,activeTracking,targetAppeared
6382,5,34,rld,14:46:14.715,34899,0.086,-0.304,0.086,0.000,0.000,activeTracking,noEvent
6382,5,34,rld,14:46:14.767,34900,0.139,-0.304,0.086,0.000,0.000,activeTracking,noEvent
6382,5,34,rld,14:46:14.828,34901,0.205,-0.304,0.086,0.000,0.000,activeTracking,noEvent
6382,5,34,rld,14:46:14.887,34902,0.256,-0.304,0.086,0.000,0.000,activeTracking,noEvent
6382,5,34,rld,14:46:14.950,34903,0.314,-0.304,0.086,0.000,0.000,activeTracking,noEvent
6382,5,34,rld,14:46:15.004,34904,0.369,-0.304,0.086,0.000,0.000,activeTracking,noEvent
6382,5,34,rld,14:46:15.133,34905,0.502,-0.191,0.052,1.000,-0.300,activeTracking,noEvent
6382,5,34,rld,14:46:15.231,34906,0.590,-0.098,0.029,0.500,-0.100,activeTracking,noEvent
6382,5,34,rld,14:46:15.381,34907,0.752,-0.235,-0.091,-1.500,-1.000,activeTracking,noEvent
6382,5,34,rld,14:46:15.538,34908,0.900,-1.359,-0.290,-9.500,-1.400,activeTracking,noEvent
6382,5,34,rld,14:46:15.651,34909,1.019,-2.220,-0.418,-4.100,-0.500,activeTracking,noEvent
6382,5,34,rld,14:46:15.751,34910,1.100,-2.599,-0.452,-0.700,0.100,activeTracking,noEvent
6382,5,34,rld,14:46:15.851,34911,1.220,-2.861,-0.418,-1.100,0.400,activeTracking,noEvent
6382,5,34,rld,14:46:15.917,34912,1.296,-2.974,-0.406,-0.200,0.000,activeTracking,noEvent
6382,5,34,rld,14:46:15.974,34913,1.342,-3.011,-0.403,0.000,0.000,activeTracking,noEvent
6382,5,34,rld,14:46:16.068,34914,1.431,-2.975,-0.330,0.400,0.600,activeTracking,noEvent
6382,5,34,rld,14:46:16.219,34915,1.548,-2.573,0.139,3.200,3.800,onTarget,noEvent
6382,5,34,rld,14:46:16.280,34916,1.650,-1.850,0.875,5.000,5.100,activeTracking,noEvent
6382,5,34,rld,14:46:16.335,34917,1.708,-1.614,1.119,0.000,0.000,activeTracking,noEvent
6382,5,34,rld,14:46:16.391,34918,1.770,-1.536,1.200,0.000,0.000,activeTracking,noEvent
6382,5,34,rld,14:46:16.478,34919,1.832,-1.510,1.204,0.000,-0.200,activeTracking,noEvent
6382,5,34,rld,14:46:16.548,34920,1.912,-1.513,1.170,-0.100,-0.300,activeTracking,noEvent
6382,5,34,rld,14:46:16.653,34921,2.022,-1.548,1.114,-0.300,-0.400,activeTracking,noEvent
6382,5,34,rld,14:46:16.731,34922,2.105,-1.618,1.004,-0.500,-0.800,activeTracking,noEvent
6382,5,34,rld,14:46:16.880,34923,2.221,-1.746,0.853,-0.900,-1.000,activeTracking,noEvent
6382,5,34,rld,14:46:16.981,34924,2.329,-2.022,0.553,-2.000,-2.200,activeTracking,noEvent
6382,5,34,rld,14:46:17.085,34925,2.454,-2.186,0.384,-0.600,-0.600,activeTracking,noEvent
6382,5,34,rld,14:46:17.155,34926,2.523,-2.252,0.316,-0.100,-0.100,activeTracking,noEvent
6382,5,34,rld,14:46:17.211,34927,2.582,-2.275,0.293,0.000,0.000,activeTracking,noEvent
6382,5,34,rld,14:46:17.267,34928,2.632,-2.282,0.286,0.000,0.000,activeTracking,noEvent
6382,5,34,rld,14:46:17.320,34929,2.685,-2.285,0.283,0.000,0.000,activeTracking,noEvent
6382,5,34,rld,14:46:17.362,34930,2.742,-2.285,0.282,0.000,0.000,activeTracking,noEvent
6382,5,34,rld,14:46:17.431,34931,2.803,-2.286,0.282,0.000,0.000,activeTracking,noEvent
6382,5,34,rld,14:46:17.475,34932,2.846,-2.286,0.282,0.000,0.000,activeTracking,noEvent
6382,5,34,rld,14:46:17.518,34933,2.890,-2.286,0.282,0.000,0.000,activeTracking,noEvent
6382,5,34,rld,14:46:17.581,34934,2.952,-2.298,0.282,-0.100,0.000,activeTracking,noEvent
6382,5,34,rld,14:46:17.639,34935,3.011,-2.314,0.282,-0.100,0.000,activeTracking,noEvent
6382,5,34,rld,14:46:17.701,34936,3.070,-2.331,0.282,-0.100,0.000,activeTracking,noEvent
6382,5,34,rld,14:46:17.769,34937,3.136,-2.360,0.282,-0.200,0.000,activeTracking,noEvent
6382,5,34,rld,14:46:17.836,34938,3.210,-2.370,0.282,0.000,0.000,activeTracking,noEvent
6382,5,34,rld,14:46:17.899,34939,3.278,-2.385,0.283,-0.100,0.000,activeTracking,noEvent
6382,5,34,rld,14:46:17.955,34940,3.323,-2.391,0.271,0.000,-0.100,activeTracking,noEvent
6382,5,34,rld,14:46:18.004,34941,3.381,-2.392,0.267,0.000,0.000,activeTracking,noEvent
6382,5,34,rld,14:46:18.121,34942,3.478,-2.417,0.231,-0.200,-0.300,activeTracking,noEvent
6382,5,34,rld,14:46:18.249,34943,3.613,-2.497,0.150,-0.600,-0.600,onTarget,noEvent
6382,5,34,rld,14:46:18.318,34944,3.677,-2.560,0.088,-0.300,-0.300,onTarget,noEvent
6382,5,34,rld,14:46:18.361,34945,3.734,-2.581,0.056,0.000,-0.100,onTarget,noEvent
6382,5,34,rld,14:46:18.395,34946,3.772,-2.588,0.045,0.000,0.000,onTarget,noEvent
6382,5,34,rld,14:46:18.432,34947,3.811,-2.590,0.042,0.000,0.000,onTarget,noEvent
6382,5,34,rld,14:46:18.511,34948,3.873,-2.591,0.017,0.000,-0.200,onTarget,noEvent
6382,5,34,rld,14:46:18.581,34949,3.952,-2.603,0.009,-0.100,0.000,onTarget,noEvent
6382,5,35,rld,14:46:22.475,35010,0.036,-0.118,0.103,0.000,0.000,activeTracking,targetAppeared
6382,5,35,rld,14:46:22.516,35011,0.072,-0.118,0.103,0.000,0.000,activeTracking,noEvent
6382,5,35,rld,14:46:22.583,35012,0.143,-0.118,0.103,0.000,0.000,activeTracking,noEvent
6382,5,35,rld,14:46:22.637,35013,0.186,-0.118,0.103,0.000,0.000,activeTracking,noEvent
6382,5,35,rld,14:46:22.686,35014,0.248,-0.118,0.103,0.000,0.000,activeTracking,noEvent
6382,5,35,rld,14:46:22.721,35015,0.281,-0.118,0.103,0.000,0.000,activeTracking,noEvent
6382,5,35,rld,14:46:22.771,35016,0.325,-0.118,0.103,0.000,0.000,activeTracking,noEvent
6382,5,35,rld,14:46:22.850,35017,0.400,-0.118,0.103,0.000,0.000,activeTracking,noEvent
6382,5,35,rld,14:46:22.891,35018,0.445,-0.118,0.103,0.000,0.000,activeTracking,noEvent
6382,5,35,rld,14:46:22.935,35019,0.486,-0.118,0.103,0.000,0.000,activeTracking,noEvent
6382,5,35,rld,14:46:22.972,35020,0.531,-0.118,0.103,0.000,0.000,activeTracking,noEvent
6382,5,35,rld,14:46:23.011,35021,0.569,-0.118,0.103,0.000,0.000,activeTracking,noEvent
6382,5,35,rld,14:46:23.055,35022,0.615,-0.118,0.103,0.000,0.000,activeTracking,noEvent
6382,5,35,rld,14:46:23.152,35023,0.704,-0.118,0.103,0.000,0.000,activeTracking,noEvent
6382,5,35,rld,14:46:23.308,35024,0.854,-1.090,-0.089,-8.600,-1.700,activeTracking,noEvent
6382,5,35,rld,14:46:23.421,35025,0.936,-1.510,-0.153,-0.800,0.000,activeTracking,noEvent
6382,5,35,rld,14:46:23.558,35026,1.104,-2.178,-0.210,-4.500,-0.300,activeTracking,noEvent
6382,5,35,rld,14:46:23.631,35027,1.175,-2.464,-0.230,-0.500,0.000,onTarget,noEvent
6382,5,35,rld,14:46:23.703,35028,1.255,-2.609,-0.237,-0.400,0.000,onTarget,noEvent
6382,5,35,rld,14:46:23.746,35029,1.308,-2.682,-0.239,-0.200,0.000,onTarget,noEvent
6382,5,35,rld,14:46:23.821,35030,1.379,-2.718,-0.240,-0.100,0.000,onTarget,noEvent
6382,5,35,rld,14:46:23.912,35031,1.466,-2.730,-0.193,0.000,0.400,onTarget,noEvent
6382,5,35,rld,14:46:24.024,35032,1.572,-2.734,-0.096,0.000,0.700,onTarget,noEvent
6382,5,35,rld,14:46:24.117,35033,1.675,-2.723,0.018,0.100,0.700,onTarget,noEvent
6382,5,35,rld,14:46:24.161,35034,1.718,-2.720,0.091,0.000,0.300,onTarget,noEvent
6382,5,35,rld,14:46:24.231,35035,1.788,-2.707,0.139,0.100,0.200,onTarget,noEvent
6382,5,35,rld,14:46:24.299,35036,1.854,-2.702,0.178,0.000,0.200,onTarget,noEvent
6382,5,35,rld,14:46:24.378,35037,1.924,-2.689,0.215,0.100,0.200,onTarget,noEvent
6382,5,35,rld,14:46:24.418,35038,1.979,-2.684,0.227,0.000,0.000,onTarget,noEvent
6382,5,35,rld,14:46:24.484,35039,2.038,-2.682,0.231,0.000,0.000,onTarget,noEvent
6382,5,35,rld,14:46:24.536,35040,2.085,-2.682,0.232,0.000,0.000,onTarget,noEvent
6382,5,35,rld,14:46:24.581,35041,2.141,-2.682,0.233,0.000,0.000,onTarget,noEvent
6382,5,35,rld,14:46:24.631,35042,2.182,-2.682,0.233,0.000,0.000,onTarget,noEvent
6382,5,35,rld,14:46:24.694,35043,2.236,-2.682,0.233,0.000,0.000,onTarget,noEvent
6382,5,35,rld,14:46:24.748,35044,2.299,-2.682,0.233,0.000,0.000,onTarget,targetClick
6382,5,36,rld,14:46:27.157,35076,2.378,0.095,0.192,0.100,-0.100,waitingForTarget,middleTargetClick
6382,5,36,rld,14:46:27.213,35077,2.425,0.099,0.189,0.000,0.000,waitingForTarget,noEvent
6382,5,36,rld,14:46:27.258,35078,2.489,0.101,0.188,0.000,0.000,waitingForTarget,noEvent
6382,5,36,rld,14:46:27.318,35079,2.533,0.101,0.187,0.000,0.000,waitingForTarget,noEvent
6382,5,36,rld,14:46:27.374,35080,2.605,0.101,0.187,0.000,0.000,waitingForTarget,noEvent
6382,5,36,rld,14:46:27.411,35081,2.644,0.101,0.187,0.000,0.000,waitingForTarget,noEvent
6382,5,36,rld,14:46:27.452,35082,2.682,0.101,0.187,0.000,0.000,waitingForTarget,noEvent
6382,5,36,rld,14:46:27.501,35083,2.724,0.101,0.187,0.000,0.000,waitingForTarget,noEvent
6382,5,36,rld,14:46:27.539,35084,2.764,0.101,0.187,0.000,0.000,waitingForTarget,noEvent
6382,5,36,rld,14:46:27.598,35085,2.814,0.101,0.187,0.000,0.000,waitingForTarget,noEvent
6382,5,36,rld,14:46:27.660,35086,0.060,0.101,0.187,0.000,0.000,activeTracking,targetAppeared
6382,5,36,rld,14:46:27.717,35087,0.135,0.101,0.187,0.000,0.000,activeTracking,noEvent
6382,5,36,rld,14:46:27.772,35088,0.177,0.101,0.187,0.000,0.000,activeTracking,noEvent
6382,5,36,rld,14:46:27.943,35089,0.337,0.473,0.300,3.300,1.000,activeTracking,noEvent
6382,5,36,rld,14:46:28.016,35090,0.421,0.699,0.350,0.900,0.100,activeTracking,noEvent
6382,5,36,rld,14:46:28.088,35091,0.499,0.786,0.366,0.100,0.000,activeTracking,noEvent
6382,5,36,rld,14:46:28.218,35092,0.613,0.701,0.326,-1.000,-0.400,activeTracking,noEvent
6382,5,36,rld,14:46:28.329,35093,0.721,0.335,0.267,-3.000,-0.400,activeTracking,noEvent
6382,5,36,rld,14:46:28.423,35094,0.825,-0.384,0.225,-5.300,-0.200,activeTracking,noEvent
6382,5,36,rld,14:46:28.520,35095,0.924,-0.703,0.212,-0.700,0.000,activeTracking,noEvent
6382,5,36,rld,14:46:28.632,35096,1.040,-0.900,0.219,-0.800,0.100,activeTracking,noEvent
6382,5,36,rld,14:46:28.787,35097,1.171,-1.320,0.245,-3.100,0.200,activeTracking,noEvent
6382,5,36,rld,14:46:28.870,35098,1.285,-1.484,0.255,-0.200,0.000,activeTracking,noEvent
6382,5,36,rld,14:46:28.929,35099,1.340,-1.539,0.258,0.000,0.000,activeTracking,noEvent
6382,5,36,rld,14:46:29.032,35100,1.440,-1.557,0.270,0.000,0.100,activeTracking,noEvent
6382,5,36,rld,14:46:29.113,35101,1.520,-1.563,0.286,0.000,0.100,activeTracking,noEvent
6382,5,36,rld,14:46:29.180,35102,1.591,-1.565,0.291,0.000,0.000,activeTracking,noEvent
6382,5,36,rld,14:46:29.239,35103,1.651,-1.566,0.304,0.000,0.100,activeTracking,noEvent
6382,5,36,rld,14:46:29.322,35104,1.722,-1.566,0.308,0.000,0.000,activeTracking,noEvent
6382,5,36,rld,14:46:29.357,35105,1.774,-1.578,0.310,-0.100,0.000,activeTracking,noEvent
6382,5,36,rld,14:46:29.437,35106,1.831,-1.582,0.310,0.000,0.000,activeTracking,noEvent
6382,5,36,rld,14:46:29.548,35107,1.950,-1.583,0.311,0.000,0.000,activeTracking,noEvent
6382,5,36,rld,14:46:29.620,35108,2.021,-1.583,0.311,0.000,0.000,activeTracking,noEvent
6382,5,36,rld,14:46:29.718,35109,2.134,-1.583,0.311,0.000,0.000,activeTracking,noEvent
6382,5,36,rld,14:46:29.840,35110,2.202,-1.583,0.311,0.000,0.000,activeTracking,noEvent
6382,5,36,rld,14:46:29.929,35111,2.321,-2.108,0.096,-4.500,-1.900,activeTracking,noEvent
6382,5,36,rld,14:46:29.991,35112,2.406,-2.286,0.070,0.000,0.400,activeTracking,noEvent
6382,5,36,rld,14:46:30.037,35113,2.452,-2.345,0.061,0.000,0.000,activeTracking,noEvent
6382,5,36,rld,14:46:30.082,35114,2.492,-2.365,0.058,0.000,0.000,onTarget,noEvent
6382,5,36,rld,14:46:30.130,35115,2.543,-2.372,0.057,0.000,0.000,onTarget,noEvent
6382,5,36,rld,14:46:30.180,35116,2.589,-2.374,0.057,0.000,0.000,onTarget,noEvent
6382,5,36,rld,14:46:30.220,35117,2.631,-2.375,0.056,0.000,0.000,onTarget,noEvent
6382,5,36,rld,14:46:30.271,35118,2.687,-2.375,0.056,0.000,0.000,onTarget,noEvent
6382,5,36,rld,14:46:30.324,35119,2.735,-2.375,0.056,0.000,0.000,onTarget,noEvent
6382,5,36,rld,14:46:30.381,35120,2.790,-2.375,0.056,0.000,0.000,onTarget,noEvent
6382,5,36,rld,14:46:30.422,35121,2.838,-2.375,0.056,0.000,0.000,onTarget,noEvent
6382,5,36,rld,14:46:30.472,35122,2.886,-2.375,0.056,0.000,0.000,onTarget,noEvent
6382,5,36,rld,14:46:30.649,35123,3.041,-2.676,0.081,-2.500,0.200,onTarget,noEvent
6382,5,36,rld,14:46:30.747,35124,3.159,-3.183,0.092,-3.300,0.000,activeTracking,noEvent
6382,5,36,rld,14:46:30.811,35125,3.220,-3.381,0.095,-0.200,0.000,activeTracking,noEvent
6382,5,36,rld,14:46:30.893,35126,3.304,-3.448,0.097,0.000,0.000,activeTracking,noEvent
6382,5,36,rld,14:46:30.939,35127,3.354,-3.470,0.097,0.000,0.000,activeTracking,noEvent
6382,5,36,rld,14:46:30.988,35128,3.401,-3.478,0.097,0.000,0.000,activeTracking,noEvent
6382,5,36,rld,14:46:31.049,35129,3.452,-3.480,0.097,0.000,0.000,activeTracking,noEvent
6382,5,36,rld,14:46:31.095,35130,3.508,-3.481,0.097,0.000,0.000,activeTracking,noEvent
6382,5,36,rld,14:46:31.151,35131,3.556,-3.481,0.097,0.000,0.000,activeTracking,noEvent
6382,5,36,rld,14:46:31.210,35132,3.621,-3.481,0.097,0.000,0.000,activeTracking,noEvent
6382,5,36,rld,14:46:31.272,35133,3.671,-3.481,0.097,0.000,0.000,activeTracking,noEvent
6382,5,36,rld,14:46:31.349,35134,3.749,-3.456,0.097,0.200,0.000,activeTracking,noEvent
6382,5,36,rld,14:46:31.501,35135,3.902,-3.047,0.083,3.200,-0.100,onTarget,noEvent
6382,5,36,rld,14:46:31.571,35136,3.961,-2.778,0.066,1.100,-0.100,onTarget,noEvent
6382,5,37,rld,14:46:35.868,35200,0.035,0.000,0.001,0.000,0.000,activeTracking,targetAppeared
6382,5,37,rld,14:46:35.920,35201,0.077,0.000,0.001,0.000,0.000,activeTracking,noEvent
6382,5,37,rld,14:46:35.979,35202,0.138,0.000,0.001,0.000,0.000,activeTracking,noEvent
6382,5,37,rld,14:46:36.028,35203,0.192,0.000,0.001,0.000,0.000,activeTracking,noEvent
6382,5,37,rld,14:46:36.184,35204,0.337,3.242,0.292,27.800,2.400,activeTracking,noEvent
6382,5,37,rld,14:46:36.231,35205,0.400,4.464,0.408,0.100,0.000,activeTracking,noEvent
6382,5,37,rld,14:46:36.281,35206,0.443,4.897,0.451,0.000,0.000,activeTracking,noEvent
6382,5,37,rld,14:46:36.332,35207,0.494,5.045,0.466,0.000,0.000,activeTracking,noEvent
6382,5,37,rld,14:46:36.406,35208,0.561,5.095,0.458,0.000,-0.100,activeTracking,noEvent
6382,5,37,rld,14:46:36.464,35209,0.619,5.097,0.455,-0.100,0.000,activeTracking,noEvent
6382,5,37,rld,14:46:36.572,35210,0.701,4.716,0.383,-2.700,-0.500,activeTracking,noEvent
6382,5,37,rld,14:46:36.638,35211,0.793,3.304,0.255,-9.800,-0.700,activeTracking,noEvent
6382,5,37,rld,14:46:36.715,35212,0.879,2.391,0.178,-3.900,-0.300,activeTracking,noEvent
6382,5,37,rld,14:46:36.857,35213,0.978,1.250,0.036,-7.300,-1.000,activeTracking,noEvent
6382,5,37,rld,14:46:36.998,35214,1.133,0.155,-0.190,-6.400,-1.600,activeTracking,noEvent
6382,5,37,rld,14:46:37.151,35215,1.290,-0.816,-0.480,-5.400,-1.900,activeTracking,noEvent
6382,5,37,rld,14:46:37.274,35216,1.423,-1.235,-0.625,-0.800,-0.400,activeTracking,noEvent
6382,5,37,rld,14:46:37.400,35217,1.536,-1.501,-0.709,-1.100,-0.300,activeTracking,noEvent
6382,5,37,rld,14:46:37.544,35218,1.685,-1.904,-0.752,-2.700,-0.100,activeTracking,noEvent
6382,5,37,rld,14:46:37.686,35219,1.832,-2.146,-0.722,-0.900,0.400,activeTracking,noEvent
6382,5,37,rld,14:46:37.752,35220,1.907,-2.239,-0.632,-0.100,0.700,activeTracking,noEvent
6382,5,37,rld,14:46:37.873,35221,2.020,-2.342,-0.440,-0.600,1.400,activeTracking,noEvent
6382,5,37,rld,14:46:37.952,35222,2.114,-2.424,-0.306,-0.400,0.600,activeTracking,noEvent
6382,5,37,rld,14:46:38.036,35223,2.182,-2.463,-0.215,-0.100,0.400,onTarget,noEvent
6382,5,37,rld,14:46:38.122,35224,2.279,-2.476,-0.115,0.000,0.600,onTarget,noEvent
6382,5,37,rld,14:46:38.205,35225,2.372,-2.469,-0.059,0.100,0.200,onTarget,noEvent
6382,5,37,rld,14:46:38.263,35226,2.429,-2.466,-0.028,0.000,0.100,onTarget,noEvent
6382,5,37,rld,14:46:38.329,35227,2.491,-2.477,-0.018,-0.100,0.000,onTarget,noEvent
6382,5,37,rld,14:46:38.393,35228,2.553,-2.493,-0.015,-0.100,0.000,onTarget,noEvent
6382,5,37,rld,14:46:38.488,35229,2.641,-2.534,-0.037,-0.300,-0.200,onTarget,noEvent
6382,5,37,rld,14:46:38.600,35230,2.737,-2.632,-0.044,-0.700,0.000,onTarget,noEvent
6382,5,37,rld,14:46:38.655,35231,2.818,-2.726,-0.046,-0.500,0.000,onTarget,noEvent
6382,5,37,rld,14:46:38.712,35232,2.877,-2.769,-0.059,-0.100,-0.100,onTarget,noEvent
6382,5,37,rld,14:46:38.780,35233,2.937,-2.784,-0.086,0.000,-0.200,onTarget,noEvent
6382,5,37,rld,14:46:38.846,35234,3.009,-2.776,-0.107,0.100,-0.100,onTarget,noEvent
6382,5,37,rld,14:46:38.889,35235,3.058,-2.774,-0.114,0.000,0.000,onTarget,noEvent
6382,5,37,rld,14:46:38.967,35236,3.123,-2.773,-0.116,0.000,0.000,onTarget,targetClick
6382,5,38,rld,14:46:41.621,35273,3.205,0.236,0.237,0.000,0.000,waitingForTarget,middleTargetClick
6382,5,38,rld,14:46:41.678,35274,3.260,0.236,0.238,0.000,0.000,waitingForTarget,noEvent
6382,5,38,rld,14:46:41.736,35275,3.310,0.236,0.238,0.000,0.000,waitingForTarget,noEvent
6382,5,38,rld,14:46:41.800,35276,3.384,0.236,0.238,0.000,0.000,waitingForTarget,noEvent
6382,5,38,rld,14:46:41.840,35277,3.424,0.236,0.238,0.000,0.000,waitingForTarget,noEvent
6382,5,38,rld,14:46:41.876,35278,3.460,0.236,0.238,0.000,0.000,waitingForTarget,noEvent
6382,5,38,rld,14:46:41.931,35279,3.509,0.236,0.238,0.000,0.000,waitingForTarget,noEvent
6382,5,38,rld,14:46:41.970,35280,3.551,0.236,0.238,0.000,0.000,waitingForTarget,noEvent
6382,5,38,rld,14:46:42.018,35281,3.596,0.236,0.238,0.000,0.000,waitingForTarget,noEvent
6382,5,38,rld,14:46:42.052,35282,3.640,0.236,0.238,0.000,0.000,waitingForTarget,noEvent
6382,5,38,rld,14:46:42.112,35283,0.059,0.236,0.238,0.000,0.000,activeTracking,targetAppeared
6382,5,38,rld,14:46:42.179,35284,0.121,0.236,0.238,0.000,0.000,activeTracking,noEvent
6382,5,38,rld,14:46:42.236,35285,0.172,0.236,0.238,0.000,0.000,activeTracking,noEvent
6382,5,38,rld,14:46:42.381,35286,0.323,2.858,0.759,22.600,4.300,activeTracking,noEvent
6382,5,38,rld,14:46:42.422,35287,0.368,3.807,0.960,0.000,0.000,activeTracking,noEvent
6382,5,38,rld,14:46:42.486,35288,0.430,4.137,1.032,0.000,0.000,activeTracking,noEvent
6382,5,38,rld,14:46:42.572,35289,0.515,4.209,1.030,-0.300,-0.200,activeTracking,noEvent
6382,5,38,rld,14:46:42.834,35290,0.721,2.768,0.858,-11.500,-1.000,activeTracking,noEvent
6382,5,38,rld,14:46:42.962,35291,0.882,1.004,0.571,-11.300,-1.900,activeTracking,noEvent
6382,5,38,rld,14:46:43.071,35292,1.011,-0.941,0.112,-12.200,-3.300,activeTracking,noEvent
6382,5,38,rld,14:46:43.182,35293,1.117,-1.645,-0.063,-0.400,-0.200,activeTracking,noEvent
6382,5,38,rld,14:46:43.306,35294,1.237,-1.988,-0.168,-0.900,-0.400,activeTracking,noEvent
6382,5,38,rld,14:46:43.372,35295,1.319,-2.127,-0.215,-0.200,-0.100,activeTracking,noEvent
6382,5,38,rld,14:46:43.432,35296,1.372,-2.174,-0.231,0.000,0.000,activeTracking,noEvent
6382,5,38,rld,14:46:43.480,35297,1.421,-2.189,-0.236,0.000,0.000,activeTracking,noEvent
6382,5,38,rld,14:46:43.533,35298,1.481,-2.194,-0.238,0.000,0.000,activeTracking,noEvent
6382,5,38,rld,14:46:43.602,35299,1.539,-2.196,-0.238,0.000,0.000,activeTracking,noEvent
6382,5,38,rld,14:46:43.697,35300,1.633,-2.197,-0.192,0.000,0.400,activeTracking,noEvent
6382,5,38,rld,14:46:43.804,35301,1.712,-2.197,-0.108,0.000,0.600,activeTracking,noEvent
6382,5,38,rld,14:46:43.889,35302,1.819,-2.197,0.047,0.000,1.100,activeTracking,noEvent
6382,5,38,rld,14:46:43.970,35303,1.900,-2.197,0.168,0.000,0.600,activeTracking,noEvent
6382,5,38,rld,14:46:44.071,35304,2.016,-2.256,0.290,-0.500,0.700,activeTracking,noEvent
6382,5,38,rld,14:46:44.164,35305,2.087,-2.324,0.366,-0.400,0.300,activeTracking,noEvent
6382,5,38,rld,14:46:44.217,35306,2.161,-2.358,0.392,-0.100,0.000,activeTracking,noEvent
6382,5,38,rld,14:46:44.334,35307,2.271,-2.597,0.333,-1.900,-0.600,onTarget,noEvent
6382,5,38,rld,14:46:44.419,35308,2.353,-2.726,0.290,-0.400,-0.200,onTarget,noEvent
6382,5,38,rld,14:46:44.517,35309,2.454,-2.794,0.218,-0.200,-0.500,onTarget,noEvent
6382,5,38,rld,14:46:44.589,35310,2.521,-2.829,0.147,-0.100,-0.400,onTarget,noEvent
6382,5,38,rld,14:46:44.662,35311,2.598,-2.840,0.088,0.000,-0.300,onTarget,noEvent
6382,5,38,rld,14:46:44.721,35312,2.659,-2.844,0.045,0.000,-0.200,onTarget,noEvent
6382,5,38,rld,14:46:44.760,35313,2.701,-2.845,0.030,0.000,0.000,onTarget,noEvent
6382,5,38,rld,14:46:44.837,35314,2.769,-2.834,0.026,0.100,0.000,onTarget,noEvent
6382,5,38,rld,14:46:44.910,35315,2.852,-2.805,0.024,0.200,0.000,onTarget,noEvent
6382,5,38,rld,14:46:44.971,35316,2.916,-2.784,0.035,0.100,0.100,onTarget,noEvent
6382,5,38,rld,14:46:45.022,35317,2.967,-2.764,0.062,0.100,0.200,onTarget,noEvent
6382,5,38,rld,14:46:45.127,35318,3.020,-2.758,0.083,0.000,0.100,onTarget,noEvent
6382,5,38,rld,14:46:45.186,35319,3.122,-2.756,0.090,0.000,0.000,onTarget,targetClick
6382,5,39,rld,14:46:48.852,35373,3.213,-0.270,-0.016,0.000,0.000,waitingForTarget,middleTargetClick
6382,5,39,rld,14:46:48.902,35374,3.270,-0.270,-0.016,0.000,0.000,waitingForTarget,noEvent
6382,5,39,rld,14:46:48.983,35375,3.346,-0.270,-0.016,0.000,0.000,waitingForTarget,noEvent
6382,5,39,rld,14:46:49.020,35376,3.391,-0.270,-0.016,0.000,0.000,waitingForTarget,noEvent
6382,5,39,rld,14:46:49.071,35377,3.435,-0.270,-0.016,0.000,0.000,waitingForTarget,noEvent
6382,5,39,rld,14:46:49.116,35378,3.478,-0.270,-0.016,0.000,0.000,waitingForTarget,noEvent
6382,5,39,rld,14:46:49.153,35379,3.520,-0.270,-0.016,0.000,0.000,waitingForTarget,noEvent
6382,5,39,rld,14:46:49.199,35380,3.570,-0.270,-0.016,0.000,0.000,waitingForTarget,noEvent
6382,5,39,rld,14:46:49.246,35381,3.602,-0.270,-0.016,0.000,0.000,waitingForTarget,noEvent
6382,5,39,rld,14:46:49.287,35382,3.654,-0.270,-0.016,0.000,0.000,waitingForTarget,noEvent
6382,5,39,rld,14:46:49.334,35383,0.048,-0.270,-0.016,0.000,0.000,activeTracking,targetAppeared
6382,5,39,rld,14:46:49.383,35384,0.089,-0.270,-0.016,0.000,0.000,activeTracking,noEvent
6382,5,39,rld,14:46:49.431,35385,0.146,-0.270,-0.016,0.000,0.000,activeTracking,noEvent
6382,5,39,rld,14:46:49.466,35386,0.183,-0.270,-0.016,0.000,0.000,activeTracking,noEvent
6382,5,39,rld,14:46:49.522,35387,0.229,-0.270,-0.016,0.000,0.000,activeTracking,noEvent
6382,5,39,rld,14:46:49.556,35388,0.270,-0.270,-0.016,0.000,0.000,activeTracking,noEvent
6382,5,39,rld,14:46:49.609,35389,0.312,-0.270,-0.016,0.000,0.000,activeTracking,noEvent
6382,5,39,rld,14:46:49.650,35390,0.359,-0.270,-0.016,0.000,0.000,activeTracking,noEvent
6382,5,39,rld,14:46:49.699,35391,0.414,-0.270,-0.016,0.000,0.000,activeTracking,noEvent
6382,5,39,rld,14:46:49.727,35392,0.442,-0.270,-0.016,0.000,0.000,activeTracking,noEvent
6382,5,39,rld,14:46:49.782,35393,0.488,-0.270,-0.016,0.000,0.000,activeTracking,noEvent
6382,5,39,rld,14:46:49.850,35394,0.542,-0.270,-0.016,0.000,0.000,activeTracking,noEvent
6382,5,39,rld,14:46:49.902,35395,0.608,-0.270,-0.016,0.000,0.000,activeTracking,noEvent
6382,5,39,rld,14:46:49.949,35396,0.655,-0.270,-0.016,0.000,0.000,activeTracking,noEvent
6382,5,39,rld,14:46:49.988,35397,0.699,-0.270,-0.016,0.000,0.000,activeTracking,noEvent
6382,5,39,rld,14:46:50.036,35398,0.741,-0.270,-0.016,0.000,0.000,activeTracking,noEvent
6382,5,39,rld,14:46:50.166,35399,0.842,-2.091,-0.060,-15.900,-0.400,activeTracking,noEvent
6382,5,39,rld,14:46:50.300,35400,0.997,-3.431,-0.122,-5.700,-0.400,activeTracking,noEvent
6382,5,39,rld,14:46:50.349,35401,1.063,-3.968,-0.144,-0.500,0.000,activeTracking,noEvent
6382,5,39,rld,14:46:50.498,35402,1.190,-4.517,-0.339,-2.700,-1.500,activeTracking,noEvent
6382,5,39,rld,14:46:50.620,35403,1.275,-4.817,-0.445,-0.800,-0.300,activeTracking,noEvent
6382,5,39,rld,14:46:50.694,35404,1.396,-4.817,-0.445,-47.300,-15.600,activeTracking,noEvent
6382,5,39,rld,14:46:50.744,35405,1.458,-4.817,-0.445,0.000,0.000,activeTracking,noEvent
6382,5,39,rld,14:46:50.853,35406,1.529,-4.817,-0.445,0.000,0.100,activeTracking,noEvent
6382,5,39,rld,14:46:51.020,35407,1.728,-4.817,-0.445,5.300,1.100,activeTracking,noEvent
6382,5,39,rld,14:46:51.102,35408,1.818,-4.817,-0.445,2.000,0.600,activeTracking,noEvent
6382,5,39,rld,14:46:51.192,35409,1.899,-4.817,-0.445,1.200,0.500,activeTracking,noEvent
6382,5,39,rld,14:46:51.318,35410,2.011,-4.817,-0.445,0.900,0.500,activeTracking,noEvent
6382,5,39,rld,14:46:51.504,35411,2.202,-4.817,-0.445,3.200,1.100,activeTracking,noEvent
6382,5,39,rld,14:46:51.631,35412,2.325,-4.817,-0.445,1.100,0.500,activeTracking,noEvent
6382,5,39,rld,14:46:51.704,35413,2.414,-4.817,-0.445,2.400,0.800,activeTracking,noEvent
6382,5,39,rld,14:46:51.881,35414,2.559,-4.817,-0.445,2.500,0.700,activeTracking,noEvent
6382,5,39,rld,14:46:52.020,35415,2.726,-4.817,-0.445,5.200,1.000,activeTracking,noEvent
6382,5,39,rld,14:46:52.199,35416,2.887,-4.817,-0.445,2.500,0.500,activeTracking,noEvent
6382,5,39,rld,14:46:52.339,35417,3.032,-10.460,-2.665,2.200,0.300,activeTracking,noEvent
6382,5,39,rld,14:46:52.483,35418,3.131,-9.903,-2.541,1.100,0.100,activeTracking,noEvent
6382,5,39,rld,14:46:52.633,35419,3.313,-8.474,-2.060,5.900,1.900,activeTracking,noEvent
6382,5,39,rld,14:46:52.769,35420,3.471,-7.503,-1.752,2.900,0.800,activeTracking,noEvent
6382,5,39,rld,14:46:52.846,35421,3.558,-7.061,-1.633,0.800,0.100,activeTracking,noEvent
6382,5,39,rld,14:46:52.895,35422,3.601,-6.918,-1.595,0.000,0.000,activeTracking,noEvent
6382,5,39,rld,14:46:52.932,35423,3.648,-6.870,-1.582,0.000,0.000,activeTracking,noEvent
6382,5,39,rld,14:46:52.982,35424,3.691,-6.855,-1.578,0.000,0.000,activeTracking,noEvent
6382,5,39,rld,14:46:53.016,35425,3.730,-6.849,-1.577,0.000,0.000,activeTracking,noEvent
6382,5,39,rld,14:46:53.069,35426,3.772,-6.848,-1.576,0.000,0.000,activeTracking,noEvent
6382,5,39,rld,14:46:53.109,35427,3.820,-6.847,-1.576,0.000,0.000,activeTracking,noEvent
6382,5,39,rld,14:46:53.152,35428,3.869,-6.847,-1.576,0.000,0.000,activeTracking,noEvent
6382,5,39,rld,14:46:53.183,35429,3.900,-6.847,-1.576,0.000,0.000,activeTracking,noEvent
6382,5,39,rld,14:46:53.267,35430,3.957,-6.847,-1.576,0.000,0.000,activeTracking,noEvent
6382,5,40,rld,14:47:00.485,35536,0.050,0.253,0.255,0.000,0.000,activeTracking,targetAppeared
6382,5,40,rld,14:47:00.543,35537,0.119,0.253,0.255,0.000,0.000,activeTracking,noEvent
6382,5,40,rld,14:47:00.601,35538,0.172,0.253,0.255,0.000,0.000,activeTracking,noEvent
6382,5,40,rld,14:47:00.671,35539,0.248,0.253,0.255,0.000,0.000,activeTracking,noEvent
6382,5,40,rld,14:47:00.730,35540,0.300,0.253,0.255,0.000,0.000,activeTracking,noEvent
6382,5,40,rld,14:47:00.771,35541,0.344,0.253,0.255,0.000,0.000,activeTracking,noEvent
6382,5,40,rld,14:47:00.822,35542,0.399,0.253,0.255,0.000,0.000,activeTracking,noEvent
6382,5,40,rld,14:47:00.884,35543,0.448,0.253,0.255,0.000,0.000,activeTracking,noEvent
6382,5,40,rld,14:47:00.948,35544,0.512,0.253,0.255,0.000,0.000,activeTracking,noEvent
6382,5,40,rld,14:47:01.000,35545,0.568,0.253,0.255,0.000,0.000,activeTracking,noEvent
6382,5,40,rld,14:47:01.117,35546,0.694,9.007,2.975,62.200,16.500,activeTracking,noEvent
6382,5,40,rld,14:47:01.179,35547,0.751,9.007,2.975,0.100,0.000,activeTracking,noEvent
6382,5,40,rld,14:47:01.280,35548,0.835,9.007,2.975,0.300,-0.100,activeTracking,noEvent
6382,5,40,rld,14:47:01.400,35549,0.959,9.007,2.975,3.900,0.000,activeTracking,noEvent
6382,5,40,rld,14:47:01.467,35550,1.043,9.007,2.975,0.500,-0.200,activeTracking,noEvent
6382,5,40,rld,14:47:01.525,35551,1.099,9.007,2.975,0.200,0.000,activeTracking,noEvent
6382,5,40,rld,14:47:01.626,35552,1.193,9.007,2.975,0.000,-0.300,activeTracking,noEvent
6382,5,40,rld,14:47:01.749,35553,1.313,9.007,2.975,-0.500,-0.500,activeTracking,noEvent
6382,5,40,rld,14:47:01.970,35554,1.518,9.007,2.975,-9.200,-5.500,activeTracking,noEvent
6382,5,40,rld,14:47:02.195,35555,1.728,9.007,2.975,-10.700,-3.500,activeTracking,noEvent
6382,5,40,rld,14:47:02.337,35556,1.848,10.603,2.062,-3.300,-0.800,activeTracking,noEvent
6382,5,40,rld,14:47:02.499,35557,2.031,8.792,1.440,-5.400,-1.900,activeTracking,noEvent
6382,5,40,rld,14:47:02.711,35558,2.243,7.690,1.135,-3.000,-0.600,activeTracking,noEvent
6382,5,40,rld,14:47:02.888,35559,2.457,6.712,0.923,-3.700,-0.600,activeTracking,noEvent
6382,5,40,rld,14:47:02.947,35560,2.524,6.261,0.852,-0.900,0.000,activeTracking,noEvent
6382,5,40,rld,14:47:03.130,35561,2.692,5.866,0.884,-1.600,0.500,activeTracking,noEvent
6382,5,40,rld,14:47:03.206,35562,2.772,5.616,0.929,-0.800,0.300,activeTracking,noEvent
6382,5,40,rld,14:47:03.302,35563,2.850,5.475,0.941,-0.400,0.000,activeTracking,noEvent
6382,5,40,rld,14:47:03.362,35564,2.928,5.369,0.942,-0.400,0.000,activeTracking,noEvent
6382,5,40,rld,14:47:03.439,35565,3.001,5.275,0.953,-0.400,0.100,activeTracking,noEvent
6382,5,40,rld,14:47:03.516,35566,3.080,5.215,0.955,-0.200,0.000,activeTracking,noEvent
6382,5,40,rld,14:47:03.560,35567,3.132,5.195,0.956,0.000,0.000,activeTracking,noEvent
6382,5,40,rld,14:47:03.627,35568,3.181,5.188,0.956,0.000,0.000,activeTracking,noEvent
6382,5,40,rld,14:47:03.739,35569,3.269,5.172,0.904,-0.100,-0.400,activeTracking,noEvent
6382,5,40,rld,14:47:03.936,35570,3.501,4.894,0.609,-1.900,-2.100,activeTracking,noEvent
6382,5,40,rld,14:47:04.011,35571,3.575,4.678,0.347,-0.900,-1.300,activeTracking,noEvent
6382,5,40,rld,14:47:04.110,35572,3.673,4.538,0.197,-0.500,-0.500,activeTracking,noEvent
6382,5,40,rld,14:47:04.172,35573,3.741,4.464,0.148,-0.200,0.000,activeTracking,noEvent
6382,5,40,rld,14:47:04.205,35574,3.781,4.440,0.131,0.000,0.000,activeTracking,noEvent
6382,5,40,rld,14:47:04.242,35575,3.815,4.431,0.126,0.000,0.000,activeTracking,noEvent
6382,5,40,rld,14:47:04.287,35576,3.858,4.429,0.124,0.000,0.000,activeTracking,noEvent
6382,5,40,rld,14:47:04.337,35577,3.902,4.428,0.123,0.000,0.000,activeTracking,noEvent
6382,5,40,rld,14:47:04.383,35578,3.961,4.427,0.123,0.000,0.000,activeTracking,noEvent
6382,5,41,rld,14:47:10.705,35681,0.049,0.034,0.103,0.000,0.000,activeTracking,targetAppeared
6382,5,41,rld,14:47:10.742,35682,0.083,0.034,0.103,0.000,0.000,activeTracking,noEvent
6382,5,41,rld,14:47:10.770,35683,0.113,0.034,0.103,0.000,0.000,activeTracking,noEvent
6382,5,41,rld,14:47:10.830,35684,0.174,0.034,0.103,0.000,0.000,activeTracking,noEvent
6382,5,41,rld,14:47:10.884,35685,0.227,0.034,0.103,0.000,0.000,activeTracking,noEvent
6382,5,41,rld,14:47:10.935,35686,0.278,0.034,0.103,0.000,0.000,activeTracking,noEvent
6382,5,41,rld,14:47:11.011,35687,0.350,0.034,0.103,0.000,0.000,activeTracking,noEvent
6382,5,41,rld,14:47:11.062,35688,0.401,0.034,0.103,0.000,0.000,activeTracking,noEvent
6382,5,41,rld,14:47:11.118,35689,0.448,0.034,0.103,0.000,0.000,activeTracking,noEvent
6382,5,41,rld,14:47:11.161,35690,0.498,0.034,0.103,0.000,0.000,activeTracking,noEvent
6382,5,41,rld,14:47:11.228,35691,0.546,0.034,0.103,0.000,0.000,activeTracking,noEvent
6382,5,41,rld,14:47:11.288,35692,0.623,0.034,0.103,0.000,0.000,activeTracking,noEvent
6382,5,41,rld,14:47:11.338,35693,0.677,0.034,0.103,0.000,0.000,activeTracking,noEvent
6382,5,41,rld,14:47:11.389,35694,0.727,0.034,0.103,0.000,0.000,activeTracking,noEvent
6382,5,41,rld,14:47:11.446,35695,0.777,0.034,0.103,0.000,0.000,activeTracking,noEvent
6382,5,41,rld,14:47:11.518,35696,0.860,0.079,0.114,0.400,0.100,activeTracking,noEvent
6382,5,41,rld,14:47:11.729,35697,1.054,0.263,0.151,1.500,0.300,activeTracking,noEvent
6382,5,41,rld,14:47:11.831,35698,1.161,0.798,0.120,4.200,-0.400,activeTracking,noEvent
6382,5,41,rld,14:47:11.900,35699,1.230,1.046,0.098,0.600,-0.100,activeTracking,noEvent
6382,5,41,rld,14:47:12.070,35700,1.389,1.634,0.115,4.400,0.200,activeTracking,noEvent
6382,5,41,rld,14:47:12.147,35701,1.488,1.926,0.133,0.800,0.100,activeTracking,noEvent
6382,5,41,rld,14:47:12.209,35702,1.548,2.047,0.139,0.200,0.000,activeTracking,noEvent
6382,5,41,rld,14:47:12.269,35703,1.613,2.112,0.141,0.200,0.000,activeTracking,noEvent
6382,5,41,rld,14:47:12.345,35704,1.675,2.157,0.142,0.200,0.000,activeTracking,noEvent
6382,5,41,rld,14:47:12.402,35705,1.746,2.195,0.142,0.200,0.000,activeTracking,noEvent
6382,5,41,rld,14:47:12.492,35706,1.832,2.232,0.131,0.200,-0.100,activeTracking,noEvent
6382,5,41,rld,14:47:12.545,35707,1.888,2.292,0.116,0.400,-0.100,activeTracking,noEvent
6382,5,41,rld,14:47:12.614,35708,1.958,2.335,0.111,0.200,0.000,activeTracking,noEvent
6382,5,41,rld,14:47:12.654,35709,1.998,2.350,0.109,0.000,0.000,activeTracking,noEvent
6382,5,41,rld,14:47:12.730,35710,2.064,2.367,0.097,0.100,-0.100,onTarget,noEvent
6382,5,41,rld,14:47:12.820,35711,2.131,2.396,0.093,0.200,0.000,onTarget,noEvent
6382,5,41,rld,14:47:12.932,35712,2.267,2.514,0.093,0.900,0.000,onTarget,noEvent
6382,5,41,rld,14:47:12.993,35713,2.330,2.638,0.093,0.700,0.000,onTarget,noEvent
6382,5,41,rld,14:47:13.042,35714,2.378,2.691,0.093,0.100,0.000,onTarget,noEvent
6382,5,41,rld,14:47:13.081,35715,2.417,2.721,0.093,0.100,0.000,onTarget,noEvent
6382,5,41,rld,14:47:13.121,35716,2.463,2.731,0.093,0.000,0.000,onTarget,noEvent
6382,5,41,rld,14:47:13.194,35717,2.534,2.735,0.093,0.000,0.000,onTarget,noEvent
6382,5,41,rld,14:47:13.242,35718,2.583,2.736,0.093,0.000,0.000,onTarget,noEvent
6382,5,41,rld,14:47:13.308,35719,2.646,2.736,0.093,0.000,0.000,onTarget,noEvent
6382,5,41,rld,14:47:13.371,35720,2.707,2.736,0.093,0.000,0.000,onTarget,noEvent
6382,5,41,rld,14:47:13.439,35721,2.774,2.736,0.070,0.000,-0.200,onTarget,noEvent
6382,5,41,rld,14:47:13.482,35722,2.815,2.736,0.062,0.000,0.000,onTarget,noEvent
6382,5,41,rld,14:47:13.521,35723,2.864,2.736,0.059,0.000,0.000,onTarget,noEvent
6382,5,41,rld,14:47:13.584,35724,2.915,2.736,0.058,0.000,0.000,onTarget,noEvent
6382,5,41,rld,14:47:13.664,35725,2.994,2.736,0.058,0.000,0.000,onTarget,targetClick
6382,5,42,rld,14:47:20.522,35828,3.053,0.084,0.305,0.000,0.000,waitingForTarget,middleTargetClick
6382,5,42,rld,14:47:20.582,35829,3.129,0.084,0.305,0.000,0.000,waitingForTarget,noEvent
6382,5,42,rld,14:47:20.643,35830,3.169,0.084,0.305,0.000,0.000,waitingForTarget,noEvent
6382,5,42,rld,14:47:20.688,35831,3.231,0.084,0.305,0.000,0.000,waitingForTarget,noEvent
6382,5,42,rld,14:47:20.730,35832,3.277,0.084,0.305,0.000,0.000,waitingForTarget,noEvent
6382,5,42,rld,14:47:20.780,35833,3.317,0.084,0.305,0.000,0.000,waitingForTarget,noEvent
6382,5,42,rld,14:47:20.842,35834,3.380,0.084,0.305,0.000,0.000,waitingForTarget,noEvent
6382,5,42,rld,14:47:20.879,35835,3.411,0.084,0.305,0.000,0.000,waitingForTarget,noEvent
6382,5,42,rld,14:47:20.914,35836,3.459,0.084,0.305,0.000,0.000,waitingForTarget,noEvent
6382,5,42,rld,14:47:20.949,35837,0.035,0.084,0.305,0.000,0.000,activeTracking,targetAppeared
6382,5,42,rld,14:47:21.013,35838,0.091,0.084,0.305,0.000,0.000,activeTracking,noEvent
6382,5,42,rld,14:47:21.063,35839,0.149,0.084,0.305,0.000,0.000,activeTracking,noEvent
6382,5,42,rld,14:47:21.101,35840,0.182,0.084,0.305,0.000,0.000,activeTracking,noEvent
6382,5,42,rld,14:47:21.138,35841,0.223,0.084,0.305,0.000,0.000,activeTracking,noEvent
6382,5,42,rld,14:47:21.184,35842,0.264,0.084,0.305,0.000,0.000,activeTracking,noEvent
6382,5,42,rld,14:47:21.231,35843,0.309,0.084,0.305,0.000,0.000,activeTracking,noEvent
6382,5,42,rld,14:47:21.288,35844,0.366,0.084,0.305,0.000,0.000,activeTracking,noEvent
6382,5,42,rld,14:47:21.346,35845,0.419,0.084,0.305,0.000,0.000,activeTracking,noEvent
6382,5,42,rld,14:47:21.404,35846,0.489,0.084,0.305,0.000,0.000,activeTracking,noEvent
6382,5,42,rld,14:47:21.449,35847,0.536,0.084,0.305,0.000,0.000,activeTracking,noEvent
6382,5,42,rld,14:47:21.550,35848,0.593,0.084,0.305,0.000,0.000,activeTracking,noEvent
6382,5,42,rld,14:47:21.717,35849,0.772,-1.653,0.026,-15.300,-2.500,activeTracking,noEvent
6382,5,42,rld,14:47:21.865,35850,0.928,-2.501,-0.081,-2.100,-0.100,onTarget,noEvent
6382,5,42,rld,14:47:22.002,35851,1.072,-2.913,-0.164,-1.000,-0.400,onTarget,noEvent
6382,5,42,rld,14:47:22.099,35852,1.155,-3.165,-0.240,-0.900,-0.400,activeTracking,noEvent
6382,5,42,rld,14:47:22.170,35853,1.239,-3.325,-0.302,-0.600,-0.300,activeTracking,noEvent
6382,5,42,rld,14:47:22.247,35854,1.322,-3.429,-0.347,-0.400,-0.200,activeTracking,noEvent
6382,5,42,rld,14:47:22.304,35855,1.390,-3.489,-0.362,-0.200,0.000,activeTracking,noEvent
6382,5,42,rld,14:47:22.366,35856,1.450,-3.509,-0.343,0.000,0.200,activeTracking,noEvent
6382,5,42,rld,14:47:22.484,35857,1.555,-3.389,-0.216,1.000,1.000,activeTracking,noEvent
6382,5,42,rld,14:47:22.610,35858,1.681,-3.262,-0.127,0.700,0.400,activeTracking,noEvent
6382,5,42,rld,14:47:22.667,35859,1.755,-3.157,-0.073,0.500,0.200,activeTracking,noEvent
6382,5,42,rld,14:47:22.747,35860,1.820,-3.110,-0.044,0.100,0.100,activeTracking,noEvent
6382,5,42,rld,14:47:22.817,35861,1.902,-3.057,-0.022,0.300,0.100,onTarget,noEvent
6382,5,42,rld,14:47:22.871,35862,1.960,-3.027,-0.015,0.100,0.000,onTarget,noEvent
6382,5,42,rld,14:47:22.932,35863,2.011,-3.004,-0.013,0.100,0.000,onTarget,noEvent
6382,5,42,rld,14:47:22.982,35864,2.068,-2.997,-0.012,0.000,0.000,onTarget,noEvent
6382,5,42,rld,14:47:23.057,35865,2.133,-2.995,-0.035,0.000,-0.200,onTarget,noEvent
6382,5,42,rld,14:47:23.102,35866,2.182,-2.994,-0.055,0.000,-0.100,onTarget,noEvent
6382,5,42,rld,14:47:23.161,35867,2.242,-2.993,-0.085,0.000,-0.200,onTarget,noEvent
6382,5,42,rld,14:47:23.220,35868,2.301,-2.993,-0.107,0.000,-0.100,onTarget,noEvent
6382,5,42,rld,14:47:23.279,35869,2.357,-2.993,-0.114,0.000,0.000,onTarget,noEvent
6382,5,42,rld,14:47:23.330,35870,2.409,-2.993,-0.116,0.000,0.000,onTarget,noEvent
6382,5,42,rld,14:47:23.387,35871,2.471,-2.993,-0.117,0.000,0.000,onTarget,noEvent
6382,5,42,rld,14:47:23.447,35872,2.520,-2.993,-0.118,0.000,0.000,onTarget,noEvent
6382,5,42,rld,14:47:23.498,35873,2.585,-2.993,-0.118,0.000,0.000,onTarget,noEvent
6382,5,42,rld,14:47:23.564,35874,2.641,-2.981,-0.118,0.100,0.000,onTarget,noEvent
6382,5,42,rld,14:47:23.626,35875,2.710,-2.977,-0.094,0.000,0.200,onTarget,noEvent
6382,5,42,rld,14:47:23.685,35876,2.767,-2.976,-0.074,0.000,0.100,onTarget,noEvent
6382,5,42,rld,14:47:23.705,35877,2.793,-2.975,-0.068,0.000,0.000,onTarget,noEvent
6382,5,42,rld,14:47:23.787,35878,2.869,-2.975,-0.054,0.000,0.100,onTarget,noEvent
6382,5,42,rld,14:47:23.885,35879,2.969,-2.975,-0.014,0.000,0.300,onTarget,noEvent
6382,5,42,rld,14:47:23.946,35880,3.032,-2.975,-0.001,0.000,0.000,onTarget,targetClick
6382,5,43,rld,14:47:27.127,35921,3.098,0.287,0.120,0.000,0.000,waitingForTarget,middleTargetClick
6382,5,43,rld,14:47:27.187,35922,3.164,0.287,0.120,0.000,0.000,waitingForTarget,noEvent
6382,5,43,rld,14:47:27.242,35923,3.210,0.287,0.120,0.000,0.000,waitingForTarget,noEvent
6382,5,43,rld,14:47:27.285,35924,3.266,0.287,0.120,0.000,0.000,waitingForTarget,noEvent
6382,5,43,rld,14:47:27.304,35925,3.290,0.287,0.120,0.000,0.000,waitingForTarget,noEvent
6382,5,43,rld,14:47:27.359,35926,3.338,0.287,0.120,0.000,0.000,waitingForTarget,noEvent
6382,5,43,rld,14:47:27.400,35927,3.388,0.287,0.120,0.000,0.000,waitingForTarget,noEvent
6382,5,43,rld,14:47:27.434,35928,3.417,0.287,0.120,0.000,0.000,waitingForTarget,noEvent
6382,5,43,rld,14:47:27.480,35929,3.461,0.287,0.120,0.000,0.000,waitingForTarget,noEvent
6382,5,43,rld,14:47:27.529,35930,3.516,0.287,0.120,0.000,0.000,waitingForTarget,noEvent
6382,5,43,rld,14:47:27.599,35931,0.055,0.287,0.120,0.000,0.000,activeTracking,targetAppeared
6382,5,43,rld,14:47:27.679,35932,0.135,0.287,0.120,0.000,0.000,activeTracking,noEvent
6382,5,43,rld,14:47:27.754,35933,0.213,0.287,0.120,0.000,0.000,activeTracking,noEvent
6382,5,43,rld,14:47:27.831,35934,0.292,0.287,0.120,0.000,0.000,activeTracking,failedClick
6382,5,44,rld,14:47:31.212,35974,0.359,-0.101,0.001,0.000,0.000,waitingForTarget,middleTargetClick
6382,5,44,rld,14:47:31.270,35975,0.429,-0.101,0.001,0.000,0.000,waitingForTarget,noEvent
6382,5,44,rld,14:47:31.324,35976,0.471,-0.101,0.001,0.000,0.000,waitingForTarget,noEvent
6382,5,44,rld,14:47:31.385,35977,0.546,-0.101,0.001,0.000,0.000,waitingForTarget,noEvent
6382,5,44,rld,14:47:31.446,35978,0.606,-0.101,0.001,0.000,0.000,waitingForTarget,noEvent
6382,5,44,rld,14:47:31.499,35979,0.642,-0.101,0.001,0.000,0.000,waitingForTarget,noEvent
6382,5,44,rld,14:47:31.578,35980,0.729,-0.101,0.001,0.000,0.000,waitingForTarget,noEvent
6382,5,44,rld,14:47:31.620,35981,0.779,-0.101,0.001,0.000,0.000,waitingForTarget,noEvent
6382,5,44,rld,14:47:31.678,35982,0.046,-0.101,0.001,0.000,0.000,activeTracking,targetAppeared
6382,5,44,rld,14:47:31.728,35983,0.109,-0.101,0.001,0.000,0.000,activeTracking,noEvent
6382,5,44,rld,14:47:31.779,35984,0.151,-0.101,0.001,0.000,0.000,activeTracking,noEvent
6382,5,44,rld,14:47:31.843,35985,0.213,-0.101,0.001,0.000,0.000,activeTracking,noEvent
6382,5,44,rld,14:47:31.883,35986,0.264,-0.101,0.001,0.000,0.000,activeTracking,noEvent
6382,5,44,rld,14:47:31.929,35987,0.299,-0.101,0.001,0.000,0.000,activeTracking,noEvent
6382,5,44,rld,14:47:31.969,35988,0.344,-0.101,0.001,0.000,0.000,activeTracking,noEvent
6382,5,44,rld,14:47:32.004,35989,0.385,-0.101,0.001,0.000,0.000,activeTracking,noEvent
6382,5,44,rld,14:47:32.062,35990,0.430,-0.101,0.001,0.000,0.000,activeTracking,noEvent
6382,5,44,rld,14:47:32.119,35991,0.484,-0.101,0.001,0.000,0.000,activeTracking,noEvent
6382,5,44,rld,14:47:32.162,35992,0.534,-0.101,0.001,0.000,0.000,activeTracking,noEvent
6382,5,44,rld,14:47:32.233,35993,0.600,-0.101,0.001,0.000,0.000,activeTracking,noEvent
6382,5,44,rld,14:47:32.433,35994,0.792,-0.994,-0.179,-7.900,-1.600,activeTracking,noEvent
6382,5,44,rld,14:47:32.593,35995,0.953,-1.790,-0.241,-4.300,0.000,activeTracking,noEvent
6382,5,44,rld,14:47:32.713,35996,1.062,-2.273,-0.263,-1.800,0.000,activeTracking,noEvent
6382,5,44,rld,14:47:32.851,35997,1.216,-2.702,-0.283,-2.200,-0.100,onTarget,noEvent
6382,5,44,rld,14:47:32.933,35998,1.306,-2.908,-0.279,-0.500,0.100,onTarget,noEvent
6382,5,44,rld,14:47:33.096,35999,1.463,-2.928,-0.042,0.400,2.000,onTarget,noEvent
6382,5,44,rld,14:47:33.173,36000,1.544,-2.910,0.178,0.200,1.200,onTarget,noEvent
6382,5,44,rld,14:47:33.261,36001,1.619,-2.892,0.275,0.100,0.200,onTarget,noEvent
6382,5,44,rld,14:47:33.346,36002,1.703,-2.849,0.330,0.300,0.200,activeTracking,noEvent
6382,5,44,rld,14:47:33.460,36003,1.833,-2.786,0.371,0.400,0.200,activeTracking,noEvent
6382,5,44,rld,14:47:33.531,36004,1.901,-2.765,0.385,0.000,0.000,activeTracking,noEvent
6382,5,44,rld,14:47:33.594,36005,1.966,-2.746,0.389,0.100,0.000,activeTracking,noEvent
6382,5,44,rld,14:47:33.685,36006,2.037,-2.727,0.379,0.100,-0.100,activeTracking,noEvent
6382,5,44,rld,14:47:33.743,36007,2.116,-2.709,0.364,0.100,-0.100,activeTracking,noEvent
6382,5,44,rld,14:47:33.830,36008,2.200,-2.703,0.335,0.000,-0.200,onTarget,noEvent
6382,5,44,rld,14:47:33.896,36009,2.276,-2.701,0.302,0.000,-0.200,onTarget,noEvent
6382,5,44,rld,14:47:34.014,36010,2.384,-2.725,0.210,-0.200,-0.700,onTarget,noEvent
6382,5,44,rld,14:47:34.144,36011,2.503,-2.745,0.120,-0.100,-0.500,onTarget,noEvent
6382,5,44,rld,14:47:34.199,36012,2.571,-2.751,0.055,0.000,-0.300,onTarget,noEvent
6382,5,44,rld,14:47:34.285,36013,2.665,-2.766,-0.001,-0.100,-0.300,onTarget,noEvent
6382,5,44,rld,14:47:34.344,36014,2.721,-2.770,-0.020,0.000,0.000,onTarget,noEvent
6382,5,44,rld,14:47:34.431,36015,2.800,-2.784,-0.050,-0.100,-0.200,onTarget,noEvent
6382,5,44,rld,14:47:34.470,36016,2.851,-2.789,-0.060,0.000,0.000,onTarget,noEvent
6382,5,44,rld,14:47:34.526,36017,2.907,-2.803,-0.063,-0.100,0.000,onTarget,noEvent
6382,5,44,rld,14:47:34.576,36018,2.950,-2.807,-0.064,0.000,0.000,onTarget,noEvent
6382,5,44,rld,14:47:34.604,36019,2.986,-2.809,-0.065,0.000,0.000,onTarget,noEvent
6382,5,44,rld,14:47:34.675,36020,3.044,-2.809,-0.065,0.000,0.000,onTarget,noEvent
6382,5,44,rld,14:47:34.731,36021,3.109,-2.809,-0.065,0.000,0.000,onTarget,noEvent
6382,5,44,rld,14:47:34.809,36022,3.190,-2.809,-0.065,0.000,0.000,onTarget,noEvent
6382,5,44,rld,14:47:34.868,36023,3.234,-2.809,-0.065,0.000,0.000,onTarget,noEvent
6382,5,44,rld,14:47:34.920,36024,3.292,-2.809,-0.065,0.000,0.000,onTarget,noEvent
6382,5,44,rld,14:47:34.969,36025,3.347,-2.809,-0.065,0.000,0.000,onTarget,noEvent
6382,5,44,rld,14:47:35.014,36026,3.393,-2.809,-0.065,0.000,0.000,onTarget,noEvent
6382,5,44,rld,14:47:35.076,36027,3.451,-2.809,-0.065,0.000,0.000,onTarget,noEvent
6382,5,44,rld,14:47:35.150,36028,3.504,-2.809,-0.065,0.000,0.000,onTarget,noEvent
6382,5,44,rld,14:47:35.230,36029,3.600,-2.797,1.375,0.100,12.200,activeTracking,noEvent
6382,5,44,rld,14:47:35.298,36030,3.667,-2.793,1.840,0.000,-0.200,activeTracking,noEvent
6382,5,44,rld,14:47:35.361,36031,3.737,-2.792,1.985,0.000,-0.100,activeTracking,failedClick
6382,5,45,rld,14:47:40.060,36097,3.801,0.051,0.153,0.000,0.000,waitingForTarget,middleTargetClick
6382,5,45,rld,14:47:40.112,36098,3.859,0.051,0.153,0.000,0.000,waitingForTarget,noEvent
6382,5,45,rld,14:47:40.177,36099,3.930,0.051,0.153,0.000,0.000,waitingForTarget,noEvent
6382,5,45,rld,14:47:40.232,36100,3.987,0.051,0.153,0.000,0.000,waitingForTarget,noEvent
6382,5,45,rld,14:47:40.516,36107,0.036,0.051,0.153,0.000,0.000,activeTracking,targetAppeared
6382,5,45,rld,14:47:40.559,36108,0.082,0.051,0.153,0.000,0.000,activeTracking,noEvent
6382,5,45,rld,14:47:40.600,36109,0.108,0.051,0.153,0.000,0.000,activeTracking,noEvent
6382,5,45,rld,14:47:40.646,36110,0.155,0.051,0.153,0.000,0.000,activeTracking,noEvent
6382,5,45,rld,14:47:40.697,36111,0.217,0.051,0.153,0.000,0.000,activeTracking,noEvent
6382,5,45,rld,14:47:40.740,36112,0.257,0.051,0.153,0.000,0.000,activeTracking,noEvent
6382,5,45,rld,14:47:40.768,36113,0.285,0.051,0.153,0.000,0.000,activeTracking,noEvent
6382,5,45,rld,14:47:40.816,36114,0.336,0.051,0.153,0.000,0.000,activeTracking,noEvent
6382,5,45,rld,14:47:40.861,36115,0.385,0.051,0.153,0.000,0.000,activeTracking,noEvent
6382,5,45,rld,14:47:40.950,36116,0.466,0.051,0.153,0.000,0.000,activeTracking,noEvent
6382,5,45,rld,14:47:41.011,36117,0.522,0.051,0.153,0.000,0.000,activeTracking,noEvent
6382,5,45,rld,14:47:41.050,36118,0.568,0.051,0.153,0.000,0.000,activeTracking,noEvent
6382,5,45,rld,14:47:41.234,36119,0.737,0.546,0.131,4.400,-0.200,activeTracking,noEvent
6382,5,45,rld,14:47:41.362,36120,0.871,1.098,0.079,3.400,-0.400,activeTracking,noEvent
6382,5,45,rld,14:47:41.509,36121,0.987,1.710,0.086,3.700,0.200,activeTracking,noEvent
6382,5,45,rld,14:47:41.584,36122,1.094,2.045,0.112,1.100,0.200,activeTracking,noEvent
6382,5,45,rld,14:47:41.632,36123,1.150,2.170,0.121,0.100,0.000,activeTracking,noEvent
6382,5,45,rld,14:47:41.687,36124,1.204,2.235,0.124,0.200,0.000,activeTracking,noEvent
6382,5,45,rld,14:47:41.736,36125,1.257,2.269,0.125,0.100,0.000,activeTracking,noEvent
6382,5,45,rld,14:47:41.813,36126,1.335,2.292,0.125,0.100,0.000,activeTracking,noEvent
6382,5,45,rld,14:47:41.862,36127,1.384,2.300,0.126,0.000,0.000,activeTracking,noEvent
6382,5,45,rld,14:47:41.920,36128,1.438,2.302,0.114,0.000,-0.100,activeTracking,noEvent
6382,5,45,rld,14:47:41.991,36129,1.506,2.303,0.087,0.000,-0.200,activeTracking,noEvent
6382,5,45,rld,14:47:42.061,36130,1.572,2.315,0.055,0.100,-0.200,activeTracking,noEvent
6382,5,45,rld,14:47:42.122,36131,1.636,2.320,0.044,0.000,0.000,activeTracking,noEvent
6382,5,45,rld,14:47:42.178,36132,1.692,2.321,0.029,0.000,-0.100,activeTracking,noEvent
6382,5,45,rld,14:47:42.245,36133,1.761,2.321,0.012,0.000,-0.100,activeTracking,noEvent
6382,5,45,rld,14:47:42.329,36134,1.838,2.369,-0.039,0.400,-0.400,onTarget,noEvent
6382,5,45,rld,14:47:42.414,36135,1.923,2.457,-0.068,0.600,-0.100,onTarget,noEvent
6382,5,45,rld,14:47:42.482,36136,1.993,2.510,-0.078,0.200,0.000,onTarget,noEvent
6382,5,45,rld,14:47:42.534,36137,2.053,2.540,-0.081,0.100,0.000,onTarget,noEvent
6382,5,45,rld,14:47:42.586,36138,2.103,2.550,-0.070,0.000,0.100,onTarget,noEvent
6382,5,45,rld,14:47:42.656,36139,2.167,2.565,-0.055,0.100,0.100,onTarget,noEvent
6382,5,45,rld,14:47:42.711,36140,2.228,2.582,-0.038,0.100,0.100,onTarget,noEvent
6382,5,45,rld,14:47:42.768,36141,2.288,2.588,-0.021,0.000,0.100,onTarget,noEvent
6382,5,45,rld,14:47:42.846,36142,2.357,2.590,-0.004,0.000,0.100,onTarget,noEvent
6382,5,45,rld,14:47:42.910,36143,2.426,2.591,0.014,0.000,0.100,onTarget,noEvent
6382,5,45,rld,14:47:42.958,36144,2.475,2.591,0.031,0.000,0.100,onTarget,noEvent
6382,5,45,rld,14:47:43.016,36145,2.527,2.591,0.049,0.000,0.100,onTarget,noEvent
6382,5,45,rld,14:47:43.080,36146,2.593,2.591,0.066,0.000,0.100,onTarget,noEvent
6382,5,45,rld,14:47:43.127,36147,2.647,2.603,0.072,0.100,0.000,onTarget,noEvent
6382,5,45,rld,14:47:43.179,36148,2.690,2.607,0.074,0.000,0.000,onTarget,noEvent
6382,5,45,rld,14:47:43.231,36149,2.753,2.609,0.075,0.000,0.000,onTarget,noEvent
6382,5,45,rld,14:47:43.296,36150,2.807,2.609,0.075,0.000,0.000,onTarget,noEvent
6382,5,45,rld,14:47:43.357,36151,2.875,2.609,0.075,0.000,0.000,onTarget,noEvent
6382,5,45,rld,14:47:43.409,36152,2.918,2.609,0.075,0.000,0.000,onTarget,noEvent
6382,5,45,rld,14:47:43.462,36153,2.976,2.609,0.075,0.000,0.000,onTarget,noEvent
6382,5,45,rld,14:47:43.521,36154,3.042,2.609,0.075,0.000,0.000,onTarget,noEvent
6382,5,45,rld,14:47:43.570,36155,3.085,2.609,0.075,0.000,0.000,onTarget,noEvent
6382,5,45,rld,14:47:43.630,36156,3.137,2.609,0.075,0.000,0.000,onTarget,noEvent
6382,5,45,rld,14:47:43.683,36157,3.203,2.609,0.075,0.000,0.000,onTarget,noEvent
6382,5,45,rld,14:47:43.730,36158,3.240,2.609,0.075,0.000,0.000,onTarget,noEvent
6382,5,45,rld,14:47:43.782,36159,3.292,2.609,0.075,0.000,0.000,onTarget,noEvent
6382,5,45,rld,14:47:43.845,36160,3.357,2.609,0.075,0.000,0.000,onTarget,noEvent
6382,5,45,rld,14:47:43.895,36161,3.407,2.609,0.075,0.000,0.000,onTarget,noEvent
6382,5,45,rld,14:47:43.967,36162,3.487,2.609,0.075,0.000,0.000,onTarget,targetClick
6382,5,46,rld,14:47:48.249,36228,3.565,-0.152,0.001,0.000,0.000,waitingForTarget,middleTargetClick
6382,5,46,rld,14:47:48.299,36229,3.618,-0.152,0.001,0.000,0.000,waitingForTarget,noEvent
6382,5,46,rld,14:47:48.346,36230,3.669,-0.152,0.001,0.000,0.000,waitingForTarget,noEvent
6382,5,46,rld,14:47:48.409,36231,3.710,-0.152,0.001,0.000,0.000,waitingForTarget,noEvent
6382,5,46,rld,14:47:48.467,36232,3.776,-0.152,0.001,0.000,0.000,waitingForTarget,noEvent
6382,5,46,rld,14:47:48.526,36233,3.843,-0.152,0.001,0.000,0.000,waitingForTarget,noEvent
6382,5,46,rld,14:47:48.572,36234,3.878,-0.152,0.001,0.000,0.000,waitingForTarget,noEvent
6382,5,46,rld,14:47:48.614,36235,3.927,-0.152,0.001,0.000,0.000,waitingForTarget,noEvent
6382,5,46,rld,14:47:48.651,36236,3.972,-0.152,0.001,0.000,0.000,waitingForTarget,noEvent
6382,5,46,rld,14:47:48.709,36237,0.046,-0.152,0.001,0.000,0.000,activeTracking,targetAppeared
6382,5,46,rld,14:47:48.752,36238,0.095,-0.152,0.001,0.000,0.000,activeTracking,noEvent
6382,5,46,rld,14:47:48.802,36239,0.154,-0.152,0.001,0.000,0.000,activeTracking,noEvent
6382,5,46,rld,14:47:48.846,36240,0.197,-0.152,0.001,0.000,0.000,activeTracking,noEvent
6382,5,46,rld,14:47:48.882,36241,0.232,-0.152,0.001,0.000,0.000,activeTracking,noEvent
6382,5,46,rld,14:47:48.934,36242,0.270,-0.152,0.001,0.000,0.000,activeTracking,noEvent
6382,5,46,rld,14:47:48.979,36243,0.316,-0.152,0.001,0.000,0.000,activeTracking,noEvent
6382,5,46,rld,14:47:49.029,36244,0.365,-0.152,0.001,0.000,0.000,activeTracking,noEvent
6382,5,46,rld,14:47:49.073,36245,0.421,-0.152,0.001,0.000,0.000,activeTracking,noEvent
6382,5,46,rld,14:47:49.116,36246,0.464,-0.152,0.001,0.000,0.000,activeTracking,noEvent
6382,5,46,rld,14:47:49.180,36247,0.526,-0.152,0.001,0.000,0.000,activeTracking,noEvent
6382,5,46,rld,14:47:49.293,36248,0.623,-0.197,-0.021,-0.400,-0.200,activeTracking,noEvent
6382,5,46,rld,14:47:49.365,36249,0.715,-0.257,-0.051,-0.400,-0.200,activeTracking,noEvent
6382,5,46,rld,14:47:49.414,36250,0.755,-0.277,-0.061,0.000,0.000,activeTracking,noEvent
6382,5,46,rld,14:47:49.491,36251,0.832,-0.272,-0.053,0.100,0.100,activeTracking,noEvent
6382,5,46,rld,14:47:49.629,36252,0.955,-0.158,0.006,1.000,0.500,activeTracking,noEvent
6382,5,46,rld,14:47:49.741,36253,1.072,1.100,0.105,10.800,0.700,activeTracking,noEvent
6382,5,46,rld,14:47:49.801,36254,1.145,1.583,0.129,0.500,-0.100,activeTracking,noEvent
6382,5,46,rld,14:47:49.914,36255,1.250,1.815,0.114,0.600,-0.200,activeTracking,noEvent
6382,5,46,rld,14:47:49.974,36256,1.314,1.928,0.109,0.300,0.000,activeTracking,noEvent
6382,5,46,rld,14:47:50.043,36257,1.385,2.001,0.108,0.300,0.000,activeTracking,noEvent
6382,5,46,rld,14:47:50.112,36258,1.447,2.037,0.107,0.100,0.000,activeTracking,noEvent
6382,5,46,rld,14:47:50.166,36259,1.511,2.073,0.107,0.200,0.000,activeTracking,noEvent
6382,5,46,rld,14:47:50.234,36260,1.576,2.108,0.107,0.200,0.000,activeTracking,noEvent
6382,5,46,rld,14:47:50.286,36261,1.638,2.120,0.107,0.000,0.000,activeTracking,noEvent
6382,5,46,rld,14:47:50.341,36262,1.688,2.148,0.107,0.200,0.000,activeTracking,noEvent
6382,5,46,rld,14:47:50.386,36263,1.738,2.169,0.108,0.100,0.000,activeTracking,noEvent
6382,5,46,rld,14:47:50.497,36264,1.834,2.211,0.108,0.300,0.000,activeTracking,noEvent
6382,5,46,rld,14:47:50.591,36265,1.919,2.297,0.097,0.600,-0.100,activeTracking,noEvent
6382,5,46,rld,14:47:50.666,36266,2.015,2.373,0.093,0.400,0.000,onTarget,noEvent
6382,5,46,rld,14:47:50.732,36267,2.069,2.422,0.092,0.200,0.000,onTarget,noEvent
6382,5,46,rld,14:47:50.790,36268,2.135,2.451,0.092,0.100,0.000,onTarget,noEvent
6382,5,46,rld,14:47:50.849,36269,2.198,2.484,0.092,0.200,0.000,onTarget,noEvent
6382,5,46,rld,14:47:50.913,36270,2.256,2.519,0.092,0.200,0.000,onTarget,noEvent
6382,5,46,rld,14:47:50.997,36271,2.338,2.591,0.092,0.500,0.000,onTarget,noEvent
6382,5,46,rld,14:47:51.069,36272,2.411,2.652,0.093,0.300,0.000,onTarget,noEvent
6382,5,46,rld,14:47:51.116,36273,2.467,2.684,0.093,0.100,0.000,onTarget,noEvent
6382,5,46,rld,14:47:51.191,36274,2.525,2.707,0.093,0.100,0.000,onTarget,noEvent
6382,5,46,rld,14:47:51.257,36275,2.596,2.751,0.093,0.300,0.000,onTarget,noEvent
6382,5,46,rld,14:47:51.309,36276,2.645,2.765,0.093,0.000,0.000,onTarget,noEvent
6382,5,46,rld,14:47:51.368,36277,2.716,2.770,0.093,0.000,0.000,onTarget,noEvent
6382,5,46,rld,14:47:51.427,36278,2.766,2.772,0.093,0.000,0.000,onTarget,noEvent
6382,5,46,rld,14:47:51.479,36279,2.830,2.760,0.093,-0.100,0.000,onTarget,noEvent
6382,5,46,rld,14:47:51.529,36280,2.874,2.757,0.093,0.000,0.000,onTarget,noEvent
6382,5,46,rld,14:47:51.576,36281,2.923,2.755,0.093,0.000,0.000,onTarget,noEvent
6382,5,46,rld,14:47:51.620,36282,2.965,2.755,0.093,0.000,0.000,onTarget,noEvent
6382,5,46,rld,14:47:51.664,36283,3.003,2.755,0.093,0.000,0.000,onTarget,noEvent
6382,5,46,rld,14:47:51.702,36284,3.051,2.755,0.093,0.000,0.000,onTarget,noEvent
6382,5,46,rld,14:47:51.748,36285,3.086,2.755,0.093,0.000,0.000,onTarget,noEvent
6382,5,46,rld,14:47:51.798,36286,3.133,2.755,0.093,0.000,0.000,onTarget,noEvent
6382,5,46,rld,14:47:51.844,36287,3.186,2.755,0.093,0.000,0.000,onTarget,noEvent
6382,5,46,rld,14:47:51.894,36288,3.233,2.755,0.093,0.000,0.000,onTarget,noEvent
6382,5,46,rld,14:47:51.950,36289,3.290,2.755,0.093,0.000,0.000,onTarget,noEvent
6382,5,46,rld,14:47:52.009,36290,3.351,2.755,0.093,0.000,0.000,onTarget,noEvent
6382,5,46,rld,14:47:52.075,36291,3.414,2.755,0.093,0.000,0.000,onTarget,targetClick
6382,5,47,rld,14:47:57.527,36379,3.489,-0.219,-0.201,0.000,0.000,waitingForTarget,middleTargetClick
6382,5,47,rld,14:47:57.581,36380,3.557,-0.219,-0.201,0.000,0.000,waitingForTarget,noEvent
6382,5,47,rld,14:47:57.635,36381,3.611,-0.219,-0.201,0.000,0.000,waitingForTarget,noEvent
6382,5,47,rld,14:47:57.700,36382,3.677,-0.219,-0.201,0.000,0.000,waitingForTarget,noEvent
6382,5,47,rld,14:47:57.744,36383,3.711,-0.219,-0.201,0.000,0.000,waitingForTarget,noEvent
6382,5,47,rld,14:47:57.815,36384,3.781,-0.219,-0.201,0.000,0.000,waitingForTarget,noEvent
6382,5,47,rld,14:47:57.867,36385,3.831,-0.219,-0.201,0.000,0.000,waitingForTarget,noEvent
6382,5,47,rld,14:47:57.901,36386,3.878,-0.219,-0.201,0.000,0.000,waitingForTarget,noEvent
6382,5,47,rld,14:47:57.952,36387,3.927,-0.219,-0.201,0.000,0.000,waitingForTarget,noEvent
6382,5,47,rld,14:47:58.011,36388,0.052,-0.219,-0.201,0.000,0.000,activeTracking,targetAppeared
6382,5,47,rld,14:47:58.070,36389,0.113,-0.219,-0.201,0.000,0.000,activeTracking,noEvent
6382,5,47,rld,14:47:58.166,36390,0.204,-0.219,-0.201,0.000,0.000,activeTracking,failedClick
6382,5,48,rld,14:48:01.918,36441,0.264,0.203,0.238,0.000,0.000,waitingForTarget,middleTargetClick
6382,5,48,rld,14:48:01.969,36442,0.316,0.203,0.238,0.000,0.000,waitingForTarget,noEvent
6382,5,48,rld,14:48:02.030,36443,0.374,0.203,0.238,0.000,0.000,waitingForTarget,noEvent
6382,5,48,rld,14:48:02.081,36444,0.432,0.203,0.238,0.000,0.000,waitingForTarget,noEvent
6382,5,48,rld,14:48:02.127,36445,0.474,0.203,0.238,0.000,0.000,waitingForTarget,noEvent
6382,5,48,rld,14:48:02.179,36446,0.519,0.203,0.238,0.000,0.000,waitingForTarget,noEvent
6382,5,48,rld,14:48:02.222,36447,0.565,0.203,0.238,0.000,0.000,waitingForTarget,noEvent
6382,5,48,rld,14:48:02.261,36448,0.604,0.203,0.238,0.000,0.000,waitingForTarget,noEvent
6382,5,48,rld,14:48:02.309,36449,0.651,0.203,0.238,0.000,0.000,waitingForTarget,noEvent
6382,5,48,rld,14:48:02.349,36450,0.686,0.203,0.238,0.000,0.000,waitingForTarget,noEvent
6382,5,48,rld,14:48:02.394,36451,0.060,0.203,0.238,0.000,0.000,activeTracking,targetAppeared
6382,5,48,rld,14:48:02.432,36452,0.098,0.203,0.238,0.000,0.000,activeTracking,noEvent
6382,5,48,rld,14:48:02.466,36453,0.133,0.203,0.238,0.000,0.000,activeTracking,noEvent
6382,5,48,rld,14:48:02.525,36454,0.179,0.203,0.238,0.000,0.000,activeTracking,noEvent
6382,5,48,rld,14:48:02.577,36455,0.231,0.203,0.238,0.000,0.000,activeTracking,noEvent
6382,5,48,rld,14:48:02.612,36456,0.274,0.203,0.238,0.000,0.000,activeTracking,noEvent
6382,5,48,rld,14:48:02.666,36457,0.317,0.203,0.238,0.000,0.000,activeTracking,noEvent
6382,5,48,rld,14:48:02.715,36458,0.366,0.203,0.238,0.000,0.000,activeTracking,noEvent
6382,5,48,rld,14:48:02.751,36459,0.417,0.203,0.238,0.000,0.000,activeTracking,noEvent
6382,5,48,rld,14:48:02.801,36460,0.466,0.203,0.238,0.000,0.000,activeTracking,noEvent
6382,5,48,rld,14:48:02.851,36461,0.508,0.203,0.238,0.000,0.000,activeTracking,noEvent
6382,5,48,rld,14:48:02.901,36462,0.560,0.203,0.238,0.000,0.000,activeTracking,noEvent
6382,5,48,rld,14:48:02.952,36463,0.608,0.203,0.238,0.000,0.000,activeTracking,noEvent
6382,5,48,rld,14:48:02.999,36464,0.658,0.203,0.238,0.000,0.000,activeTracking,noEvent
6382,5,48,rld,14:48:03.041,36465,0.699,0.203,0.238,0.000,0.000,activeTracking,noEvent
6382,5,48,rld,14:48:03.080,36466,0.741,0.203,0.238,0.000,0.000,activeTracking,noEvent
6382,5,48,rld,14:48:03.132,36467,0.786,0.203,0.238,0.000,0.000,activeTracking,noEvent
6382,5,48,rld,14:48:03.191,36468,0.847,0.203,0.238,0.000,0.000,activeTracking,noEvent
6382,5,48,rld,14:48:03.231,36469,0.896,0.203,0.238,0.000,0.000,activeTracking,noEvent
6382,5,48,rld,14:48:03.282,36470,0.944,0.203,0.238,0.000,0.000,activeTracking,noEvent
6382,5,48,rld,14:48:03.401,36471,1.027,0.225,0.238,0.200,0.000,activeTracking,noEvent
6382,5,48,rld,14:48:03.591,36472,1.219,0.706,0.272,4.200,0.300,activeTracking,noEvent
6382,5,48,rld,14:48:03.741,36473,1.343,0.981,0.285,1.000,0.000,activeTracking,noEvent
6382,5,48,rld,14:48:03.931,36474,1.580,1.462,0.291,3.400,0.000,activeTracking,noEvent
6382,5,48,rld,14:48:04.022,36475,1.663,1.810,0.294,1.600,0.000,activeTracking,noEvent
6382,5,48,rld,14:48:04.081,36476,1.740,1.938,0.284,0.100,-0.100,activeTracking,noEvent
6382,5,48,rld,14:48:04.141,36477,1.800,1.981,0.281,0.000,0.000,activeTracking,noEvent
6382,5,48,rld,14:48:04.200,36478,1.860,1.995,0.280,0.000,0.000,activeTracking,noEvent
6382,5,48,rld,14:48:04.263,36479,1.921,2.000,0.280,0.000,0.000,activeTracking,noEvent
6382,5,48,rld,14:48:04.409,36480,2.049,2.025,0.257,0.200,-0.200,activeTracking,noEvent
6382,5,48,rld,14:48:04.542,36481,2.185,2.187,0.077,1.300,-1.500,activeTracking,noEvent
6382,5,48,rld,14:48:04.629,36482,2.283,2.288,-0.018,0.400,-0.300,activeTracking,noEvent
6382,5,48,rld,14:48:04.774,36483,2.433,2.418,-0.107,0.800,-0.500,onTarget,noEvent
6382,5,48,rld,14:48:04.862,36484,2.520,2.509,-0.137,0.400,0.000,onTarget,noEvent
6382,5,48,rld,14:48:04.917,36485,2.579,2.552,-0.147,0.100,0.000,onTarget,noEvent
6382,5,48,rld,14:48:05.045,36486,2.698,2.602,-0.151,0.300,0.000,onTarget,noEvent
6382,5,48,rld,14:48:05.082,36487,2.749,2.631,-0.152,0.100,0.000,onTarget,noEvent
6382,5,48,rld,14:48:05.179,36488,2.841,2.653,-0.117,0.100,0.300,onTarget,noEvent
6382,5,48,rld,14:48:05.272,36489,2.911,2.672,-0.082,0.100,0.200,onTarget,noEvent
6382,5,48,rld,14:48:05.361,36490,3.015,2.679,-0.047,0.000,0.200,onTarget,noEvent
6382,5,48,rld,14:48:05.429,36491,3.090,2.681,-0.001,0.000,0.300,onTarget,noEvent
6382,5,48,rld,14:48:05.490,36492,3.150,2.681,0.026,0.000,0.100,onTarget,noEvent
6382,5,48,rld,14:48:05.552,36493,3.217,2.682,0.047,0.000,0.100,onTarget,noEvent
6382,5,48,rld,14:48:05.621,36494,3.280,2.670,0.066,-0.100,0.100,onTarget,noEvent
6382,5,48,rld,14:48:05.683,36495,3.341,2.653,0.072,-0.100,0.000,onTarget,noEvent
6382,5,48,rld,14:48:05.717,36496,3.383,2.648,0.074,0.000,0.000,onTarget,noEvent
6382,5,48,rld,14:48:05.769,36497,3.433,2.646,0.075,0.000,0.000,onTarget,noEvent
6382,5,48,rld,14:48:05.850,36498,3.514,2.646,0.075,0.000,0.000,onTarget,noEvent
6382,5,48,rld,14:48:05.887,36499,3.548,2.646,0.075,0.000,0.000,onTarget,noEvent
6382,5,48,rld,14:48:05.950,36500,3.615,2.645,0.075,0.000,0.000,onTarget,noEvent
6382,5,48,rld,14:48:05.999,36501,3.662,2.645,0.075,0.000,0.000,onTarget,noEvent
6382,5,48,rld,14:48:06.051,36502,3.713,2.645,0.075,0.000,0.000,onTarget,noEvent
6382,5,48,rld,14:48:06.089,36503,3.750,2.645,0.075,0.000,0.000,onTarget,noEvent
6382,5,48,rld,14:48:06.139,36504,3.796,2.645,0.075,0.000,0.000,onTarget,noEvent
6382,5,48,rld,14:48:06.177,36505,3.837,2.645,0.075,0.000,0.000,onTarget,noEvent
6382,5,48,rld,14:48:06.216,36506,3.879,2.645,0.075,0.000,0.000,onTarget,noEvent
6382,5,48,rld,14:48:06.262,36507,3.920,2.645,0.075,0.000,0.000,onTarget,noEvent
6382,5,48,rld,14:48:06.309,36508,3.967,2.645,0.075,0.000,0.000,onTarget,noEvent
6382,5,49,rld,14:48:11.932,36600,0.052,-0.034,-0.049,0.000,0.000,activeTracking,targetAppeared
6382,5,49,rld,14:48:11.981,36601,0.095,-0.034,-0.049,0.000,0.000,activeTracking,noEvent
6382,5,49,rld,14:48:12.026,36602,0.135,-0.034,-0.049,0.000,0.000,activeTracking,noEvent
6382,5,49,rld,14:48:12.065,36603,0.187,-0.034,-0.049,0.000,0.000,activeTracking,noEvent
6382,5,49,rld,14:48:12.113,36604,0.223,-0.034,-0.049,0.000,0.000,activeTracking,noEvent
6382,5,49,rld,14:48:12.158,36605,0.269,-0.034,-0.049,0.000,0.000,activeTracking,noEvent
6382,5,49,rld,14:48:12.212,36606,0.318,-0.034,-0.049,0.000,0.000,activeTracking,noEvent
6382,5,49,rld,14:48:12.258,36607,0.372,-0.034,-0.049,0.000,0.000,activeTracking,noEvent
6382,5,49,rld,14:48:12.300,36608,0.421,-0.034,-0.049,0.000,0.000,activeTracking,noEvent
6382,5,49,rld,14:48:12.349,36609,0.462,-0.034,-0.049,0.000,0.000,activeTracking,noEvent
6382,5,49,rld,14:48:12.398,36610,0.508,-0.034,-0.049,0.000,0.000,activeTracking,noEvent
6382,5,49,rld,14:48:12.449,36611,0.564,-0.034,-0.049,0.000,0.000,activeTracking,noEvent
6382,5,49,rld,14:48:12.498,36612,0.614,-0.034,-0.049,0.000,0.000,activeTracking,noEvent
6382,5,49,rld,14:48:12.549,36613,0.664,-0.034,-0.049,0.000,0.000,activeTracking,noEvent
6382,5,49,rld,14:48:12.621,36614,0.723,-0.011,-0.049,0.200,0.000,activeTracking,noEvent
6382,5,49,rld,14:48:12.801,36615,0.913,1.024,-0.253,9.100,-1.800,activeTracking,noEvent
6382,5,49,rld,14:48:12.861,36616,0.971,1.442,-0.356,0.600,-0.300,activeTracking,noEvent
6382,5,49,rld,14:48:12.961,36617,1.058,1.814,-0.426,2.000,-0.300,activeTracking,noEvent
6382,5,49,rld,14:48:13.081,36618,1.202,2.187,-0.464,2.100,-0.100,activeTracking,noEvent
6382,5,49,rld,14:48:13.171,36619,1.290,2.360,-0.477,0.400,0.000,activeTracking,noEvent
6382,5,49,rld,14:48:13.232,36620,1.342,2.442,-0.470,0.200,0.100,activeTracking,noEvent
6382,5,49,rld,14:48:13.309,36621,1.408,2.493,-0.467,0.200,0.000,activeTracking,noEvent
6382,5,49,rld,14:48:13.366,36622,1.479,2.546,-0.455,0.300,0.100,activeTracking,noEvent
6382,5,49,rld,14:48:13.429,36623,1.545,2.588,-0.452,0.200,0.000,activeTracking,noEvent
6382,5,49,rld,14:48:13.479,36624,1.595,2.602,-0.439,0.000,0.100,activeTracking,noEvent
6382,5,49,rld,14:48:13.528,36625,1.644,2.607,-0.434,0.000,0.000,activeTracking,noEvent
6382,5,49,rld,14:48:13.609,36626,1.713,2.608,-0.421,0.000,0.100,activeTracking,noEvent
6382,5,49,rld,14:48:13.767,36627,1.875,2.441,0.374,-1.400,6.800,activeTracking,noEvent
6382,5,49,rld,14:48:13.852,36628,1.972,2.349,0.649,-0.300,0.100,activeTracking,noEvent
6382,5,49,rld,14:48:13.947,36629,2.040,2.319,0.753,0.000,0.100,activeTracking,noEvent
6382,5,49,rld,14:48:14.003,36630,2.120,2.309,0.799,0.000,0.100,activeTracking,noEvent
6382,5,49,rld,14:48:14.060,36631,2.173,2.329,0.815,0.200,0.000,activeTracking,noEvent
6382,5,49,rld,14:48:14.110,36632,2.224,2.348,0.832,0.100,0.100,activeTracking,noEvent
6382,5,49,rld,14:48:14.141,36633,2.260,2.354,0.838,0.000,0.000,activeTracking,noEvent
6382,5,49,rld,14:48:14.245,36634,2.357,2.368,0.875,0.100,0.300,activeTracking,noEvent
6382,5,49,rld,14:48:14.321,36635,2.435,2.373,0.888,0.000,0.000,activeTracking,noEvent
6382,5,49,rld,14:48:14.394,36636,2.512,2.398,0.881,0.200,-0.100,activeTracking,noEvent
6382,5,49,rld,14:48:14.521,36637,2.615,2.563,0.472,1.300,-3.500,activeTracking,noEvent
6382,5,49,rld,14:48:14.647,36638,2.735,2.666,0.185,0.400,-1.300,onTarget,noEvent
6382,5,49,rld,14:48:14.718,36639,2.832,2.701,0.030,0.000,-0.500,onTarget,noEvent
6382,5,49,rld,14:48:14.839,36640,2.949,2.676,-0.173,-0.300,-1.300,onTarget,noEvent
6382,5,49,rld,14:48:14.917,36641,3.020,2.656,-0.311,-0.100,-0.600,onTarget,noEvent
6382,5,49,rld,14:48:14.976,36642,3.091,2.649,-0.392,0.000,-0.300,activeTracking,noEvent
6382,5,49,rld,14:48:15.016,36643,3.134,2.647,-0.419,0.000,0.000,activeTracking,noEvent
6382,5,49,rld,14:48:15.077,36644,3.191,2.646,-0.428,0.000,0.000,activeTracking,noEvent
6382,5,49,rld,14:48:15.131,36645,3.245,2.646,-0.419,0.000,0.100,activeTracking,noEvent
6382,5,49,rld,14:48:15.213,36646,3.334,2.645,-0.370,0.000,0.400,activeTracking,noEvent
6382,5,49,rld,14:48:15.292,36647,3.400,2.645,-0.307,0.000,0.400,onTarget,noEvent
6382,5,49,rld,14:48:15.346,36648,3.465,2.645,-0.251,0.000,0.300,onTarget,noEvent
6382,5,49,rld,14:48:15.422,36649,3.529,2.645,-0.185,0.000,0.400,onTarget,noEvent
6382,5,49,rld,14:48:15.513,36650,3.622,2.645,-0.093,0.000,0.600,onTarget,noEvent
6382,5,49,rld,14:48:15.596,36651,3.713,2.645,-0.004,0.000,0.500,onTarget,noEvent
6382,5,49,rld,14:48:15.645,36652,3.765,2.645,0.049,0.000,0.200,onTarget,noEvent
6382,5,49,rld,14:48:15.710,36653,3.821,2.658,0.078,0.100,0.100,onTarget,noEvent
6382,5,49,rld,14:48:15.761,36654,3.872,2.662,0.088,0.000,0.000,onTarget,noEvent
6382,5,49,rld,14:48:15.839,36655,3.947,2.675,0.091,0.100,0.000,onTarget,noEvent
6382,5,50,rld,14:48:20.946,36735,0.058,-0.169,-0.184,0.000,0.000,activeTracking,targetAppeared
6382,5,50,rld,14:48:20.980,36736,0.094,-0.169,-0.184,0.000,0.000,activeTracking,noEvent
6382,5,50,rld,14:48:21.020,36737,0.131,-0.169,-0.184,0.000,0.000,activeTracking,noEvent
6382,5,50,rld,14:48:21.071,36738,0.167,-0.169,-0.184,0.000,0.000,activeTracking,noEvent
6382,5,50,rld,14:48:21.101,36739,0.215,-0.169,-0.184,0.000,0.000,activeTracking,noEvent
6382,5,50,rld,14:48:21.146,36740,0.259,-0.169,-0.184,0.000,0.000,activeTracking,noEvent
6382,5,50,rld,14:48:21.200,36741,0.305,-0.169,-0.184,0.000,0.000,activeTracking,noEvent
6382,5,50,rld,14:48:21.242,36742,0.348,-0.169,-0.184,0.000,0.000,activeTracking,noEvent
6382,5,50,rld,14:48:21.295,36743,0.395,-0.169,-0.184,0.000,0.000,activeTracking,noEvent
6382,5,50,rld,14:48:21.341,36744,0.455,-0.169,-0.184,0.000,0.000,activeTracking,noEvent
6382,5,50,rld,14:48:21.391,36745,0.488,-0.169,-0.184,0.000,0.000,activeTracking,noEvent
6382,5,50,rld,14:48:21.442,36746,0.555,-0.169,-0.184,0.000,0.000,activeTracking,noEvent
6382,5,50,rld,14:48:21.531,36747,0.593,-0.169,-0.184,0.000,0.000,activeTracking,noEvent
6382,5,50,rld,14:48:21.676,36748,0.745,-2.044,-0.175,-16.400,0.100,activeTracking,noEvent
6382,5,50,rld,14:48:21.842,36749,0.883,-3.452,-0.126,-6.100,0.400,activeTracking,noEvent
6382,5,50,rld,14:48:21.985,36750,1.078,-4.362,-0.134,-3.100,-0.200,activeTracking,noEvent
6382,5,50,rld,14:48:22.079,36751,1.190,-4.820,-0.187,-1.000,-0.400,activeTracking,noEvent
6382,5,50,rld,14:48:22.140,36752,1.241,-5.019,-0.205,-0.300,0.000,activeTracking,noEvent
6382,5,50,rld,14:48:22.190,36753,1.295,-5.086,-0.199,0.000,0.100,activeTracking,noEvent
6382,5,50,rld,14:48:22.244,36754,1.355,-5.109,-0.184,0.000,0.100,activeTracking,noEvent
6382,5,50,rld,14:48:22.308,36755,1.409,-5.102,-0.166,0.100,0.100,activeTracking,noEvent
6382,5,50,rld,14:48:22.401,36756,1.497,-5.042,-0.109,0.400,0.400,activeTracking,noEvent
6382,5,50,rld,14:48:22.548,36757,1.630,-3.002,0.510,15.300,5.100,activeTracking,noEvent
6382,5,50,rld,14:48:22.614,36758,1.714,-2.259,0.748,1.000,0.400,activeTracking,noEvent
6382,5,50,rld,14:48:22.765,36759,1.876,-1.656,0.971,3.100,1.300,activeTracking,noEvent
6382,5,50,rld,14:48:22.857,36760,1.967,-1.400,1.055,0.500,0.100,activeTracking,noEvent
6382,5,50,rld,14:48:22.905,36761,2.015,-1.304,1.083,0.100,0.000,activeTracking,noEvent
6382,5,50,rld,14:48:22.951,36762,2.061,-1.272,1.093,0.000,0.000,activeTracking,noEvent
6382,5,50,rld,14:48:23.026,36763,2.126,-1.261,1.084,0.000,-0.100,activeTracking,noEvent
6382,5,50,rld,14:48:23.115,36764,2.227,-1.303,1.059,-0.400,-0.200,activeTracking,noEvent
6382,5,50,rld,14:48:23.196,36765,2.297,-1.375,1.006,-0.500,-0.400,activeTracking,noEvent
6382,5,50,rld,14:48:23.374,36766,2.447,-1.491,0.874,-0.800,-1.000,activeTracking,noEvent
6382,5,50,rld,14:48:23.445,36767,2.555,-1.587,0.762,-0.500,-0.600,activeTracking,noEvent
6382,5,50,rld,14:48:23.564,36768,2.650,-1.654,0.634,-0.300,-0.800,activeTracking,noEvent
6382,5,50,rld,14:48:23.630,36769,2.734,-1.700,0.522,-0.200,-0.600,activeTracking,noEvent
6382,5,50,rld,14:48:23.751,36770,2.840,-1.761,0.382,-0.400,-0.900,activeTracking,noEvent
6382,5,50,rld,14:48:23.850,36771,2.945,-1.805,0.278,-0.200,-0.500,activeTracking,noEvent
6382,5,50,rld,14:48:23.914,36772,3.022,-1.843,0.210,-0.200,-0.300,activeTracking,noEvent
6382,5,50,rld,14:48:24.012,36773,3.106,-1.879,0.129,-0.200,-0.500,activeTracking,noEvent
6382,5,50,rld,14:48:24.107,36774,3.202,-1.961,0.057,-0.600,-0.400,activeTracking,noEvent
6382,5,50,rld,14:48:24.178,36775,3.282,-2.036,0.010,-0.400,-0.200,activeTracking,noEvent
6382,5,50,rld,14:48:24.281,36776,3.373,-2.108,0.006,-0.400,0.100,activeTracking,noEvent
6382,5,50,rld,14:48:24.379,36777,3.467,-2.167,0.028,-0.300,0.200,activeTracking,noEvent
6382,5,50,rld,14:48:24.450,36778,3.558,-2.199,0.093,-0.100,0.500,activeTracking,noEvent
6382,5,50,rld,14:48:24.534,36779,3.642,-2.209,0.160,0.000,0.400,activeTracking,noEvent
6382,5,50,rld,14:48:24.612,36780,3.725,-2.213,0.206,0.000,0.200,activeTracking,noEvent
6382,5,50,rld,14:48:24.694,36781,3.794,-2.214,0.256,0.000,0.300,activeTracking,noEvent
6382,5,50,rld,14:48:24.759,36782,3.862,-2.215,0.284,0.000,0.100,activeTracking,noEvent
6382,5,50,rld,14:48:24.832,36783,3.940,-2.238,0.294,-0.200,0.000,activeTracking,noEvent
6382,5,51,rld,14:48:29.699,36853,0.049,-0.084,0.136,0.000,0.000,activeTracking,targetAppeared
6382,5,51,rld,14:48:29.745,36854,0.099,-0.084,0.136,0.000,0.000,activeTracking,noEvent
6382,5,51,rld,14:48:29.799,36855,0.139,-0.084,0.136,0.000,0.000,activeTracking,noEvent
6382,5,51,rld,14:48:29.841,36856,0.192,-0.084,0.136,0.000,0.000,activeTracking,noEvent
6382,5,51,rld,14:48:29.890,36857,0.238,-0.084,0.136,0.000,0.000,activeTracking,noEvent
6382,5,51,rld,14:48:29.925,36858,0.281,-0.084,0.136,0.000,0.000,activeTracking,noEvent
6382,5,51,rld,14:48:29.974,36859,0.318,-0.084,0.136,0.000,0.000,activeTracking,noEvent
6382,5,51,rld,14:48:30.016,36860,0.357,-0.084,0.136,0.000,0.000,activeTracking,noEvent
6382,5,51,rld,14:48:30.060,36861,0.409,-0.084,0.136,0.000,0.000,activeTracking,noEvent
6382,5,51,rld,14:48:30.108,36862,0.458,-0.084,0.136,0.000,0.000,activeTracking,noEvent
6382,5,51,rld,14:48:30.141,36863,0.489,-0.084,0.136,0.000,0.000,activeTracking,noEvent
6382,5,51,rld,14:48:30.198,36864,0.540,-0.084,0.136,0.000,0.000,activeTracking,noEvent
6382,5,51,rld,14:48:30.243,36865,0.599,-0.084,0.136,0.000,0.000,activeTracking,noEvent
6382,5,51,rld,14:48:30.289,36866,0.633,-0.084,0.136,0.000,0.000,activeTracking,noEvent
6382,5,51,rld,14:48:30.349,36867,0.685,-0.084,0.136,0.000,0.000,activeTracking,noEvent
6382,5,51,rld,14:48:30.538,36868,0.821,0.219,0.136,2.700,0.000,activeTracking,noEvent
6382,5,51,rld,14:48:30.577,36869,0.925,1.921,0.164,14.000,0.200,activeTracking,noEvent
6382,5,51,rld,14:48:30.642,36870,0.988,2.521,0.175,0.100,0.000,onTarget,noEvent
6382,5,51,rld,14:48:30.710,36871,1.053,2.737,0.191,0.100,0.100,onTarget,noEvent
6382,5,51,rld,14:48:30.850,36872,1.179,3.043,0.234,1.900,0.300,activeTracking,noEvent
6382,5,51,rld,14:48:30.959,36873,1.279,3.435,0.311,2.300,0.500,activeTracking,noEvent
6382,5,51,rld,14:48:30.999,36874,1.349,3.593,0.350,0.200,0.100,activeTracking,noEvent
6382,5,51,rld,14:48:31.059,36875,1.406,3.634,0.363,-0.100,0.000,activeTracking,noEvent
6382,5,51,rld,14:48:31.125,36876,1.478,3.596,0.366,-0.400,0.000,activeTracking,noEvent
6382,5,51,rld,14:48:31.224,36877,1.571,3.494,0.354,-0.700,-0.100,activeTracking,noEvent
6382,5,51,rld,14:48:31.300,36878,1.648,3.397,0.325,-0.500,-0.200,activeTracking,noEvent
6382,5,51,rld,14:48:31.376,36879,1.725,3.302,0.279,-0.500,-0.300,activeTracking,noEvent
6382,5,51,rld,14:48:31.445,36880,1.796,3.220,0.240,-0.400,-0.200,activeTracking,noEvent
6382,5,51,rld,14:48:31.517,36881,1.865,3.180,0.214,-0.100,-0.100,activeTracking,noEvent
6382,5,51,rld,14:48:31.570,36882,1.923,3.167,0.206,0.000,0.000,activeTracking,noEvent
6382,5,51,rld,14:48:31.623,36883,1.967,3.163,0.203,0.000,0.000,activeTracking,noEvent
6382,5,51,rld,14:48:31.677,36884,2.019,3.161,0.202,0.000,0.000,activeTracking,noEvent
6382,5,51,rld,14:48:31.722,36885,2.075,3.161,0.202,0.000,0.000,activeTracking,noEvent
6382,5,51,rld,14:48:31.805,36886,2.158,3.173,0.190,0.100,-0.100,activeTracking,noEvent
6382,5,51,rld,14:48:31.849,36887,2.205,3.177,0.186,0.000,0.000,activeTracking,noEvent
6382,5,51,rld,14:48:31.899,36888,2.248,3.179,0.185,0.000,0.000,activeTracking,noEvent
6382,5,51,rld,14:48:31.991,36889,2.311,3.179,0.173,0.000,-0.100,activeTracking,noEvent
6382,5,51,rld,14:48:32.098,36890,2.435,3.167,0.121,-0.100,-0.400,activeTracking,noEvent
6382,5,51,rld,14:48:32.157,36891,2.502,3.125,0.080,-0.300,-0.200,activeTracking,noEvent
6382,5,51,rld,14:48:32.240,36892,2.585,3.074,0.043,-0.300,-0.200,activeTracking,noEvent
6382,5,51,rld,14:48:32.342,36893,2.664,2.996,-0.005,-0.500,-0.300,onTarget,noEvent
6382,5,51,rld,14:48:32.410,36894,2.752,2.884,-0.057,-0.700,-0.300,onTarget,noEvent
6382,5,51,rld,14:48:32.489,36895,2.835,2.785,-0.074,-0.500,0.000,onTarget,noEvent
6382,5,51,rld,14:48:32.542,36896,2.893,2.728,-0.080,-0.200,0.000,onTarget,noEvent
6382,5,51,rld,14:48:32.597,36897,2.950,2.709,-0.070,0.000,0.100,onTarget,noEvent
6382,5,51,rld,14:48:32.647,36898,2.999,2.703,-0.067,0.000,0.000,onTarget,noEvent
6382,5,51,rld,14:48:32.694,36899,3.042,2.689,-0.042,-0.100,0.200,onTarget,noEvent
6382,5,51,rld,14:48:32.731,36900,3.083,2.684,-0.034,0.000,0.000,onTarget,noEvent
6382,5,51,rld,14:48:32.807,36901,3.162,2.683,-0.020,0.000,0.100,onTarget,noEvent
6382,5,51,rld,14:48:32.922,36902,3.200,2.682,-0.015,0.000,0.000,onTarget,noEvent
6382,5,51,rld,14:48:32.964,36903,3.318,2.682,-0.013,0.000,0.000,onTarget,noEvent
6382,5,51,rld,14:48:33.142,36904,3.492,2.682,-0.013,0.000,0.000,onTarget,targetClick
6382,5,52,rld,14:48:36.474,36955,3.579,-0.270,-0.016,0.000,0.000,waitingForTarget,middleTargetClick
6382,5,52,rld,14:48:36.516,36956,3.627,-0.270,-0.016,0.000,0.000,waitingForTarget,noEvent
6382,5,52,rld,14:48:36.579,36957,3.682,-0.270,-0.016,0.000,0.000,waitingForTarget,noEvent
6382,5,52,rld,14:48:36.628,36958,3.742,-0.270,-0.016,0.000,0.000,waitingForTarget,noEvent
6382,5,52,rld,14:48:36.677,36959,3.791,-0.270,-0.016,0.000,0.000,waitingForTarget,noEvent
6382,5,52,rld,14:48:36.712,36960,3.826,-0.270,-0.016,0.000,0.000,waitingForTarget,noEvent
6382,5,52,rld,14:48:36.764,36961,3.878,-0.270,-0.016,0.000,0.000,waitingForTarget,noEvent
6382,5,52,rld,14:48:36.823,36962,3.928,-0.270,-0.016,0.000,0.000,waitingForTarget,noEvent
6382,5,52,rld,14:48:36.857,36963,3.965,-0.270,-0.016,0.000,0.000,waitingForTarget,noEvent
6382,5,52,rld,14:48:36.947,36965,0.051,-0.270,-0.016,0.000,0.000,activeTracking,targetAppeared
6382,5,52,rld,14:48:36.993,36966,0.094,-0.270,-0.016,0.000,0.000,activeTracking,noEvent
6382,5,52,rld,14:48:37.042,36967,0.143,-0.270,-0.016,0.000,0.000,activeTracking,noEvent
6382,5,52,rld,14:48:37.092,36968,0.202,-0.270,-0.016,0.000,0.000,activeTracking,noEvent
6382,5,52,rld,14:48:37.129,36969,0.234,-0.270,-0.016,0.000,0.000,activeTracking,noEvent
6382,5,52,rld,14:48:37.178,36970,0.283,-0.270,-0.016,0.000,0.000,activeTracking,noEvent
6382,5,52,rld,14:48:37.225,36971,0.322,-0.270,-0.016,0.000,0.000,activeTracking,noEvent
6382,5,52,rld,14:48:37.266,36972,0.368,-0.270,-0.016,0.000,0.000,activeTracking,noEvent
6382,5,52,rld,14:48:37.311,36973,0.410,-0.270,-0.016,0.000,0.000,activeTracking,noEvent
6382,5,52,rld,14:48:37.349,36974,0.455,-0.270,-0.016,0.000,0.000,activeTracking,noEvent
6382,5,52,rld,14:48:37.407,36975,0.515,-0.270,-0.016,0.000,0.000,activeTracking,noEvent
6382,5,52,rld,14:48:37.517,36976,0.611,-0.180,-0.016,0.800,0.000,activeTracking,noEvent
6382,5,52,rld,14:48:37.730,36977,0.779,0.899,0.007,9.300,0.200,activeTracking,noEvent
6382,5,52,rld,14:48:37.859,36978,0.934,1.665,0.039,3.500,0.200,activeTracking,noEvent
6382,5,52,rld,14:48:38.000,36979,1.084,2.385,0.144,3.900,0.800,onTarget,noEvent
6382,5,52,rld,14:48:38.065,36980,1.173,2.679,0.192,0.400,0.100,onTarget,noEvent
6382,5,52,rld,14:48:38.097,36981,1.201,2.790,0.209,0.100,0.000,onTarget,noEvent
6382,5,52,rld,14:48:38.182,36982,1.281,2.852,0.238,0.200,0.200,onTarget,noEvent
6382,5,52,rld,14:48:38.277,36983,1.368,2.872,0.247,0.000,0.000,onTarget,noEvent
6382,5,52,rld,14:48:38.326,36984,1.434,2.867,0.251,-0.100,0.000,onTarget,noEvent
6382,5,52,rld,14:48:38.389,36985,1.492,2.878,0.252,0.100,0.000,onTarget,noEvent
6382,5,52,rld,14:48:38.430,36986,1.537,2.881,0.252,0.000,0.000,onTarget,noEvent
6382,5,52,rld,14:48:38.475,36987,1.584,2.882,0.252,0.000,0.000,onTarget,noEvent
6382,5,52,rld,14:48:38.542,36988,1.642,2.870,0.252,-0.100,0.000,onTarget,noEvent
6382,5,52,rld,14:48:38.616,36989,1.694,2.842,0.252,-0.200,0.000,onTarget,noEvent
6382,5,52,rld,14:48:38.678,36990,1.783,2.796,0.228,-0.300,-0.200,onTarget,noEvent
6382,5,52,rld,14:48:38.759,36991,1.859,2.756,0.173,-0.200,-0.400,onTarget,noEvent
6382,5,52,rld,14:48:38.841,36992,1.944,2.731,0.108,-0.100,-0.400,onTarget,noEvent
6382,5,52,rld,14:48:38.898,36993,2.005,2.710,0.074,-0.100,-0.100,onTarget,noEvent
6382,5,52,rld,14:48:38.969,36994,2.073,2.691,0.040,-0.100,-0.200,onTarget,noEvent
6382,5,52,rld,14:48:39.050,36995,2.158,2.661,-0.007,-0.200,-0.300,onTarget,noEvent
6382,5,52,rld,14:48:39.121,36996,2.222,2.651,-0.046,0.000,-0.200,onTarget,noEvent
6382,5,52,rld,14:48:39.173,36997,2.272,2.647,-0.059,0.000,0.000,onTarget,noEvent
6382,5,52,rld,14:48:39.229,36998,2.323,2.646,-0.063,0.000,0.000,onTarget,noEvent
6382,5,52,rld,14:48:39.279,36999,2.386,2.658,-0.041,0.100,0.200,onTarget,noEvent
6382,5,52,rld,14:48:39.332,37000,2.435,2.662,-0.034,0.000,0.000,onTarget,noEvent
6382,5,52,rld,14:48:39.392,37001,2.487,2.663,-0.031,0.000,0.000,onTarget,noEvent
6382,5,52,rld,14:48:39.453,37002,2.557,2.663,-0.030,0.000,0.000,onTarget,targetClick
6382,5,53,rld,14:48:44.100,37072,2.635,-0.253,0.052,0.000,0.000,waitingForTarget,middleTargetClick
6382,5,53,rld,14:48:44.162,37073,2.708,-0.253,0.052,0.000,0.000,waitingForTarget,noEvent
6382,5,53,rld,14:48:44.208,37074,2.749,-0.253,0.052,0.000,0.000,waitingForTarget,noEvent
6382,5,53,rld,14:48:44.262,37075,2.795,-0.253,0.052,0.000,0.000,waitingForTarget,noEvent
6382,5,53,rld,14:48:44.342,37076,2.877,-0.253,0.052,0.000,0.000,waitingForTarget,noEvent
6382,5,53,rld,14:48:44.391,37077,2.927,-0.253,0.052,0.000,0.000,waitingForTarget,noEvent
6382,5,53,rld,14:48:44.431,37078,2.976,-0.253,0.052,0.000,0.000,waitingForTarget,noEvent
6382,5,53,rld,14:48:44.510,37079,3.042,-0.253,0.052,0.000,0.000,waitingForTarget,noEvent
6382,5,53,rld,14:48:44.579,37080,0.084,-0.253,0.052,0.000,0.000,activeTracking,targetAppeared
6382,5,53,rld,14:48:44.623,37081,0.128,-0.253,0.052,0.000,0.000,activeTracking,noEvent
6382,5,53,rld,14:48:44.649,37082,0.154,-0.253,0.052,0.000,0.000,activeTracking,noEvent
6382,5,53,rld,14:48:44.691,37083,0.191,-0.253,0.052,0.000,0.000,activeTracking,noEvent
6382,5,53,rld,14:48:44.740,37084,0.239,-0.253,0.052,0.000,0.000,activeTracking,noEvent
6382,5,53,rld,14:48:44.798,37085,0.300,-0.253,0.052,0.000,0.000,activeTracking,noEvent
6382,5,53,rld,14:48:44.848,37086,0.348,-0.253,0.052,0.000,0.000,activeTracking,noEvent
6382,5,53,rld,14:48:44.905,37087,0.403,-0.253,0.052,0.000,0.000,activeTracking,noEvent
6382,5,53,rld,14:48:44.950,37088,0.446,-0.253,0.052,0.000,0.000,activeTracking,noEvent
6382,5,53,rld,14:48:44.995,37089,0.500,-0.253,0.052,0.000,0.000,activeTracking,noEvent
6382,5,53,rld,14:48:45.058,37090,0.554,-0.253,0.052,0.000,0.000,activeTracking,noEvent
6382,5,53,rld,14:48:45.100,37091,0.602,-0.253,0.052,0.000,0.000,activeTracking,noEvent
6382,5,53,rld,14:48:45.141,37092,0.640,-0.253,0.052,0.000,0.000,activeTracking,noEvent
6382,5,53,rld,14:48:45.197,37093,0.702,-0.253,0.052,0.000,0.000,activeTracking,noEvent
6382,5,53,rld,14:48:45.232,37094,0.735,-0.253,0.052,0.000,0.000,activeTracking,noEvent
6382,5,53,rld,14:48:45.292,37095,0.788,-0.253,0.052,0.000,0.000,activeTracking,noEvent
6382,5,53,rld,14:48:45.342,37096,0.839,-0.253,0.052,0.000,0.000,activeTracking,noEvent
6382,5,53,rld,14:48:45.407,37097,0.906,-0.253,0.052,0.000,0.000,activeTracking,noEvent
6382,5,53,rld,14:48:45.531,37098,1.006,-0.671,0.030,-3.700,-0.200,activeTracking,noEvent
6382,5,53,rld,14:48:45.759,37099,1.140,-1.426,0.171,-5.400,1.300,activeTracking,noEvent
6382,5,53,rld,14:48:45.930,37100,1.402,-2.651,0.355,-8.200,1.100,activeTracking,noEvent
6382,5,53,rld,14:48:46.113,37101,1.616,-4.341,0.480,-9.800,0.300,activeTracking,noEvent
6382,5,53,rld,14:48:46.171,37102,1.669,-4.996,0.568,-0.300,0.300,activeTracking,noEvent
6382,5,53,rld,14:48:46.247,37103,1.739,-5.238,0.625,-0.100,0.200,activeTracking,noEvent
6382,5,53,rld,14:48:46.281,37104,1.780,-5.319,0.644,0.000,0.000,activeTracking,noEvent
6382,5,53,rld,14:48:46.321,37105,1.823,-5.346,0.650,0.000,0.000,activeTracking,noEvent
6382,5,53,rld,14:48:46.354,37106,1.856,-5.356,0.653,0.000,0.000,activeTracking,noEvent
6382,5,53,rld,14:48:46.408,37107,1.905,-5.359,0.653,0.000,0.000,activeTracking,noEvent
6382,5,53,rld,14:48:46.450,37108,1.946,-5.360,0.654,0.000,0.000,activeTracking,noEvent
6382,5,53,rld,14:48:46.477,37109,1.982,-5.360,0.654,0.000,0.000,activeTracking,noEvent
6382,5,53,rld,14:48:46.532,37110,2.029,-5.360,0.654,0.000,0.000,activeTracking,noEvent
6382,5,53,rld,14:48:46.588,37111,2.079,-5.360,0.654,0.000,0.000,activeTracking,noEvent
6382,5,53,rld,14:48:46.621,37112,2.124,-5.360,0.654,0.000,0.000,activeTracking,noEvent
6382,5,53,rld,14:48:46.676,37113,2.174,-5.360,0.654,0.000,0.000,activeTracking,noEvent
6382,5,53,rld,14:48:46.742,37114,2.236,-5.360,0.654,0.000,0.000,activeTracking,noEvent
6382,5,53,rld,14:48:46.783,37115,2.286,-5.360,0.654,0.000,0.000,activeTracking,noEvent
6382,5,53,rld,14:48:46.916,37116,2.390,-5.360,0.654,0.000,0.000,activeTracking,noEvent
6382,5,53,rld,14:48:47.017,37117,2.519,-3.712,0.014,12.000,-4.900,activeTracking,noEvent
6382,5,53,rld,14:48:47.106,37118,2.585,-3.154,-0.216,0.400,-0.300,activeTracking,noEvent
6382,5,53,rld,14:48:47.259,37119,2.698,-2.813,-0.361,1.300,-0.600,activeTracking,noEvent
6382,5,53,rld,14:48:47.344,37120,2.831,-2.496,-0.419,1.700,-0.100,activeTracking,noEvent
6382,5,53,rld,14:48:47.416,37121,2.897,-2.344,-0.438,0.400,0.000,activeTracking,noEvent
6382,5,53,rld,14:48:47.487,37122,2.980,-2.270,-0.444,0.200,0.000,activeTracking,noEvent
6382,5,53,rld,14:48:47.630,37123,3.121,-2.328,-0.342,-0.700,0.900,activeTracking,noEvent
6382,5,53,rld,14:48:47.758,37124,3.229,-2.431,-0.100,-0.700,1.800,onTarget,noEvent
6382,5,53,rld,14:48:47.920,37125,3.397,-2.767,0.451,-2.500,4.000,activeTracking,noEvent
6382,5,53,rld,14:48:47.969,37126,3.469,-2.918,0.650,-0.300,0.100,activeTracking,noEvent
6382,5,53,rld,14:48:48.016,37127,3.517,-2.968,0.717,0.000,0.000,activeTracking,noEvent
6382,5,53,rld,14:48:48.110,37128,3.605,-2.985,0.739,0.000,0.000,activeTracking,noEvent
6382,5,53,rld,14:48:48.180,37129,3.671,-2.966,0.746,0.200,0.000,activeTracking,noEvent
6382,5,53,rld,14:48:48.282,37130,3.766,-2.935,0.747,0.200,0.000,activeTracking,noEvent
6382,5,53,rld,14:48:48.362,37131,3.853,-2.900,0.747,0.200,0.000,activeTracking,noEvent
6382,5,53,rld,14:48:48.479,37132,3.965,-2.852,0.699,0.300,-0.400,activeTracking,noEvent
6382,5,54,rld,14:48:54.121,37219,0.055,-0.101,0.069,0.000,0.000,activeTracking,targetAppeared
6382,5,54,rld,14:48:54.183,37220,0.109,-0.101,0.069,0.000,0.000,activeTracking,noEvent
6382,5,54,rld,14:48:54.226,37221,0.161,-0.101,0.069,0.000,0.000,activeTracking,noEvent
6382,5,54,rld,14:48:54.272,37222,0.197,-0.101,0.069,0.000,0.000,activeTracking,noEvent
6382,5,54,rld,14:48:54.331,37223,0.261,-0.101,0.069,0.000,0.000,activeTracking,noEvent
6382,5,54,rld,14:48:54.381,37224,0.302,-0.101,0.069,0.000,0.000,activeTracking,noEvent
6382,5,54,rld,14:48:54.431,37225,0.357,-0.101,0.069,0.000,0.000,activeTracking,noEvent
6382,5,54,rld,14:48:54.478,37226,0.403,-0.101,0.069,0.000,0.000,activeTracking,noEvent
6382,5,54,rld,14:48:54.523,37227,0.457,-0.101,0.069,0.000,0.000,activeTracking,noEvent
6382,5,54,rld,14:48:54.562,37228,0.485,-0.101,0.069,0.000,0.000,activeTracking,noEvent
6382,5,54,rld,14:48:54.603,37229,0.532,-0.101,0.069,0.000,0.000,activeTracking,noEvent
6382,5,54,rld,14:48:54.641,37230,0.568,-0.101,0.069,0.000,0.000,activeTracking,noEvent
6382,5,54,rld,14:48:54.695,37231,0.613,-0.101,0.069,0.000,0.000,activeTracking,noEvent
6382,5,54,rld,14:48:54.757,37232,0.678,-0.101,0.069,0.000,0.000,activeTracking,noEvent
6382,5,54,rld,14:48:54.821,37233,0.752,-0.101,0.069,0.000,0.000,activeTracking,noEvent
6382,5,54,rld,14:48:54.913,37234,0.830,-0.236,0.069,-1.200,0.000,activeTracking,noEvent
6382,5,54,rld,14:48:55.020,37235,0.915,-1.279,0.059,-8.800,-0.100,activeTracking,noEvent
6382,5,54,rld,14:48:55.121,37236,1.028,-1.958,0.045,-2.800,-0.100,activeTracking,noEvent
6382,5,54,rld,14:48:55.199,37237,1.118,-2.259,0.018,-0.600,-0.200,activeTracking,noEvent
6382,5,54,rld,14:48:55.274,37238,1.188,-2.408,-0.014,-0.400,-0.200,onTarget,noEvent
6382,5,54,rld,14:48:55.359,37239,1.283,-2.506,-0.025,-0.400,0.000,onTarget,noEvent
6382,5,54,rld,14:48:55.441,37240,1.374,-2.587,-0.040,-0.400,-0.100,onTarget,noEvent
6382,5,54,rld,14:48:55.532,37241,1.465,-2.686,-0.068,-0.600,-0.200,onTarget,noEvent
6382,5,54,rld,14:48:55.579,37242,1.513,-2.732,-0.078,-0.100,0.000,onTarget,noEvent
6382,5,54,rld,14:48:55.623,37243,1.557,-2.747,-0.081,0.000,0.000,onTarget,noEvent
6382,5,54,rld,14:48:55.678,37244,1.612,-2.752,-0.082,0.000,0.000,onTarget,noEvent
6382,5,54,rld,14:48:55.740,37245,1.667,-2.742,-0.082,0.100,0.000,onTarget,noEvent
6382,5,54,rld,14:48:55.834,37246,1.764,-2.714,-0.059,0.200,0.200,onTarget,noEvent
6382,5,54,rld,14:48:55.869,37247,1.802,-2.705,-0.051,0.000,0.000,onTarget,noEvent
6382,5,54,rld,14:48:55.907,37248,1.841,-2.701,-0.049,0.000,0.000,onTarget,noEvent
6382,5,54,rld,14:48:55.974,37249,1.900,-2.700,-0.048,0.000,0.000,onTarget,noEvent
6382,5,54,rld,14:48:56.031,37250,1.957,-2.700,-0.048,0.000,0.000,onTarget,noEvent
6382,5,54,rld,14:48:56.095,37251,2.018,-2.700,-0.036,0.000,0.100,onTarget,noEvent
6382,5,54,rld,14:48:56.154,37252,2.082,-2.700,-0.032,0.000,0.000,onTarget,noEvent
6382,5,54,rld,14:48:56.214,37253,2.138,-2.700,-0.019,0.000,0.100,onTarget,noEvent
6382,5,54,rld,14:48:56.253,37254,2.184,-2.700,-0.015,0.000,0.000,onTarget,noEvent
6382,5,54,rld,14:48:56.323,37255,2.236,-2.700,-0.013,0.000,0.000,onTarget,noEvent
6382,5,54,rld,14:48:56.380,37256,2.311,-2.700,-0.013,0.000,0.000,onTarget,targetClick
6382,5,55,rld,14:48:59.489,37297,2.399,0.203,0.001,0.000,0.000,waitingForTarget,middleTargetClick
6382,5,55,rld,14:48:59.532,37298,2.459,0.203,0.001,0.000,0.000,waitingForTarget,noEvent
6382,5,55,rld,14:48:59.589,37299,2.509,0.203,0.001,0.000,0.000,waitingForTarget,noEvent
6382,5,55,rld,14:48:59.643,37300,2.560,0.203,0.001,0.000,0.000,waitingForTarget,noEvent
6382,5,55,rld,14:48:59.687,37301,2.600,0.203,0.001,0.000,0.000,waitingForTarget,noEvent
6382,5,55,rld,14:48:59.721,37302,2.641,0.203,0.001,0.000,0.000,waitingForTarget,noEvent
6382,5,55,rld,14:48:59.760,37303,2.688,0.203,0.001,0.000,0.000,waitingForTarget,noEvent
6382,5,55,rld,14:48:59.799,37304,2.726,0.203,0.001,0.000,0.000,waitingForTarget,noEvent
6382,5,55,rld,14:48:59.883,37305,2.798,0.203,0.001,0.000,0.000,waitingForTarget,noEvent
6382,5,55,rld,14:48:59.930,37306,2.856,0.203,0.001,0.000,0.000,waitingForTarget,noEvent
6382,5,55,rld,14:48:59.969,37307,0.035,0.203,0.001,0.000,0.000,activeTracking,targetAppeared
6382,5,55,rld,14:49:00.021,37308,0.080,0.203,0.001,0.000,0.000,activeTracking,noEvent
6382,5,55,rld,14:49:00.059,37309,0.116,0.203,0.001,0.000,0.000,activeTracking,noEvent
6382,5,55,rld,14:49:00.107,37310,0.172,0.203,0.001,0.000,0.000,activeTracking,noEvent
6382,5,55,rld,14:49:00.147,37311,0.210,0.203,0.001,0.000,0.000,activeTracking,noEvent
6382,5,55,rld,14:49:00.194,37312,0.261,0.203,0.001,0.000,0.000,activeTracking,noEvent
6382,5,55,rld,14:49:00.231,37313,0.299,0.203,0.001,0.000,0.000,activeTracking,noEvent
6382,5,55,rld,14:49:00.291,37314,0.351,0.203,0.001,0.000,0.000,activeTracking,noEvent
6382,5,55,rld,14:49:00.340,37315,0.398,0.203,0.001,0.000,0.000,activeTracking,noEvent
6382,5,55,rld,14:49:00.392,37316,0.450,0.203,0.001,0.000,0.000,activeTracking,noEvent
6382,5,55,rld,14:49:00.532,37317,0.585,-0.789,-0.156,-8.800,-1.400,activeTracking,noEvent
6382,5,55,rld,14:49:00.730,37318,0.732,-1.872,-0.452,-6.500,-2.100,activeTracking,noEvent
6382,5,55,rld,14:49:00.966,37319,1.025,-2.929,-0.750,-5.700,-1.600,activeTracking,noEvent
6382,5,55,rld,14:49:01.039,37320,1.093,-3.472,-0.883,-1.400,-0.200,activeTracking,noEvent
6382,5,55,rld,14:49:01.105,37321,1.161,-3.683,-0.930,-0.200,0.000,activeTracking,noEvent
6382,5,55,rld,14:49:01.160,37322,1.221,-3.780,-0.935,-0.200,0.100,activeTracking,noEvent
6382,5,55,rld,14:49:01.260,37323,1.303,-3.812,-0.851,0.000,0.700,activeTracking,noEvent
6382,5,55,rld,14:49:01.376,37324,1.434,-3.745,-0.676,0.600,1.200,activeTracking,noEvent
6382,5,55,rld,14:49:01.439,37325,1.497,-3.633,-0.544,0.700,0.600,activeTracking,noEvent
6382,5,55,rld,14:49:01.520,37326,1.581,-3.532,-0.463,0.500,0.300,activeTracking,noEvent
6382,5,55,rld,14:49:01.701,37327,1.764,-3.409,-0.400,0.700,0.300,activeTracking,noEvent
6382,5,55,rld,14:49:01.780,37328,1.849,-3.256,-0.330,0.900,0.400,activeTracking,noEvent
6382,5,55,rld,14:49:01.849,37329,1.916,-3.180,-0.283,0.200,0.200,activeTracking,noEvent
6382,5,55,rld,14:49:01.912,37330,1.972,-3.142,-0.267,0.100,0.000,activeTracking,noEvent
6382,5,55,rld,14:49:01.947,37331,2.015,-3.130,-0.262,0.000,0.000,activeTracking,noEvent
6382,5,55,rld,14:49:02.005,37332,2.069,-3.125,-0.261,0.000,0.000,activeTracking,noEvent
6382,5,55,rld,14:49:02.052,37333,2.119,-3.124,-0.260,0.000,0.000,activeTracking,noEvent
6382,5,55,rld,14:49:02.159,37334,2.205,-3.049,-0.248,0.600,0.100,activeTracking,noEvent
6382,5,55,rld,14:49:02.224,37335,2.293,-2.987,-0.220,0.300,0.200,activeTracking,noEvent
6382,5,55,rld,14:49:02.273,37336,2.342,-2.954,-0.199,0.100,0.100,onTarget,noEvent
6382,5,55,rld,14:49:02.330,37337,2.397,-2.931,-0.180,0.100,0.100,onTarget,noEvent
6382,5,55,rld,14:49:02.398,37338,2.467,-2.911,-0.150,0.100,0.200,onTarget,noEvent
6382,5,55,rld,14:49:02.463,37339,2.517,-2.892,-0.140,0.100,0.000,onTarget,noEvent
6382,5,55,rld,14:49:02.527,37340,2.587,-2.874,-0.125,0.100,0.100,onTarget,noEvent
6382,5,55,rld,14:49:02.606,37341,2.666,-2.843,-0.097,0.200,0.200,onTarget,noEvent
6382,5,55,rld,14:49:02.689,37342,2.745,-2.772,-0.040,0.500,0.400,onTarget,noEvent
6382,5,55,rld,14:49:02.757,37343,2.827,-2.700,0.013,0.400,0.300,onTarget,noEvent
6382,5,55,rld,14:49:02.860,37344,2.915,-2.663,0.054,0.100,0.200,onTarget,noEvent
6382,5,55,rld,14:49:02.924,37345,2.983,-2.639,0.080,0.100,0.100,onTarget,noEvent
6382,5,55,rld,14:49:02.990,37346,3.049,-2.631,0.100,0.000,0.100,onTarget,noEvent
6382,5,55,rld,14:49:03.041,37347,3.111,-2.629,0.107,0.000,0.000,onTarget,noEvent
6382,5,55,rld,14:49:03.080,37348,3.145,-2.628,0.109,0.000,0.000,onTarget,noEvent
6382,5,55,rld,14:49:03.130,37349,3.196,-2.627,0.110,0.000,0.000,onTarget,noEvent
6382,5,55,rld,14:49:03.206,37350,3.267,-2.627,0.110,0.000,0.000,onTarget,noEvent
6382,5,55,rld,14:49:03.291,37351,3.360,-2.627,0.110,0.000,0.000,onTarget,targetClick
6382,5,56,rld,14:49:07.476,37410,3.421,0.152,0.305,0.000,0.000,waitingForTarget,middleTargetClick
6382,5,56,rld,14:49:07.541,37411,3.474,0.152,0.305,0.000,0.000,waitingForTarget,noEvent
6382,5,56,rld,14:49:07.578,37412,3.525,0.152,0.305,0.000,0.000,waitingForTarget,noEvent
6382,5,56,rld,14:49:07.657,37413,3.600,0.152,0.305,0.000,0.000,waitingForTarget,noEvent
6382,5,56,rld,14:49:07.689,37414,3.637,0.152,0.305,0.000,0.000,waitingForTarget,noEvent
6382,5,56,rld,14:49:07.732,37415,3.670,0.152,0.305,0.000,0.000,waitingForTarget,noEvent
6382,5,56,rld,14:49:07.778,37416,3.713,0.152,0.305,0.000,0.000,waitingForTarget,noEvent
6382,5,56,rld,14:49:07.848,37417,3.783,0.152,0.305,0.000,0.000,waitingForTarget,noEvent
6382,5,56,rld,14:49:07.882,37418,3.830,0.152,0.305,0.000,0.000,waitingForTarget,noEvent
6382,5,56,rld,14:49:07.941,37419,0.052,0.152,0.305,0.000,0.000,activeTracking,targetAppeared
6382,5,56,rld,14:49:07.978,37420,0.097,0.152,0.305,0.000,0.000,activeTracking,noEvent
6382,5,56,rld,14:49:08.026,37421,0.141,0.152,0.305,0.000,0.000,activeTracking,noEvent
6382,5,56,rld,14:49:08.074,37422,0.180,0.152,0.305,0.000,0.000,activeTracking,noEvent
6382,5,56,rld,14:49:08.115,37423,0.232,0.152,0.305,0.000,0.000,activeTracking,noEvent
6382,5,56,rld,14:49:08.177,37424,0.286,0.152,0.305,0.000,0.000,activeTracking,noEvent
6382,5,56,rld,14:49:08.258,37425,0.350,0.152,0.305,0.000,0.000,activeTracking,noEvent
6382,5,56,rld,14:49:08.306,37426,0.412,0.152,0.305,0.000,0.000,activeTracking,noEvent
6382,5,56,rld,14:49:08.346,37427,0.461,0.152,0.305,0.000,0.000,activeTracking,noEvent
6382,5,56,rld,14:49:08.394,37428,0.511,0.152,0.305,0.000,0.000,activeTracking,noEvent
6382,5,56,rld,14:49:08.452,37429,0.551,0.152,0.305,0.000,0.000,activeTracking,noEvent
6382,5,56,rld,14:49:08.507,37430,0.619,0.152,0.305,0.000,0.000,activeTracking,noEvent
6382,5,56,rld,14:49:08.549,37431,0.658,0.152,0.305,0.000,0.000,activeTracking,noEvent
6382,5,56,rld,14:49:08.764,37432,0.858,-0.852,0.296,-8.900,-0.100,activeTracking,noEvent
6382,5,56,rld,14:49:08.913,37433,1.030,-3.057,0.262,-15.800,-0.400,activeTracking,noEvent
6382,5,56,rld,14:49:08.971,37434,1.089,-3.877,0.254,-0.200,0.000,activeTracking,noEvent
6382,5,56,rld,14:49:09.022,37435,1.139,-4.161,0.252,0.000,0.000,activeTracking,noEvent
6382,5,56,rld,14:49:09.063,37436,1.181,-4.257,0.251,0.000,0.000,activeTracking,noEvent
6382,5,56,rld,14:49:09.119,37437,1.234,-4.289,0.251,0.000,0.000,activeTracking,noEvent
6382,5,56,rld,14:49:09.178,37438,1.289,-4.300,0.239,0.000,-0.100,activeTracking,noEvent
6382,5,56,rld,14:49:09.237,37439,1.349,-4.304,0.235,0.000,0.000,activeTracking,noEvent
6382,5,56,rld,14:49:09.298,37440,1.401,-4.305,0.233,0.000,0.000,activeTracking,noEvent
6382,5,56,rld,14:49:09.350,37441,1.463,-4.305,0.258,0.000,0.200,activeTracking,noEvent
6382,5,56,rld,14:49:09.460,37442,1.557,-4.238,0.265,0.500,0.000,activeTracking,noEvent
6382,5,56,rld,14:49:09.528,37443,1.641,-4.122,0.266,0.700,0.000,activeTracking,noEvent
6382,5,56,rld,14:49:09.709,37444,1.818,-3.386,0.162,5.400,-0.800,activeTracking,noEvent
6382,5,56,rld,14:49:09.770,37445,1.875,-3.098,0.116,0.400,-0.100,activeTracking,noEvent
6382,5,56,rld,14:49:09.889,37446,1.989,-2.942,0.078,0.500,-0.200,onTarget,noEvent
6382,5,56,rld,14:49:09.944,37447,2.058,-2.853,0.053,0.300,-0.100,onTarget,noEvent
6382,5,56,rld,14:49:10.025,37448,2.140,-2.812,0.033,0.100,-0.100,onTarget,noEvent
6382,5,56,rld,14:49:10.082,37449,2.196,-2.798,0.015,0.000,-0.100,onTarget,noEvent
6382,5,56,rld,14:49:10.137,37450,2.250,-2.793,-0.003,0.000,-0.100,onTarget,noEvent
6382,5,56,rld,14:49:10.196,37451,2.308,-2.792,-0.033,0.000,-0.200,onTarget,noEvent
6382,5,56,rld,14:49:10.264,37452,2.373,-2.816,-0.066,-0.200,-0.200,onTarget,noEvent
6382,5,56,rld,14:49:10.310,37453,2.426,-2.824,-0.077,0.000,0.000,onTarget,noEvent
6382,5,56,rld,14:49:10.364,37454,2.480,-2.826,-0.081,0.000,0.000,onTarget,noEvent
6382,5,56,rld,14:49:10.412,37455,2.519,-2.827,-0.082,0.000,0.000,onTarget,noEvent
6382,5,56,rld,14:49:10.462,37456,2.572,-2.828,-0.082,0.000,0.000,onTarget,noEvent
6382,5,56,rld,14:49:10.513,37457,2.628,-2.828,-0.082,0.000,0.000,onTarget,noEvent
6382,5,56,rld,14:49:10.578,37458,2.693,-2.828,-0.082,0.000,0.000,onTarget,noEvent
6382,5,56,rld,14:49:10.621,37459,2.740,-2.840,-0.071,-0.100,0.100,onTarget,noEvent
6382,5,56,rld,14:49:10.669,37460,2.783,-2.844,-0.067,0.000,0.000,onTarget,noEvent
6382,5,56,rld,14:49:10.719,37461,2.833,-2.845,-0.065,0.000,0.000,onTarget,noEvent
6382,5,56,rld,14:49:10.810,37462,2.902,-2.846,-0.065,0.000,0.000,onTarget,targetClick
6382,5,57,rld,14:49:13.024,37492,2.987,0.017,0.069,0.000,0.000,waitingForTarget,middleTargetClick
6382,5,57,rld,14:49:13.085,37493,3.046,0.017,0.069,0.000,0.000,waitingForTarget,noEvent
6382,5,57,rld,14:49:13.159,37494,3.114,0.017,0.069,0.000,0.000,waitingForTarget,noEvent
6382,5,57,rld,14:49:13.214,37495,3.185,0.017,0.069,0.000,0.000,waitingForTarget,noEvent
6382,5,57,rld,14:49:13.260,37496,3.229,0.017,0.069,0.000,0.000,waitingForTarget,noEvent
6382,5,57,rld,14:49:13.286,37497,3.254,0.017,0.069,0.000,0.000,waitingForTarget,noEvent
6382,5,57,rld,14:49:13.358,37498,3.321,0.017,0.069,0.000,0.000,waitingForTarget,noEvent
6382,5,57,rld,14:49:13.411,37499,3.372,0.017,0.069,0.000,0.000,waitingForTarget,noEvent
6382,5,57,rld,14:49:13.472,37500,3.436,0.017,0.069,0.000,0.000,waitingForTarget,noEvent
6382,5,57,rld,14:49:13.540,37501,0.054,0.017,0.069,0.000,0.000,activeTracking,targetAppeared
6382,5,57,rld,14:49:13.582,37502,0.117,0.017,0.069,0.000,0.000,activeTracking,noEvent
6382,5,57,rld,14:49:13.646,37503,0.168,0.017,0.069,0.000,0.000,activeTracking,noEvent
6382,5,57,rld,14:49:13.713,37504,0.235,0.017,0.069,0.000,0.000,activeTracking,noEvent
6382,5,57,rld,14:49:13.776,37505,0.298,0.017,0.069,0.000,0.000,activeTracking,noEvent
6382,5,57,rld,14:49:13.862,37506,0.381,0.017,0.069,0.000,0.000,activeTracking,noEvent
6382,5,57,rld,14:49:13.942,37507,0.465,-0.017,0.069,-0.300,0.000,activeTracking,noEvent
6382,5,57,rld,14:49:13.996,37508,0.525,-0.028,0.069,0.000,0.000,activeTracking,noEvent
6382,5,57,rld,14:49:14.111,37509,0.616,0.047,0.069,0.700,0.000,activeTracking,noEvent
6382,5,57,rld,14:49:14.264,37510,0.792,1.295,-0.021,10.800,-0.800,activeTracking,noEvent
6382,5,57,rld,14:49:14.341,37511,0.857,2.069,0.007,3.000,0.500,activeTracking,noEvent
6382,5,57,rld,14:49:14.404,37512,0.933,2.368,0.017,0.300,0.000,onTarget,noEvent
6382,5,57,rld,14:49:14.461,37513,0.996,2.492,0.021,0.200,0.000,onTarget,noEvent
6382,5,57,rld,14:49:14.518,37514,1.042,2.546,0.022,0.100,0.000,onTarget,noEvent
6382,5,57,rld,14:49:14.587,37515,1.110,2.588,0.022,0.200,0.000,onTarget,noEvent
6382,5,57,rld,14:49:14.639,37516,1.170,2.614,0.022,0.100,0.000,onTarget,noEvent
6382,5,57,rld,14:49:14.689,37517,1.218,2.623,0.022,0.000,0.000,onTarget,noEvent
6382,5,57,rld,14:49:14.770,37518,1.295,2.626,0.022,0.000,0.000,onTarget,noEvent
6382,5,57,rld,14:49:14.842,37519,1.367,2.627,0.022,0.000,0.000,onTarget,noEvent
6382,5,57,rld,14:49:14.896,37520,1.416,2.627,0.022,0.000,0.000,onTarget,noEvent
6382,5,57,rld,14:49:14.957,37521,1.479,2.615,0.022,-0.100,0.000,onTarget,noEvent
6382,5,57,rld,14:49:15.010,37522,1.542,2.599,0.022,-0.100,0.000,onTarget,noEvent
6382,5,57,rld,14:49:15.070,37523,1.600,2.594,0.022,0.000,0.000,onTarget,noEvent
6382,5,57,rld,14:49:15.123,37524,1.651,2.604,0.022,0.100,0.000,onTarget,noEvent
6382,5,57,rld,14:49:15.190,37525,1.715,2.632,0.022,0.200,0.000,onTarget,noEvent
6382,5,57,rld,14:49:15.241,37526,1.766,2.641,0.022,0.000,0.000,onTarget,noEvent
6382,5,57,rld,14:49:15.291,37527,1.819,2.644,0.022,0.000,0.000,onTarget,noEvent
6382,5,57,rld,14:49:15.344,37528,1.880,2.645,0.022,0.000,0.000,onTarget,noEvent
6382,5,57,rld,14:49:15.421,37529,1.946,2.645,0.022,0.000,0.000,onTarget,targetClick
6382,5,58,rld,14:49:18.937,37585,1.998,0.000,0.136,0.000,0.000,waitingForTarget,middleTargetClick
6382,5,58,rld,14:49:18.988,37586,2.054,0.000,0.136,0.000,0.000,waitingForTarget,noEvent
6382,5,58,rld,14:49:19.042,37587,2.104,0.000,0.136,0.000,0.000,waitingForTarget,noEvent
6382,5,58,rld,14:49:19.108,37588,2.166,0.000,0.136,0.000,0.000,waitingForTarget,noEvent
6382,5,58,rld,14:49:19.161,37589,2.233,0.000,0.136,0.000,0.000,waitingForTarget,noEvent
6382,5,58,rld,14:49:19.196,37590,2.262,0.000,0.136,0.000,0.000,waitingForTarget,noEvent
6382,5,58,rld,14:49:19.227,37591,2.297,0.000,0.136,0.000,0.000,waitingForTarget,noEvent
6382,5,58,rld,14:49:19.278,37592,2.345,0.000,0.136,0.000,0.000,waitingForTarget,noEvent
6382,5,58,rld,14:49:19.320,37593,2.380,0.000,0.136,0.000,0.000,waitingForTarget,noEvent
6382,5,58,rld,14:49:19.369,37594,2.432,0.000,0.136,0.000,0.000,waitingForTarget,noEvent
6382,5,58,rld,14:49:19.409,37595,0.047,0.000,0.136,0.000,0.000,activeTracking,targetAppeared
6382,5,58,rld,14:49:19.462,37596,0.098,0.000,0.136,0.000,0.000,activeTracking,noEvent
6382,5,58,rld,14:49:19.518,37597,0.150,0.000,0.136,0.000,0.000,activeTracking,noEvent
6382,5,58,rld,14:49:19.568,37598,0.203,0.000,0.136,0.000,0.000,activeTracking,noEvent
6382,5,58,rld,14:49:19.614,37599,0.250,0.000,0.136,0.000,0.000,activeTracking,noEvent
6382,5,58,rld,14:49:19.659,37600,0.298,0.000,0.136,0.000,0.000,activeTracking,noEvent
6382,5,58,rld,14:49:19.706,37601,0.331,0.000,0.136,0.000,0.000,activeTracking,noEvent
6382,5,58,rld,14:49:19.747,37602,0.381,0.000,0.136,0.000,0.000,activeTracking,noEvent
6382,5,58,rld,14:49:19.802,37603,0.421,0.000,0.136,0.000,0.000,activeTracking,noEvent
6382,5,58,rld,14:49:19.857,37604,0.487,0.000,0.136,0.000,0.000,activeTracking,noEvent
6382,5,58,rld,14:49:19.903,37605,0.531,0.000,0.136,0.000,0.000,activeTracking,noEvent
6382,5,58,rld,14:49:19.944,37606,0.581,0.000,0.136,0.000,0.000,activeTracking,noEvent
6382,5,58,rld,14:49:19.986,37607,0.621,0.000,0.136,0.000,0.000,activeTracking,noEvent
6382,5,58,rld,14:49:20.040,37608,0.666,0.000,0.136,0.000,0.000,activeTracking,noEvent
6382,5,58,rld,14:49:20.079,37609,0.711,0.000,0.136,0.000,0.000,activeTracking,noEvent
6382,5,58,rld,14:49:20.121,37610,0.749,0.000,0.136,0.000,0.000,activeTracking,noEvent
6382,5,58,rld,14:49:20.161,37611,0.789,0.000,0.136,0.000,0.000,activeTracking,noEvent
6382,5,58,rld,14:49:20.207,37612,0.838,0.000,0.136,0.000,0.000,activeTracking,noEvent
6382,5,58,rld,14:49:20.251,37613,0.881,0.000,0.136,0.000,0.000,activeTracking,noEvent
6382,5,58,rld,14:49:20.289,37614,0.919,0.000,0.136,0.000,0.000,activeTracking,noEvent
6382,5,58,rld,14:49:20.340,37615,0.976,0.000,0.136,0.000,0.000,activeTracking,noEvent
6382,5,58,rld,14:49:20.390,37616,1.021,0.000,0.136,0.000,0.000,activeTracking,noEvent
6382,5,58,rld,14:49:20.441,37617,1.069,0.000,0.136,0.000,0.000,activeTracking,noEvent
6382,5,58,rld,14:49:20.482,37618,1.118,0.000,0.136,0.000,0.000,activeTracking,noEvent
6382,5,58,rld,14:49:20.542,37619,1.169,0.000,0.136,0.000,0.000,activeTracking,noEvent
6382,5,58,rld,14:49:20.597,37620,1.222,0.000,0.136,0.000,0.000,activeTracking,noEvent
6382,5,58,rld,14:49:20.745,37621,1.336,-0.971,0.217,-8.600,0.700,activeTracking,noEvent
6382,5,58,rld,14:49:20.975,37622,1.593,-2.696,0.114,-11.900,-1.200,onTarget,noEvent
6382,5,58,rld,14:49:21.052,37623,1.688,-3.429,0.080,-1.000,0.000,activeTracking,noEvent
6382,5,58,rld,14:49:21.108,37624,1.746,-3.707,0.057,-0.200,-0.100,activeTracking,noEvent
6382,5,58,rld,14:49:21.164,37625,1.798,-3.814,0.049,-0.100,0.000,activeTracking,noEvent
6382,5,58,rld,14:49:21.228,37626,1.866,-3.863,0.047,-0.100,0.000,activeTracking,noEvent
6382,5,58,rld,14:49:21.272,37627,1.903,-3.879,0.046,0.000,0.000,activeTracking,noEvent
6382,5,58,rld,14:49:21.317,37628,1.951,-3.885,0.046,0.000,0.000,activeTracking,noEvent
6382,5,58,rld,14:49:21.373,37629,1.999,-3.886,0.046,0.000,0.000,activeTracking,noEvent
6382,5,58,rld,14:49:21.424,37630,2.051,-3.887,0.046,0.000,0.000,activeTracking,noEvent
6382,5,58,rld,14:49:21.474,37631,2.106,-3.887,0.046,0.000,0.000,activeTracking,noEvent
6382,5,58,rld,14:49:21.601,37632,2.204,-3.822,0.045,0.500,0.000,activeTracking,noEvent
6382,5,58,rld,14:49:21.792,37633,2.411,-3.340,-0.148,3.600,-1.600,activeTracking,noEvent
6382,5,58,rld,14:49:21.898,37634,2.511,-3.059,-0.222,1.000,-0.100,activeTracking,noEvent
6382,5,58,rld,14:49:21.955,37635,2.592,-2.929,-0.246,0.300,0.000,onTarget,noEvent
6382,5,58,rld,14:49:22.013,37636,2.648,-2.874,-0.243,0.100,0.100,onTarget,noEvent
6382,5,58,rld,14:49:22.086,37637,2.711,-2.831,-0.218,0.200,0.200,onTarget,noEvent
6382,5,58,rld,14:49:22.141,37638,2.773,-2.817,-0.186,0.000,0.200,onTarget,noEvent
6382,5,58,rld,14:49:22.192,37639,2.822,-2.812,-0.176,0.000,0.000,onTarget,noEvent
6382,5,58,rld,14:49:22.240,37640,2.872,-2.810,-0.172,0.000,0.000,onTarget,noEvent
6382,5,58,rld,14:49:22.308,37641,2.930,-2.810,-0.171,0.000,0.000,onTarget,noEvent
6382,5,58,rld,14:49:22.360,37642,2.989,-2.809,-0.170,0.000,0.000,onTarget,noEvent
6382,5,58,rld,14:49:22.409,37643,3.042,-2.809,-0.170,0.000,0.000,onTarget,noEvent
6382,5,58,rld,14:49:22.459,37644,3.092,-2.809,-0.170,0.000,0.000,onTarget,noEvent
6382,5,58,rld,14:49:22.502,37645,3.141,-2.809,-0.170,0.000,0.000,onTarget,noEvent
6382,5,58,rld,14:49:22.557,37646,3.184,-2.809,-0.170,0.000,0.000,onTarget,noEvent
6382,5,58,rld,14:49:22.608,37647,3.247,-2.809,-0.159,0.000,0.100,onTarget,noEvent
6382,5,58,rld,14:49:22.678,37648,3.314,-2.809,-0.143,0.000,0.100,onTarget,noEvent
6382,5,58,rld,14:49:22.721,37649,3.353,-2.809,-0.138,0.000,0.000,onTarget,noEvent
6382,5,58,rld,14:49:22.790,37650,3.426,-2.809,-0.113,0.000,0.200,onTarget,noEvent
6382,5,58,rld,14:49:22.878,37651,3.501,-2.809,-0.092,0.000,0.100,onTarget,noEvent
6382,5,58,rld,14:49:22.934,37652,3.568,-2.809,-0.051,0.000,0.300,onTarget,noEvent
6382,5,58,rld,14:49:22.976,37653,3.615,-2.809,-0.025,0.000,0.100,onTarget,noEvent
6382,5,58,rld,14:49:23.061,37654,3.686,-2.809,-0.005,0.000,0.100,onTarget,noEvent
6382,5,58,rld,14:49:23.123,37655,3.759,-2.809,0.037,0.000,0.300,onTarget,noEvent
6382,5,58,rld,14:49:23.180,37656,3.815,-2.822,0.063,-0.100,0.100,onTarget,noEvent
6382,5,58,rld,14:49:23.231,37657,3.870,-2.826,0.072,0.000,0.000,onTarget,noEvent
6382,5,58,rld,14:49:23.309,37658,3.943,-2.839,0.039,-0.100,-0.300,onTarget,noEvent
6382,5,58,rld,14:49:23.360,37659,3.992,-2.832,0.028,0.100,0.000,onTarget,noEvent
6382,5,59,rld,14:49:29.319,37757,0.045,0.321,0.238,0.000,0.000,activeTracking,targetAppeared
6382,5,59,rld,14:49:29.357,37758,0.099,0.321,0.238,0.000,0.000,activeTracking,noEvent
6382,5,59,rld,14:49:29.411,37759,0.145,0.321,0.238,0.000,0.000,activeTracking,noEvent
6382,5,59,rld,14:49:29.471,37760,0.206,0.321,0.238,0.000,0.000,activeTracking,noEvent
6382,5,59,rld,14:49:29.545,37761,0.283,0.637,0.250,2.800,0.100,activeTracking,noEvent
6382,5,59,rld,14:49:29.679,37762,0.407,0.787,0.265,0.400,0.100,activeTracking,noEvent
6382,5,59,rld,14:49:29.793,37763,0.510,2.023,0.554,10.300,2.400,activeTracking,noEvent
6382,5,59,rld,14:49:29.890,37764,0.616,2.520,0.668,0.600,0.100,activeTracking,noEvent
6382,5,59,rld,14:49:29.954,37765,0.688,2.737,0.732,0.400,0.200,activeTracking,noEvent
6382,5,59,rld,14:49:30.021,37766,0.754,2.834,0.754,0.200,0.000,activeTracking,noEvent
6382,5,59,rld,14:49:30.077,37767,0.818,2.879,0.762,0.100,0.000,activeTracking,noEvent
6382,5,59,rld,14:49:30.172,37768,0.918,3.066,0.769,1.400,0.000,activeTracking,noEvent
6382,5,59,rld,14:49:30.310,37769,1.037,3.204,0.737,0.600,-0.300,activeTracking,noEvent
6382,5,59,rld,14:49:30.413,37770,1.111,3.212,0.678,-0.300,-0.400,activeTracking,noEvent
6382,5,59,rld,14:49:30.519,37771,1.242,3.128,0.537,-0.700,-1.000,activeTracking,noEvent
6382,5,59,rld,14:49:30.608,37772,1.339,3.063,0.384,-0.300,-0.900,activeTracking,noEvent
6382,5,59,rld,14:49:30.675,37773,1.402,3.017,0.285,-0.200,-0.400,activeTracking,noEvent
6382,5,59,rld,14:49:30.758,37774,1.499,2.964,0.205,-0.300,-0.400,onTarget,noEvent
6382,5,59,rld,14:49:30.878,37775,1.622,2.898,0.131,-0.400,-0.400,onTarget,noEvent
6382,5,59,rld,14:49:30.943,37776,1.685,2.851,0.082,-0.200,-0.200,onTarget,noEvent
6382,5,59,rld,14:49:31.014,37777,1.754,2.811,0.066,-0.200,0.000,onTarget,noEvent
6382,5,59,rld,14:49:31.064,37778,1.808,2.798,0.061,0.000,0.000,onTarget,noEvent
6382,5,59,rld,14:49:31.118,37779,1.859,2.793,0.059,0.000,0.000,onTarget,noEvent
6382,5,59,rld,14:49:31.167,37780,1.910,2.792,0.058,0.000,0.000,onTarget,noEvent
6382,5,59,rld,14:49:31.221,37781,1.956,2.791,0.058,0.000,0.000,onTarget,noEvent
6382,5,59,rld,14:49:31.272,37782,2.007,2.791,0.058,0.000,0.000,onTarget,noEvent
6382,5,59,rld,14:49:31.329,37783,2.060,2.791,0.058,0.000,0.000,onTarget,noEvent
6382,5,59,rld,14:49:31.404,37784,2.138,2.791,0.058,0.000,0.000,onTarget,noEvent
6382,5,59,rld,14:49:31.462,37785,2.200,2.791,0.070,0.000,0.100,onTarget,noEvent
6382,5,59,rld,14:49:31.504,37786,2.238,2.791,0.074,0.000,0.000,onTarget,noEvent
6382,5,59,rld,14:49:31.539,37787,2.285,2.791,0.075,0.000,0.000,onTarget,noEvent
6382,5,59,rld,14:49:31.597,37788,2.341,2.791,0.075,0.000,0.000,onTarget,noEvent
6382,5,59,rld,14:49:31.635,37789,2.378,2.791,0.076,0.000,0.000,onTarget,noEvent
6382,5,59,rld,14:49:31.679,37790,2.421,2.791,0.076,0.000,0.000,onTarget,noEvent
6382,5,59,rld,14:49:31.736,37791,2.471,2.791,0.076,0.000,0.000,onTarget,noEvent
6382,5,59,rld,14:49:31.775,37792,2.521,2.791,0.076,0.000,0.000,onTarget,noEvent
6382,5,59,rld,14:49:31.861,37793,2.599,2.791,0.076,0.000,0.000,onTarget,noEvent
6382,5,59,rld,14:49:31.907,37794,2.651,2.791,0.076,0.000,0.000,onTarget,noEvent
6382,5,59,rld,14:49:31.969,37795,2.700,2.791,0.076,0.000,0.000,onTarget,noEvent
6382,5,59,rld,14:49:32.020,37796,2.760,2.791,0.076,0.000,0.000,onTarget,noEvent
6382,5,59,rld,14:49:32.085,37797,2.819,2.791,0.076,0.000,0.000,onTarget,targetClick
6382,5,60,rld,14:49:36.209,37864,2.888,0.051,0.018,0.000,0.000,waitingForTarget,middleTargetClick
6382,5,60,rld,14:49:36.260,37865,2.953,0.051,0.018,0.000,0.000,waitingForTarget,noEvent
6382,5,60,rld,14:49:36.303,37866,2.996,0.051,0.018,0.000,0.000,waitingForTarget,noEvent
6382,5,60,rld,14:49:36.387,37867,3.081,0.051,0.018,0.000,0.000,waitingForTarget,noEvent
6382,5,60,rld,14:49:36.422,37868,3.116,0.051,0.018,0.000,0.000,waitingForTarget,noEvent
6382,5,60,rld,14:49:36.471,37869,3.157,0.051,0.018,0.000,0.000,waitingForTarget,noEvent
6382,5,60,rld,14:49:36.511,37870,3.203,0.051,0.018,0.000,0.000,waitingForTarget,noEvent
6382,5,60,rld,14:49:36.552,37871,3.239,0.051,0.018,0.000,0.000,waitingForTarget,noEvent
6382,5,60,rld,14:49:36.589,37872,3.276,0.051,0.018,0.000,0.000,waitingForTarget,noEvent
6382,5,60,rld,14:49:36.627,37873,3.307,0.051,0.018,0.000,0.000,waitingForTarget,noEvent
6382,5,60,rld,14:49:36.659,37874,0.035,0.051,0.018,0.000,0.000,activeTracking,targetAppeared
6382,5,60,rld,14:49:36.706,37875,0.086,0.051,0.018,0.000,0.000,activeTracking,noEvent
6382,5,60,rld,14:49:36.743,37876,0.126,0.051,0.018,0.000,0.000,activeTracking,noEvent
6382,5,60,rld,14:49:36.807,37877,0.170,0.051,0.018,0.000,0.000,activeTracking,noEvent
6382,5,60,rld,14:49:36.876,37878,0.260,0.051,0.018,0.000,0.000,activeTracking,noEvent
6382,5,60,rld,14:49:36.946,37879,0.319,0.051,0.018,0.000,0.000,activeTracking,noEvent
6382,5,60,rld,14:49:36.991,37880,0.369,0.051,0.018,0.000,0.000,activeTracking,noEvent
6382,5,60,rld,14:49:37.044,37881,0.416,0.051,0.018,0.000,0.000,activeTracking,noEvent
6382,5,60,rld,14:49:37.091,37882,0.470,0.051,0.018,0.000,0.000,activeTracking,noEvent
6382,5,60,rld,14:49:37.141,37883,0.519,0.051,0.018,0.000,0.000,activeTracking,noEvent
6382,5,60,rld,14:49:37.192,37884,0.566,0.051,0.018,0.000,0.000,activeTracking,noEvent
6382,5,60,rld,14:49:37.237,37885,0.616,0.051,0.018,0.000,0.000,activeTracking,noEvent
6382,5,60,rld,14:49:37.289,37886,0.662,0.051,0.018,0.000,0.000,activeTracking,noEvent
6382,5,60,rld,14:49:37.506,37887,0.848,1.250,0.394,10.600,3.300,activeTracking,noEvent
6382,5,60,rld,14:49:37.677,37888,1.046,2.160,0.680,4.300,1.300,activeTracking,noEvent
6382,5,60,rld,14:49:37.874,37889,1.159,2.797,0.857,2.700,0.600,activeTracking,noEvent
6382,5,60,rld,14:49:37.957,37890,1.318,3.262,0.975,2.000,0.400,activeTracking,noEvent
6382,5,60,rld,14:49:38.007,37891,1.386,3.446,1.016,0.200,0.000,activeTracking,noEvent
6382,5,60,rld,14:49:38.049,37892,1.434,3.508,1.030,0.000,0.000,activeTracking,noEvent
6382,5,60,rld,14:49:38.102,37893,1.488,3.528,1.022,0.000,-0.100,activeTracking,noEvent
6382,5,60,rld,14:49:38.205,37894,1.553,3.535,0.984,0.000,-0.300,activeTracking,noEvent
6382,5,60,rld,14:49:38.380,37895,1.747,3.550,0.838,0.100,-1.100,activeTracking,noEvent
6382,5,60,rld,14:49:38.479,37896,1.839,3.517,0.572,-0.300,-1.800,activeTracking,noEvent
6382,5,60,rld,14:49:38.659,37897,1.994,3.417,0.338,-0.700,-1.200,activeTracking,noEvent
6382,5,60,rld,14:49:38.779,37898,2.160,3.296,0.129,-0.700,-1.100,activeTracking,noEvent
6382,5,60,rld,14:49:38.864,37899,2.243,3.218,0.023,-0.300,-0.300,activeTracking,noEvent
6382,5,60,rld,14:49:38.956,37900,2.320,3.130,-0.035,-0.500,-0.200,activeTracking,noEvent
6382,5,60,rld,14:49:39.013,37901,2.390,3.051,-0.055,-0.400,0.000,onTarget,noEvent
6382,5,60,rld,14:49:39.093,37902,2.468,2.963,-0.050,-0.500,0.100,onTarget,noEvent
6382,5,60,rld,14:49:39.177,37903,2.547,2.873,-0.025,-0.500,0.200,onTarget,noEvent
6382,5,60,rld,14:49:39.279,37904,2.649,2.782,0.030,-0.500,0.400,onTarget,noEvent
6382,5,60,rld,14:49:39.357,37905,2.734,2.715,0.107,-0.300,0.500,onTarget,noEvent
6382,5,60,rld,14:49:39.439,37906,2.814,2.669,0.167,-0.200,0.300,onTarget,noEvent
6382,5,60,rld,14:49:39.494,37907,2.873,2.641,0.199,-0.100,0.100,onTarget,noEvent
6382,5,60,rld,14:49:39.567,37908,2.941,2.632,0.233,0.000,0.200,onTarget,noEvent
6382,5,60,rld,14:49:39.619,37909,2.998,2.629,0.256,0.000,0.100,onTarget,noEvent
6382,5,60,rld,14:49:39.660,37910,3.043,2.628,0.264,0.000,0.000,onTarget,noEvent
6382,5,60,rld,14:49:39.710,37911,3.090,2.627,0.266,0.000,0.000,onTarget,noEvent
6382,5,60,rld,14:49:39.757,37912,3.130,2.627,0.267,0.000,0.000,onTarget,noEvent
6382,5,60,rld,14:49:39.821,37913,3.209,2.627,0.267,0.000,0.000,onTarget,noEvent
6382,5,60,rld,14:49:39.892,37914,3.269,2.627,0.267,0.000,0.000,onTarget,noEvent
6382,5,60,rld,14:49:39.944,37915,3.329,2.627,0.267,0.000,0.000,onTarget,noEvent
6382,5,60,rld,14:49:39.992,37916,3.369,2.627,0.267,0.000,0.000,onTarget,noEvent
6382,5,60,rld,14:49:40.060,37917,3.446,2.627,0.267,0.000,0.000,onTarget,targetClick;
6382,6,1,rld,14:50:15.309,38659,3.512,-0.067,-0.201,0.000,0.000,waitingForTarget,middleTargetClick
6382,6,1,rld,14:50:15.370,38660,3.569,-0.067,-0.201,0.000,0.000,waitingForTarget,noEvent
6382,6,1,rld,14:50:15.412,38661,3.615,-0.067,-0.201,0.000,0.000,waitingForTarget,noEvent
6382,6,1,rld,14:50:15.444,38662,3.650,-0.067,-0.201,0.000,0.000,waitingForTarget,noEvent
6382,6,1,rld,14:50:15.473,38663,3.677,-0.067,-0.201,0.000,0.000,waitingForTarget,noEvent
6382,6,1,rld,14:50:15.529,38664,3.733,-0.067,-0.201,0.000,0.000,waitingForTarget,noEvent
6382,6,1,rld,14:50:15.556,38665,3.764,-0.067,-0.201,0.000,0.000,waitingForTarget,noEvent
6382,6,1,rld,14:50:15.586,38666,3.794,-0.067,-0.201,0.000,0.000,waitingForTarget,noEvent
6382,6,1,rld,14:50:15.619,38667,3.826,-0.067,-0.201,0.000,0.000,waitingForTarget,noEvent
6382,6,1,rld,14:50:15.672,38668,3.877,-0.067,-0.201,0.000,0.000,waitingForTarget,noEvent
6382,6,1,rld,14:50:15.717,38669,3.920,-0.067,-0.201,0.000,0.000,waitingForTarget,noEvent
6382,6,1,rld,14:50:15.758,38670,0.043,-0.067,-0.201,0.000,0.000,activeTracking,targetAppeared
6382,6,1,rld,14:50:15.853,38671,0.139,-0.067,-0.201,0.000,0.000,activeTracking,noEvent
6382,6,1,rld,14:50:15.904,38672,0.181,-0.067,-0.201,0.000,0.000,activeTracking,noEvent
6382,6,1,rld,14:50:15.943,38673,0.229,-0.067,-0.201,0.000,0.000,activeTracking,noEvent
6382,6,1,rld,14:50:15.994,38674,0.281,-0.067,-0.201,0.000,0.000,activeTracking,noEvent
6382,6,1,rld,14:50:16.032,38675,0.315,-0.067,-0.201,0.000,0.000,activeTracking,noEvent
6382,6,1,rld,14:50:16.065,38676,0.349,-0.067,-0.201,0.000,0.000,activeTracking,noEvent
6382,6,1,rld,14:50:16.105,38677,0.391,-0.067,-0.201,0.000,0.000,activeTracking,noEvent
6382,6,1,rld,14:50:16.159,38678,0.444,-0.067,-0.201,0.000,0.000,activeTracking,noEvent
6382,6,1,rld,14:50:16.376,38679,0.656,1.119,-0.349,10.500,-1.300,activeTracking,noEvent
6382,6,1,rld,14:50:16.516,38680,0.798,2.126,-0.553,5.200,-1.300,activeTracking,noEvent
6382,6,1,rld,14:50:16.558,38681,0.840,2.519,-0.637,0.400,-0.100,activeTracking,noEvent
6382,6,1,rld,14:50:16.616,38682,0.890,2.664,-0.665,0.100,0.000,activeTracking,noEvent
6382,6,1,rld,14:50:16.703,38683,0.976,2.797,-0.688,0.700,-0.100,activeTracking,noEvent
6382,6,1,rld,14:50:16.803,38684,1.065,2.928,-0.709,0.700,-0.100,activeTracking,noEvent
6382,6,1,rld,14:50:16.864,38685,1.139,3.021,-0.717,0.400,0.000,activeTracking,noEvent
6382,6,1,rld,14:50:16.924,38686,1.200,3.040,-0.719,-0.100,0.000,activeTracking,noEvent
6382,6,1,rld,14:50:17.019,38687,1.292,2.474,-0.431,-4.700,2.400,activeTracking,noEvent
6382,6,1,rld,14:50:17.115,38688,1.390,2.017,-0.198,-2.300,1.200,activeTracking,noEvent
6382,6,1,rld,14:50:17.187,38689,1.460,1.832,-0.087,-0.300,0.300,activeTracking,noEvent
6382,6,1,rld,14:50:17.274,38690,1.541,1.771,-0.015,0.000,0.300,activeTracking,noEvent
6382,6,1,rld,14:50:17.351,38691,1.637,1.820,0.043,0.600,0.300,activeTracking,noEvent
6382,6,1,rld,14:50:17.444,38692,1.726,1.930,0.097,0.800,0.300,activeTracking,noEvent
6382,6,1,rld,14:50:17.553,38693,1.804,2.061,0.104,0.800,-0.100,activeTracking,noEvent
6382,6,1,rld,14:50:17.642,38694,1.915,2.222,0.037,1.000,-0.600,activeTracking,noEvent
6382,6,1,rld,14:50:17.697,38695,1.973,2.336,-0.008,0.500,-0.200,activeTracking,noEvent
6382,6,1,rld,14:50:17.756,38696,2.036,2.398,-0.046,0.200,-0.200,onTarget,noEvent
6382,6,1,rld,14:50:17.817,38697,2.102,2.419,-0.059,0.000,0.000,onTarget,noEvent
6382,6,1,rld,14:50:17.851,38698,2.134,2.426,-0.063,0.000,0.000,onTarget,noEvent
6382,6,1,rld,14:50:17.907,38699,2.183,2.428,-0.064,0.000,0.000,onTarget,noEvent
6382,6,1,rld,14:50:17.968,38700,2.242,2.429,-0.065,0.000,0.000,onTarget,noEvent
6382,6,1,rld,14:50:18.025,38701,2.298,2.429,-0.065,0.000,0.000,onTarget,noEvent
6382,6,1,rld,14:50:18.083,38702,2.359,2.429,-0.065,0.000,0.000,onTarget,noEvent
6382,6,1,rld,14:50:18.137,38703,2.413,2.429,-0.065,0.000,0.000,onTarget,noEvent
6382,6,1,rld,14:50:18.186,38704,2.461,2.429,-0.065,0.000,0.000,onTarget,noEvent
6382,6,1,rld,14:50:18.237,38705,2.508,2.429,-0.065,0.000,0.000,onTarget,noEvent
6382,6,1,rld,14:50:18.335,38706,2.615,2.429,-0.065,0.000,0.000,onTarget,noEvent
6382,6,1,rld,14:50:18.377,38707,2.660,2.429,-0.065,0.000,0.000,onTarget,noEvent
6382,6,1,rld,14:50:18.443,38708,2.725,2.429,-0.065,0.000,0.000,onTarget,noEvent
6382,6,1,rld,14:50:18.532,38709,2.801,2.441,-0.065,0.100,0.000,onTarget,noEvent
6382,6,1,rld,14:50:18.576,38710,2.863,2.457,-0.065,0.100,0.000,onTarget,noEvent
6382,6,1,rld,14:50:18.638,38711,2.913,2.462,-0.065,0.000,0.000,onTarget,noEvent
6382,6,1,rld,14:50:18.694,38712,2.976,2.464,-0.065,0.000,0.000,onTarget,noEvent
6382,6,1,rld,14:50:18.744,38713,3.026,2.465,-0.065,0.000,0.000,onTarget,noEvent
6382,6,1,rld,14:50:18.835,38714,3.111,2.501,-0.065,0.300,0.000,onTarget,noEvent
6382,6,1,rld,14:50:18.917,38715,3.202,2.549,-0.065,0.300,0.000,onTarget,noEvent
6382,6,1,rld,14:50:18.974,38716,3.259,2.589,-0.065,0.200,0.000,onTarget,noEvent
6382,6,1,rld,14:50:19.041,38717,3.316,2.602,-0.065,0.000,0.000,onTarget,noEvent
6382,6,1,rld,14:50:19.083,38718,3.365,2.607,-0.065,0.000,0.000,onTarget,noEvent
6382,6,1,rld,14:50:19.142,38719,3.413,2.608,-0.065,0.000,0.000,onTarget,noEvent
6382,6,1,rld,14:50:19.194,38720,3.473,2.609,-0.065,0.000,0.000,onTarget,noEvent
6382,6,1,rld,14:50:19.245,38721,3.527,2.609,-0.065,0.000,0.000,onTarget,noEvent
6382,6,1,rld,14:50:19.302,38722,3.576,2.609,-0.065,0.000,0.000,onTarget,noEvent
6382,6,1,rld,14:50:19.337,38723,3.624,2.609,-0.065,0.000,0.000,onTarget,noEvent
6382,6,1,rld,14:50:19.386,38724,3.664,2.609,-0.065,0.000,0.000,onTarget,noEvent
6382,6,1,rld,14:50:19.433,38725,3.713,2.609,-0.065,0.000,0.000,onTarget,noEvent
6382,6,1,rld,14:50:19.477,38726,3.760,2.609,-0.065,0.000,0.000,onTarget,noEvent
6382,6,1,rld,14:50:19.555,38727,3.832,2.609,-0.065,0.000,0.000,onTarget,noEvent
6382,6,1,rld,14:50:19.627,38728,3.912,2.609,-0.065,0.000,0.000,onTarget,targetClick
6382,6,2,rld,14:50:23.394,38790,3.972,-0.186,-0.032,0.000,0.000,waitingForTarget,middleTargetClick
6382,6,2,rld,14:50:23.878,38800,0.050,-0.186,-0.032,0.000,0.000,activeTracking,targetAppeared
6382,6,2,rld,14:50:23.920,38801,0.095,-0.186,-0.032,0.000,0.000,activeTracking,noEvent
6382,6,2,rld,14:50:23.967,38802,0.142,-0.186,-0.032,0.000,0.000,activeTracking,noEvent
6382,6,2,rld,14:50:24.007,38803,0.181,-0.186,-0.032,0.000,0.000,activeTracking,noEvent
6382,6,2,rld,14:50:24.055,38804,0.221,-0.186,-0.032,0.000,0.000,activeTracking,noEvent
6382,6,2,rld,14:50:24.102,38805,0.268,-0.186,-0.032,0.000,0.000,activeTracking,noEvent
6382,6,2,rld,14:50:24.142,38806,0.313,-0.186,-0.032,0.000,0.000,activeTracking,noEvent
6382,6,2,rld,14:50:24.193,38807,0.363,-0.186,-0.032,0.000,0.000,activeTracking,noEvent
6382,6,2,rld,14:50:24.257,38808,0.420,-0.186,-0.032,0.000,0.000,activeTracking,noEvent
6382,6,2,rld,14:50:24.325,38809,0.494,-0.186,-0.032,0.000,0.000,activeTracking,noEvent
6382,6,2,rld,14:50:24.471,38810,0.601,-0.761,0.002,-5.100,0.300,activeTracking,noEvent
6382,6,2,rld,14:50:24.625,38811,0.788,-1.491,-0.009,-4.700,-0.200,activeTracking,noEvent
6382,6,2,rld,14:50:24.689,38812,0.853,-1.796,-0.012,-0.500,0.000,activeTracking,noEvent
6382,6,2,rld,14:50:24.785,38813,0.952,-1.969,-0.025,-0.600,-0.100,activeTracking,noEvent
6382,6,2,rld,14:50:24.899,38814,1.062,-2.097,-0.029,-0.600,0.000,activeTracking,noEvent
6382,6,2,rld,14:50:24.955,38815,1.122,-2.164,-0.030,-0.200,0.000,activeTracking,noEvent
6382,6,2,rld,14:50:25.005,38816,1.163,-2.186,-0.031,0.000,0.000,activeTracking,noEvent
6382,6,2,rld,14:50:25.069,38817,1.233,-2.193,-0.031,0.000,0.000,activeTracking,noEvent
6382,6,2,rld,14:50:25.123,38818,1.293,-2.196,-0.031,0.000,0.000,activeTracking,noEvent
6382,6,2,rld,14:50:25.184,38819,1.352,-2.197,-0.031,0.000,0.000,activeTracking,noEvent
6382,6,2,rld,14:50:25.244,38820,1.414,-2.197,-0.031,0.000,0.000,activeTracking,noEvent
6382,6,2,rld,14:50:25.300,38821,1.464,-2.197,-0.031,0.000,0.000,activeTracking,noEvent
6382,6,2,rld,14:50:25.373,38822,1.505,-2.197,-0.031,0.000,0.000,activeTracking,noEvent
6382,6,2,rld,14:50:25.439,38823,1.611,-2.232,-0.008,-0.300,0.200,activeTracking,noEvent
6382,6,2,rld,14:50:25.536,38824,1.710,-2.292,0.023,-0.400,0.200,activeTracking,noEvent
6382,6,2,rld,14:50:25.641,38825,1.807,-2.419,0.069,-0.900,0.300,onTarget,noEvent
6382,6,2,rld,14:50:25.700,38826,1.871,-2.509,0.084,-0.400,0.000,onTarget,noEvent
6382,6,2,rld,14:50:25.766,38827,1.934,-2.564,0.090,-0.200,0.000,onTarget,noEvent
6382,6,2,rld,14:50:25.841,38828,2.007,-2.594,0.091,-0.100,0.000,onTarget,noEvent
6382,6,2,rld,14:50:25.900,38829,2.064,-2.604,0.092,0.000,0.000,onTarget,noEvent
6382,6,2,rld,14:50:25.945,38830,2.115,-2.607,0.092,0.000,0.000,onTarget,noEvent
6382,6,2,rld,14:50:26.007,38831,2.181,-2.609,0.092,0.000,0.000,onTarget,noEvent
6382,6,2,rld,14:50:26.080,38832,2.243,-2.609,0.092,0.000,0.000,onTarget,noEvent
6382,6,2,rld,14:50:26.133,38833,2.296,-2.609,0.092,0.000,0.000,onTarget,noEvent
6382,6,2,rld,14:50:26.182,38834,2.353,-2.609,0.092,0.000,0.000,onTarget,noEvent
6382,6,2,rld,14:50:26.217,38835,2.384,-2.609,0.092,0.000,0.000,onTarget,noEvent
6382,6,2,rld,14:50:26.251,38836,2.426,-2.609,0.092,0.000,0.000,onTarget,noEvent
6382,6,2,rld,14:50:26.294,38837,2.464,-2.609,0.092,0.000,0.000,onTarget,noEvent
6382,6,2,rld,14:50:26.374,38838,2.538,-2.609,0.092,0.000,0.000,onTarget,noEvent
6382,6,2,rld,14:50:26.443,38839,2.600,-2.609,0.092,0.000,0.000,onTarget,noEvent
6382,6,2,rld,14:50:26.504,38840,2.658,-2.609,0.092,0.000,0.000,onTarget,targetClick
6382,6,3,rld,14:50:29.249,38882,2.757,-0.135,0.136,0.000,0.000,waitingForTarget,middleTargetClick
6382,6,3,rld,14:50:29.304,38883,2.816,-0.135,0.136,0.000,0.000,waitingForTarget,noEvent
6382,6,3,rld,14:50:29.347,38884,2.864,-0.135,0.136,0.000,0.000,waitingForTarget,noEvent
6382,6,3,rld,14:50:29.369,38885,2.890,-0.135,0.136,0.000,0.000,waitingForTarget,noEvent
6382,6,3,rld,14:50:29.421,38886,2.940,-0.135,0.136,0.000,0.000,waitingForTarget,noEvent
6382,6,3,rld,14:50:29.474,38887,2.989,-0.135,0.136,0.000,0.000,waitingForTarget,noEvent
6382,6,3,rld,14:50:29.515,38888,3.028,-0.135,0.136,0.000,0.000,waitingForTarget,noEvent
6382,6,3,rld,14:50:29.574,38889,3.071,-0.135,0.136,0.000,0.000,waitingForTarget,noEvent
6382,6,3,rld,14:50:29.611,38890,3.129,-0.135,0.136,0.000,0.000,waitingForTarget,noEvent
6382,6,3,rld,14:50:29.658,38891,3.169,-0.135,0.136,0.000,0.000,waitingForTarget,noEvent
6382,6,3,rld,14:50:29.697,38892,0.041,-0.135,0.136,0.000,0.000,activeTracking,targetAppeared
6382,6,3,rld,14:50:29.744,38893,0.088,-0.135,0.136,0.000,0.000,activeTracking,noEvent
6382,6,3,rld,14:50:29.782,38894,0.128,-0.135,0.136,0.000,0.000,activeTracking,noEvent
6382,6,3,rld,14:50:29.837,38895,0.179,-0.135,0.136,0.000,0.000,activeTracking,noEvent
6382,6,3,rld,14:50:29.884,38896,0.224,-0.135,0.136,0.000,0.000,activeTracking,noEvent
6382,6,3,rld,14:50:29.924,38897,0.276,-0.135,0.136,0.000,0.000,activeTracking,noEvent
6382,6,3,rld,14:50:29.975,38898,0.319,-0.135,0.136,0.000,0.000,activeTracking,noEvent
6382,6,3,rld,14:50:30.008,38899,0.359,-0.135,0.136,0.000,0.000,activeTracking,noEvent
6382,6,3,rld,14:50:30.054,38900,0.395,-0.135,0.136,0.000,0.000,activeTracking,noEvent
6382,6,3,rld,14:50:30.080,38901,0.427,-0.135,0.136,0.000,0.000,activeTracking,noEvent
6382,6,3,rld,14:50:30.123,38902,0.470,-0.135,0.136,0.000,0.000,activeTracking,noEvent
6382,6,3,rld,14:50:30.179,38903,0.524,-0.135,0.136,0.000,0.000,activeTracking,noEvent
6382,6,3,rld,14:50:30.424,38904,0.719,-1.073,0.172,-8.300,0.300,activeTracking,noEvent
6382,6,3,rld,14:50:30.514,38905,0.858,-1.516,0.185,-1.100,0.000,activeTracking,noEvent
6382,6,3,rld,14:50:30.574,38906,0.921,-1.712,0.190,-0.400,0.000,activeTracking,noEvent
6382,6,3,rld,14:50:30.644,38907,0.993,-1.800,0.203,-0.200,0.100,activeTracking,noEvent
6382,6,3,rld,14:50:30.736,38908,1.073,-1.876,0.219,-0.400,0.100,activeTracking,noEvent
6382,6,3,rld,14:50:30.847,38909,1.189,-2.007,0.260,-0.900,0.300,activeTracking,noEvent
6382,6,3,rld,14:50:30.916,38910,1.259,-2.063,0.273,-0.100,0.000,activeTracking,noEvent
6382,6,3,rld,14:50:30.970,38911,1.310,-2.081,0.278,0.000,0.000,activeTracking,noEvent
6382,6,3,rld,14:50:31.019,38912,1.368,-2.088,0.279,0.000,0.000,activeTracking,noEvent
6382,6,3,rld,14:50:31.064,38913,1.411,-2.090,0.280,0.000,0.000,activeTracking,noEvent
6382,6,3,rld,14:50:31.129,38914,1.475,-2.102,0.280,-0.100,0.000,activeTracking,noEvent
6382,6,3,rld,14:50:31.239,38915,1.580,-2.189,0.281,-0.700,0.000,activeTracking,noEvent
6382,6,3,rld,14:50:31.315,38916,1.659,-2.277,0.282,-0.500,0.000,activeTracking,noEvent
6382,6,3,rld,14:50:31.424,38917,1.757,-2.342,0.213,-0.300,-0.600,activeTracking,noEvent
6382,6,3,rld,14:50:31.491,38918,1.831,-2.400,0.143,-0.300,-0.400,onTarget,noEvent
6382,6,3,rld,14:50:31.600,38919,1.935,-2.455,0.074,-0.300,-0.400,onTarget,noEvent
6382,6,3,rld,14:50:31.658,38920,1.996,-2.474,0.028,0.000,-0.200,onTarget,noEvent
6382,6,3,rld,14:50:31.706,38921,2.055,-2.480,0.012,0.000,0.000,onTarget,noEvent
6382,6,3,rld,14:50:31.774,38922,2.098,-2.482,-0.004,0.000,-0.100,onTarget,noEvent
6382,6,3,rld,14:50:31.853,38923,2.189,-2.506,-0.045,-0.200,-0.300,onTarget,noEvent
6382,6,3,rld,14:50:31.921,38924,2.259,-2.515,-0.082,0.000,-0.200,onTarget,noEvent
6382,6,3,rld,14:50:31.985,38925,2.330,-2.529,-0.094,-0.100,0.000,onTarget,noEvent
6382,6,3,rld,14:50:32.036,38926,2.377,-2.534,-0.098,0.000,0.000,onTarget,noEvent
6382,6,3,rld,14:50:32.085,38927,2.426,-2.536,-0.099,0.000,0.000,onTarget,noEvent
6382,6,3,rld,14:50:32.122,38928,2.469,-2.537,-0.100,0.000,0.000,onTarget,noEvent
6382,6,3,rld,14:50:32.162,38929,2.509,-2.537,-0.100,0.000,0.000,onTarget,noEvent
6382,6,3,rld,14:50:32.224,38930,2.560,-2.537,-0.100,0.000,0.000,onTarget,noEvent
6382,6,3,rld,14:50:32.249,38931,2.601,-2.537,-0.100,0.000,0.000,onTarget,noEvent
6382,6,3,rld,14:50:32.357,38932,2.707,-2.537,-0.100,0.000,0.000,onTarget,targetClick
6382,6,4,rld,14:50:34.626,38966,2.779,-0.169,-0.066,0.000,0.000,waitingForTarget,middleTargetClick
6382,6,4,rld,14:50:34.674,38967,2.837,-0.169,-0.066,0.000,0.000,waitingForTarget,noEvent
6382,6,4,rld,14:50:34.716,38968,2.874,-0.169,-0.066,0.000,0.000,waitingForTarget,noEvent
6382,6,4,rld,14:50:34.759,38969,2.924,-0.169,-0.066,0.000,0.000,waitingForTarget,noEvent
6382,6,4,rld,14:50:34.798,38970,2.964,-0.169,-0.066,0.000,0.000,waitingForTarget,noEvent
6382,6,4,rld,14:50:34.858,38971,3.025,-0.169,-0.066,0.000,0.000,waitingForTarget,noEvent
6382,6,4,rld,14:50:34.903,38972,3.070,-0.169,-0.066,0.000,0.000,waitingForTarget,noEvent
6382,6,4,rld,14:50:34.946,38973,3.103,-0.169,-0.066,0.000,0.000,waitingForTarget,noEvent
6382,6,4,rld,14:50:34.993,38974,3.156,-0.169,-0.066,0.000,0.000,waitingForTarget,noEvent
6382,6,4,rld,14:50:35.034,38975,3.193,-0.169,-0.066,0.000,0.000,waitingForTarget,noEvent
6382,6,4,rld,14:50:35.084,38976,0.043,-0.169,-0.066,0.000,0.000,activeTracking,targetAppeared
6382,6,4,rld,14:50:35.123,38977,0.083,-0.169,-0.066,0.000,0.000,activeTracking,noEvent
6382,6,4,rld,14:50:35.168,38978,0.141,-0.169,-0.066,0.000,0.000,activeTracking,noEvent
6382,6,4,rld,14:50:35.199,38979,0.171,-0.169,-0.066,0.000,0.000,activeTracking,noEvent
6382,6,4,rld,14:50:35.244,38980,0.212,-0.169,-0.066,0.000,0.000,activeTracking,noEvent
6382,6,4,rld,14:50:35.282,38981,0.252,-0.169,-0.066,0.000,0.000,activeTracking,noEvent
6382,6,4,rld,14:50:35.321,38982,0.295,-0.169,-0.066,0.000,0.000,activeTracking,noEvent
6382,6,4,rld,14:50:35.370,38983,0.333,-0.169,-0.066,0.000,0.000,activeTracking,noEvent
6382,6,4,rld,14:50:35.434,38984,0.385,-0.169,-0.066,0.000,0.000,activeTracking,noEvent
6382,6,4,rld,14:50:35.481,38985,0.449,-0.169,-0.066,0.000,0.000,activeTracking,noEvent
6382,6,4,rld,14:50:35.656,38986,0.603,-0.631,0.001,-4.100,0.600,activeTracking,noEvent
6382,6,4,rld,14:50:35.804,38987,0.754,-1.081,0.013,-2.600,-0.100,activeTracking,noEvent
6382,6,4,rld,14:50:35.917,38988,0.884,-1.404,0.006,-1.500,-0.100,activeTracking,noEvent
6382,6,4,rld,14:50:35.993,38989,0.943,-1.604,0.004,-0.800,0.000,activeTracking,noEvent
6382,6,4,rld,14:50:36.054,38990,1.020,-1.706,0.003,-0.300,0.000,activeTracking,noEvent
6382,6,4,rld,14:50:36.106,38991,1.080,-1.740,0.003,0.000,0.000,activeTracking,noEvent
6382,6,4,rld,14:50:36.151,38992,1.120,-1.752,0.003,0.000,0.000,activeTracking,noEvent
6382,6,4,rld,14:50:36.214,38993,1.179,-1.755,0.003,0.000,0.000,activeTracking,noEvent
6382,6,4,rld,14:50:36.261,38994,1.229,-1.757,0.003,0.000,0.000,activeTracking,noEvent
6382,6,4,rld,14:50:36.324,38995,1.283,-1.757,0.003,0.000,0.000,activeTracking,noEvent
6382,6,4,rld,14:50:36.386,38996,1.360,-1.781,0.003,-0.200,0.000,activeTracking,noEvent
6382,6,4,rld,14:50:36.505,38997,1.476,-1.870,0.015,-0.700,0.100,activeTracking,noEvent
6382,6,4,rld,14:50:36.597,38998,1.552,-2.005,0.019,-0.900,0.000,activeTracking,noEvent
6382,6,4,rld,14:50:36.685,38999,1.651,-2.121,0.020,-0.600,0.000,activeTracking,noEvent
6382,6,4,rld,14:50:36.752,39000,1.725,-2.183,0.021,-0.200,0.000,activeTracking,noEvent
6382,6,4,rld,14:50:36.818,39001,1.792,-2.216,0.021,-0.100,0.000,activeTracking,noEvent
6382,6,4,rld,14:50:36.857,39002,1.829,-2.227,0.021,0.000,0.000,activeTracking,noEvent
6382,6,4,rld,14:50:36.913,39003,1.884,-2.231,0.021,0.000,0.000,activeTracking,noEvent
6382,6,4,rld,14:50:36.967,39004,1.933,-2.232,0.021,0.000,0.000,activeTracking,noEvent
6382,6,4,rld,14:50:37.015,39005,1.982,-2.232,0.021,0.000,0.000,activeTracking,noEvent
6382,6,4,rld,14:50:37.113,39006,2.068,-2.256,0.033,-0.200,0.100,activeTracking,noEvent
6382,6,4,rld,14:50:37.205,39007,2.149,-2.335,0.049,-0.600,0.100,activeTracking,noEvent
6382,6,4,rld,14:50:37.271,39008,2.233,-2.434,0.054,-0.600,0.000,onTarget,noEvent
6382,6,4,rld,14:50:37.342,39009,2.308,-2.514,0.056,-0.400,0.000,onTarget,noEvent
6382,6,4,rld,14:50:37.406,39010,2.375,-2.565,0.057,-0.200,0.000,onTarget,noEvent
6382,6,4,rld,14:50:37.482,39011,2.445,-2.607,0.057,-0.200,0.000,onTarget,noEvent
6382,6,4,rld,14:50:37.539,39012,2.503,-2.632,0.057,-0.100,0.000,onTarget,noEvent
6382,6,4,rld,14:50:37.602,39013,2.570,-2.641,0.057,0.000,0.000,onTarget,noEvent
6382,6,4,rld,14:50:37.637,39014,2.610,-2.644,0.057,0.000,0.000,onTarget,noEvent
6382,6,4,rld,14:50:37.676,39015,2.649,-2.645,0.057,0.000,0.000,onTarget,noEvent
6382,6,4,rld,14:50:37.757,39016,2.720,-2.645,0.057,0.000,0.000,onTarget,noEvent
6382,6,4,rld,14:50:37.818,39017,2.783,-2.645,0.057,0.000,0.000,onTarget,noEvent
6382,6,4,rld,14:50:37.905,39018,2.878,-2.645,0.057,0.000,0.000,onTarget,noEvent
6382,6,4,rld,14:50:37.966,39019,2.933,-2.645,0.057,0.000,0.000,onTarget,noEvent
6382,6,4,rld,14:50:38.019,39020,2.986,-2.645,0.057,0.000,0.000,onTarget,noEvent
6382,6,4,rld,14:50:38.086,39021,3.049,-2.645,0.057,0.000,0.000,onTarget,targetClick
6382,6,5,rld,14:50:40.898,39066,3.101,-0.203,-0.016,0.000,0.000,waitingForTarget,middleTargetClick
6382,6,5,rld,14:50:40.950,39067,3.159,-0.203,-0.016,0.000,0.000,waitingForTarget,noEvent
6382,6,5,rld,14:50:40.984,39068,3.192,-0.203,-0.016,0.000,0.000,waitingForTarget,noEvent
6382,6,5,rld,14:50:41.035,39069,3.239,-0.203,-0.016,0.000,0.000,waitingForTarget,noEvent
6382,6,5,rld,14:50:41.076,39070,3.290,-0.203,-0.016,0.000,0.000,waitingForTarget,noEvent
6382,6,5,rld,14:50:41.123,39071,3.337,-0.203,-0.016,0.000,0.000,waitingForTarget,noEvent
6382,6,5,rld,14:50:41.149,39072,3.363,-0.203,-0.016,0.000,0.000,waitingForTarget,noEvent
6382,6,5,rld,14:50:41.193,39073,3.392,-0.203,-0.016,0.000,0.000,waitingForTarget,noEvent
6382,6,5,rld,14:50:41.220,39074,3.435,-0.203,-0.016,0.000,0.000,waitingForTarget,noEvent
6382,6,5,rld,14:50:41.257,39075,3.470,-0.203,-0.016,0.000,0.000,waitingForTarget,noEvent
6382,6,5,rld,14:50:41.333,39076,3.542,-0.203,-0.016,0.000,0.000,waitingForTarget,noEvent
6382,6,5,rld,14:50:41.393,39077,0.051,-0.203,-0.016,0.000,0.000,activeTracking,targetAppeared
6382,6,5,rld,14:50:41.455,39078,0.118,-0.203,-0.016,0.000,0.000,activeTracking,noEvent
6382,6,5,rld,14:50:41.506,39079,0.162,-0.203,-0.016,0.000,0.000,activeTracking,noEvent
6382,6,5,rld,14:50:41.555,39080,0.227,-0.203,-0.016,0.000,0.000,activeTracking,noEvent
6382,6,5,rld,14:50:41.603,39081,0.268,-0.203,-0.016,0.000,0.000,activeTracking,noEvent
6382,6,5,rld,14:50:41.642,39082,0.310,-0.203,-0.016,0.000,0.000,activeTracking,noEvent
6382,6,5,rld,14:50:41.685,39083,0.348,-0.203,-0.016,0.000,0.000,activeTracking,noEvent
6382,6,5,rld,14:50:41.738,39084,0.393,-0.203,-0.016,0.000,0.000,activeTracking,noEvent
6382,6,5,rld,14:50:41.854,39085,0.465,-0.203,-0.016,0.000,0.000,activeTracking,noEvent
6382,6,5,rld,14:50:42.023,39086,0.683,1.903,0.124,18.500,1.200,activeTracking,noEvent
6382,6,5,rld,14:50:42.167,39087,0.827,2.891,0.129,2.100,-0.400,onTarget,noEvent
6382,6,5,rld,14:50:42.249,39088,0.901,3.396,0.121,1.300,-0.100,activeTracking,noEvent
6382,6,5,rld,14:50:42.307,39089,0.977,3.606,0.106,0.300,-0.100,activeTracking,noEvent
6382,6,5,rld,14:50:42.368,39090,1.032,3.689,0.101,0.100,0.000,activeTracking,noEvent
6382,6,5,rld,14:50:42.430,39091,1.095,3.730,0.100,0.100,0.000,activeTracking,noEvent
6382,6,5,rld,14:50:42.523,39092,1.193,3.744,0.099,0.000,0.000,activeTracking,noEvent
6382,6,5,rld,14:50:42.565,39093,1.230,3.748,0.099,0.000,0.000,activeTracking,noEvent
6382,6,5,rld,14:50:42.771,39094,1.427,3.291,0.096,-3.600,0.000,activeTracking,noEvent
6382,6,5,rld,14:50:42.988,39095,1.648,2.858,0.094,-2.300,0.000,onTarget,noEvent
6382,6,5,rld,14:50:43.049,39096,1.721,2.716,0.093,0.000,0.000,onTarget,noEvent
6382,6,5,rld,14:50:43.087,39097,1.760,2.669,0.093,0.000,0.000,onTarget,noEvent
6382,6,5,rld,14:50:43.144,39098,1.816,2.653,0.093,0.000,0.000,onTarget,noEvent
6382,6,5,rld,14:50:43.199,39099,1.868,2.648,0.093,0.000,0.000,onTarget,noEvent
6382,6,5,rld,14:50:43.257,39100,1.929,2.646,0.104,0.000,0.100,onTarget,noEvent
6382,6,5,rld,14:50:43.324,39101,1.995,2.646,0.108,0.000,0.000,onTarget,noEvent
6382,6,5,rld,14:50:43.385,39102,2.050,2.646,0.109,0.000,0.000,onTarget,noEvent
6382,6,5,rld,14:50:43.427,39103,2.090,2.645,0.110,0.000,0.000,onTarget,noEvent
6382,6,5,rld,14:50:43.489,39104,2.158,2.645,0.110,0.000,0.000,onTarget,noEvent
6382,6,5,rld,14:50:43.538,39105,2.205,2.645,0.110,0.000,0.000,onTarget,noEvent
6382,6,5,rld,14:50:43.601,39106,2.260,2.645,0.110,0.000,0.000,onTarget,noEvent
6382,6,5,rld,14:50:43.659,39107,2.318,2.645,0.110,0.000,0.000,onTarget,noEvent
6382,6,5,rld,14:50:43.703,39108,2.365,2.645,0.110,0.000,0.000,onTarget,noEvent
6382,6,5,rld,14:50:43.742,39109,2.410,2.645,0.110,0.000,0.000,onTarget,noEvent
6382,6,5,rld,14:50:43.838,39110,2.484,2.645,0.110,0.000,0.000,onTarget,noEvent
6382,6,5,rld,14:50:43.885,39111,2.550,2.645,0.110,0.000,0.000,onTarget,targetClick
6382,6,6,rld,14:50:49.216,39205,2.614,0.236,0.001,0.000,0.000,waitingForTarget,middleTargetClick
6382,6,6,rld,14:50:49.257,39206,2.662,0.236,0.001,0.000,0.000,waitingForTarget,noEvent
6382,6,6,rld,14:50:49.307,39207,2.713,0.236,0.001,0.000,0.000,waitingForTarget,noEvent
6382,6,6,rld,14:50:49.349,39208,2.743,0.236,0.001,0.000,0.000,waitingForTarget,noEvent
6382,6,6,rld,14:50:49.405,39209,2.801,0.236,0.001,0.000,0.000,waitingForTarget,noEvent
6382,6,6,rld,14:50:49.438,39210,2.846,0.236,0.001,0.000,0.000,waitingForTarget,noEvent
6382,6,6,rld,14:50:49.484,39211,2.886,0.236,0.001,0.000,0.000,waitingForTarget,noEvent
6382,6,6,rld,14:50:49.538,39212,2.943,0.236,0.001,0.000,0.000,waitingForTarget,noEvent
6382,6,6,rld,14:50:49.576,39213,2.985,0.236,0.001,0.000,0.000,waitingForTarget,noEvent
6382,6,6,rld,14:50:49.626,39214,3.025,0.236,0.001,0.000,0.000,waitingForTarget,noEvent
6382,6,6,rld,14:50:49.669,39215,0.050,0.236,0.001,0.000,0.000,activeTracking,targetAppeared
6382,6,6,rld,14:50:49.748,39216,0.120,0.236,0.001,0.000,0.000,activeTracking,noEvent
6382,6,6,rld,14:50:49.787,39217,0.160,0.236,0.001,0.000,0.000,activeTracking,noEvent
6382,6,6,rld,14:50:49.854,39218,0.237,0.236,0.001,0.000,0.000,activeTracking,noEvent
6382,6,6,rld,14:50:49.921,39219,0.290,0.236,0.001,0.000,0.000,activeTracking,noEvent
6382,6,6,rld,14:50:50.001,39220,0.354,0.236,0.001,0.000,0.000,activeTracking,noEvent
6382,6,6,rld,14:50:50.093,39221,0.461,-0.113,0.035,-3.100,0.300,activeTracking,noEvent
6382,6,6,rld,14:50:50.267,39222,0.628,0.752,-0.021,8.700,-0.600,activeTracking,noEvent
6382,6,6,rld,14:50:50.340,39223,0.719,1.592,-0.108,4.800,-0.600,activeTracking,noEvent
6382,6,6,rld,14:50:50.413,39224,0.789,1.935,-0.160,0.500,-0.200,activeTracking,noEvent
6382,6,6,rld,14:50:50.501,39225,0.869,2.074,-0.178,0.200,0.000,activeTracking,noEvent
6382,6,6,rld,14:50:50.557,39226,0.930,2.132,-0.184,0.100,0.000,activeTracking,noEvent
6382,6,6,rld,14:50:50.606,39227,0.981,2.152,-0.185,0.000,0.000,activeTracking,noEvent
6382,6,6,rld,14:50:50.664,39228,1.042,2.158,-0.186,0.000,0.000,activeTracking,noEvent
6382,6,6,rld,14:50:50.703,39229,1.085,2.160,-0.186,0.000,0.000,activeTracking,noEvent
6382,6,6,rld,14:50:50.757,39230,1.140,2.161,-0.186,0.000,0.000,activeTracking,noEvent
6382,6,6,rld,14:50:50.825,39231,1.199,2.161,-0.186,0.000,0.000,activeTracking,noEvent
6382,6,6,rld,14:50:50.872,39232,1.254,2.161,-0.186,0.000,0.000,activeTracking,noEvent
6382,6,6,rld,14:50:51.003,39233,1.376,2.162,-0.186,0.000,0.000,activeTracking,noEvent
6382,6,6,rld,14:50:51.054,39234,1.427,2.162,-0.186,0.000,0.000,activeTracking,noEvent
6382,6,6,rld,14:50:51.134,39235,1.491,2.173,-0.186,0.100,0.000,activeTracking,noEvent
6382,6,6,rld,14:50:51.225,39236,1.608,2.236,-0.152,0.500,0.300,activeTracking,noEvent
6382,6,6,rld,14:50:51.276,39237,1.659,2.281,-0.117,0.200,0.200,activeTracking,noEvent
6382,6,6,rld,14:50:51.431,39238,1.804,2.320,-0.094,0.200,0.100,activeTracking,noEvent
6382,6,6,rld,14:50:51.498,39239,1.877,2.369,-0.063,0.300,0.200,onTarget,noEvent
6382,6,6,rld,14:50:51.573,39240,1.943,2.421,-0.030,0.300,0.200,onTarget,noEvent
6382,6,6,rld,14:50:51.667,39241,2.030,2.462,-0.019,0.200,0.000,onTarget,noEvent
6382,6,6,rld,14:50:51.734,39242,2.101,2.488,-0.015,0.100,0.000,onTarget,noEvent
6382,6,6,rld,14:50:51.784,39243,2.160,2.509,-0.002,0.100,0.100,onTarget,noEvent
6382,6,6,rld,14:50:51.858,39244,2.220,2.527,0.014,0.100,0.100,onTarget,noEvent
6382,6,6,rld,14:50:51.935,39245,2.306,2.606,0.043,0.600,0.200,onTarget,noEvent
6382,6,6,rld,14:50:52.003,39246,2.385,2.656,0.053,0.200,0.000,onTarget,noEvent
6382,6,6,rld,14:50:52.058,39247,2.438,2.698,0.056,0.200,0.000,onTarget,noEvent
6382,6,6,rld,14:50:52.124,39248,2.505,2.711,0.057,0.000,0.000,onTarget,noEvent
6382,6,6,rld,14:50:52.175,39249,2.552,2.716,0.058,0.000,0.000,onTarget,noEvent
6382,6,6,rld,14:50:52.225,39250,2.594,2.717,0.058,0.000,0.000,onTarget,noEvent
6382,6,6,rld,14:50:52.301,39251,2.674,2.718,0.058,0.000,0.000,onTarget,noEvent
6382,6,6,rld,14:50:52.351,39252,2.728,2.718,0.058,0.000,0.000,onTarget,noEvent
6382,6,6,rld,14:50:52.389,39253,2.771,2.718,0.058,0.000,0.000,onTarget,noEvent
6382,6,6,rld,14:50:52.449,39254,2.821,2.718,0.058,0.000,0.000,onTarget,noEvent
6382,6,6,rld,14:50:52.483,39255,2.859,2.718,0.058,0.000,0.000,onTarget,noEvent
6382,6,6,rld,14:50:52.526,39256,2.909,2.718,0.058,0.000,0.000,onTarget,noEvent
6382,6,6,rld,14:50:52.603,39257,2.971,2.718,0.058,0.000,0.000,onTarget,noEvent
6382,6,6,rld,14:50:52.657,39258,3.041,2.718,0.058,0.000,0.000,onTarget,noEvent
6382,6,6,rld,14:50:52.718,39259,3.097,2.718,0.058,0.000,0.000,onTarget,noEvent
6382,6,6,rld,14:50:52.755,39260,3.138,2.718,0.058,0.000,0.000,onTarget,noEvent
6382,6,6,rld,14:50:52.802,39261,3.185,2.718,0.058,0.000,0.000,onTarget,noEvent
6382,6,6,rld,14:50:52.849,39262,3.220,2.718,0.058,0.000,0.000,onTarget,noEvent
6382,6,6,rld,14:50:52.886,39263,3.268,2.718,0.058,0.000,0.000,onTarget,noEvent
6382,6,6,rld,14:50:52.935,39264,3.310,2.718,0.058,0.000,0.000,onTarget,noEvent
6382,6,6,rld,14:50:52.959,39265,3.342,2.718,0.058,0.000,0.000,onTarget,noEvent
6382,6,6,rld,14:50:53.016,39266,3.387,2.718,0.058,0.000,0.000,onTarget,noEvent
6382,6,6,rld,14:50:53.049,39267,3.432,2.718,0.058,0.000,0.000,onTarget,noEvent
6382,6,6,rld,14:50:53.091,39268,3.472,2.718,0.058,0.000,0.000,onTarget,noEvent
6382,6,6,rld,14:50:53.134,39269,3.517,2.718,0.058,0.000,0.000,onTarget,noEvent
6382,6,6,rld,14:50:53.182,39270,3.560,2.718,0.058,0.000,0.000,onTarget,noEvent
6382,6,6,rld,14:50:53.241,39271,3.611,2.718,0.058,0.000,0.000,onTarget,noEvent
6382,6,6,rld,14:50:53.305,39272,3.672,2.718,0.058,0.000,0.000,onTarget,noEvent
6382,6,6,rld,14:50:53.356,39273,3.727,2.718,0.058,0.000,0.000,onTarget,noEvent
6382,6,6,rld,14:50:53.401,39274,3.777,2.718,0.058,0.000,0.000,onTarget,noEvent
6382,6,6,rld,14:50:53.452,39275,3.820,2.718,0.058,0.000,0.000,onTarget,noEvent
6382,6,6,rld,14:50:53.486,39276,3.870,2.718,0.058,0.000,0.000,onTarget,noEvent
6382,6,6,rld,14:50:53.537,39277,3.910,2.718,0.058,0.000,0.000,onTarget,noEvent
6382,6,6,rld,14:50:53.576,39278,3.955,2.718,0.058,0.000,0.000,onTarget,noEvent
6382,6,7,rld,14:50:58.462,39363,0.036,-0.017,0.052,0.000,0.000,activeTracking,targetAppeared
6382,6,7,rld,14:50:58.524,39364,0.090,-0.017,0.052,0.000,0.000,activeTracking,noEvent
6382,6,7,rld,14:50:58.565,39365,0.137,-0.017,0.052,0.000,0.000,activeTracking,noEvent
6382,6,7,rld,14:50:58.638,39366,0.211,-0.017,0.052,0.000,0.000,activeTracking,noEvent
6382,6,7,rld,14:50:58.686,39367,0.249,-0.017,0.052,0.000,0.000,activeTracking,noEvent
6382,6,7,rld,14:50:58.724,39368,0.301,-0.017,0.052,0.000,0.000,activeTracking,noEvent
6382,6,7,rld,14:50:58.783,39369,0.347,-0.017,0.052,0.000,0.000,activeTracking,noEvent
6382,6,7,rld,14:50:58.860,39370,0.424,-0.017,0.052,0.000,0.000,activeTracking,noEvent
6382,6,7,rld,14:50:58.899,39371,0.475,-0.017,0.052,0.000,0.000,activeTracking,noEvent
6382,6,7,rld,14:50:59.085,39372,0.597,-0.954,-0.038,-8.300,-0.800,activeTracking,noEvent
6382,6,7,rld,14:50:59.252,39373,0.799,-1.626,-0.113,-3.100,-0.400,activeTracking,noEvent
6382,6,7,rld,14:50:59.304,39374,0.877,-1.900,-0.139,-0.400,0.000,activeTracking,noEvent
6382,6,7,rld,14:50:59.350,39375,0.926,-1.992,-0.147,0.000,0.000,activeTracking,noEvent
6382,6,7,rld,14:50:59.404,39376,0.973,-2.022,-0.150,0.000,0.000,activeTracking,noEvent
6382,6,7,rld,14:50:59.468,39377,1.033,-2.033,-0.151,0.000,0.000,activeTracking,noEvent
6382,6,7,rld,14:50:59.515,39378,1.091,-2.036,-0.152,0.000,0.000,activeTracking,noEvent
6382,6,7,rld,14:50:59.564,39379,1.134,-2.037,-0.152,0.000,0.000,activeTracking,noEvent
6382,6,7,rld,14:50:59.624,39380,1.184,-2.038,-0.152,0.000,0.000,activeTracking,noEvent
6382,6,7,rld,14:50:59.682,39381,1.250,-2.038,-0.152,0.000,0.000,activeTracking,noEvent
6382,6,7,rld,14:50:59.732,39382,1.299,-2.038,-0.152,0.000,0.000,activeTracking,noEvent
6382,6,7,rld,14:50:59.823,39383,1.375,-2.038,-0.140,0.000,0.100,activeTracking,noEvent
6382,6,7,rld,14:50:59.919,39384,1.494,-2.085,-0.090,-0.400,0.400,activeTracking,noEvent
6382,6,7,rld,14:51:00.038,39385,1.575,-2.195,-0.016,-0.800,0.500,activeTracking,noEvent
6382,6,7,rld,14:51:00.115,39386,1.686,-2.351,0.044,-1.000,0.300,onTarget,noEvent
6382,6,7,rld,14:51:00.217,39387,1.774,-2.463,0.087,-0.500,0.200,onTarget,noEvent
6382,6,7,rld,14:51:00.266,39388,1.839,-2.536,0.102,-0.300,0.000,onTarget,noEvent
6382,6,7,rld,14:51:00.346,39389,1.904,-2.585,0.107,-0.200,0.000,onTarget,noEvent
6382,6,7,rld,14:51:00.398,39390,1.965,-2.625,0.109,-0.200,0.000,onTarget,noEvent
6382,6,7,rld,14:51:00.472,39391,2.046,-2.675,0.110,-0.300,0.000,onTarget,noEvent
6382,6,7,rld,14:51:00.535,39392,2.111,-2.704,0.110,-0.100,0.000,onTarget,noEvent
6382,6,7,rld,14:51:00.575,39393,2.151,-2.713,0.110,0.000,0.000,onTarget,noEvent
6382,6,7,rld,14:51:00.634,39394,2.195,-2.716,0.110,0.000,0.000,onTarget,noEvent
6382,6,7,rld,14:51:00.686,39395,2.248,-2.718,0.110,0.000,0.000,onTarget,noEvent
6382,6,7,rld,14:51:00.734,39396,2.300,-2.718,0.110,0.000,0.000,onTarget,noEvent
6382,6,7,rld,14:51:00.773,39397,2.345,-2.718,0.110,0.000,0.000,onTarget,noEvent
6382,6,7,rld,14:51:00.826,39398,2.401,-2.718,0.110,0.000,0.000,onTarget,noEvent
6382,6,7,rld,14:51:00.876,39399,2.450,-2.718,0.110,0.000,0.000,onTarget,noEvent
6382,6,7,rld,14:51:00.917,39400,2.487,-2.718,0.110,0.000,0.000,onTarget,noEvent
6382,6,7,rld,14:51:00.975,39401,2.545,-2.718,0.110,0.000,0.000,onTarget,noEvent
6382,6,7,rld,14:51:01.026,39402,2.602,-2.718,0.110,0.000,0.000,onTarget,noEvent
6382,6,7,rld,14:51:01.095,39403,2.661,-2.718,0.110,0.000,0.000,onTarget,targetClick
6382,6,8,rld,14:51:04.687,39459,2.714,-0.034,0.018,0.000,0.000,waitingForTarget,middleTargetClick
6382,6,8,rld,14:51:04.737,39460,2.763,-0.034,0.018,0.000,0.000,waitingForTarget,noEvent
6382,6,8,rld,14:51:04.787,39461,2.814,-0.034,0.018,0.000,0.000,waitingForTarget,noEvent
6382,6,8,rld,14:51:04.848,39462,2.873,-0.034,0.018,0.000,0.000,waitingForTarget,noEvent
6382,6,8,rld,14:51:04.899,39463,2.933,-0.034,0.018,0.000,0.000,waitingForTarget,noEvent
6382,6,8,rld,14:51:04.939,39464,2.975,-0.034,0.018,0.000,0.000,waitingForTarget,noEvent
6382,6,8,rld,14:51:04.984,39465,3.012,-0.034,0.018,0.000,0.000,waitingForTarget,noEvent
6382,6,8,rld,14:51:05.036,39466,3.057,-0.034,0.018,0.000,0.000,waitingForTarget,noEvent
6382,6,8,rld,14:51:05.090,39467,3.124,-0.034,0.018,0.000,0.000,waitingForTarget,noEvent
6382,6,8,rld,14:51:05.136,39468,0.040,-0.034,0.018,0.000,0.000,activeTracking,targetAppeared
6382,6,8,rld,14:51:05.190,39469,0.102,-0.034,0.018,0.000,0.000,activeTracking,noEvent
6382,6,8,rld,14:51:05.237,39470,0.146,-0.034,0.018,0.000,0.000,activeTracking,noEvent
6382,6,8,rld,14:51:05.285,39471,0.186,-0.034,0.018,0.000,0.000,activeTracking,noEvent
6382,6,8,rld,14:51:05.324,39472,0.231,-0.034,0.018,0.000,0.000,activeTracking,noEvent
6382,6,8,rld,14:51:05.368,39473,0.272,-0.034,0.018,0.000,0.000,activeTracking,noEvent
6382,6,8,rld,14:51:05.417,39474,0.316,-0.034,0.018,0.000,0.000,activeTracking,noEvent
6382,6,8,rld,14:51:05.473,39475,0.370,-0.034,0.018,0.000,0.000,activeTracking,noEvent
6382,6,8,rld,14:51:05.534,39476,0.439,-0.034,0.018,0.000,0.000,activeTracking,noEvent
6382,6,8,rld,14:51:05.571,39477,0.479,-0.034,0.018,0.000,0.000,activeTracking,noEvent
6382,6,8,rld,14:51:05.765,39478,0.665,-0.823,0.007,-7.000,-0.100,activeTracking,noEvent
6382,6,8,rld,14:51:05.914,39479,0.822,-1.351,0.016,-2.300,0.100,activeTracking,noEvent
6382,6,8,rld,14:51:05.990,39480,0.896,-1.668,0.041,-1.200,0.200,activeTracking,noEvent
6382,6,8,rld,14:51:06.096,39481,0.997,-1.855,0.085,-0.700,0.300,activeTracking,noEvent
6382,6,8,rld,14:51:06.197,39482,1.086,-1.977,0.123,-0.500,0.200,activeTracking,noEvent
6382,6,8,rld,14:51:06.280,39483,1.187,-2.076,0.170,-0.500,0.300,activeTracking,noEvent
6382,6,8,rld,14:51:06.357,39484,1.270,-2.133,0.209,-0.200,0.200,activeTracking,noEvent
6382,6,8,rld,14:51:06.418,39485,1.321,-2.176,0.234,-0.200,0.100,activeTracking,noEvent
6382,6,8,rld,14:51:06.537,39486,1.429,-2.214,0.277,-0.200,0.300,activeTracking,noEvent
6382,6,8,rld,14:51:06.608,39487,1.519,-2.297,0.304,-0.600,0.100,activeTracking,noEvent
6382,6,8,rld,14:51:06.694,39488,1.599,-2.433,0.314,-0.900,0.000,activeTracking,noEvent
6382,6,8,rld,14:51:06.775,39489,1.678,-2.526,0.306,-0.400,-0.100,activeTracking,noEvent
6382,6,8,rld,14:51:06.846,39490,1.751,-2.581,0.303,-0.200,0.000,onTarget,noEvent
6382,6,8,rld,14:51:06.903,39491,1.816,-2.600,0.303,0.000,0.000,onTarget,noEvent
6382,6,8,rld,14:51:06.941,39492,1.852,-2.606,0.302,0.000,0.000,onTarget,noEvent
6382,6,8,rld,14:51:06.998,39493,1.900,-2.608,0.302,0.000,0.000,onTarget,noEvent
6382,6,8,rld,14:51:07.068,39494,1.968,-2.609,0.279,0.000,-0.200,onTarget,noEvent
6382,6,8,rld,14:51:07.150,39495,2.051,-2.609,0.236,0.000,-0.300,onTarget,noEvent
6382,6,8,rld,14:51:07.208,39496,2.115,-2.597,0.175,0.100,-0.400,onTarget,noEvent
6382,6,8,rld,14:51:07.272,39497,2.183,-2.581,0.131,0.100,-0.200,onTarget,noEvent
6382,6,8,rld,14:51:07.331,39498,2.236,-2.564,0.105,0.100,-0.100,onTarget,noEvent
6382,6,8,rld,14:51:07.406,39499,2.318,-2.546,0.061,0.100,-0.300,onTarget,noEvent
6382,6,8,rld,14:51:07.465,39500,2.369,-2.540,0.035,0.000,-0.100,onTarget,noEvent
6382,6,8,rld,14:51:07.522,39501,2.428,-2.538,0.015,0.000,-0.100,onTarget,noEvent
6382,6,8,rld,14:51:07.571,39502,2.480,-2.537,0.008,0.000,0.000,onTarget,noEvent
6382,6,8,rld,14:51:07.612,39503,2.520,-2.537,0.006,0.000,0.000,onTarget,noEvent
6382,6,8,rld,14:51:07.649,39504,2.556,-2.537,0.005,0.000,0.000,onTarget,noEvent
6382,6,8,rld,14:51:07.703,39505,2.601,-2.537,0.005,0.000,0.000,onTarget,noEvent
6382,6,8,rld,14:51:07.749,39506,2.650,-2.537,0.005,0.000,0.000,onTarget,noEvent
6382,6,8,rld,14:51:07.802,39507,2.712,-2.537,0.005,0.000,0.000,onTarget,noEvent
6382,6,8,rld,14:51:07.849,39508,2.762,-2.537,0.005,0.000,0.000,onTarget,noEvent
6382,6,8,rld,14:51:07.900,39509,2.811,-2.537,0.005,0.000,0.000,onTarget,noEvent
6382,6,8,rld,14:51:07.962,39510,2.870,-2.537,0.005,0.000,0.000,onTarget,noEvent
6382,6,8,rld,14:51:08.009,39511,2.918,-2.537,0.005,0.000,0.000,onTarget,targetClick
6382,6,9,rld,14:51:10.365,39550,2.985,-0.135,-0.184,0.000,0.000,waitingForTarget,middleTargetClick
6382,6,9,rld,14:51:10.407,39551,3.034,-0.135,-0.184,0.000,0.000,waitingForTarget,noEvent
6382,6,9,rld,14:51:10.454,39552,3.071,-0.135,-0.184,0.000,0.000,waitingForTarget,noEvent
6382,6,9,rld,14:51:10.499,39553,3.112,-0.135,-0.184,0.000,0.000,waitingForTarget,noEvent
6382,6,9,rld,14:51:10.547,39554,3.173,-0.135,-0.184,0.000,0.000,waitingForTarget,noEvent
6382,6,9,rld,14:51:10.585,39555,3.213,-0.135,-0.184,0.000,0.000,waitingForTarget,noEvent
6382,6,9,rld,14:51:10.633,39556,3.245,-0.135,-0.184,0.000,0.000,waitingForTarget,noEvent
6382,6,9,rld,14:51:10.671,39557,3.294,-0.135,-0.184,0.000,0.000,waitingForTarget,noEvent
6382,6,9,rld,14:51:10.721,39558,3.336,-0.135,-0.184,0.000,0.000,waitingForTarget,noEvent
6382,6,9,rld,14:51:10.739,39559,3.367,-0.135,-0.184,0.000,0.000,waitingForTarget,noEvent
6382,6,9,rld,14:51:10.878,39560,3.501,-0.135,-0.184,0.000,0.000,waitingForTarget,noEvent
6382,6,9,rld,14:51:10.923,39561,0.049,-0.135,-0.184,0.000,0.000,activeTracking,targetAppeared
6382,6,9,rld,14:51:10.975,39562,0.101,-0.135,-0.184,0.000,0.000,activeTracking,noEvent
6382,6,9,rld,14:51:11.023,39563,0.135,-0.135,-0.184,0.000,0.000,activeTracking,noEvent
6382,6,9,rld,14:51:11.104,39564,0.200,-0.135,-0.184,0.000,0.000,activeTracking,noEvent
6382,6,9,rld,14:51:11.206,39565,0.325,0.101,-0.151,2.100,0.300,activeTracking,noEvent
6382,6,9,rld,14:51:11.337,39566,0.462,0.676,-0.049,4.400,0.800,activeTracking,noEvent
6382,6,9,rld,14:51:11.468,39567,0.565,0.801,0.007,-0.600,0.200,activeTracking,noEvent
6382,6,9,rld,14:51:11.586,39568,0.685,-0.895,0.184,-15.400,1.400,activeTracking,noEvent
6382,6,9,rld,14:51:11.685,39569,0.801,-1.699,0.316,-2.000,0.600,activeTracking,noEvent
6382,6,9,rld,14:51:11.820,39570,0.928,-2.100,0.385,-1.100,0.200,activeTracking,noEvent
6382,6,9,rld,14:51:11.948,39571,1.048,-2.691,0.368,-3.800,-0.400,activeTracking,noEvent
6382,6,9,rld,14:51:12.032,39572,1.133,-2.978,0.364,-0.700,0.000,activeTracking,noEvent
6382,6,9,rld,14:51:12.111,39573,1.224,-3.100,0.386,-0.200,0.200,activeTracking,noEvent
6382,6,9,rld,14:51:12.174,39574,1.292,-3.140,0.417,0.000,0.200,activeTracking,noEvent
6382,6,9,rld,14:51:12.245,39575,1.353,-3.129,0.428,0.200,0.000,activeTracking,noEvent
6382,6,9,rld,14:51:12.373,39576,1.481,-2.335,0.489,6.500,0.600,activeTracking,noEvent
6382,6,9,rld,14:51:12.464,39577,1.585,-1.890,0.508,1.600,0.000,activeTracking,noEvent
6382,6,9,rld,14:51:12.535,39578,1.660,-1.720,0.514,0.200,0.000,activeTracking,noEvent
6382,6,9,rld,14:51:12.622,39579,1.734,-1.652,0.481,0.100,-0.300,activeTracking,noEvent
6382,6,9,rld,14:51:12.673,39580,1.794,-1.629,0.459,0.000,-0.100,activeTracking,noEvent
6382,6,9,rld,14:51:12.748,39581,1.842,-1.622,0.440,0.000,-0.100,activeTracking,noEvent
6382,6,9,rld,14:51:12.847,39582,1.959,-1.677,0.389,-0.500,-0.400,activeTracking,noEvent
6382,6,9,rld,14:51:12.983,39583,2.079,-1.835,0.315,-1.200,-0.500,activeTracking,noEvent
6382,6,9,rld,14:51:13.091,39584,2.209,-2.123,0.212,-2.000,-0.700,activeTracking,noEvent
6382,6,9,rld,14:51:13.182,39585,2.292,-2.315,0.166,-0.800,-0.100,activeTracking,noEvent
6382,6,9,rld,14:51:13.232,39586,2.353,-2.415,0.151,-0.300,0.000,onTarget,noEvent
6382,6,9,rld,14:51:13.305,39587,2.415,-2.460,0.146,-0.100,0.000,onTarget,noEvent
6382,6,9,rld,14:51:13.351,39588,2.476,-2.487,0.145,-0.100,0.000,onTarget,noEvent
6382,6,9,rld,14:51:13.413,39589,2.529,-2.496,0.144,0.000,0.000,onTarget,noEvent
6382,6,9,rld,14:51:13.464,39590,2.583,-2.511,0.144,-0.100,0.000,onTarget,noEvent
6382,6,9,rld,14:51:13.517,39591,2.631,-2.516,0.144,0.000,0.000,onTarget,noEvent
6382,6,9,rld,14:51:13.557,39592,2.680,-2.518,0.144,0.000,0.000,onTarget,noEvent
6382,6,9,rld,14:51:13.624,39593,2.734,-2.519,0.144,0.000,0.000,onTarget,noEvent
6382,6,9,rld,14:51:13.682,39594,2.797,-2.519,0.144,0.000,0.000,onTarget,noEvent
6382,6,9,rld,14:51:13.739,39595,2.855,-2.519,0.144,0.000,0.000,onTarget,noEvent
6382,6,9,rld,14:51:13.796,39596,2.918,-2.519,0.144,0.000,0.000,onTarget,noEvent
6382,6,9,rld,14:51:13.854,39597,2.968,-2.519,0.144,0.000,0.000,onTarget,noEvent
6382,6,9,rld,14:51:13.915,39598,3.035,-2.519,0.133,0.000,-0.100,onTarget,noEvent
6382,6,9,rld,14:51:13.985,39599,3.097,-2.531,0.117,-0.100,-0.100,onTarget,noEvent
6382,6,9,rld,14:51:14.045,39600,3.158,-2.535,0.112,0.000,0.000,onTarget,noEvent
6382,6,9,rld,14:51:14.100,39601,3.226,-2.548,0.099,-0.100,-0.100,onTarget,noEvent
6382,6,9,rld,14:51:14.166,39602,3.292,-2.553,0.083,0.000,-0.100,onTarget,noEvent
6382,6,9,rld,14:51:14.219,39603,3.343,-2.566,0.077,-0.100,0.000,onTarget,noEvent
6382,6,9,rld,14:51:14.288,39604,3.414,-2.583,0.052,-0.100,-0.200,onTarget,noEvent
6382,6,9,rld,14:51:14.319,39605,3.442,-2.588,0.044,0.000,0.000,onTarget,noEvent
6382,6,9,rld,14:51:14.392,39606,3.515,-2.602,0.041,-0.100,0.000,onTarget,noEvent
6382,6,9,rld,14:51:14.454,39607,3.568,-2.607,0.040,0.000,0.000,onTarget,noEvent
6382,6,9,rld,14:51:14.506,39608,3.620,-2.608,0.040,0.000,0.000,onTarget,noEvent
6382,6,9,rld,14:51:14.566,39609,3.680,-2.621,0.040,-0.100,0.000,onTarget,noEvent
6382,6,9,rld,14:51:14.619,39610,3.744,-2.637,0.028,-0.100,-0.100,onTarget,noEvent
6382,6,9,rld,14:51:14.685,39611,3.807,-2.667,0.025,-0.200,0.000,onTarget,noEvent
6382,6,9,rld,14:51:14.731,39612,3.853,-2.677,0.023,0.000,0.000,onTarget,noEvent
6382,6,9,rld,14:51:14.785,39613,3.908,-2.680,0.023,0.000,0.000,onTarget,noEvent
6382,6,9,rld,14:51:14.847,39614,3.972,-2.681,0.023,0.000,0.000,onTarget,noEvent
6382,6,10,rld,14:51:18.184,39680,0.040,-0.135,0.221,0.000,0.000,activeTracking,targetAppeared
6382,6,10,rld,14:51:18.223,39681,0.087,-0.135,0.221,0.000,0.000,activeTracking,noEvent
6382,6,10,rld,14:51:18.280,39682,0.133,-0.135,0.221,0.000,0.000,activeTracking,noEvent
6382,6,10,rld,14:51:18.325,39683,0.181,-0.135,0.221,0.000,0.000,activeTracking,noEvent
6382,6,10,rld,14:51:18.456,39684,0.256,-0.135,0.221,0.000,0.000,activeTracking,noEvent
6382,6,10,rld,14:51:18.588,39685,0.446,0.259,0.198,3.500,-0.200,activeTracking,noEvent
6382,6,10,rld,14:51:18.684,39686,0.517,0.413,0.180,0.200,-0.100,activeTracking,noEvent
6382,6,10,rld,14:51:18.922,39687,0.761,-0.775,0.027,-11.000,-1.300,activeTracking,noEvent
6382,6,10,rld,14:51:19.013,39688,0.864,-1.623,-0.034,-3.900,-0.100,activeTracking,noEvent
6382,6,10,rld,14:51:19.091,39689,0.954,-2.063,-0.078,-1.300,-0.200,activeTracking,noEvent
6382,6,10,rld,14:51:19.175,39690,1.024,-2.247,-0.093,-0.300,0.000,activeTracking,noEvent
6382,6,10,rld,14:51:19.235,39691,1.095,-2.332,-0.098,-0.200,0.000,activeTracking,noEvent
6382,6,10,rld,14:51:19.287,39692,1.148,-2.373,-0.099,-0.100,0.000,onTarget,noEvent
6382,6,10,rld,14:51:19.352,39693,1.203,-2.410,-0.100,-0.200,0.000,onTarget,noEvent
6382,6,10,rld,14:51:19.394,39694,1.253,-2.423,-0.100,0.000,0.000,onTarget,noEvent
6382,6,10,rld,14:51:19.446,39695,1.310,-2.427,-0.100,0.000,0.000,onTarget,noEvent
6382,6,10,rld,14:51:19.503,39696,1.360,-2.428,-0.100,0.000,0.000,onTarget,noEvent
6382,6,10,rld,14:51:19.558,39697,1.414,-2.429,-0.100,0.000,0.000,onTarget,noEvent
6382,6,10,rld,14:51:19.607,39698,1.467,-2.429,-0.100,0.000,0.000,onTarget,noEvent
6382,6,10,rld,14:51:19.664,39699,1.522,-2.429,-0.100,0.000,0.000,onTarget,noEvent
6382,6,10,rld,14:51:19.721,39700,1.573,-2.429,-0.100,0.000,0.000,onTarget,noEvent
6382,6,10,rld,14:51:19.769,39701,1.620,-2.429,-0.100,0.000,0.000,onTarget,noEvent
6382,6,10,rld,14:51:19.822,39702,1.684,-2.429,-0.100,0.000,0.000,onTarget,noEvent
6382,6,10,rld,14:51:19.884,39703,1.739,-2.429,-0.100,0.000,0.000,onTarget,noEvent
6382,6,10,rld,14:51:19.949,39704,1.801,-2.429,-0.100,0.000,0.000,onTarget,noEvent
6382,6,10,rld,14:51:20.019,39705,1.866,-2.441,-0.100,-0.100,0.000,onTarget,noEvent
6382,6,10,rld,14:51:20.083,39706,1.931,-2.469,-0.100,-0.200,0.000,onTarget,noEvent
6382,6,10,rld,14:51:20.139,39707,1.999,-2.490,-0.100,-0.100,0.000,onTarget,noEvent
6382,6,10,rld,14:51:20.207,39708,2.067,-2.509,-0.100,-0.100,0.000,onTarget,noEvent
6382,6,10,rld,14:51:20.257,39709,2.117,-2.516,-0.100,0.000,0.000,onTarget,noEvent
6382,6,10,rld,14:51:20.328,39710,2.173,-2.530,-0.088,-0.100,0.100,onTarget,noEvent
6382,6,10,rld,14:51:20.370,39711,2.231,-2.547,-0.084,-0.100,0.000,onTarget,noEvent
6382,6,10,rld,14:51:20.423,39712,2.285,-2.552,-0.083,0.000,0.000,onTarget,noEvent
6382,6,10,rld,14:51:20.481,39713,2.331,-2.554,-0.083,0.000,0.000,onTarget,noEvent
6382,6,10,rld,14:51:20.535,39714,2.394,-2.555,-0.083,0.000,0.000,onTarget,noEvent
6382,6,10,rld,14:51:20.585,39715,2.437,-2.555,-0.083,0.000,0.000,onTarget,noEvent
6382,6,10,rld,14:51:20.650,39716,2.512,-2.555,-0.083,0.000,0.000,onTarget,noEvent
6382,6,10,rld,14:51:20.734,39717,2.585,-2.579,-0.071,-0.200,0.100,onTarget,noEvent
6382,6,10,rld,14:51:20.784,39718,2.635,-2.587,-0.067,0.000,0.000,onTarget,noEvent
6382,6,10,rld,14:51:20.856,39719,2.702,-2.590,-0.066,0.000,0.000,onTarget,noEvent
6382,6,10,rld,14:51:20.924,39720,2.771,-2.603,-0.042,-0.100,0.200,onTarget,noEvent
6382,6,10,rld,14:51:21.001,39721,2.850,-2.631,-0.034,-0.200,0.000,onTarget,noEvent
6382,6,10,rld,14:51:21.065,39722,2.913,-2.653,-0.020,-0.100,0.100,onTarget,noEvent
6382,6,10,rld,14:51:21.117,39723,2.978,-2.684,-0.003,-0.200,0.100,onTarget,noEvent
6382,6,10,rld,14:51:21.166,39724,3.022,-2.695,0.002,0.000,0.000,onTarget,noEvent
6382,6,10,rld,14:51:21.216,39725,3.073,-2.698,0.004,0.000,0.000,onTarget,noEvent
6382,6,10,rld,14:51:21.281,39726,3.133,-2.699,0.005,0.000,0.000,onTarget,noEvent
6382,6,10,rld,14:51:21.330,39727,3.182,-2.700,0.005,0.000,0.000,onTarget,noEvent
6382,6,10,rld,14:51:21.380,39728,3.240,-2.700,0.005,0.000,0.000,onTarget,noEvent
6382,6,10,rld,14:51:21.407,39729,3.270,-2.700,0.005,0.000,0.000,onTarget,noEvent
6382,6,10,rld,14:51:21.450,39730,3.312,-2.700,0.005,0.000,0.000,onTarget,noEvent
6382,6,10,rld,14:51:21.502,39731,3.351,-2.700,0.005,0.000,0.000,onTarget,noEvent
6382,6,10,rld,14:51:21.549,39732,3.412,-2.700,0.005,0.000,0.000,onTarget,noEvent
6382,6,10,rld,14:51:21.605,39733,3.455,-2.700,0.005,0.000,0.000,onTarget,noEvent
6382,6,10,rld,14:51:21.656,39734,3.514,-2.700,0.005,0.000,0.000,onTarget,noEvent
6382,6,10,rld,14:51:21.706,39735,3.566,-2.700,0.005,0.000,0.000,onTarget,targetClick
6382,6,11,rld,14:51:24.171,39775,3.630,0.084,0.001,0.000,0.000,waitingForTarget,middleTargetClick
6382,6,11,rld,14:51:24.206,39776,3.670,0.084,0.001,0.000,0.000,waitingForTarget,noEvent
6382,6,11,rld,14:51:24.251,39777,3.712,0.084,0.001,0.000,0.000,waitingForTarget,noEvent
6382,6,11,rld,14:51:24.300,39778,3.751,0.084,0.001,0.000,0.000,waitingForTarget,noEvent
6382,6,11,rld,14:51:24.340,39779,3.800,0.084,0.001,0.000,0.000,waitingForTarget,noEvent
6382,6,11,rld,14:51:24.390,39780,3.852,0.084,0.001,0.000,0.000,waitingForTarget,noEvent
6382,6,11,rld,14:51:24.436,39781,3.899,0.084,0.001,0.000,0.000,waitingForTarget,noEvent
6382,6,11,rld,14:51:24.474,39782,3.933,0.084,0.001,0.000,0.000,waitingForTarget,noEvent
6382,6,11,rld,14:51:24.523,39783,3.985,0.084,0.001,0.000,0.000,waitingForTarget,noEvent
6382,6,11,rld,14:51:24.658,39786,0.046,0.084,0.001,0.000,0.000,activeTracking,targetAppeared
6382,6,11,rld,14:51:24.713,39787,0.100,0.084,0.001,0.000,0.000,activeTracking,noEvent
6382,6,11,rld,14:51:24.755,39788,0.146,0.084,0.001,0.000,0.000,activeTracking,noEvent
6382,6,11,rld,14:51:24.800,39789,0.195,0.084,0.001,0.000,0.000,activeTracking,noEvent
6382,6,11,rld,14:51:24.845,39790,0.240,0.084,0.001,0.000,0.000,activeTracking,noEvent
6382,6,11,rld,14:51:24.894,39791,0.283,0.084,0.001,0.000,0.000,activeTracking,noEvent
6382,6,11,rld,14:51:24.933,39792,0.316,0.084,0.001,0.000,0.000,activeTracking,noEvent
6382,6,11,rld,14:51:24.985,39793,0.363,0.084,0.001,0.000,0.000,activeTracking,noEvent
6382,6,11,rld,14:51:25.030,39794,0.423,0.084,0.001,0.000,0.000,activeTracking,noEvent
6382,6,11,rld,14:51:25.065,39795,0.456,0.084,0.001,0.000,0.000,activeTracking,noEvent
6382,6,11,rld,14:51:25.114,39796,0.504,0.084,0.001,0.000,0.000,activeTracking,noEvent
6382,6,11,rld,14:51:25.184,39797,0.578,0.084,0.001,0.000,0.000,activeTracking,noEvent
6382,6,11,rld,14:51:25.319,39798,0.698,1.434,0.526,11.900,4.600,activeTracking,noEvent
6382,6,11,rld,14:51:25.465,39799,0.816,2.270,0.785,3.200,0.600,activeTracking,noEvent
6382,6,11,rld,14:51:25.529,39800,0.922,2.628,0.876,0.600,0.000,activeTracking,noEvent
6382,6,11,rld,14:51:25.603,39801,0.993,2.773,0.896,0.200,-0.100,activeTracking,noEvent
6382,6,11,rld,14:51:25.652,39802,1.042,2.822,0.903,0.000,0.000,activeTracking,noEvent
6382,6,11,rld,14:51:25.702,39803,1.088,2.838,0.905,0.000,0.000,activeTracking,noEvent
6382,6,11,rld,14:51:25.756,39804,1.148,2.843,0.894,0.000,-0.100,activeTracking,noEvent
6382,6,11,rld,14:51:25.836,39805,1.218,2.845,0.878,0.000,-0.100,activeTracking,noEvent
6382,6,11,rld,14:51:25.929,39806,1.306,2.834,0.837,-0.100,-0.300,activeTracking,noEvent
6382,6,11,rld,14:51:26.001,39807,1.394,2.781,0.775,-0.400,-0.400,activeTracking,noEvent
6382,6,11,rld,14:51:26.106,39808,1.497,2.703,0.577,-0.500,-1.500,activeTracking,noEvent
6382,6,11,rld,14:51:26.238,39809,1.601,2.725,0.371,0.400,-1.200,activeTracking,noEvent
6382,6,11,rld,14:51:26.317,39810,1.700,2.781,0.233,0.400,-0.600,onTarget,noEvent
6382,6,11,rld,14:51:26.371,39811,1.756,2.812,0.175,0.100,-0.100,onTarget,noEvent
6382,6,11,rld,14:51:26.417,39812,1.811,2.823,0.144,0.000,-0.100,onTarget,noEvent
6382,6,11,rld,14:51:26.479,39813,1.871,2.838,0.134,0.100,0.000,onTarget,noEvent
6382,6,11,rld,14:51:26.527,39814,1.920,2.843,0.130,0.000,0.000,onTarget,noEvent
6382,6,11,rld,14:51:26.573,39815,1.965,2.845,0.129,0.000,0.000,onTarget,noEvent
6382,6,11,rld,14:51:26.620,39816,2.015,2.846,0.129,0.000,0.000,onTarget,noEvent
6382,6,11,rld,14:51:26.675,39817,2.066,2.846,0.129,0.000,0.000,onTarget,noEvent
6382,6,11,rld,14:51:26.719,39818,2.113,2.846,0.129,0.000,0.000,onTarget,noEvent
6382,6,11,rld,14:51:26.784,39819,2.168,2.846,0.129,0.000,0.000,onTarget,noEvent
6382,6,11,rld,14:51:26.845,39820,2.232,2.846,0.129,0.000,0.000,onTarget,noEvent
6382,6,11,rld,14:51:26.903,39821,2.293,2.846,0.129,0.000,0.000,onTarget,noEvent
6382,6,11,rld,14:51:26.953,39822,2.335,2.846,0.129,0.000,0.000,onTarget,noEvent
6382,6,11,rld,14:51:26.989,39823,2.384,2.846,0.129,0.000,0.000,onTarget,noEvent
6382,6,11,rld,14:51:27.056,39824,2.444,2.846,0.129,0.000,0.000,onTarget,noEvent
6382,6,11,rld,14:51:27.106,39825,2.496,2.846,0.129,0.000,0.000,onTarget,noEvent
6382,6,11,rld,14:51:27.169,39826,2.565,2.846,0.129,0.000,0.000,onTarget,targetClick
6382,6,12,rld,14:51:31.414,39894,2.644,-0.067,-0.016,0.000,0.000,waitingForTarget,middleTargetClick
6382,6,12,rld,14:51:31.476,39895,2.698,-0.067,-0.016,0.000,0.000,waitingForTarget,noEvent
6382,6,12,rld,14:51:31.516,39896,2.747,-0.067,-0.016,0.000,0.000,waitingForTarget,noEvent
6382,6,12,rld,14:51:31.571,39897,2.785,-0.067,-0.016,0.000,0.000,waitingForTarget,noEvent
6382,6,12,rld,14:51:31.614,39898,2.844,-0.067,-0.016,0.000,0.000,waitingForTarget,noEvent
6382,6,12,rld,14:51:31.654,39899,2.881,-0.067,-0.016,0.000,0.000,waitingForTarget,noEvent
6382,6,12,rld,14:51:31.702,39900,2.937,-0.067,-0.016,0.000,0.000,waitingForTarget,noEvent
6382,6,12,rld,14:51:31.747,39901,2.986,-0.067,-0.016,0.000,0.000,waitingForTarget,noEvent
6382,6,12,rld,14:51:31.801,39902,3.022,-0.067,-0.016,0.000,0.000,waitingForTarget,noEvent
6382,6,12,rld,14:51:31.836,39903,3.072,-0.067,-0.016,0.000,0.000,waitingForTarget,noEvent
6382,6,12,rld,14:51:31.895,39904,0.055,-0.067,-0.016,0.000,0.000,activeTracking,targetAppeared
6382,6,12,rld,14:51:31.944,39905,0.108,-0.067,-0.016,0.000,0.000,activeTracking,noEvent
6382,6,12,rld,14:51:31.991,39906,0.153,-0.067,-0.016,0.000,0.000,activeTracking,noEvent
6382,6,12,rld,14:51:32.048,39907,0.202,-0.067,-0.016,0.000,0.000,activeTracking,noEvent
6382,6,12,rld,14:51:32.082,39908,0.247,-0.067,-0.016,0.000,0.000,activeTracking,noEvent
6382,6,12,rld,14:51:32.140,39909,0.285,-0.067,-0.016,0.000,0.000,activeTracking,noEvent
6382,6,12,rld,14:51:32.196,39910,0.351,-0.067,-0.016,0.000,0.000,activeTracking,noEvent
6382,6,12,rld,14:51:32.247,39911,0.409,-0.067,-0.016,0.000,0.000,activeTracking,noEvent
6382,6,12,rld,14:51:32.356,39912,0.521,0.169,-0.016,2.100,0.000,activeTracking,noEvent
6382,6,12,rld,14:51:32.552,39913,0.701,1.119,-0.015,7.700,0.000,activeTracking,noEvent
6382,6,12,rld,14:51:32.630,39914,0.776,1.717,-0.071,2.400,-0.500,activeTracking,noEvent
6382,6,12,rld,14:51:32.724,39915,0.874,1.989,-0.125,0.600,-0.300,activeTracking,noEvent
6382,6,12,rld,14:51:32.777,39916,0.933,2.116,-0.166,0.300,-0.200,activeTracking,noEvent
6382,6,12,rld,14:51:32.871,39917,1.023,2.170,-0.214,0.100,-0.300,activeTracking,noEvent
6382,6,12,rld,14:51:32.935,39918,1.093,2.200,-0.230,0.100,0.000,activeTracking,noEvent
6382,6,12,rld,14:51:32.985,39919,1.150,2.210,-0.236,0.000,0.000,activeTracking,noEvent
6382,6,12,rld,14:51:33.039,39920,1.201,2.213,-0.238,0.000,0.000,activeTracking,noEvent
6382,6,12,rld,14:51:33.096,39921,1.253,2.214,-0.238,0.000,0.000,activeTracking,noEvent
6382,6,12,rld,14:51:33.156,39922,1.309,2.215,-0.238,0.000,0.000,activeTracking,noEvent
6382,6,12,rld,14:51:33.212,39923,1.364,2.215,-0.238,0.000,0.000,activeTracking,noEvent
6382,6,12,rld,14:51:33.257,39924,1.414,2.215,-0.239,0.000,0.000,activeTracking,noEvent
6382,6,12,rld,14:51:33.329,39925,1.475,2.227,-0.239,0.100,0.000,activeTracking,noEvent
6382,6,12,rld,14:51:33.400,39926,1.564,2.254,-0.204,0.200,0.300,activeTracking,noEvent
6382,6,12,rld,14:51:33.471,39927,1.613,2.275,-0.181,0.100,0.100,activeTracking,noEvent
6382,6,12,rld,14:51:33.534,39928,1.697,2.306,-0.162,0.200,0.100,activeTracking,noEvent
6382,6,12,rld,14:51:33.596,39929,1.754,2.340,-0.132,0.200,0.200,activeTracking,noEvent
6382,6,12,rld,14:51:33.671,39930,1.836,2.399,-0.111,0.400,0.100,onTarget,noEvent
6382,6,12,rld,14:51:33.754,39931,1.903,2.479,-0.092,0.500,0.100,onTarget,noEvent
6382,6,12,rld,14:51:33.817,39932,1.980,2.530,-0.086,0.200,0.000,onTarget,noEvent
6382,6,12,rld,14:51:33.868,39933,2.035,2.559,-0.084,0.100,0.000,onTarget,noEvent
6382,6,12,rld,14:51:33.910,39934,2.073,2.568,-0.083,0.000,0.000,onTarget,noEvent
6382,6,12,rld,14:51:33.966,39935,2.122,2.571,-0.083,0.000,0.000,onTarget,noEvent
6382,6,12,rld,14:51:34.016,39936,2.179,2.572,-0.083,0.000,0.000,onTarget,noEvent
6382,6,12,rld,14:51:34.062,39937,2.227,2.573,-0.083,0.000,0.000,onTarget,noEvent
6382,6,12,rld,14:51:34.129,39938,2.294,2.573,-0.083,0.000,0.000,onTarget,noEvent
6382,6,12,rld,14:51:34.194,39939,2.342,2.573,-0.083,0.000,0.000,onTarget,noEvent
6382,6,12,rld,14:51:34.244,39940,2.401,2.573,-0.083,0.000,0.000,onTarget,noEvent
6382,6,12,rld,14:51:34.287,39941,2.453,2.573,-0.083,0.000,0.000,onTarget,noEvent
6382,6,12,rld,14:51:34.351,39942,2.504,2.573,-0.083,0.000,0.000,onTarget,noEvent
6382,6,12,rld,14:51:34.400,39943,2.552,2.573,-0.083,0.000,0.000,onTarget,noEvent
6382,6,12,rld,14:51:34.436,39944,2.602,2.573,-0.083,0.000,0.000,onTarget,noEvent
6382,6,12,rld,14:51:34.500,39945,2.655,2.573,-0.083,0.000,0.000,onTarget,noEvent
6382,6,12,rld,14:51:34.536,39946,2.700,2.573,-0.083,0.000,0.000,onTarget,noEvent
6382,6,12,rld,14:51:34.604,39947,2.753,2.573,-0.083,0.000,0.000,onTarget,noEvent
6382,6,12,rld,14:51:34.713,39948,2.873,2.645,-0.048,0.600,0.300,onTarget,noEvent
6382,6,12,rld,14:51:34.780,39949,2.942,2.682,-0.036,0.100,0.000,onTarget,noEvent
6382,6,12,rld,14:51:34.832,39950,2.993,2.706,-0.032,0.100,0.000,onTarget,noEvent
6382,6,12,rld,14:51:34.874,39951,3.037,2.714,-0.031,0.000,0.000,onTarget,noEvent
6382,6,12,rld,14:51:34.928,39952,3.090,2.717,-0.030,0.000,0.000,onTarget,noEvent
6382,6,12,rld,14:51:34.973,39953,3.135,2.718,-0.030,0.000,0.000,onTarget,noEvent
6382,6,12,rld,14:51:35.044,39954,3.202,2.730,-0.030,0.100,0.000,onTarget,noEvent
6382,6,12,rld,14:51:35.102,39955,3.262,2.734,-0.030,0.000,0.000,onTarget,noEvent
6382,6,12,rld,14:51:35.143,39956,3.304,2.736,-0.030,0.000,0.000,onTarget,noEvent
6382,6,12,rld,14:51:35.198,39957,3.352,2.736,-0.030,0.000,0.000,onTarget,noEvent
6382,6,12,rld,14:51:35.233,39958,3.398,2.736,-0.030,0.000,0.000,onTarget,noEvent
6382,6,12,rld,14:51:35.276,39959,3.433,2.736,-0.030,0.000,0.000,onTarget,noEvent
6382,6,12,rld,14:51:35.329,39960,3.483,2.736,-0.030,0.000,0.000,onTarget,noEvent
6382,6,12,rld,14:51:35.385,39961,3.533,2.736,-0.030,0.000,0.000,onTarget,noEvent
6382,6,12,rld,14:51:35.443,39962,3.602,2.736,-0.030,0.000,0.000,onTarget,targetClick
6382,6,13,rld,14:51:38.827,40013,3.670,0.186,-0.066,0.000,0.000,waitingForTarget,middleTargetClick
6382,6,13,rld,14:51:38.871,40014,3.718,0.186,-0.066,0.000,0.000,waitingForTarget,noEvent
6382,6,13,rld,14:51:38.920,40015,3.765,0.186,-0.066,0.000,0.000,waitingForTarget,noEvent
6382,6,13,rld,14:51:38.967,40016,3.815,0.186,-0.066,0.000,0.000,waitingForTarget,noEvent
6382,6,13,rld,14:51:39.016,40017,3.854,0.186,-0.066,0.000,0.000,waitingForTarget,noEvent
6382,6,13,rld,14:51:39.067,40018,3.915,0.186,-0.066,0.000,0.000,waitingForTarget,noEvent
6382,6,13,rld,14:51:39.100,40019,3.944,0.186,-0.066,0.000,0.000,waitingForTarget,noEvent
6382,6,13,rld,14:51:39.150,40020,3.983,0.186,-0.066,0.000,0.000,waitingForTarget,noEvent
6382,6,13,rld,14:51:39.309,40024,0.048,0.186,-0.066,0.000,0.000,activeTracking,targetAppeared
6382,6,13,rld,14:51:39.366,40025,0.101,0.186,-0.066,0.000,0.000,activeTracking,noEvent
6382,6,13,rld,14:51:39.418,40026,0.147,0.186,-0.066,0.000,0.000,activeTracking,noEvent
6382,6,13,rld,14:51:39.488,40027,0.207,0.186,-0.066,0.000,0.000,activeTracking,noEvent
6382,6,13,rld,14:51:39.655,40028,0.389,-1.769,-0.214,-17.200,-1.300,activeTracking,noEvent
6382,6,13,rld,14:51:39.751,40029,0.445,-2.493,-0.267,-0.400,0.000,activeTracking,noEvent
6382,6,13,rld,14:51:39.920,40030,0.600,-0.679,0.286,17.700,5.000,activeTracking,noEvent
6382,6,13,rld,14:51:40.027,40031,0.748,0.213,0.457,2.700,-0.100,activeTracking,noEvent
6382,6,13,rld,14:51:40.169,40032,0.891,0.691,0.481,1.600,-0.300,activeTracking,noEvent
6382,6,13,rld,14:51:40.286,40033,0.998,1.010,0.479,1.400,-0.100,activeTracking,noEvent
6382,6,13,rld,14:51:40.478,40034,1.209,1.345,0.458,2.000,-0.200,activeTracking,noEvent
6382,6,13,rld,14:51:40.534,40035,1.267,1.481,0.451,0.200,0.000,activeTracking,noEvent
6382,6,13,rld,14:51:40.636,40036,1.356,1.549,0.449,0.200,0.000,activeTracking,noEvent
6382,6,13,rld,14:51:40.681,40037,1.419,1.572,0.448,0.000,0.000,activeTracking,noEvent
6382,6,13,rld,14:51:40.745,40038,1.468,1.580,0.448,0.000,0.000,activeTracking,noEvent
6382,6,13,rld,14:51:40.817,40039,1.555,1.582,0.436,0.000,-0.100,activeTracking,noEvent
6382,6,13,rld,14:51:40.867,40040,1.597,1.583,0.433,0.000,0.000,activeTracking,noEvent
6382,6,13,rld,14:51:40.920,40041,1.661,1.583,0.431,0.000,0.000,activeTracking,noEvent
6382,6,13,rld,14:51:40.972,40042,1.709,1.583,0.431,0.000,0.000,activeTracking,noEvent
6382,6,13,rld,14:51:41.074,40043,1.815,1.618,0.397,0.300,-0.300,activeTracking,noEvent
6382,6,13,rld,14:51:41.170,40044,1.909,1.653,0.363,0.200,-0.200,activeTracking,noEvent
6382,6,13,rld,14:51:41.224,40045,1.959,1.688,0.340,0.200,-0.100,activeTracking,noEvent
6382,6,13,rld,14:51:41.312,40046,2.031,1.757,0.333,0.500,0.000,activeTracking,noEvent
6382,6,13,rld,14:51:41.418,40047,2.129,1.909,0.297,1.100,-0.300,activeTracking,noEvent
6382,6,13,rld,14:51:41.564,40048,2.288,2.231,0.230,2.300,-0.500,activeTracking,noEvent
6382,6,13,rld,14:51:41.656,40049,2.383,2.482,0.150,1.200,-0.500,onTarget,noEvent
6382,6,13,rld,14:51:41.797,40050,2.499,2.700,0.089,1.100,-0.300,onTarget,noEvent
6382,6,13,rld,14:51:41.883,40051,2.610,2.883,0.034,0.900,-0.300,onTarget,noEvent
6382,6,13,rld,14:51:42.007,40052,2.694,3.006,-0.008,0.500,-0.200,onTarget,noEvent
6382,6,13,rld,14:51:42.085,40053,2.811,3.146,-0.093,0.800,-0.600,activeTracking,noEvent
6382,6,13,rld,14:51:42.138,40054,2.879,3.206,-0.121,0.100,0.000,activeTracking,noEvent
6382,6,13,rld,14:51:42.178,40055,2.913,3.226,-0.131,0.000,0.000,activeTracking,noEvent
6382,6,13,rld,14:51:42.233,40056,2.971,3.232,-0.134,0.000,0.000,activeTracking,noEvent
6382,6,13,rld,14:51:42.272,40057,3.009,3.234,-0.135,0.000,0.000,activeTracking,noEvent
6382,6,13,rld,14:51:42.337,40058,3.072,3.235,-0.135,0.000,0.000,activeTracking,noEvent
6382,6,13,rld,14:51:42.405,40059,3.140,3.235,-0.136,0.000,0.000,activeTracking,noEvent
6382,6,13,rld,14:51:42.447,40060,3.182,3.236,-0.136,0.000,0.000,activeTracking,noEvent
6382,6,13,rld,14:51:42.496,40061,3.230,3.236,-0.136,0.000,0.000,activeTracking,noEvent
6382,6,13,rld,14:51:42.654,40062,3.394,3.123,-0.076,-0.900,0.500,activeTracking,noEvent
6382,6,13,rld,14:51:42.754,40063,3.490,3.012,0.002,-0.600,0.500,onTarget,noEvent
6382,6,13,rld,14:51:42.837,40064,3.562,2.926,0.052,-0.400,0.200,onTarget,noEvent
6382,6,13,rld,14:51:42.885,40065,3.610,2.897,0.068,0.000,0.000,onTarget,noEvent
6382,6,13,rld,14:51:42.956,40066,3.688,2.875,0.073,-0.100,0.000,onTarget,noEvent
6382,6,13,rld,14:51:43.012,40067,3.750,2.868,0.075,0.000,0.000,onTarget,noEvent
6382,6,13,rld,14:51:43.056,40068,3.796,2.866,0.076,0.000,0.000,onTarget,noEvent
6382,6,13,rld,14:51:43.123,40069,3.858,2.865,0.076,0.000,0.000,onTarget,noEvent
6382,6,13,rld,14:51:43.169,40070,3.910,2.865,0.076,0.000,0.000,onTarget,noEvent
6382,6,13,rld,14:51:43.243,40071,3.971,2.864,0.076,0.000,0.000,onTarget,noEvent
6382,6,14,rld,14:51:49.083,40167,0.033,0.034,0.136,0.000,0.000,activeTracking,targetAppeared
6382,6,14,rld,14:51:49.134,40168,0.087,0.034,0.136,0.000,0.000,activeTracking,noEvent
6382,6,14,rld,14:51:49.183,40169,0.140,0.034,0.136,0.000,0.000,activeTracking,noEvent
6382,6,14,rld,14:51:49.229,40170,0.184,0.034,0.136,0.000,0.000,activeTracking,noEvent
6382,6,14,rld,14:51:49.268,40171,0.220,0.034,0.136,0.000,0.000,activeTracking,noEvent
6382,6,14,rld,14:51:49.313,40172,0.273,0.034,0.136,0.000,0.000,activeTracking,noEvent
6382,6,14,rld,14:51:49.355,40173,0.314,0.034,0.136,0.000,0.000,activeTracking,noEvent
6382,6,14,rld,14:51:49.402,40174,0.363,0.034,0.136,0.000,0.000,activeTracking,noEvent
6382,6,14,rld,14:51:49.447,40175,0.398,0.034,0.136,0.000,0.000,activeTracking,noEvent
6382,6,14,rld,14:51:49.511,40176,0.464,0.034,0.136,0.000,0.000,activeTracking,noEvent
6382,6,14,rld,14:51:49.569,40177,0.520,0.034,0.136,0.000,0.000,activeTracking,noEvent
6382,6,14,rld,14:51:49.735,40178,0.690,2.256,0.073,19.400,-0.600,activeTracking,noEvent
6382,6,14,rld,14:51:49.805,40179,0.769,3.125,0.054,0.700,0.000,activeTracking,noEvent
6382,6,14,rld,14:51:49.853,40180,0.816,3.438,0.047,0.100,0.000,activeTracking,noEvent
6382,6,14,rld,14:51:49.912,40181,0.864,3.543,0.045,0.000,0.000,activeTracking,noEvent
6382,6,14,rld,14:51:49.962,40182,0.921,3.579,0.044,0.000,0.000,activeTracking,noEvent
6382,6,14,rld,14:51:50.012,40183,0.972,3.590,0.044,0.000,0.000,activeTracking,noEvent
6382,6,14,rld,14:51:50.056,40184,1.017,3.594,0.044,0.000,0.000,activeTracking,noEvent
6382,6,14,rld,14:51:50.100,40185,1.066,3.596,0.044,0.000,0.000,activeTracking,noEvent
6382,6,14,rld,14:51:50.149,40186,1.115,3.596,0.044,0.000,0.000,activeTracking,noEvent
6382,6,14,rld,14:51:50.210,40187,1.164,3.596,0.044,0.000,0.000,activeTracking,noEvent
6382,6,14,rld,14:51:50.254,40188,1.205,3.596,0.044,0.000,0.000,activeTracking,noEvent
6382,6,14,rld,14:51:50.316,40189,1.277,3.583,0.044,-0.100,0.000,activeTracking,noEvent
6382,6,14,rld,14:51:50.469,40190,1.432,3.325,0.043,-2.000,0.000,activeTracking,noEvent
6382,6,14,rld,14:51:50.534,40191,1.489,3.054,0.042,-1.500,0.000,onTarget,noEvent
6382,6,14,rld,14:51:50.599,40192,1.556,2.940,0.041,-0.200,0.000,onTarget,noEvent
6382,6,14,rld,14:51:50.656,40193,1.616,2.902,0.041,0.000,0.000,onTarget,noEvent
6382,6,14,rld,14:51:50.705,40194,1.668,2.889,0.041,0.000,0.000,onTarget,noEvent
6382,6,14,rld,14:51:50.767,40195,1.729,2.885,0.041,0.000,0.000,onTarget,noEvent
6382,6,14,rld,14:51:50.842,40196,1.791,2.883,0.041,0.000,0.000,onTarget,noEvent
6382,6,14,rld,14:51:50.893,40197,1.851,2.883,0.041,0.000,0.000,onTarget,noEvent
6382,6,14,rld,14:51:50.944,40198,1.901,2.883,0.041,0.000,0.000,onTarget,noEvent
6382,6,14,rld,14:51:50.976,40199,1.941,2.883,0.041,0.000,0.000,onTarget,noEvent
6382,6,14,rld,14:51:51.034,40200,1.998,2.883,0.041,0.000,0.000,onTarget,noEvent
6382,6,14,rld,14:51:51.103,40201,2.067,2.883,0.041,0.000,0.000,onTarget,noEvent
6382,6,14,rld,14:51:51.163,40202,2.107,2.883,0.041,0.000,0.000,onTarget,noEvent
6382,6,14,rld,14:51:51.210,40203,2.170,2.883,0.041,0.000,0.000,onTarget,targetClick
6382,6,15,rld,14:51:55.260,40270,2.230,-0.101,0.221,0.000,0.000,waitingForTarget,middleTargetClick
6382,6,15,rld,14:51:55.305,40271,2.282,-0.101,0.221,0.000,0.000,waitingForTarget,noEvent
6382,6,15,rld,14:51:55.336,40272,2.316,-0.101,0.221,0.000,0.000,waitingForTarget,noEvent
6382,6,15,rld,14:51:55.382,40273,2.360,-0.101,0.221,0.000,0.000,waitingForTarget,noEvent
6382,6,15,rld,14:51:55.421,40274,2.398,-0.101,0.221,0.000,0.000,waitingForTarget,noEvent
6382,6,15,rld,14:51:55.467,40275,2.448,-0.101,0.221,0.000,0.000,waitingForTarget,noEvent
6382,6,15,rld,14:51:55.523,40276,2.503,-0.101,0.221,0.000,0.000,waitingForTarget,noEvent
6382,6,15,rld,14:51:55.597,40277,2.572,-0.101,0.221,0.000,0.000,waitingForTarget,noEvent
6382,6,15,rld,14:51:55.636,40278,2.615,-0.101,0.221,0.000,0.000,waitingForTarget,noEvent
6382,6,15,rld,14:51:55.679,40279,2.655,-0.101,0.221,0.000,0.000,waitingForTarget,noEvent
6382,6,15,rld,14:51:55.729,40280,0.045,-0.101,0.221,0.000,0.000,activeTracking,targetAppeared
6382,6,15,rld,14:51:55.800,40281,0.109,-0.101,0.221,0.000,0.000,activeTracking,noEvent
6382,6,15,rld,14:51:55.852,40282,0.164,-0.101,0.221,0.000,0.000,activeTracking,noEvent
6382,6,15,rld,14:51:55.895,40283,0.209,-0.101,0.221,0.000,0.000,activeTracking,noEvent
6382,6,15,rld,14:51:55.932,40284,0.257,-0.101,0.221,0.000,0.000,activeTracking,noEvent
6382,6,15,rld,14:51:55.986,40285,0.300,-0.101,0.221,0.000,0.000,activeTracking,noEvent
6382,6,15,rld,14:51:56.037,40286,0.362,-0.101,0.221,0.000,0.000,activeTracking,noEvent
6382,6,15,rld,14:51:56.085,40287,0.409,-0.101,0.221,0.000,0.000,activeTracking,noEvent
6382,6,15,rld,14:51:56.155,40288,0.474,-0.101,0.221,0.000,0.000,activeTracking,noEvent
6382,6,15,rld,14:51:56.434,40289,0.697,3.405,0.467,30.000,1.900,activeTracking,noEvent
6382,6,15,rld,14:51:56.573,40290,0.862,4.956,0.543,1.600,-0.300,activeTracking,noEvent
6382,6,15,rld,14:51:56.632,40291,0.956,5.578,0.576,0.400,0.000,activeTracking,noEvent
6382,6,15,rld,14:51:56.680,40292,1.004,5.809,0.588,0.100,0.000,activeTracking,noEvent
6382,6,15,rld,14:51:56.734,40293,1.044,5.887,0.592,0.000,0.000,activeTracking,noEvent
6382,6,15,rld,14:51:56.766,40294,1.083,5.913,0.593,0.000,0.000,activeTracking,noEvent
6382,6,15,rld,14:51:56.843,40295,1.159,5.921,0.593,0.000,0.000,activeTracking,noEvent
6382,6,15,rld,14:51:56.925,40296,1.249,5.924,0.594,0.000,0.000,activeTracking,noEvent
6382,6,15,rld,14:51:57.003,40297,1.326,5.910,0.593,-0.100,0.000,activeTracking,noEvent
6382,6,15,rld,14:51:57.204,40298,1.493,4.901,0.399,-6.800,-1.300,activeTracking,noEvent
6382,6,15,rld,14:51:57.332,40299,1.623,4.217,0.160,-2.700,-1.400,activeTracking,noEvent
6382,6,15,rld,14:51:57.439,40300,1.761,3.748,-0.039,-1.900,-1.000,activeTracking,noEvent
6382,6,15,rld,14:51:57.517,40301,1.825,3.481,-0.152,-0.900,-0.400,activeTracking,noEvent
6382,6,15,rld,14:51:57.601,40302,1.907,3.329,-0.212,-0.500,-0.200,activeTracking,noEvent
6382,6,15,rld,14:51:57.671,40303,1.979,3.242,-0.232,-0.300,0.000,activeTracking,noEvent
6382,6,15,rld,14:51:57.727,40304,2.049,3.200,-0.239,-0.100,0.000,activeTracking,noEvent
6382,6,15,rld,14:51:57.775,40305,2.095,3.186,-0.241,0.000,0.000,activeTracking,noEvent
6382,6,15,rld,14:51:57.823,40306,2.145,3.182,-0.242,0.000,0.000,activeTracking,noEvent
6382,6,15,rld,14:51:57.871,40307,2.196,3.180,-0.242,0.000,0.000,activeTracking,noEvent
6382,6,15,rld,14:51:57.984,40308,2.283,3.130,-0.206,-0.400,0.300,activeTracking,noEvent
6382,6,15,rld,14:51:58.071,40309,2.395,3.063,-0.135,-0.400,0.500,activeTracking,noEvent
6382,6,15,rld,14:51:58.120,40310,2.445,3.004,-0.065,-0.300,0.400,onTarget,noEvent
6382,6,15,rld,14:51:58.184,40311,2.506,2.972,-0.006,-0.100,0.300,onTarget,noEvent
6382,6,15,rld,14:51:58.255,40312,2.574,2.937,0.037,-0.200,0.200,onTarget,noEvent
6382,6,15,rld,14:51:58.337,40313,2.638,2.913,0.075,-0.100,0.200,onTarget,noEvent
6382,6,15,rld,14:51:58.484,40314,2.792,2.844,0.134,-0.500,0.400,onTarget,noEvent
6382,6,15,rld,14:51:58.544,40315,2.862,2.772,0.165,-0.400,0.100,onTarget,noEvent
6382,6,15,rld,14:51:58.609,40316,2.931,2.724,0.175,-0.200,0.000,onTarget,noEvent
6382,6,15,rld,14:51:58.694,40317,2.997,2.684,0.179,-0.200,0.000,onTarget,noEvent
6382,6,15,rld,14:51:58.741,40318,3.063,2.670,0.191,0.000,0.100,onTarget,noEvent
6382,6,15,rld,14:51:58.784,40319,3.099,2.666,0.196,0.000,0.000,onTarget,noEvent
6382,6,15,rld,14:51:58.829,40320,3.154,2.664,0.197,0.000,0.000,onTarget,noEvent
6382,6,15,rld,14:51:58.877,40321,3.199,2.664,0.197,0.000,0.000,onTarget,noEvent
6382,6,15,rld,14:51:58.914,40322,3.239,2.664,0.198,0.000,0.000,onTarget,noEvent
6382,6,15,rld,14:51:58.966,40323,3.281,2.664,0.198,0.000,0.000,onTarget,noEvent
6382,6,15,rld,14:51:59.022,40324,3.342,2.664,0.198,0.000,0.000,onTarget,noEvent
6382,6,15,rld,14:51:59.073,40325,3.398,2.664,0.198,0.000,0.000,onTarget,noEvent
6382,6,15,rld,14:51:59.133,40326,3.455,2.664,0.198,0.000,0.000,onTarget,noEvent
6382,6,15,rld,14:51:59.249,40327,3.562,2.664,0.198,0.000,0.000,onTarget,noEvent
6382,6,15,rld,14:51:59.297,40328,3.622,2.664,0.198,0.000,0.000,onTarget,noEvent
6382,6,15,rld,14:51:59.346,40329,3.661,2.664,0.198,0.000,0.000,onTarget,noEvent
6382,6,15,rld,14:51:59.387,40330,3.709,2.664,0.198,0.000,0.000,onTarget,noEvent
6382,6,15,rld,14:51:59.434,40331,3.750,2.664,0.198,0.000,0.000,onTarget,noEvent
6382,6,15,rld,14:51:59.481,40332,3.799,2.664,0.198,0.000,0.000,onTarget,noEvent
6382,6,15,rld,14:51:59.528,40333,3.841,2.664,0.198,0.000,0.000,onTarget,noEvent
6382,6,15,rld,14:51:59.584,40334,3.898,2.664,0.198,0.000,0.000,onTarget,noEvent
6382,6,15,rld,14:51:59.635,40335,3.959,2.664,0.198,0.000,0.000,onTarget,noEvent
6382,6,16,rld,14:52:04.662,40418,0.046,0.051,0.153,0.000,0.000,activeTracking,targetAppeared
6382,6,16,rld,14:52:04.703,40419,0.085,0.051,0.153,0.000,0.000,activeTracking,noEvent
6382,6,16,rld,14:52:04.745,40420,0.140,0.051,0.153,0.000,0.000,activeTracking,noEvent
6382,6,16,rld,14:52:04.802,40421,0.182,0.051,0.153,0.000,0.000,activeTracking,noEvent
6382,6,16,rld,14:52:04.845,40422,0.231,0.051,0.153,0.000,0.000,activeTracking,noEvent
6382,6,16,rld,14:52:04.887,40423,0.275,0.051,0.153,0.000,0.000,activeTracking,noEvent
6382,6,16,rld,14:52:04.926,40424,0.315,0.051,0.153,0.000,0.000,activeTracking,noEvent
6382,6,16,rld,14:52:04.979,40425,0.364,0.051,0.153,0.000,0.000,activeTracking,noEvent
6382,6,16,rld,14:52:05.008,40426,0.401,0.051,0.153,0.000,0.000,activeTracking,noEvent
6382,6,16,rld,14:52:05.066,40427,0.450,0.051,0.153,0.000,0.000,activeTracking,noEvent
6382,6,16,rld,14:52:05.125,40428,0.510,0.051,0.153,0.000,0.000,activeTracking,noEvent
6382,6,16,rld,14:52:05.268,40429,0.645,0.852,0.177,7.100,0.200,activeTracking,noEvent
6382,6,16,rld,14:52:05.403,40430,0.779,1.695,0.188,5.000,0.000,activeTracking,noEvent
6382,6,16,rld,14:52:05.472,40431,0.852,2.052,0.192,0.600,0.000,activeTracking,noEvent
6382,6,16,rld,14:52:05.515,40432,0.904,2.184,0.194,0.100,0.000,activeTracking,noEvent
6382,6,16,rld,14:52:05.585,40433,0.978,2.240,0.194,0.100,0.000,activeTracking,noEvent
6382,6,16,rld,14:52:05.643,40434,1.034,2.271,0.195,0.100,0.000,activeTracking,noEvent
6382,6,16,rld,14:52:05.697,40435,1.091,2.281,0.195,0.000,0.000,activeTracking,noEvent
6382,6,16,rld,14:52:05.771,40436,1.162,2.296,0.195,0.100,0.000,activeTracking,noEvent
6382,6,16,rld,14:52:05.833,40437,1.224,2.301,0.195,0.000,0.000,activeTracking,noEvent
6382,6,16,rld,14:52:05.895,40438,1.282,2.303,0.195,0.000,0.000,activeTracking,noEvent
6382,6,16,rld,14:52:05.951,40439,1.343,2.303,0.195,0.000,0.000,activeTracking,noEvent
6382,6,16,rld,14:52:05.998,40440,1.380,2.304,0.195,0.000,0.000,activeTracking,noEvent
6382,6,16,rld,14:52:06.052,40441,1.441,2.304,0.195,0.000,0.000,activeTracking,noEvent
6382,6,16,rld,14:52:06.111,40442,1.495,2.304,0.195,0.000,0.000,activeTracking,noEvent
6382,6,16,rld,14:52:06.236,40443,1.625,2.399,0.149,0.800,-0.400,onTarget,noEvent
6382,6,16,rld,14:52:06.329,40444,1.711,2.539,0.076,0.900,-0.500,onTarget,noEvent
6382,6,16,rld,14:52:06.393,40445,1.783,2.610,0.052,0.200,0.000,onTarget,noEvent
6382,6,16,rld,14:52:06.448,40446,1.841,2.658,0.044,0.200,0.000,onTarget,noEvent
6382,6,16,rld,14:52:06.514,40447,1.900,2.674,0.041,0.000,0.000,onTarget,noEvent
6382,6,16,rld,14:52:06.555,40448,1.948,2.679,0.041,0.000,0.000,onTarget,noEvent
6382,6,16,rld,14:52:06.641,40449,2.024,2.693,0.040,0.100,0.000,onTarget,noEvent
6382,6,16,rld,14:52:06.695,40450,2.080,2.698,0.040,0.000,0.000,onTarget,noEvent
6382,6,16,rld,14:52:06.739,40451,2.134,2.699,0.040,0.000,0.000,onTarget,noEvent
6382,6,16,rld,14:52:06.805,40452,2.180,2.700,0.040,0.000,0.000,onTarget,noEvent
6382,6,16,rld,14:52:06.852,40453,2.242,2.700,0.040,0.000,0.000,onTarget,noEvent
6382,6,16,rld,14:52:06.898,40454,2.281,2.700,0.040,0.000,0.000,onTarget,noEvent
6382,6,16,rld,14:52:06.930,40455,2.323,2.700,0.040,0.000,0.000,onTarget,noEvent
6382,6,16,rld,14:52:06.987,40456,2.377,2.700,0.040,0.000,0.000,onTarget,noEvent
6382,6,16,rld,14:52:07.044,40457,2.429,2.700,0.040,0.000,0.000,onTarget,noEvent
6382,6,16,rld,14:52:07.094,40458,2.485,2.700,0.040,0.000,0.000,onTarget,noEvent
6382,6,16,rld,14:52:07.150,40459,2.545,2.700,0.040,0.000,0.000,onTarget,targetClick
6382,6,17,rld,14:52:10.528,40516,2.607,-0.203,0.001,0.000,0.000,waitingForTarget,middleTargetClick
6382,6,17,rld,14:52:10.569,40517,2.657,-0.203,0.001,0.000,0.000,waitingForTarget,noEvent
6382,6,17,rld,14:52:10.614,40518,2.696,-0.203,0.001,0.000,0.000,waitingForTarget,noEvent
6382,6,17,rld,14:52:10.665,40519,2.747,-0.203,0.001,0.000,0.000,waitingForTarget,noEvent
6382,6,17,rld,14:52:10.715,40520,2.804,-0.203,0.001,0.000,0.000,waitingForTarget,noEvent
6382,6,17,rld,14:52:10.750,40521,2.840,-0.203,0.001,0.000,0.000,waitingForTarget,noEvent
6382,6,17,rld,14:52:10.800,40522,2.888,-0.203,0.001,0.000,0.000,waitingForTarget,noEvent
6382,6,17,rld,14:52:10.853,40523,2.935,-0.203,0.001,0.000,0.000,waitingForTarget,noEvent
6382,6,17,rld,14:52:10.896,40524,2.974,-0.203,0.001,0.000,0.000,waitingForTarget,noEvent
6382,6,17,rld,14:52:10.936,40525,3.018,-0.203,0.001,0.000,0.000,waitingForTarget,noEvent
6382,6,17,rld,14:52:10.988,40526,0.045,-0.203,0.001,0.000,0.000,activeTracking,targetAppeared
6382,6,17,rld,14:52:11.028,40527,0.099,-0.203,0.001,0.000,0.000,activeTracking,noEvent
6382,6,17,rld,14:52:11.079,40528,0.139,-0.203,0.001,0.000,0.000,activeTracking,noEvent
6382,6,17,rld,14:52:11.126,40529,0.189,-0.203,0.001,0.000,0.000,activeTracking,noEvent
6382,6,17,rld,14:52:11.164,40530,0.228,-0.203,0.001,0.000,0.000,activeTracking,noEvent
6382,6,17,rld,14:52:11.217,40531,0.279,-0.203,0.001,0.000,0.000,activeTracking,noEvent
6382,6,17,rld,14:52:11.284,40532,0.340,-0.203,0.001,0.000,0.000,activeTracking,noEvent
6382,6,17,rld,14:52:11.404,40533,0.444,-0.101,0.013,0.900,0.100,activeTracking,noEvent
6382,6,17,rld,14:52:11.559,40534,0.621,2.138,0.146,19.300,1.100,activeTracking,noEvent
6382,6,17,rld,14:52:11.687,40535,0.737,3.096,0.185,1.400,-0.100,activeTracking,noEvent
6382,6,17,rld,14:52:11.815,40536,0.838,3.581,0.200,1.200,0.000,activeTracking,noEvent
6382,6,17,rld,14:52:11.863,40537,0.927,3.797,0.206,0.400,0.000,activeTracking,noEvent
6382,6,17,rld,14:52:11.915,40538,0.978,3.883,0.209,0.100,0.000,activeTracking,noEvent
6382,6,17,rld,14:52:11.984,40539,1.051,3.912,0.209,0.000,0.000,activeTracking,noEvent
6382,6,17,rld,14:52:12.033,40540,1.104,3.922,0.210,0.000,0.000,activeTracking,noEvent
6382,6,17,rld,14:52:12.095,40541,1.160,3.925,0.210,0.000,0.000,activeTracking,noEvent
6382,6,17,rld,14:52:12.145,40542,1.210,3.926,0.210,0.000,0.000,activeTracking,noEvent
6382,6,17,rld,14:52:12.271,40543,1.295,3.900,0.185,-0.200,-0.200,activeTracking,noEvent
6382,6,17,rld,14:52:12.445,40544,1.509,3.429,0.101,-3.600,-0.600,activeTracking,noEvent
6382,6,17,rld,14:52:12.525,40545,1.578,3.112,0.073,-1.300,0.000,activeTracking,noEvent
6382,6,17,rld,14:52:12.599,40546,1.661,2.934,0.063,-0.600,0.000,onTarget,noEvent
6382,6,17,rld,14:52:12.636,40547,1.707,2.863,0.060,-0.100,0.000,onTarget,noEvent
6382,6,17,rld,14:52:12.692,40548,1.760,2.840,0.059,0.000,0.000,onTarget,noEvent
6382,6,17,rld,14:52:12.746,40549,1.807,2.832,0.058,0.000,0.000,onTarget,noEvent
6382,6,17,rld,14:52:12.799,40550,1.863,2.829,0.058,0.000,0.000,onTarget,noEvent
6382,6,17,rld,14:52:12.866,40551,1.935,2.828,0.058,0.000,0.000,onTarget,noEvent
6382,6,17,rld,14:52:12.917,40552,1.979,2.828,0.058,0.000,0.000,onTarget,noEvent
6382,6,17,rld,14:52:12.966,40553,2.029,2.828,0.058,0.000,0.000,onTarget,noEvent
6382,6,17,rld,14:52:13.041,40554,2.107,2.828,0.058,0.000,0.000,onTarget,noEvent
6382,6,17,rld,14:52:13.086,40555,2.155,2.828,0.058,0.000,0.000,onTarget,noEvent
6382,6,17,rld,14:52:13.130,40556,2.196,2.828,0.058,0.000,0.000,onTarget,noEvent
6382,6,17,rld,14:52:13.184,40557,2.243,2.828,0.058,0.000,0.000,onTarget,noEvent
6382,6,17,rld,14:52:13.229,40558,2.290,2.828,0.058,0.000,0.000,onTarget,noEvent
6382,6,17,rld,14:52:13.259,40559,2.326,2.828,0.058,0.000,0.000,onTarget,noEvent
6382,6,17,rld,14:52:13.299,40560,2.371,2.828,0.058,0.000,0.000,onTarget,noEvent
6382,6,17,rld,14:52:13.350,40561,2.420,2.828,0.058,0.000,0.000,onTarget,noEvent
6382,6,17,rld,14:52:13.386,40562,2.455,2.828,0.058,0.000,0.000,onTarget,noEvent
6382,6,17,rld,14:52:13.436,40563,2.496,2.828,0.058,0.000,0.000,onTarget,noEvent
6382,6,17,rld,14:52:13.486,40564,2.553,2.828,0.058,0.000,0.000,onTarget,noEvent
6382,6,17,rld,14:52:13.537,40565,2.601,2.828,0.058,0.000,0.000,onTarget,noEvent
6382,6,17,rld,14:52:13.601,40566,2.668,2.828,0.058,0.000,0.000,onTarget,targetClick
6382,6,18,rld,14:52:17.176,40627,2.728,-0.067,-0.049,0.000,0.000,waitingForTarget,middleTargetClick
6382,6,18,rld,14:52:17.227,40628,2.778,-0.067,-0.049,0.000,0.000,waitingForTarget,noEvent
6382,6,18,rld,14:52:17.264,40629,2.825,-0.067,-0.049,0.000,0.000,waitingForTarget,noEvent
6382,6,18,rld,14:52:17.313,40630,2.865,-0.067,-0.049,0.000,0.000,waitingForTarget,noEvent
6382,6,18,rld,14:52:17.363,40631,2.917,-0.067,-0.049,0.000,0.000,waitingForTarget,noEvent
6382,6,18,rld,14:52:17.395,40632,2.952,-0.067,-0.049,0.000,0.000,waitingForTarget,noEvent
6382,6,18,rld,14:52:17.435,40633,2.996,-0.067,-0.049,0.000,0.000,waitingForTarget,noEvent
6382,6,18,rld,14:52:17.470,40634,3.031,-0.067,-0.049,0.000,0.000,waitingForTarget,noEvent
6382,6,18,rld,14:52:17.526,40635,3.085,-0.067,-0.049,0.000,0.000,waitingForTarget,noEvent
6382,6,18,rld,14:52:17.559,40636,3.117,-0.067,-0.049,0.000,0.000,waitingForTarget,noEvent
6382,6,18,rld,14:52:17.608,40637,3.166,-0.067,-0.049,0.000,0.000,waitingForTarget,noEvent
6382,6,18,rld,14:52:17.665,40638,0.049,-0.067,-0.049,0.000,0.000,activeTracking,targetAppeared
6382,6,18,rld,14:52:17.727,40639,0.112,-0.067,-0.049,0.000,0.000,activeTracking,noEvent
6382,6,18,rld,14:52:17.764,40640,0.148,-0.067,-0.049,0.000,0.000,activeTracking,noEvent
6382,6,18,rld,14:52:17.816,40641,0.208,-0.067,-0.049,0.000,0.000,activeTracking,noEvent
6382,6,18,rld,14:52:17.855,40642,0.244,-0.067,-0.049,0.000,0.000,activeTracking,noEvent
6382,6,18,rld,14:52:17.899,40643,0.283,-0.067,-0.049,0.000,0.000,activeTracking,noEvent
6382,6,18,rld,14:52:17.947,40644,0.342,-0.067,-0.049,0.000,0.000,activeTracking,noEvent
6382,6,18,rld,14:52:17.994,40645,0.383,-0.067,-0.049,0.000,0.000,activeTracking,noEvent
6382,6,18,rld,14:52:18.037,40646,0.422,-0.067,-0.049,0.000,0.000,activeTracking,noEvent
6382,6,18,rld,14:52:18.096,40647,0.474,-0.067,-0.049,0.000,0.000,activeTracking,noEvent
6382,6,18,rld,14:52:18.145,40648,0.528,-0.067,-0.049,0.000,0.000,activeTracking,noEvent
6382,6,18,rld,14:52:18.186,40649,0.579,-0.067,-0.049,0.000,0.000,activeTracking,noEvent
6382,6,18,rld,14:52:18.320,40650,0.702,-0.439,-0.117,-3.300,-0.600,activeTracking,noEvent
6382,6,18,rld,14:52:18.474,40651,0.833,-0.948,-0.196,-3.400,-0.500,activeTracking,noEvent
6382,6,18,rld,14:52:18.554,40652,0.919,-1.210,-0.223,-0.800,0.000,activeTracking,noEvent
6382,6,18,rld,14:52:18.629,40653,0.993,-1.332,-0.209,-0.300,0.200,activeTracking,noEvent
6382,6,18,rld,14:52:18.699,40654,1.083,-1.407,-0.148,-0.300,0.500,activeTracking,noEvent
6382,6,18,rld,14:52:18.777,40655,1.160,-1.444,-0.082,-0.100,0.400,activeTracking,noEvent
6382,6,18,rld,14:52:18.863,40656,1.247,-1.468,-0.037,-0.100,0.200,activeTracking,noEvent
6382,6,18,rld,14:52:18.911,40657,1.300,-1.476,-0.011,0.000,0.100,activeTracking,noEvent
6382,6,18,rld,14:52:18.977,40658,1.352,-1.478,-0.002,0.000,0.000,activeTracking,noEvent
6382,6,18,rld,14:52:19.052,40659,1.431,-1.514,0.024,-0.300,0.200,activeTracking,noEvent
6382,6,18,rld,14:52:19.203,40660,1.559,-1.606,0.124,-0.700,0.800,activeTracking,noEvent
6382,6,18,rld,14:52:19.355,40661,1.708,-1.835,0.227,-1.700,0.600,activeTracking,noEvent
6382,6,18,rld,14:52:19.486,40662,1.865,-2.288,-0.013,-3.200,-2.400,activeTracking,noEvent
6382,6,18,rld,14:52:19.549,40663,1.936,-2.490,-0.129,-0.400,-0.300,onTarget,noEvent
6382,6,18,rld,14:52:19.612,40664,1.997,-2.569,-0.168,-0.100,0.000,onTarget,noEvent
6382,6,18,rld,14:52:19.650,40665,2.045,-2.596,-0.181,0.000,0.000,onTarget,noEvent
6382,6,18,rld,14:52:19.697,40666,2.084,-2.605,-0.185,0.000,0.000,onTarget,noEvent
6382,6,18,rld,14:52:19.762,40667,2.144,-2.608,-0.187,0.000,0.000,onTarget,noEvent
6382,6,18,rld,14:52:19.820,40668,2.201,-2.609,-0.187,0.000,0.000,onTarget,noEvent
6382,6,18,rld,14:52:19.881,40669,2.271,-2.609,-0.187,0.000,0.000,onTarget,noEvent
6382,6,18,rld,14:52:19.925,40670,2.310,-2.609,-0.187,0.000,0.000,onTarget,noEvent
6382,6,18,rld,14:52:19.976,40671,2.367,-2.609,-0.187,0.000,0.000,onTarget,noEvent
6382,6,18,rld,14:52:20.062,40672,2.456,-2.597,-0.176,0.100,0.100,onTarget,noEvent
6382,6,18,rld,14:52:20.135,40673,2.516,-2.569,-0.137,0.200,0.300,onTarget,noEvent
6382,6,18,rld,14:52:20.205,40674,2.584,-2.548,-0.101,0.100,0.200,onTarget,noEvent
6382,6,18,rld,14:52:20.259,40675,2.651,-2.540,-0.065,0.000,0.200,onTarget,noEvent
6382,6,18,rld,14:52:20.315,40676,2.706,-2.538,-0.042,0.000,0.100,onTarget,noEvent
6382,6,18,rld,14:52:20.377,40677,2.763,-2.537,-0.011,0.000,0.200,onTarget,noEvent
6382,6,18,rld,14:52:20.416,40678,2.804,-2.537,0.000,0.000,0.000,onTarget,noEvent
6382,6,18,rld,14:52:20.469,40679,2.864,-2.549,0.003,-0.100,0.000,onTarget,noEvent
6382,6,18,rld,14:52:20.534,40680,2.923,-2.565,0.004,-0.100,0.000,onTarget,noEvent
6382,6,18,rld,14:52:20.596,40681,2.983,-2.594,0.005,-0.200,0.000,onTarget,noEvent
6382,6,18,rld,14:52:20.667,40682,3.059,-2.616,-0.007,-0.100,-0.100,onTarget,noEvent
6382,6,18,rld,14:52:20.741,40683,3.123,-2.648,-0.022,-0.200,-0.100,onTarget,noEvent
6382,6,18,rld,14:52:20.795,40684,3.180,-2.670,-0.027,-0.100,0.000,onTarget,noEvent
6382,6,18,rld,14:52:20.859,40685,3.242,-2.690,-0.041,-0.100,-0.100,onTarget,noEvent
6382,6,18,rld,14:52:20.902,40686,3.292,-2.697,-0.045,0.000,0.000,onTarget,noEvent
6382,6,18,rld,14:52:20.953,40687,3.334,-2.699,-0.047,0.000,0.000,onTarget,noEvent
6382,6,18,rld,14:52:21.000,40688,3.391,-2.700,-0.047,0.000,0.000,onTarget,noEvent
6382,6,18,rld,14:52:21.048,40689,3.440,-2.700,-0.047,0.000,0.000,onTarget,noEvent
6382,6,18,rld,14:52:21.096,40690,3.481,-2.700,-0.047,0.000,0.000,onTarget,noEvent
6382,6,18,rld,14:52:21.138,40691,3.530,-2.700,-0.047,0.000,0.000,onTarget,noEvent
6382,6,18,rld,14:52:21.169,40692,3.561,-2.700,-0.047,0.000,0.000,onTarget,noEvent
6382,6,18,rld,14:52:21.225,40693,3.609,-2.700,-0.047,0.000,0.000,onTarget,noEvent
6382,6,18,rld,14:52:21.264,40694,3.643,-2.700,-0.047,0.000,0.000,onTarget,noEvent
6382,6,18,rld,14:52:21.315,40695,3.696,-2.700,-0.047,0.000,0.000,onTarget,noEvent
6382,6,18,rld,14:52:21.376,40696,3.760,-2.700,-0.047,0.000,0.000,onTarget,noEvent
6382,6,18,rld,14:52:21.434,40697,3.823,-2.700,-0.047,0.000,0.000,onTarget,targetClick
6382,6,19,rld,14:52:24.485,40748,3.878,-0.034,0.170,0.000,0.000,waitingForTarget,middleTargetClick
6382,6,19,rld,14:52:24.533,40749,3.938,-0.034,0.170,0.000,0.000,waitingForTarget,noEvent
6382,6,19,rld,14:52:24.568,40750,3.970,-0.034,0.170,0.000,0.000,waitingForTarget,noEvent
6382,6,19,rld,14:52:24.964,40759,0.047,-0.034,0.170,0.000,0.000,activeTracking,targetAppeared
6382,6,19,rld,14:52:25.034,40760,0.126,-0.034,0.170,0.000,0.000,activeTracking,noEvent
6382,6,19,rld,14:52:25.093,40761,0.187,-0.034,0.170,0.000,0.000,activeTracking,noEvent
6382,6,19,rld,14:52:25.146,40762,0.240,-0.034,0.170,0.000,0.000,activeTracking,noEvent
6382,6,19,rld,14:52:25.203,40763,0.297,-0.034,0.170,0.000,0.000,activeTracking,noEvent
6382,6,19,rld,14:52:25.261,40764,0.349,-0.034,0.170,0.000,0.000,activeTracking,noEvent
6382,6,19,rld,14:52:25.316,40765,0.398,-0.034,0.170,0.000,0.000,activeTracking,noEvent
6382,6,19,rld,14:52:25.434,40766,0.514,-1.005,0.172,-8.600,0.000,activeTracking,noEvent
6382,6,19,rld,14:52:25.631,40767,0.710,-4.087,-0.100,-22.600,-2.400,activeTracking,noEvent
6382,6,19,rld,14:52:25.701,40768,0.789,-5.472,-0.190,-1.400,0.100,activeTracking,noEvent
6382,6,19,rld,14:52:25.864,40769,0.867,-6.129,-0.184,-1.000,0.300,activeTracking,noEvent
6382,6,19,rld,14:52:25.950,40770,1.027,-6.553,-0.088,-1.200,0.700,activeTracking,noEvent
6382,6,19,rld,14:52:26.034,40771,1.121,-6.748,-0.027,-0.300,0.200,activeTracking,noEvent
6382,6,19,rld,14:52:26.095,40772,1.183,-6.830,0.021,-0.100,0.200,activeTracking,noEvent
6382,6,19,rld,14:52:26.154,40773,1.246,-6.858,0.037,0.000,0.000,activeTracking,noEvent
6382,6,19,rld,14:52:26.216,40774,1.294,-6.867,0.056,0.000,0.100,activeTracking,noEvent
6382,6,19,rld,14:52:26.387,40775,1.471,-4.223,0.759,17.700,5.800,activeTracking,noEvent
6382,6,19,rld,14:52:26.446,40776,1.531,-3.430,0.945,0.200,-0.200,activeTracking,noEvent
6382,6,19,rld,14:52:26.522,40777,1.596,-3.150,0.970,0.200,-0.300,activeTracking,noEvent
6382,6,19,rld,14:52:26.638,40778,1.719,-2.947,0.761,0.900,-1.800,activeTracking,noEvent
6382,6,19,rld,14:52:26.751,40779,1.782,-2.843,0.609,0.300,-0.700,activeTracking,noEvent
6382,6,19,rld,14:52:26.861,40780,1.936,-2.796,0.441,0.100,-1.000,activeTracking,noEvent
6382,6,19,rld,14:52:27.009,40781,2.094,-2.891,0.280,-0.900,-0.900,onTarget,noEvent
6382,6,19,rld,14:52:27.073,40782,2.161,-2.984,0.204,-0.500,-0.200,onTarget,noEvent
6382,6,19,rld,14:52:27.158,40783,2.247,-3.027,0.178,-0.100,0.000,activeTracking,noEvent
6382,6,19,rld,14:52:27.225,40784,2.308,-3.042,0.182,0.000,0.100,activeTracking,noEvent
6382,6,19,rld,14:52:27.273,40785,2.361,-3.046,0.194,0.000,0.100,activeTracking,noEvent
6382,6,19,rld,14:52:27.348,40786,2.418,-3.036,0.210,0.100,0.100,activeTracking,noEvent
6382,6,19,rld,14:52:27.467,40787,2.547,-2.521,0.293,4.200,0.700,onTarget,noEvent
6382,6,19,rld,14:52:27.544,40788,2.624,-2.245,0.331,0.900,0.100,activeTracking,noEvent
6382,6,19,rld,14:52:27.614,40789,2.700,-2.118,0.343,0.300,0.000,activeTracking,noEvent
6382,6,19,rld,14:52:27.667,40790,2.749,-2.076,0.347,0.000,0.000,activeTracking,noEvent
6382,6,19,rld,14:52:27.713,40791,2.798,-2.062,0.348,0.000,0.000,activeTracking,noEvent
6382,6,19,rld,14:52:27.771,40792,2.859,-2.058,0.349,0.000,0.000,activeTracking,noEvent
6382,6,19,rld,14:52:27.854,40793,2.943,-2.056,0.337,0.000,-0.100,activeTracking,noEvent
6382,6,19,rld,14:52:27.944,40794,3.021,-2.067,0.311,-0.100,-0.200,activeTracking,noEvent
6382,6,19,rld,14:52:27.995,40795,3.083,-2.083,0.279,-0.100,-0.200,activeTracking,noEvent
6382,6,19,rld,14:52:28.061,40796,3.154,-2.123,0.245,-0.300,-0.200,activeTracking,noEvent
6382,6,19,rld,14:52:28.176,40797,3.254,-2.255,0.200,-1.000,-0.300,activeTracking,noEvent
6382,6,19,rld,14:52:28.276,40798,3.344,-2.383,0.163,-0.700,-0.200,onTarget,noEvent
6382,6,19,rld,14:52:28.357,40799,3.441,-2.461,0.150,-0.300,0.000,onTarget,noEvent
6382,6,19,rld,14:52:28.427,40800,3.510,-2.512,0.146,-0.200,0.000,onTarget,noEvent
6382,6,19,rld,14:52:28.496,40801,3.577,-2.528,0.145,0.000,0.000,onTarget,noEvent
6382,6,19,rld,14:52:28.550,40802,3.631,-2.534,0.145,0.000,0.000,onTarget,noEvent
6382,6,19,rld,14:52:28.607,40803,3.693,-2.536,0.144,0.000,0.000,onTarget,noEvent
6382,6,19,rld,14:52:28.653,40804,3.744,-2.537,0.144,0.000,0.000,onTarget,noEvent
6382,6,19,rld,14:52:28.701,40805,3.791,-2.537,0.144,0.000,0.000,onTarget,noEvent
6382,6,19,rld,14:52:28.752,40806,3.842,-2.537,0.144,0.000,0.000,onTarget,noEvent
6382,6,19,rld,14:52:28.835,40807,3.927,-2.537,0.144,0.000,0.000,onTarget,noEvent
6382,6,19,rld,14:52:28.875,40808,3.968,-2.537,0.144,0.000,0.000,onTarget,noEvent
6382,6,20,rld,14:52:33.883,40889,0.071,-0.067,-0.151,0.000,0.000,activeTracking,targetAppeared
6382,6,20,rld,14:52:33.929,40890,0.130,-0.067,-0.151,0.000,0.000,activeTracking,noEvent
6382,6,20,rld,14:52:33.980,40891,0.181,-0.067,-0.151,0.000,0.000,activeTracking,noEvent
6382,6,20,rld,14:52:34.020,40892,0.222,-0.067,-0.151,0.000,0.000,activeTracking,noEvent
6382,6,20,rld,14:52:34.071,40893,0.267,-0.067,-0.151,0.000,0.000,activeTracking,noEvent
6382,6,20,rld,14:52:34.091,40894,0.293,-0.067,-0.151,0.000,0.000,activeTracking,noEvent
6382,6,20,rld,14:52:34.150,40895,0.351,-0.067,-0.151,0.000,0.000,activeTracking,noEvent
6382,6,20,rld,14:52:34.196,40896,0.390,-0.067,-0.151,0.000,0.000,activeTracking,noEvent
6382,6,20,rld,14:52:34.247,40897,0.441,-0.067,-0.151,0.000,0.000,activeTracking,noEvent
6382,6,20,rld,14:52:34.315,40898,0.517,-0.067,-0.151,0.000,0.000,activeTracking,noEvent
6382,6,20,rld,14:52:34.403,40899,0.570,-0.090,-0.128,-0.200,0.200,activeTracking,noEvent
6382,6,20,rld,14:52:34.584,40900,0.771,-1.911,0.292,-15.900,3.600,activeTracking,noEvent
6382,6,20,rld,14:52:34.684,40901,0.870,-2.747,0.455,-1.700,0.100,activeTracking,noEvent
6382,6,20,rld,14:52:34.761,40902,0.951,-3.108,0.513,-0.600,0.000,activeTracking,noEvent
6382,6,20,rld,14:52:34.852,40903,1.039,-3.256,0.533,-0.200,0.000,activeTracking,noEvent
6382,6,20,rld,14:52:34.876,40904,1.077,-3.305,0.540,0.000,0.000,activeTracking,noEvent
6382,6,20,rld,14:52:34.969,40905,1.171,-3.347,0.543,-0.200,0.000,activeTracking,noEvent
6382,6,20,rld,14:52:35.032,40906,1.233,-3.360,0.532,0.000,-0.100,activeTracking,noEvent
6382,6,20,rld,14:52:35.083,40907,1.284,-3.365,0.516,0.000,-0.100,activeTracking,noEvent
6382,6,20,rld,14:52:35.237,40908,1.422,-3.291,0.462,0.600,-0.400,activeTracking,noEvent
6382,6,20,rld,14:52:35.425,40909,1.622,-2.821,0.178,3.600,-2.200,onTarget,noEvent
6382,6,20,rld,14:52:35.493,40910,1.690,-2.595,0.050,0.600,-0.300,onTarget,noEvent
6382,6,20,rld,14:52:35.570,40911,1.767,-2.508,-0.003,0.100,-0.100,onTarget,noEvent
6382,6,20,rld,14:52:35.654,40912,1.846,-2.443,-0.033,0.300,-0.100,onTarget,noEvent
6382,6,20,rld,14:52:35.703,40913,1.901,-2.410,-0.043,0.100,0.000,onTarget,noEvent
6382,6,20,rld,14:52:35.742,40914,1.941,-2.399,-0.046,0.000,0.000,onTarget,noEvent
6382,6,20,rld,14:52:35.842,40915,2.033,-2.383,-0.047,0.100,0.000,onTarget,noEvent
6382,6,20,rld,14:52:35.914,40916,2.083,-2.354,-0.048,0.200,0.000,onTarget,noEvent
6382,6,20,rld,14:52:35.975,40917,2.171,-2.344,-0.048,0.000,0.000,onTarget,noEvent
6382,6,20,rld,14:52:36.032,40918,2.233,-2.341,-0.048,0.000,0.000,activeTracking,noEvent
6382,6,20,rld,14:52:36.102,40919,2.304,-2.340,-0.048,0.000,0.000,activeTracking,noEvent
6382,6,20,rld,14:52:36.151,40920,2.340,-2.340,-0.048,0.000,0.000,activeTracking,noEvent
6382,6,20,rld,14:52:36.264,40921,2.431,-2.375,-0.048,-0.300,0.000,onTarget,noEvent
6382,6,20,rld,14:52:36.365,40922,2.544,-2.483,-0.036,-0.800,0.100,onTarget,noEvent
6382,6,20,rld,14:52:36.427,40923,2.621,-2.567,-0.032,-0.400,0.000,onTarget,noEvent
6382,6,20,rld,14:52:36.484,40924,2.682,-2.607,-0.031,-0.100,0.000,onTarget,noEvent
6382,6,20,rld,14:52:36.534,40925,2.732,-2.621,-0.030,0.000,0.000,onTarget,noEvent
6382,6,20,rld,14:52:36.581,40926,2.781,-2.625,-0.030,0.000,0.000,onTarget,noEvent
6382,6,20,rld,14:52:36.634,40927,2.829,-2.627,-0.030,0.000,0.000,onTarget,noEvent
6382,6,20,rld,14:52:36.694,40928,2.885,-2.627,-0.030,0.000,0.000,onTarget,noEvent
6382,6,20,rld,14:52:36.746,40929,2.934,-2.627,-0.030,0.000,0.000,onTarget,noEvent
6382,6,20,rld,14:52:36.814,40930,3.016,-2.627,-0.030,0.000,0.000,onTarget,noEvent
6382,6,20,rld,14:52:36.864,40931,3.060,-2.627,-0.030,0.000,0.000,onTarget,noEvent
6382,6,20,rld,14:52:36.901,40932,3.100,-2.627,-0.030,0.000,0.000,onTarget,noEvent
6382,6,20,rld,14:52:36.946,40933,3.139,-2.627,-0.030,0.000,0.000,onTarget,noEvent
6382,6,20,rld,14:52:37.011,40934,3.207,-2.627,-0.030,0.000,0.000,onTarget,noEvent
6382,6,20,rld,14:52:37.063,40935,3.251,-2.627,-0.030,0.000,0.000,onTarget,noEvent
6382,6,20,rld,14:52:37.115,40936,3.310,-2.627,-0.030,0.000,0.000,onTarget,targetClick
6382,6,21,rld,14:52:39.932,40971,3.641,-0.169,0.153,0.000,0.000,waitingForTarget,middleTargetClick
6382,6,21,rld,14:52:39.974,40972,3.682,-0.169,0.153,0.000,0.000,waitingForTarget,noEvent
6382,6,21,rld,14:52:40.025,40973,3.729,-0.169,0.153,0.000,0.000,waitingForTarget,noEvent
6382,6,21,rld,14:52:40.063,40974,3.777,-0.169,0.153,0.000,0.000,waitingForTarget,noEvent
6382,6,21,rld,14:52:40.113,40975,3.825,-0.169,0.153,0.000,0.000,waitingForTarget,noEvent
6382,6,21,rld,14:52:40.156,40976,3.868,-0.169,0.153,0.000,0.000,waitingForTarget,noEvent
6382,6,21,rld,14:52:40.196,40977,3.900,-0.169,0.153,0.000,0.000,waitingForTarget,noEvent
6382,6,21,rld,14:52:40.243,40978,3.950,-0.169,0.153,0.000,0.000,waitingForTarget,noEvent
6382,6,21,rld,14:52:40.284,40979,3.991,-0.169,0.153,0.000,0.000,waitingForTarget,noEvent
6382,6,21,rld,14:52:40.376,40981,0.033,-0.169,0.153,0.000,0.000,activeTracking,targetAppeared
6382,6,21,rld,14:52:40.429,40982,0.092,-0.169,0.153,0.000,0.000,activeTracking,noEvent
6382,6,21,rld,14:52:40.468,40983,0.124,-0.169,0.153,0.000,0.000,activeTracking,noEvent
6382,6,21,rld,14:52:40.519,40984,0.182,-0.169,0.153,0.000,0.000,activeTracking,noEvent
6382,6,21,rld,14:52:40.559,40985,0.223,-0.169,0.153,0.000,0.000,activeTracking,noEvent
6382,6,21,rld,14:52:40.624,40986,0.278,-0.169,0.153,0.000,0.000,activeTracking,noEvent
6382,6,21,rld,14:52:40.676,40987,0.339,-0.169,0.153,0.000,0.000,activeTracking,noEvent
6382,6,21,rld,14:52:40.736,40988,0.398,-0.146,0.153,0.200,0.000,activeTracking,noEvent
6382,6,21,rld,14:52:40.866,40989,0.459,-0.128,0.142,0.100,-0.100,activeTracking,noEvent
6382,6,21,rld,14:52:40.993,40990,0.626,-1.807,0.268,-14.800,1.100,activeTracking,noEvent
6382,6,21,rld,14:52:41.104,40991,0.742,-2.554,0.293,-1.400,-0.200,onTarget,noEvent
6382,6,21,rld,14:52:41.175,40992,0.835,-2.870,0.302,-0.500,0.000,onTarget,noEvent
6382,6,21,rld,14:52:41.237,40993,0.892,-2.989,0.306,-0.100,0.000,activeTracking,noEvent
6382,6,21,rld,14:52:41.286,40994,0.945,-3.029,0.307,0.000,0.000,activeTracking,noEvent
6382,6,21,rld,14:52:41.335,40995,0.997,-3.042,0.307,0.000,0.000,activeTracking,noEvent
6382,6,21,rld,14:52:41.386,40996,1.045,-3.047,0.307,0.000,0.000,activeTracking,noEvent
6382,6,21,rld,14:52:41.459,40997,1.109,-3.048,0.307,0.000,0.000,activeTracking,noEvent
6382,6,21,rld,14:52:41.519,40998,1.169,-3.049,0.307,0.000,0.000,activeTracking,noEvent
6382,6,21,rld,14:52:41.675,40999,1.321,-2.889,0.282,1.300,-0.200,onTarget,noEvent
6382,6,21,rld,14:52:41.758,41000,1.402,-2.678,0.237,1.300,-0.300,onTarget,noEvent
6382,6,21,rld,14:52:41.861,41001,1.505,-2.596,0.187,0.100,-0.300,onTarget,noEvent
6382,6,21,rld,14:52:41.910,41002,1.568,-2.569,0.147,0.000,-0.200,onTarget,noEvent
6382,6,21,rld,14:52:41.975,41003,1.632,-2.559,0.122,0.000,-0.100,onTarget,noEvent
6382,6,21,rld,14:52:42.040,41004,1.696,-2.556,0.090,0.000,-0.200,onTarget,noEvent
6382,6,21,rld,14:52:42.097,41005,1.757,-2.555,0.068,0.000,-0.100,onTarget,noEvent
6382,6,21,rld,14:52:42.174,41006,1.818,-2.555,0.038,0.000,-0.200,onTarget,noEvent
6382,6,21,rld,14:52:42.211,41007,1.873,-2.555,0.016,0.000,-0.100,onTarget,noEvent
6382,6,21,rld,14:52:42.280,41008,1.939,-2.555,-0.003,0.000,-0.100,onTarget,noEvent
6382,6,21,rld,14:52:42.329,41009,1.989,-2.555,-0.010,0.000,0.000,onTarget,noEvent
6382,6,21,rld,14:52:42.379,41010,2.042,-2.555,-0.012,0.000,0.000,onTarget,noEvent
6382,6,21,rld,14:52:42.431,41011,2.092,-2.555,-0.012,0.000,0.000,onTarget,noEvent
6382,6,21,rld,14:52:42.476,41012,2.135,-2.555,-0.013,0.000,0.000,onTarget,noEvent
6382,6,21,rld,14:52:42.533,41013,2.197,-2.555,-0.013,0.000,0.000,onTarget,noEvent
6382,6,21,rld,14:52:42.566,41014,2.230,-2.555,-0.013,0.000,0.000,onTarget,noEvent
6382,6,21,rld,14:52:42.599,41015,2.260,-2.555,-0.013,0.000,0.000,onTarget,noEvent
6382,6,21,rld,14:52:42.651,41016,2.306,-2.555,-0.013,0.000,0.000,onTarget,noEvent
6382,6,21,rld,14:52:42.692,41017,2.351,-2.555,-0.013,0.000,0.000,onTarget,noEvent
6382,6,21,rld,14:52:42.767,41018,2.412,-2.555,-0.013,0.000,0.000,onTarget,noEvent
6382,6,21,rld,14:52:42.858,41019,2.511,-2.555,-0.013,0.000,0.000,onTarget,targetClick
6382,6,22,rld,14:52:45.025,41053,2.565,-0.186,-0.016,0.000,0.000,waitingForTarget,middleTargetClick
6382,6,22,rld,14:52:45.066,41054,2.614,-0.186,-0.016,0.000,0.000,waitingForTarget,noEvent
6382,6,22,rld,14:52:45.128,41055,2.661,-0.186,-0.016,0.000,0.000,waitingForTarget,noEvent
6382,6,22,rld,14:52:45.169,41056,2.713,-0.186,-0.016,0.000,0.000,waitingForTarget,noEvent
6382,6,22,rld,14:52:45.215,41057,2.750,-0.186,-0.016,0.000,0.000,waitingForTarget,noEvent
6382,6,22,rld,14:52:45.265,41058,2.801,-0.186,-0.016,0.000,0.000,waitingForTarget,noEvent
6382,6,22,rld,14:52:45.302,41059,2.848,-0.186,-0.016,0.000,0.000,waitingForTarget,noEvent
6382,6,22,rld,14:52:45.351,41060,2.888,-0.186,-0.016,0.000,0.000,waitingForTarget,noEvent
6382,6,22,rld,14:52:45.381,41061,2.924,-0.186,-0.016,0.000,0.000,waitingForTarget,noEvent
6382,6,22,rld,14:52:45.430,41062,2.975,-0.186,-0.016,0.000,0.000,waitingForTarget,noEvent
6382,6,22,rld,14:52:45.481,41063,0.050,-0.186,-0.016,0.000,0.000,activeTracking,targetAppeared
6382,6,22,rld,14:52:45.528,41064,0.088,-0.186,-0.016,0.000,0.000,activeTracking,noEvent
6382,6,22,rld,14:52:45.575,41065,0.135,-0.186,-0.016,0.000,0.000,activeTracking,noEvent
6382,6,22,rld,14:52:45.617,41066,0.186,-0.186,-0.016,0.000,0.000,activeTracking,noEvent
6382,6,22,rld,14:52:45.651,41067,0.220,-0.186,-0.016,0.000,0.000,activeTracking,noEvent
6382,6,22,rld,14:52:45.701,41068,0.260,-0.186,-0.016,0.000,0.000,activeTracking,noEvent
6382,6,22,rld,14:52:45.758,41069,0.319,-0.186,-0.016,0.000,0.000,activeTracking,noEvent
6382,6,22,rld,14:52:45.817,41070,0.389,-0.186,-0.016,0.000,0.000,activeTracking,noEvent
6382,6,22,rld,14:52:45.957,41071,0.506,1.250,0.030,12.700,0.400,activeTracking,noEvent
6382,6,22,rld,14:52:46.033,41072,0.592,2.018,0.059,2.400,0.100,activeTracking,noEvent
6382,6,22,rld,14:52:46.086,41073,0.653,2.291,0.069,0.100,0.000,activeTracking,noEvent
6382,6,22,rld,14:52:46.149,41074,0.717,2.395,0.072,0.100,0.000,onTarget,noEvent
6382,6,22,rld,14:52:46.219,41075,0.781,2.465,0.074,0.300,0.000,onTarget,noEvent
6382,6,22,rld,14:52:46.292,41076,0.850,2.537,0.074,0.400,0.000,onTarget,noEvent
6382,6,22,rld,14:52:46.363,41077,0.920,2.609,0.063,0.400,-0.100,onTarget,noEvent
6382,6,22,rld,14:52:46.426,41078,0.989,2.658,0.048,0.200,-0.100,onTarget,noEvent
6382,6,22,rld,14:52:46.477,41079,1.040,2.674,0.043,0.000,0.000,onTarget,noEvent
6382,6,22,rld,14:52:46.527,41080,1.094,2.679,0.041,0.000,0.000,onTarget,noEvent
6382,6,22,rld,14:52:46.586,41081,1.147,2.681,0.029,0.000,-0.100,onTarget,noEvent
6382,6,22,rld,14:52:46.625,41082,1.197,2.681,0.025,0.000,0.000,onTarget,noEvent
6382,6,22,rld,14:52:46.674,41083,1.243,2.682,0.023,0.000,0.000,onTarget,noEvent
6382,6,22,rld,14:52:46.709,41084,1.276,2.682,0.023,0.000,0.000,onTarget,noEvent
6382,6,22,rld,14:52:46.758,41085,1.318,2.682,0.023,0.000,0.000,onTarget,noEvent
6382,6,22,rld,14:52:46.836,41086,1.400,2.682,0.023,0.000,0.000,onTarget,noEvent
6382,6,22,rld,14:52:46.915,41087,1.476,2.682,0.023,0.000,0.000,onTarget,targetClick
6382,6,23,rld,14:52:50.028,41137,1.534,-0.203,0.018,0.000,0.000,waitingForTarget,middleTargetClick
6382,6,23,rld,14:52:50.083,41138,1.594,-0.203,0.018,0.000,0.000,waitingForTarget,noEvent
6382,6,23,rld,14:52:50.128,41139,1.639,-0.203,0.018,0.000,0.000,waitingForTarget,noEvent
6382,6,23,rld,14:52:50.164,41140,1.676,-0.203,0.018,0.000,0.000,waitingForTarget,noEvent
6382,6,23,rld,14:52:50.219,41141,1.731,-0.203,0.018,0.000,0.000,waitingForTarget,noEvent
6382,6,23,rld,14:52:50.265,41142,1.778,-0.203,0.018,0.000,0.000,waitingForTarget,noEvent
6382,6,23,rld,14:52:50.307,41143,1.812,-0.203,0.018,0.000,0.000,waitingForTarget,noEvent
6382,6,23,rld,14:52:50.367,41144,1.849,-0.203,0.018,0.000,0.000,waitingForTarget,noEvent
6382,6,23,rld,14:52:50.425,41145,1.930,-0.203,0.018,0.000,0.000,waitingForTarget,noEvent
6382,6,23,rld,14:52:50.465,41146,1.966,-0.203,0.018,0.000,0.000,waitingForTarget,noEvent
6382,6,23,rld,14:52:50.515,41147,0.050,-0.203,0.018,0.000,0.000,activeTracking,targetAppeared
6382,6,23,rld,14:52:50.568,41148,0.112,-0.203,0.018,0.000,0.000,activeTracking,noEvent
6382,6,23,rld,14:52:50.619,41149,0.151,-0.203,0.018,0.000,0.000,activeTracking,noEvent
6382,6,23,rld,14:52:50.665,41150,0.204,-0.203,0.018,0.000,0.000,activeTracking,noEvent
6382,6,23,rld,14:52:50.716,41151,0.248,-0.203,0.018,0.000,0.000,activeTracking,noEvent
6382,6,23,rld,14:52:50.761,41152,0.298,-0.203,0.018,0.000,0.000,activeTracking,noEvent
6382,6,23,rld,14:52:50.802,41153,0.345,-0.203,0.018,0.000,0.000,activeTracking,noEvent
6382,6,23,rld,14:52:50.864,41154,0.400,-0.203,0.018,0.000,0.000,activeTracking,noEvent
6382,6,23,rld,14:52:50.903,41155,0.443,-0.203,0.018,0.000,0.000,activeTracking,noEvent
6382,6,23,rld,14:52:50.947,41156,0.483,-0.203,0.018,0.000,0.000,activeTracking,noEvent
6382,6,23,rld,14:52:50.982,41157,0.524,-0.203,0.018,0.000,0.000,activeTracking,noEvent
6382,6,23,rld,14:52:51.035,41158,0.568,-0.203,0.018,0.000,0.000,activeTracking,noEvent
6382,6,23,rld,14:52:51.074,41159,0.617,-0.203,0.018,0.000,0.000,activeTracking,noEvent
6382,6,23,rld,14:52:51.130,41160,0.660,-0.203,0.018,0.000,0.000,activeTracking,noEvent
6382,6,23,rld,14:52:51.185,41161,0.715,-0.203,0.018,0.000,0.000,activeTracking,noEvent
6382,6,23,rld,14:52:51.266,41162,0.780,-0.203,0.018,0.000,0.000,activeTracking,noEvent
6382,6,23,rld,14:52:51.445,41163,0.981,-1.520,0.042,-11.600,0.200,activeTracking,noEvent
6382,6,23,rld,14:52:51.548,41164,1.078,-2.181,0.029,-1.800,-0.200,activeTracking,noEvent
6382,6,23,rld,14:52:51.606,41165,1.150,-2.442,0.024,-0.300,0.000,onTarget,noEvent
6382,6,23,rld,14:52:51.660,41166,1.204,-2.541,0.023,-0.100,0.000,onTarget,noEvent
6382,6,23,rld,14:52:51.719,41167,1.259,-2.586,0.011,-0.100,-0.100,onTarget,noEvent
6382,6,23,rld,14:52:51.784,41168,1.323,-2.614,0.007,-0.100,0.000,onTarget,noEvent
6382,6,23,rld,14:52:51.847,41169,1.393,-2.635,0.006,-0.100,0.000,onTarget,noEvent
6382,6,23,rld,14:52:51.914,41170,1.458,-2.642,0.005,0.000,0.000,onTarget,noEvent
6382,6,23,rld,14:52:51.967,41171,1.502,-2.644,0.005,0.000,0.000,onTarget,noEvent
6382,6,23,rld,14:52:52.031,41172,1.564,-2.645,0.005,0.000,0.000,onTarget,noEvent
6382,6,23,rld,14:52:52.092,41173,1.628,-2.645,0.005,0.000,0.000,onTarget,noEvent
6382,6,23,rld,14:52:52.145,41174,1.677,-2.645,0.005,0.000,0.000,onTarget,noEvent
6382,6,23,rld,14:52:52.195,41175,1.735,-2.645,0.017,0.000,0.100,onTarget,noEvent
6382,6,23,rld,14:52:52.233,41176,1.765,-2.645,0.021,0.000,0.000,onTarget,noEvent
6382,6,23,rld,14:52:52.274,41177,1.815,-2.645,0.022,0.000,0.000,onTarget,noEvent
6382,6,23,rld,14:52:52.343,41178,1.890,-2.645,0.022,0.000,0.000,onTarget,noEvent
6382,6,23,rld,14:52:52.436,41179,1.979,-2.645,0.022,0.000,0.000,onTarget,targetClick
6382,6,24,rld,14:52:55.565,41233,2.054,-0.219,-0.032,0.000,0.000,waitingForTarget,middleTargetClick
6382,6,24,rld,14:52:55.605,41234,2.095,-0.219,-0.032,0.000,0.000,waitingForTarget,noEvent
6382,6,24,rld,14:52:55.652,41235,2.141,-0.219,-0.032,0.000,0.000,waitingForTarget,noEvent
6382,6,24,rld,14:52:55.691,41236,2.177,-0.219,-0.032,0.000,0.000,waitingForTarget,noEvent
6382,6,24,rld,14:52:55.851,41237,2.336,-0.219,-0.032,0.000,0.000,waitingForTarget,noEvent
6382,6,24,rld,14:52:55.933,41238,2.421,-0.219,-0.032,0.000,0.000,waitingForTarget,noEvent
6382,6,24,rld,14:52:55.969,41239,2.461,-0.219,-0.032,0.000,0.000,waitingForTarget,noEvent
6382,6,24,rld,14:52:56.007,41240,0.035,-0.219,-0.032,0.000,0.000,activeTracking,targetAppeared
6382,6,24,rld,14:52:56.035,41241,0.064,-0.219,-0.032,0.000,0.000,activeTracking,noEvent
6382,6,24,rld,14:52:56.072,41242,0.098,-0.219,-0.032,0.000,0.000,activeTracking,noEvent
6382,6,24,rld,14:52:56.164,41243,0.176,-0.219,-0.032,0.000,0.000,activeTracking,noEvent
6382,6,24,rld,14:52:56.266,41244,0.274,-0.174,-0.032,0.400,0.000,activeTracking,noEvent
6382,6,24,rld,14:52:56.431,41245,0.444,1.049,0.047,10.700,0.700,activeTracking,noEvent
6382,6,24,rld,14:52:56.551,41246,0.556,1.856,0.076,3.400,0.000,activeTracking,noEvent
6382,6,24,rld,14:52:56.699,41247,0.726,2.319,0.086,1.600,0.000,activeTracking,noEvent
6382,6,24,rld,14:52:56.826,41248,0.789,2.608,0.114,1.100,0.200,onTarget,noEvent
6382,6,24,rld,14:52:56.890,41249,0.914,2.815,0.136,0.900,0.100,onTarget,noEvent
6382,6,24,rld,14:52:56.981,41250,1.000,2.922,0.155,0.300,0.100,onTarget,noEvent
6382,6,24,rld,14:52:57.042,41251,1.063,2.969,0.162,0.100,0.000,onTarget,noEvent
6382,6,24,rld,14:52:57.095,41252,1.113,2.985,0.164,0.000,0.000,onTarget,noEvent
6382,6,24,rld,14:52:57.152,41253,1.178,2.991,0.165,0.000,0.000,onTarget,noEvent
6382,6,24,rld,14:52:57.207,41254,1.226,2.992,0.165,0.000,0.000,onTarget,noEvent
6382,6,24,rld,14:52:57.250,41255,1.281,2.993,0.165,0.000,0.000,onTarget,noEvent
6382,6,24,rld,14:52:57.310,41256,1.327,2.993,0.165,0.000,0.000,onTarget,noEvent
6382,6,24,rld,14:52:57.361,41257,1.378,2.993,0.165,0.000,0.000,onTarget,noEvent
6382,6,24,rld,14:52:57.419,41258,1.435,2.993,0.165,0.000,0.000,onTarget,noEvent
6382,6,24,rld,14:52:57.483,41259,1.498,2.981,0.153,-0.100,-0.100,onTarget,noEvent
6382,6,24,rld,14:52:57.548,41260,1.566,2.965,0.126,-0.100,-0.200,onTarget,noEvent
6382,6,24,rld,14:52:57.607,41261,1.637,2.959,0.105,0.000,-0.100,onTarget,noEvent
6382,6,24,rld,14:52:57.661,41262,1.690,2.945,0.086,-0.100,-0.100,onTarget,noEvent
6382,6,24,rld,14:52:57.715,41263,1.744,2.928,0.056,-0.100,-0.200,onTarget,noEvent
6382,6,24,rld,14:52:57.806,41264,1.825,2.898,0.022,-0.200,-0.200,onTarget,noEvent
6382,6,24,rld,14:52:57.881,41265,1.893,2.863,-0.012,-0.200,-0.200,onTarget,noEvent
6382,6,24,rld,14:52:57.925,41266,1.951,2.852,-0.036,0.000,-0.100,onTarget,noEvent
6382,6,24,rld,14:52:57.995,41267,2.015,2.848,-0.043,0.000,0.000,onTarget,noEvent
6382,6,24,rld,14:52:58.046,41268,2.072,2.847,-0.046,0.000,0.000,onTarget,noEvent
6382,6,24,rld,14:52:58.094,41269,2.109,2.846,-0.047,0.000,0.000,onTarget,noEvent
6382,6,24,rld,14:52:58.129,41270,2.158,2.846,-0.047,0.000,0.000,onTarget,noEvent
6382,6,24,rld,14:52:58.185,41271,2.208,2.846,-0.047,0.000,0.000,onTarget,noEvent
6382,6,24,rld,14:52:58.257,41272,2.285,2.846,-0.047,0.000,0.000,onTarget,noEvent
6382,6,24,rld,14:52:58.301,41273,2.324,2.846,-0.047,0.000,0.000,onTarget,targetClick
6382,6,25,rld,14:53:02.701,41340,2.381,-0.135,0.001,0.000,0.000,waitingForTarget,middleTargetClick
6382,6,25,rld,14:53:02.743,41341,2.430,-0.135,0.001,0.000,0.000,waitingForTarget,noEvent
6382,6,25,rld,14:53:02.802,41342,2.478,-0.135,0.001,0.000,0.000,waitingForTarget,noEvent
6382,6,25,rld,14:53:02.857,41343,2.540,-0.135,0.001,0.000,0.000,waitingForTarget,noEvent
6382,6,25,rld,14:53:02.899,41344,2.593,-0.135,0.001,0.000,0.000,waitingForTarget,noEvent
6382,6,25,rld,14:53:02.950,41345,2.642,-0.135,0.001,0.000,0.000,waitingForTarget,noEvent
6382,6,25,rld,14:53:02.994,41346,2.678,-0.135,0.001,0.000,0.000,waitingForTarget,noEvent
6382,6,25,rld,14:53:03.035,41347,2.722,-0.135,0.001,0.000,0.000,waitingForTarget,noEvent
6382,6,25,rld,14:53:03.069,41348,2.760,-0.135,0.001,0.000,0.000,waitingForTarget,noEvent
6382,6,25,rld,14:53:03.109,41349,2.799,-0.135,0.001,0.000,0.000,waitingForTarget,noEvent
6382,6,25,rld,14:53:03.163,41350,0.048,-0.135,0.001,0.000,0.000,activeTracking,targetAppeared
6382,6,25,rld,14:53:03.211,41351,0.094,-0.135,0.001,0.000,0.000,activeTracking,noEvent
6382,6,25,rld,14:53:03.252,41352,0.137,-0.135,0.001,0.000,0.000,activeTracking,noEvent
6382,6,25,rld,14:53:03.296,41353,0.179,-0.135,0.001,0.000,0.000,activeTracking,noEvent
6382,6,25,rld,14:53:03.333,41354,0.222,-0.135,0.001,0.000,0.000,activeTracking,noEvent
6382,6,25,rld,14:53:03.375,41355,0.261,-0.135,0.001,0.000,0.000,activeTracking,noEvent
6382,6,25,rld,14:53:03.425,41356,0.312,-0.135,0.001,0.000,0.000,activeTracking,noEvent
6382,6,25,rld,14:53:03.456,41357,0.350,-0.135,0.001,0.000,0.000,activeTracking,noEvent
6382,6,25,rld,14:53:03.507,41358,0.399,-0.135,0.001,0.000,0.000,activeTracking,noEvent
6382,6,25,rld,14:53:03.546,41359,0.442,-0.135,0.001,0.000,0.000,activeTracking,noEvent
6382,6,25,rld,14:53:03.615,41360,0.497,-0.135,0.001,0.000,0.000,activeTracking,noEvent
6382,6,25,rld,14:53:03.681,41361,0.559,-0.135,0.001,0.000,0.000,activeTracking,noEvent
6382,6,25,rld,14:53:03.929,41362,0.786,-1.382,-0.089,-11.000,-0.800,activeTracking,noEvent
6382,6,25,rld,14:53:04.015,41363,0.910,-2.134,-0.177,-2.800,-0.500,activeTracking,noEvent
6382,6,25,rld,14:53:04.063,41364,0.952,-2.414,-0.207,-0.200,0.000,onTarget,noEvent
6382,6,25,rld,14:53:04.147,41365,1.040,-2.544,-0.217,-0.300,0.000,onTarget,noEvent
6382,6,25,rld,14:53:04.295,41366,1.146,-2.769,-0.256,-1.500,-0.300,onTarget,noEvent
6382,6,25,rld,14:53:04.350,41367,1.241,-2.955,-0.282,-0.900,-0.100,activeTracking,noEvent
6382,6,25,rld,14:53:04.408,41368,1.304,-3.055,-0.291,-0.300,0.000,activeTracking,noEvent
6382,6,25,rld,14:53:04.584,41369,1.462,-3.063,-0.293,0.200,0.000,activeTracking,noEvent
6382,6,25,rld,14:53:04.674,41370,1.553,-3.041,-0.282,0.200,0.100,activeTracking,noEvent
6382,6,25,rld,14:53:04.775,41371,1.647,-2.972,-0.243,0.500,0.300,activeTracking,noEvent
6382,6,25,rld,14:53:04.855,41372,1.744,-2.913,-0.206,0.300,0.200,onTarget,noEvent
6382,6,25,rld,14:53:04.923,41373,1.814,-2.893,-0.182,0.000,0.100,onTarget,noEvent
6382,6,25,rld,14:53:04.975,41374,1.863,-2.862,-0.174,0.200,0.000,onTarget,noEvent
6382,6,25,rld,14:53:05.107,41375,1.998,-2.440,0.015,3.400,1.600,onTarget,noEvent
6382,6,25,rld,14:53:05.194,41376,2.083,-2.230,0.100,0.600,0.200,activeTracking,noEvent
6382,6,25,rld,14:53:05.235,41377,2.127,-2.149,0.128,0.100,0.000,activeTracking,noEvent
6382,6,25,rld,14:53:05.304,41378,2.193,-2.122,0.137,0.000,0.000,activeTracking,noEvent
6382,6,25,rld,14:53:05.356,41379,2.243,-2.113,0.140,0.000,0.000,activeTracking,noEvent
6382,6,25,rld,14:53:05.425,41380,2.314,-2.110,0.141,0.000,0.000,activeTracking,noEvent
6382,6,25,rld,14:53:05.482,41381,2.373,-2.109,0.142,0.000,0.000,activeTracking,noEvent
6382,6,25,rld,14:53:05.561,41382,2.448,-2.109,0.142,0.000,0.000,activeTracking,noEvent
6382,6,25,rld,14:53:05.606,41383,2.502,-2.108,0.142,0.000,0.000,activeTracking,noEvent
6382,6,25,rld,14:53:05.656,41384,2.546,-2.108,0.142,0.000,0.000,activeTracking,noEvent
6382,6,25,rld,14:53:05.735,41385,2.624,-2.120,0.142,-0.100,0.000,activeTracking,noEvent
6382,6,25,rld,14:53:05.894,41386,2.781,-2.385,0.062,-2.200,-0.700,onTarget,noEvent
6382,6,25,rld,14:53:05.961,41387,2.844,-2.546,0.001,-0.600,-0.300,onTarget,noEvent
6382,6,25,rld,14:53:06.009,41388,2.901,-2.612,-0.020,-0.100,0.000,onTarget,noEvent
6382,6,25,rld,14:53:06.066,41389,2.959,-2.634,-0.027,0.000,0.000,onTarget,noEvent
6382,6,25,rld,14:53:06.107,41390,3.002,-2.642,-0.029,0.000,0.000,onTarget,noEvent
6382,6,25,rld,14:53:06.159,41391,3.046,-2.644,-0.030,0.000,0.000,onTarget,noEvent
6382,6,25,rld,14:53:06.199,41392,3.083,-2.645,-0.030,0.000,0.000,onTarget,noEvent
6382,6,25,rld,14:53:06.251,41393,3.142,-2.645,-0.030,0.000,0.000,onTarget,noEvent
6382,6,25,rld,14:53:06.336,41394,3.227,-2.645,-0.030,0.000,0.000,onTarget,noEvent
6382,6,25,rld,14:53:06.394,41395,3.275,-2.645,-0.030,0.000,0.000,onTarget,noEvent
6382,6,25,rld,14:53:06.455,41396,3.339,-2.645,-0.030,0.000,0.000,onTarget,noEvent
6382,6,25,rld,14:53:06.494,41397,3.381,-2.645,-0.030,0.000,0.000,onTarget,noEvent
6382,6,25,rld,14:53:06.545,41398,3.425,-2.645,-0.030,0.000,0.000,onTarget,noEvent
6382,6,25,rld,14:53:06.585,41399,3.474,-2.645,-0.030,0.000,0.000,onTarget,noEvent
6382,6,25,rld,14:53:06.636,41400,3.530,-2.645,-0.030,0.000,0.000,onTarget,noEvent
6382,6,25,rld,14:53:06.684,41401,3.579,-2.645,-0.030,0.000,0.000,onTarget,noEvent
6382,6,25,rld,14:53:06.756,41402,3.642,-2.645,-0.030,0.000,0.000,onTarget,targetClick
6382,6,26,rld,14:53:10.189,41458,3.702,-0.101,0.103,0.000,0.000,waitingForTarget,middleTargetClick
6382,6,26,rld,14:53:10.243,41459,3.768,-0.101,0.103,0.000,0.000,waitingForTarget,noEvent
6382,6,26,rld,14:53:10.295,41460,3.813,-0.101,0.103,0.000,0.000,waitingForTarget,noEvent
6382,6,26,rld,14:53:10.333,41461,3.854,-0.101,0.103,0.000,0.000,waitingForTarget,noEvent
6382,6,26,rld,14:53:10.395,41462,3.912,-0.101,0.103,0.000,0.000,waitingForTarget,noEvent
6382,6,26,rld,14:53:10.441,41463,3.961,-0.101,0.103,0.000,0.000,waitingForTarget,noEvent
6382,6,26,rld,14:53:10.633,41467,0.041,-0.101,0.103,0.000,0.000,activeTracking,targetAppeared
6382,6,26,rld,14:53:10.681,41468,0.091,-0.101,0.103,0.000,0.000,activeTracking,noEvent
6382,6,26,rld,14:53:10.735,41469,0.150,-0.101,0.103,0.000,0.000,activeTracking,noEvent
6382,6,26,rld,14:53:10.785,41470,0.191,-0.101,0.103,0.000,0.000,activeTracking,noEvent
6382,6,26,rld,14:53:10.861,41471,0.271,-0.101,0.103,0.000,0.000,activeTracking,noEvent
6382,6,26,rld,14:53:10.897,41472,0.319,-0.101,0.103,0.000,0.000,activeTracking,noEvent
6382,6,26,rld,14:53:10.951,41473,0.360,-0.101,0.103,0.000,0.000,activeTracking,noEvent
6382,6,26,rld,14:53:11.001,41474,0.408,-0.101,0.103,0.000,0.000,activeTracking,noEvent
6382,6,26,rld,14:53:11.067,41475,0.481,-0.101,0.103,0.000,0.000,activeTracking,noEvent
6382,6,26,rld,14:53:11.125,41476,0.539,-0.101,0.103,0.000,0.000,activeTracking,noEvent
6382,6,26,rld,14:53:11.176,41477,0.586,-0.101,0.103,0.000,0.000,activeTracking,noEvent
6382,6,26,rld,14:53:11.265,41478,0.654,-0.101,0.103,0.000,0.000,activeTracking,noEvent
6382,6,26,rld,14:53:11.447,41479,0.856,-1.187,0.172,-9.600,0.600,activeTracking,noEvent
6382,6,26,rld,14:53:11.577,41480,0.957,-1.845,0.198,-2.500,0.000,activeTracking,noEvent
6382,6,26,rld,14:53:11.677,41481,1.069,-2.221,0.220,-1.300,0.100,activeTracking,noEvent
6382,6,26,rld,14:53:11.743,41482,1.156,-2.419,0.262,-0.600,0.300,activeTracking,noEvent
6382,6,26,rld,14:53:11.814,41483,1.235,-2.485,0.288,0.000,0.100,activeTracking,noEvent
6382,6,26,rld,14:53:11.905,41484,1.300,-2.496,0.297,0.100,0.000,activeTracking,noEvent
6382,6,26,rld,14:53:11.968,41485,1.379,-2.475,0.323,0.200,0.200,activeTracking,noEvent
6382,6,26,rld,14:53:12.055,41486,1.463,-2.432,0.331,0.300,0.000,activeTracking,noEvent
6382,6,26,rld,14:53:12.115,41487,1.528,-2.406,0.334,0.100,0.000,activeTracking,noEvent
6382,6,26,rld,14:53:12.189,41488,1.607,-2.362,0.323,0.300,-0.100,activeTracking,noEvent
6382,6,26,rld,14:53:12.247,41489,1.668,-2.335,0.284,0.100,-0.300,activeTracking,noEvent
6382,6,26,rld,14:53:12.309,41490,1.721,-2.326,0.259,0.000,-0.100,activeTracking,noEvent
6382,6,26,rld,14:53:12.367,41491,1.787,-2.323,0.217,0.000,-0.300,activeTracking,noEvent
6382,6,26,rld,14:53:12.474,41492,1.870,-2.346,0.179,-0.200,-0.200,activeTracking,noEvent
6382,6,26,rld,14:53:12.614,41493,2.019,-2.497,0.063,-1.200,-0.900,onTarget,noEvent
6382,6,26,rld,14:53:12.699,41494,2.107,-2.632,-0.034,-0.700,-0.500,onTarget,noEvent
6382,6,26,rld,14:53:12.774,41495,2.181,-2.726,-0.066,-0.400,0.000,onTarget,noEvent
6382,6,26,rld,14:53:12.849,41496,2.266,-2.781,-0.065,-0.200,0.100,onTarget,noEvent
6382,6,26,rld,14:53:12.923,41497,2.331,-2.824,-0.053,-0.200,0.100,onTarget,noEvent
6382,6,26,rld,14:53:12.964,41498,2.381,-2.839,-0.049,0.000,0.000,onTarget,noEvent
6382,6,26,rld,14:53:13.016,41499,2.436,-2.844,-0.036,0.000,0.100,onTarget,noEvent
6382,6,26,rld,14:53:13.066,41500,2.485,-2.845,-0.032,0.000,0.000,onTarget,noEvent
6382,6,26,rld,14:53:13.108,41501,2.521,-2.846,-0.030,0.000,0.000,onTarget,noEvent
6382,6,26,rld,14:53:13.147,41502,2.557,-2.846,-0.030,0.000,0.000,onTarget,noEvent
6382,6,26,rld,14:53:13.192,41503,2.609,-2.846,-0.030,0.000,0.000,onTarget,noEvent
6382,6,26,rld,14:53:13.241,41504,2.648,-2.846,-0.030,0.000,0.000,onTarget,noEvent
6382,6,26,rld,14:53:13.296,41505,2.706,-2.846,-0.030,0.000,0.000,onTarget,noEvent
6382,6,26,rld,14:53:13.352,41506,2.771,-2.846,-0.030,0.000,0.000,onTarget,noEvent
6382,6,26,rld,14:53:13.402,41507,2.818,-2.846,-0.030,0.000,0.000,onTarget,targetClick
6382,6,27,rld,14:53:16.865,41560,2.894,-0.118,0.120,0.000,0.000,waitingForTarget,middleTargetClick
6382,6,27,rld,14:53:16.914,41561,2.953,-0.118,0.119,0.000,0.000,waitingForTarget,noEvent
6382,6,27,rld,14:53:16.956,41562,2.994,-0.118,0.119,0.000,0.000,waitingForTarget,noEvent
6382,6,27,rld,14:53:16.999,41563,3.039,-0.118,0.119,0.000,0.000,waitingForTarget,noEvent
6382,6,27,rld,14:53:17.068,41564,3.108,-0.118,0.119,0.000,0.000,waitingForTarget,noEvent
6382,6,27,rld,14:53:17.123,41565,3.157,-0.118,0.119,0.000,0.000,waitingForTarget,noEvent
6382,6,27,rld,14:53:17.157,41566,3.193,-0.118,0.119,0.000,0.000,waitingForTarget,noEvent
6382,6,27,rld,14:53:17.210,41567,3.247,-0.118,0.119,0.000,0.000,waitingForTarget,noEvent
6382,6,27,rld,14:53:17.251,41568,3.289,-0.118,0.119,0.000,0.000,waitingForTarget,noEvent
6382,6,27,rld,14:53:17.293,41569,3.324,-0.118,0.119,0.000,0.000,waitingForTarget,noEvent
6382,6,27,rld,14:53:17.343,41570,0.047,-0.118,0.119,0.000,0.000,activeTracking,targetAppeared
6382,6,27,rld,14:53:17.393,41571,0.102,-0.118,0.119,0.000,0.000,activeTracking,noEvent
6382,6,27,rld,14:53:17.425,41572,0.134,-0.118,0.119,0.000,0.000,activeTracking,noEvent
6382,6,27,rld,14:53:17.478,41573,0.182,-0.118,0.119,0.000,0.000,activeTracking,noEvent
6382,6,27,rld,14:53:17.535,41574,0.246,-0.118,0.119,0.000,0.000,activeTracking,noEvent
6382,6,27,rld,14:53:17.595,41575,0.300,-0.118,0.119,0.000,0.000,activeTracking,noEvent
6382,6,27,rld,14:53:17.712,41576,0.413,0.569,0.109,6.100,-0.100,activeTracking,noEvent
6382,6,27,rld,14:53:17.888,41577,0.535,0.607,0.094,-1.700,-0.100,activeTracking,noEvent
6382,6,27,rld,14:53:18.029,41578,0.713,-1.154,0.067,-15.700,-0.200,activeTracking,noEvent
6382,6,27,rld,14:53:18.116,41579,0.818,-1.927,0.094,-1.500,0.300,activeTracking,noEvent
6382,6,27,rld,14:53:18.199,41580,0.903,-2.260,0.138,-0.600,0.300,activeTracking,noEvent
6382,6,27,rld,14:53:18.276,41581,0.982,-2.420,0.165,-0.400,0.100,onTarget,noEvent
6382,6,27,rld,14:53:18.361,41582,1.053,-2.522,0.198,-0.400,0.200,onTarget,noEvent
6382,6,27,rld,14:53:18.434,41583,1.141,-2.592,0.221,-0.300,0.100,onTarget,noEvent
6382,6,27,rld,14:53:18.502,41584,1.212,-2.616,0.240,0.000,0.100,onTarget,noEvent
6382,6,27,rld,14:53:18.552,41585,1.264,-2.623,0.247,0.000,0.000,onTarget,noEvent
6382,6,27,rld,14:53:18.623,41586,1.333,-2.602,0.249,0.200,0.000,onTarget,noEvent
6382,6,27,rld,14:53:18.677,41587,1.383,-2.595,0.249,0.000,0.000,onTarget,noEvent
6382,6,27,rld,14:53:18.729,41588,1.441,-2.592,0.249,0.000,0.000,onTarget,noEvent
6382,6,27,rld,14:53:18.787,41589,1.495,-2.591,0.250,0.000,0.000,onTarget,noEvent
6382,6,27,rld,14:53:18.863,41590,1.569,-2.591,0.250,0.000,0.000,onTarget,noEvent
6382,6,27,rld,14:53:18.947,41591,1.640,-2.591,0.215,0.000,-0.300,onTarget,noEvent
6382,6,27,rld,14:53:19.083,41592,1.787,-2.591,0.051,0.000,-1.300,onTarget,noEvent
6382,6,27,rld,14:53:19.145,41593,1.857,-2.603,-0.108,-0.100,-0.900,onTarget,noEvent
6382,6,27,rld,14:53:19.223,41594,1.919,-2.607,-0.196,0.000,-0.300,onTarget,noEvent
6382,6,27,rld,14:53:19.274,41595,1.984,-2.608,-0.237,0.000,-0.100,onTarget,noEvent
6382,6,27,rld,14:53:19.311,41596,2.020,-2.609,-0.251,0.000,0.000,onTarget,noEvent
6382,6,27,rld,14:53:19.397,41597,2.100,-2.609,-0.255,0.000,0.000,onTarget,noEvent
6382,6,27,rld,14:53:19.455,41598,2.165,-2.609,-0.257,0.000,0.000,onTarget,noEvent
6382,6,27,rld,14:53:19.505,41599,2.213,-2.609,-0.257,0.000,0.000,onTarget,noEvent
6382,6,27,rld,14:53:19.549,41600,2.263,-2.609,-0.257,0.000,0.000,onTarget,noEvent
6382,6,27,rld,14:53:19.591,41601,2.295,-2.609,-0.257,0.000,0.000,onTarget,noEvent
6382,6,27,rld,14:53:19.637,41602,2.341,-2.609,-0.257,0.000,0.000,onTarget,noEvent
6382,6,27,rld,14:53:19.676,41603,2.392,-2.609,-0.257,0.000,0.000,onTarget,noEvent
6382,6,27,rld,14:53:19.729,41604,2.435,-2.609,-0.257,0.000,0.000,onTarget,noEvent
6382,6,27,rld,14:53:19.773,41605,2.480,-2.609,-0.257,0.000,0.000,onTarget,noEvent
6382,6,27,rld,14:53:19.838,41606,2.544,-2.609,-0.257,0.000,0.000,onTarget,noEvent
6382,6,27,rld,14:53:19.867,41607,2.582,-2.609,-0.257,0.000,0.000,onTarget,noEvent
6382,6,27,rld,14:53:19.924,41608,2.635,-2.609,-0.257,0.000,0.000,onTarget,noEvent
6382,6,27,rld,14:53:19.961,41609,2.678,-2.609,-0.257,0.000,0.000,onTarget,noEvent
6382,6,27,rld,14:53:20.007,41610,2.719,-2.609,-0.257,0.000,0.000,onTarget,noEvent
6382,6,27,rld,14:53:20.051,41611,2.763,-2.609,-0.257,0.000,0.000,onTarget,noEvent
6382,6,27,rld,14:53:20.106,41612,2.822,-2.609,-0.257,0.000,0.000,onTarget,noEvent
6382,6,27,rld,14:53:20.167,41613,2.879,-2.609,-0.257,0.000,0.000,onTarget,noEvent
6382,6,27,rld,14:53:20.223,41614,2.928,-2.609,-0.257,0.000,0.000,onTarget,noEvent
6382,6,27,rld,14:53:20.393,41615,3.092,-2.852,-0.153,-2.000,0.900,onTarget,noEvent
6382,6,27,rld,14:53:20.468,41616,3.184,-3.032,-0.059,-0.800,0.500,onTarget,noEvent
6382,6,27,rld,14:53:20.563,41617,3.234,-3.118,-0.015,-0.200,0.100,activeTracking,noEvent
6382,6,27,rld,14:53:20.614,41618,3.324,-3.146,-0.001,0.000,0.000,activeTracking,noEvent
6382,6,27,rld,14:53:20.663,41619,3.376,-3.156,0.004,0.000,0.000,activeTracking,noEvent
6382,6,27,rld,14:53:20.723,41620,3.433,-3.159,0.006,0.000,0.000,activeTracking,noEvent
6382,6,27,rld,14:53:20.773,41621,3.483,-3.160,0.006,0.000,0.000,activeTracking,noEvent
6382,6,27,rld,14:53:20.856,41622,3.561,-3.160,0.006,0.000,0.000,activeTracking,noEvent
6382,6,27,rld,14:53:20.897,41623,3.611,-3.161,0.007,0.000,0.000,activeTracking,noEvent
6382,6,27,rld,14:53:21.001,41624,3.679,-3.136,0.006,0.200,0.000,activeTracking,noEvent
6382,6,27,rld,14:53:21.215,41625,3.916,-2.373,-0.065,6.200,-0.600,onTarget,noEvent
6382,6,27,rld,14:53:21.266,41626,3.968,-2.055,-0.088,0.600,0.000,activeTracking,noEvent
6382,6,28,rld,14:53:26.339,41713,0.041,0.068,0.086,0.000,0.000,activeTracking,targetAppeared
6382,6,28,rld,14:53:26.398,41714,0.100,0.068,0.086,0.000,0.000,activeTracking,noEvent
6382,6,28,rld,14:53:26.443,41715,0.141,0.068,0.086,0.000,0.000,activeTracking,noEvent
6382,6,28,rld,14:53:26.495,41716,0.190,0.068,0.086,0.000,0.000,activeTracking,noEvent
6382,6,28,rld,14:53:26.537,41717,0.236,0.068,0.086,0.000,0.000,activeTracking,noEvent
6382,6,28,rld,14:53:26.694,41718,0.389,1.085,0.234,9.000,1.300,activeTracking,noEvent
6382,6,28,rld,14:53:26.892,41719,0.572,-0.270,0.078,-15.000,-1.800,activeTracking,noEvent
6382,6,28,rld,14:53:27.064,41720,0.751,-1.532,-0.006,-7.100,-0.300,activeTracking,noEvent
6382,6,28,rld,14:53:27.195,41721,0.890,-2.091,0.012,-1.100,0.400,activeTracking,noEvent
6382,6,28,rld,14:53:27.247,41722,0.941,-2.292,0.019,-0.100,0.000,activeTracking,noEvent
6382,6,28,rld,14:53:27.299,41723,1.002,-2.359,0.032,0.000,0.100,onTarget,noEvent
6382,6,28,rld,14:53:27.359,41724,1.062,-2.382,0.048,0.000,0.100,onTarget,noEvent
6382,6,28,rld,14:53:27.394,41725,1.096,-2.389,0.065,0.000,0.100,onTarget,noEvent
6382,6,28,rld,14:53:27.446,41726,1.151,-2.392,0.071,0.000,0.000,onTarget,noEvent
6382,6,28,rld,14:53:27.501,41727,1.203,-2.393,0.085,0.000,0.100,onTarget,noEvent
6382,6,28,rld,14:53:27.567,41728,1.262,-2.381,0.089,0.100,0.000,onTarget,noEvent
6382,6,28,rld,14:53:27.615,41729,1.316,-2.377,0.090,0.000,0.000,onTarget,noEvent
6382,6,28,rld,14:53:27.666,41730,1.370,-2.376,0.091,0.000,0.000,onTarget,noEvent
6382,6,28,rld,14:53:27.726,41731,1.421,-2.375,0.091,0.000,0.000,onTarget,noEvent
6382,6,28,rld,14:53:27.777,41732,1.472,-2.375,0.091,0.000,0.000,onTarget,noEvent
6382,6,28,rld,14:53:27.843,41733,1.534,-2.375,0.091,0.000,0.000,onTarget,noEvent
6382,6,28,rld,14:53:27.905,41734,1.584,-2.375,0.091,0.000,0.000,onTarget,noEvent
6382,6,28,rld,14:53:28.000,41735,1.703,-2.435,0.045,-0.500,-0.400,onTarget,noEvent
6382,6,28,rld,14:53:28.113,41736,1.812,-2.527,-0.017,-0.600,-0.400,onTarget,noEvent
6382,6,28,rld,14:53:28.216,41737,1.918,-2.642,-0.084,-0.700,-0.400,onTarget,noEvent
6382,6,28,rld,14:53:28.275,41738,1.980,-2.717,-0.106,-0.300,0.000,onTarget,noEvent
6382,6,28,rld,14:53:28.330,41739,2.033,-2.766,-0.114,-0.200,0.000,onTarget,noEvent
6382,6,28,rld,14:53:28.396,41740,2.087,-2.795,-0.116,-0.100,0.000,onTarget,noEvent
6382,6,28,rld,14:53:28.466,41741,2.163,-2.805,-0.117,0.000,0.000,onTarget,noEvent
6382,6,28,rld,14:53:28.525,41742,2.222,-2.808,-0.117,0.000,0.000,onTarget,noEvent
6382,6,28,rld,14:53:28.567,41743,2.270,-2.809,-0.118,0.000,0.000,onTarget,noEvent
6382,6,28,rld,14:53:28.612,41744,2.317,-2.809,-0.118,0.000,0.000,onTarget,noEvent
6382,6,28,rld,14:53:28.682,41745,2.373,-2.809,-0.118,0.000,0.000,onTarget,noEvent
6382,6,28,rld,14:53:28.729,41746,2.424,-2.809,-0.118,0.000,0.000,onTarget,noEvent
6382,6,28,rld,14:53:28.794,41747,2.498,-2.809,-0.118,0.000,0.000,onTarget,targetClick
6382,6,29,rld,14:53:30.992,41784,2.566,-0.084,0.069,0.000,0.000,waitingForTarget,middleTargetClick
6382,6,29,rld,14:53:31.036,41785,2.608,-0.084,0.069,0.000,0.000,waitingForTarget,noEvent
6382,6,29,rld,14:53:31.077,41786,2.647,-0.084,0.069,0.000,0.000,waitingForTarget,noEvent
6382,6,29,rld,14:53:31.124,41787,2.690,-0.084,0.069,0.000,0.000,waitingForTarget,noEvent
6382,6,29,rld,14:53:31.159,41788,2.730,-0.084,0.069,0.000,0.000,waitingForTarget,noEvent
6382,6,29,rld,14:53:31.225,41789,2.799,-0.084,0.069,0.000,0.000,waitingForTarget,noEvent
6382,6,29,rld,14:53:31.287,41790,2.858,-0.084,0.069,0.000,0.000,waitingForTarget,noEvent
6382,6,29,rld,14:53:31.339,41791,2.915,-0.084,0.069,0.000,0.000,waitingForTarget,noEvent
6382,6,29,rld,14:53:31.372,41792,2.947,-0.084,0.069,0.000,0.000,waitingForTarget,noEvent
6382,6,29,rld,14:53:31.415,41793,2.983,-0.084,0.069,0.000,0.000,waitingForTarget,noEvent
6382,6,29,rld,14:53:31.455,41794,0.044,-0.084,0.069,0.000,0.000,activeTracking,targetAppeared
6382,6,29,rld,14:53:31.506,41795,0.093,-0.084,0.069,0.000,0.000,activeTracking,noEvent
6382,6,29,rld,14:53:31.580,41796,0.164,-0.084,0.069,0.000,0.000,activeTracking,noEvent
6382,6,29,rld,14:53:31.684,41797,0.263,0.062,0.080,1.300,0.100,activeTracking,noEvent
6382,6,29,rld,14:53:31.784,41798,0.380,1.438,0.257,11.700,1.500,activeTracking,noEvent
6382,6,29,rld,14:53:31.891,41799,0.448,1.977,0.319,0.600,0.000,activeTracking,noEvent
6382,6,29,rld,14:53:32.027,41800,0.590,2.492,0.344,2.800,0.000,activeTracking,noEvent
6382,6,29,rld,14:53:32.094,41801,0.678,2.764,0.353,0.800,0.000,activeTracking,noEvent
6382,6,29,rld,14:53:32.162,41802,0.757,2.880,0.357,0.200,0.000,activeTracking,noEvent
6382,6,29,rld,14:53:32.216,41803,0.813,2.919,0.358,0.000,0.000,activeTracking,noEvent
6382,6,29,rld,14:53:32.255,41804,0.849,2.932,0.359,0.000,0.000,activeTracking,noEvent
6382,6,29,rld,14:53:32.326,41805,0.908,2.936,0.359,0.000,0.000,activeTracking,noEvent
6382,6,29,rld,14:53:32.381,41806,0.974,2.937,0.359,0.000,0.000,activeTracking,noEvent
6382,6,29,rld,14:53:32.431,41807,1.015,2.938,0.359,0.000,0.000,activeTracking,noEvent
6382,6,29,rld,14:53:32.482,41808,1.065,2.938,0.359,0.000,0.000,activeTracking,noEvent
6382,6,29,rld,14:53:32.565,41809,1.160,2.926,0.323,-0.100,-0.300,activeTracking,noEvent
6382,6,29,rld,14:53:32.660,41810,1.226,2.897,0.276,-0.200,-0.300,onTarget,noEvent
6382,6,29,rld,14:53:32.712,41811,1.305,2.863,0.237,-0.200,-0.200,onTarget,noEvent
6382,6,29,rld,14:53:32.772,41812,1.363,2.852,0.212,0.000,-0.100,onTarget,noEvent
6382,6,29,rld,14:53:32.828,41813,1.423,2.848,0.203,0.000,0.000,onTarget,noEvent
6382,6,29,rld,14:53:32.876,41814,1.465,2.847,0.201,0.000,0.000,onTarget,noEvent
6382,6,29,rld,14:53:32.929,41815,1.514,2.846,0.200,0.000,0.000,onTarget,noEvent
6382,6,29,rld,14:53:32.979,41816,1.564,2.846,0.199,0.000,0.000,onTarget,noEvent
6382,6,29,rld,14:53:33.027,41817,1.613,2.846,0.199,0.000,0.000,onTarget,noEvent
6382,6,29,rld,14:53:33.067,41818,1.662,2.846,0.199,0.000,0.000,onTarget,noEvent
6382,6,29,rld,14:53:33.122,41819,1.715,2.846,0.199,0.000,0.000,onTarget,noEvent
6382,6,29,rld,14:53:33.174,41820,1.762,2.846,0.199,0.000,0.000,onTarget,noEvent
6382,6,29,rld,14:53:33.225,41821,1.811,2.846,0.199,0.000,0.000,onTarget,noEvent
6382,6,29,rld,14:53:33.282,41822,1.865,2.846,0.199,0.000,0.000,onTarget,noEvent
6382,6,29,rld,14:53:33.341,41823,1.914,2.846,0.199,0.000,0.000,onTarget,noEvent
6382,6,29,rld,14:53:33.393,41824,1.982,2.846,0.199,0.000,0.000,onTarget,targetClick
6382,6,30,rld,14:53:38.115,41893,2.059,-0.135,0.001,0.000,0.000,waitingForTarget,middleTargetClick
6382,6,30,rld,14:53:38.166,41894,2.112,-0.135,0.001,0.000,0.000,waitingForTarget,noEvent
6382,6,30,rld,14:53:38.215,41895,2.148,-0.135,0.001,0.000,0.000,waitingForTarget,noEvent
6382,6,30,rld,14:53:38.257,41896,2.194,-0.135,0.001,0.000,0.000,waitingForTarget,noEvent
6382,6,30,rld,14:53:38.293,41897,2.232,-0.135,0.001,0.000,0.000,waitingForTarget,noEvent
6382,6,30,rld,14:53:38.361,41898,2.296,-0.135,0.001,0.000,0.000,waitingForTarget,noEvent
6382,6,30,rld,14:53:38.412,41899,2.356,-0.135,0.001,0.000,0.000,waitingForTarget,noEvent
6382,6,30,rld,14:53:38.458,41900,2.405,-0.135,0.001,0.000,0.000,waitingForTarget,noEvent
6382,6,30,rld,14:53:38.512,41901,2.445,-0.135,0.001,0.000,0.000,waitingForTarget,noEvent
6382,6,30,rld,14:53:38.562,41902,2.498,-0.135,0.001,0.000,0.000,waitingForTarget,noEvent
6382,6,30,rld,14:53:38.621,41903,0.064,-0.135,0.001,0.000,0.000,activeTracking,targetAppeared
6382,6,30,rld,14:53:38.663,41904,0.108,-0.135,0.001,0.000,0.000,activeTracking,noEvent
6382,6,30,rld,14:53:38.706,41905,0.144,-0.135,0.001,0.000,0.000,activeTracking,noEvent
6382,6,30,rld,14:53:38.747,41906,0.185,-0.135,0.001,0.000,0.000,activeTracking,noEvent
6382,6,30,rld,14:53:38.782,41907,0.226,-0.135,0.001,0.000,0.000,activeTracking,noEvent
6382,6,30,rld,14:53:38.846,41908,0.284,-0.135,0.001,0.000,0.000,activeTracking,noEvent
6382,6,30,rld,14:53:38.894,41909,0.331,-0.135,0.001,0.000,0.000,activeTracking,noEvent
6382,6,30,rld,14:53:38.932,41910,0.379,-0.135,0.001,0.000,0.000,activeTracking,noEvent
6382,6,30,rld,14:53:38.981,41911,0.424,-0.135,0.001,0.000,0.000,activeTracking,noEvent
6382,6,30,rld,14:53:39.025,41912,0.466,-0.135,0.001,0.000,0.000,activeTracking,noEvent
6382,6,30,rld,14:53:39.081,41913,0.517,-0.135,0.001,0.000,0.000,activeTracking,noEvent
6382,6,30,rld,14:53:39.148,41914,0.583,-0.135,0.001,0.000,0.000,activeTracking,noEvent
6382,6,30,rld,14:53:39.394,41915,0.826,-1.985,-0.249,-16.200,-2.200,activeTracking,noEvent
6382,6,30,rld,14:53:39.524,41916,0.967,-2.870,-0.386,-2.000,-0.400,activeTracking,noEvent
6382,6,30,rld,14:53:39.628,41917,1.076,-3.325,-0.458,-1.200,-0.200,activeTracking,noEvent
6382,6,30,rld,14:53:39.754,41918,1.180,-3.659,-0.486,-1.400,0.000,activeTracking,noEvent
6382,6,30,rld,14:53:39.862,41919,1.285,-3.837,-0.496,-0.500,0.000,activeTracking,noEvent
6382,6,30,rld,14:53:39.913,41920,1.357,-3.910,-0.463,-0.100,0.300,activeTracking,noEvent
6382,6,30,rld,14:53:39.988,41921,1.430,-3.934,-0.428,0.000,0.200,activeTracking,noEvent
6382,6,30,rld,14:53:40.040,41922,1.483,-3.942,-0.392,0.000,0.200,activeTracking,noEvent
6382,6,30,rld,14:53:40.129,41923,1.575,-3.906,-0.355,0.300,0.200,activeTracking,noEvent
6382,6,30,rld,14:53:40.294,41924,1.683,-3.712,-0.221,1.400,1.000,activeTracking,noEvent
6382,6,30,rld,14:53:40.364,41925,1.800,-3.267,0.027,3.000,1.700,activeTracking,noEvent
6382,6,30,rld,14:53:40.437,41926,1.879,-3.096,0.107,0.200,0.000,activeTracking,noEvent
6382,6,30,rld,14:53:40.491,41927,1.937,-3.028,0.134,0.100,0.000,onTarget,noEvent
6382,6,30,rld,14:53:40.546,41928,1.994,-3.005,0.143,0.000,0.000,onTarget,noEvent
6382,6,30,rld,14:53:40.613,41929,2.057,-2.985,0.110,0.100,-0.300,onTarget,noEvent
6382,6,30,rld,14:53:40.678,41930,2.125,-2.978,0.088,0.000,-0.100,onTarget,noEvent
6382,6,30,rld,14:53:40.760,41931,2.194,-2.976,0.069,0.000,-0.100,onTarget,noEvent
6382,6,30,rld,14:53:40.815,41932,2.261,-2.975,0.050,0.000,-0.100,onTarget,noEvent
6382,6,30,rld,14:53:40.863,41933,2.297,-2.975,0.044,0.000,0.000,onTarget,noEvent
6382,6,30,rld,14:53:40.925,41934,2.366,-2.975,0.031,0.000,-0.100,onTarget,noEvent
6382,6,30,rld,14:53:40.996,41935,2.441,-2.975,0.002,0.000,-0.200,onTarget,noEvent
6382,6,30,rld,14:53:41.045,41936,2.492,-2.975,-0.031,0.000,-0.200,onTarget,noEvent
6382,6,30,rld,14:53:41.114,41937,2.556,-2.963,-0.042,0.100,0.000,onTarget,noEvent
6382,6,30,rld,14:53:41.200,41938,2.642,-2.922,-0.034,0.300,0.100,onTarget,noEvent
6382,6,30,rld,14:53:41.253,41939,2.697,-2.871,-0.007,0.300,0.200,onTarget,noEvent
6382,6,30,rld,14:53:41.289,41940,2.736,-2.854,0.001,0.000,0.000,onTarget,noEvent
6382,6,30,rld,14:53:41.341,41941,2.778,-2.849,0.004,0.000,0.000,onTarget,noEvent
6382,6,30,rld,14:53:41.374,41942,2.817,-2.847,0.005,0.000,0.000,onTarget,noEvent
6382,6,30,rld,14:53:41.424,41943,2.865,-2.846,0.005,0.000,0.000,onTarget,noEvent
6382,6,30,rld,14:53:41.461,41944,2.905,-2.846,0.006,0.000,0.000,onTarget,noEvent
6382,6,30,rld,14:53:41.515,41945,2.959,-2.846,0.006,0.000,0.000,onTarget,noEvent
6382,6,30,rld,14:53:41.565,41946,3.007,-2.846,0.006,0.000,0.000,onTarget,noEvent
6382,6,30,rld,14:53:41.610,41947,3.057,-2.846,0.006,0.000,0.000,onTarget,noEvent
6382,6,30,rld,14:53:41.666,41948,3.107,-2.846,0.006,0.000,0.000,onTarget,noEvent
6382,6,30,rld,14:53:41.703,41949,3.147,-2.846,0.006,0.000,0.000,onTarget,noEvent
6382,6,30,rld,14:53:41.747,41950,3.188,-2.846,0.006,0.000,0.000,onTarget,noEvent
6382,6,30,rld,14:53:41.795,41951,3.244,-2.846,0.006,0.000,0.000,onTarget,noEvent
6382,6,30,rld,14:53:41.845,41952,3.285,-2.846,0.006,0.000,0.000,onTarget,noEvent
6382,6,30,rld,14:53:41.889,41953,3.328,-2.846,0.006,0.000,0.000,onTarget,noEvent
6382,6,30,rld,14:53:41.956,41954,3.396,-2.846,0.006,0.000,0.000,onTarget,noEvent
6382,6,30,rld,14:53:42.014,41955,3.455,-2.846,0.006,0.000,0.000,onTarget,noEvent
6382,6,30,rld,14:53:42.075,41956,3.515,-2.846,0.006,0.000,0.000,onTarget,targetClick
6382,6,31,rld,14:53:44.527,41994,3.581,0.169,0.170,0.000,0.000,waitingForTarget,middleTargetClick
6382,6,31,rld,14:53:44.556,41995,3.625,0.169,0.170,0.000,0.000,waitingForTarget,noEvent
6382,6,31,rld,14:53:44.616,41996,3.674,0.169,0.170,0.000,0.000,waitingForTarget,noEvent
6382,6,31,rld,14:53:44.657,41997,3.712,0.169,0.170,0.000,0.000,waitingForTarget,noEvent
6382,6,31,rld,14:53:44.696,41998,3.753,0.169,0.170,0.000,0.000,waitingForTarget,noEvent
6382,6,31,rld,14:53:44.748,41999,3.815,0.169,0.170,0.000,0.000,waitingForTarget,noEvent
6382,6,31,rld,14:53:44.786,42000,3.853,0.169,0.170,0.000,0.000,waitingForTarget,noEvent
6382,6,31,rld,14:53:44.833,42001,3.898,0.169,0.170,0.000,0.000,waitingForTarget,noEvent
6382,6,31,rld,14:53:44.892,42002,3.949,0.169,0.170,0.000,0.000,waitingForTarget,noEvent
6382,6,31,rld,14:53:44.927,42003,3.984,0.169,0.170,0.000,0.000,waitingForTarget,noEvent
6382,6,31,rld,14:53:44.973,42004,0.050,0.169,0.170,0.000,0.000,activeTracking,targetAppeared
6382,6,31,rld,14:53:45.013,42005,0.086,0.169,0.170,0.000,0.000,activeTracking,noEvent
6382,6,31,rld,14:53:45.056,42006,0.139,0.169,0.170,0.000,0.000,activeTracking,noEvent
6382,6,31,rld,14:53:45.089,42007,0.168,0.169,0.170,0.000,0.000,activeTracking,noEvent
6382,6,31,rld,14:53:45.131,42008,0.212,0.169,0.170,0.000,0.000,activeTracking,noEvent
6382,6,31,rld,14:53:45.177,42009,0.260,0.169,0.170,0.000,0.000,activeTracking,noEvent
6382,6,31,rld,14:53:45.226,42010,0.310,0.169,0.170,0.000,0.000,activeTracking,noEvent
6382,6,31,rld,14:53:45.278,42011,0.359,0.169,0.170,0.000,0.000,activeTracking,noEvent
6382,6,31,rld,14:53:45.323,42012,0.399,0.169,0.170,0.000,0.000,activeTracking,noEvent
6382,6,31,rld,14:53:45.363,42013,0.441,0.169,0.170,0.000,0.000,activeTracking,noEvent
6382,6,31,rld,14:53:45.405,42014,0.481,0.169,0.170,0.000,0.000,activeTracking,noEvent
6382,6,31,rld,14:53:45.454,42015,0.529,0.169,0.170,0.000,0.000,activeTracking,noEvent
6382,6,31,rld,14:53:45.516,42016,0.582,0.169,0.170,0.000,0.000,activeTracking,noEvent
6382,6,31,rld,14:53:45.694,42017,0.749,0.631,0.205,4.100,0.300,activeTracking,noEvent
6382,6,31,rld,14:53:45.814,42018,0.896,1.058,0.217,2.400,0.000,activeTracking,noEvent
6382,6,31,rld,14:53:45.899,42019,0.959,1.293,0.210,0.800,-0.100,activeTracking,noEvent
6382,6,31,rld,14:53:45.966,42020,1.033,1.417,0.197,0.400,-0.100,activeTracking,noEvent
6382,6,31,rld,14:53:46.042,42021,1.122,1.493,0.170,0.300,-0.200,activeTracking,noEvent
6382,6,31,rld,14:53:46.093,42022,1.171,1.542,0.161,0.200,0.000,activeTracking,noEvent
6382,6,31,rld,14:53:46.158,42023,1.240,1.570,0.147,0.100,-0.100,activeTracking,noEvent
6382,6,31,rld,14:53:46.212,42024,1.289,1.579,0.142,0.000,0.000,activeTracking,noEvent
6382,6,31,rld,14:53:46.287,42025,1.362,1.594,0.118,0.100,-0.200,activeTracking,noEvent
6382,6,31,rld,14:53:46.514,42026,1.547,1.842,0.122,2.100,0.100,activeTracking,noEvent
6382,6,31,rld,14:53:46.559,42027,1.640,2.066,0.158,1.200,0.300,activeTracking,noEvent
6382,6,31,rld,14:53:46.629,42028,1.708,2.177,0.171,0.300,0.000,activeTracking,noEvent
6382,6,31,rld,14:53:46.696,42029,1.773,2.238,0.175,0.200,0.000,activeTracking,noEvent
6382,6,31,rld,14:53:46.754,42030,1.834,2.258,0.177,0.000,0.000,activeTracking,noEvent
6382,6,31,rld,14:53:46.843,42031,1.919,2.288,0.177,0.200,0.000,activeTracking,noEvent
6382,6,31,rld,14:53:46.913,42032,1.992,2.358,0.178,0.500,0.000,activeTracking,noEvent
6382,6,31,rld,14:53:46.970,42033,2.049,2.393,0.178,0.100,0.000,onTarget,noEvent
6382,6,31,rld,14:53:47.028,42034,2.109,2.429,0.178,0.200,0.000,onTarget,noEvent
6382,6,31,rld,14:53:47.090,42035,2.161,2.441,0.179,0.000,0.000,onTarget,noEvent
6382,6,31,rld,14:53:47.142,42036,2.218,2.445,0.179,0.000,0.000,onTarget,noEvent
6382,6,31,rld,14:53:47.191,42037,2.260,2.446,0.179,0.000,0.000,onTarget,noEvent
6382,6,31,rld,14:53:47.298,42038,2.374,2.507,0.179,0.500,0.000,onTarget,noEvent
6382,6,31,rld,14:53:47.381,42039,2.462,2.599,0.168,0.600,-0.100,onTarget,noEvent
6382,6,31,rld,14:53:47.445,42040,2.516,2.666,0.165,0.300,0.000,onTarget,noEvent
6382,6,31,rld,14:53:47.481,42041,2.561,2.689,0.163,0.000,0.000,onTarget,noEvent
6382,6,31,rld,14:53:47.543,42042,2.622,2.696,0.163,0.000,0.000,onTarget,noEvent
6382,6,31,rld,14:53:47.596,42043,2.678,2.699,0.163,0.000,0.000,onTarget,noEvent
6382,6,31,rld,14:53:47.637,42044,2.719,2.700,0.163,0.000,0.000,onTarget,noEvent
6382,6,31,rld,14:53:47.715,42045,2.780,2.712,0.151,0.100,-0.100,onTarget,noEvent
6382,6,31,rld,14:53:47.766,42046,2.842,2.704,0.159,-0.100,0.100,onTarget,noEvent
6382,6,31,rld,14:53:47.812,42047,2.890,2.701,0.162,0.000,0.000,onTarget,noEvent
6382,6,31,rld,14:53:47.850,42048,2.931,2.700,0.162,0.000,0.000,onTarget,noEvent
6382,6,31,rld,14:53:47.894,42049,2.977,2.700,0.163,0.000,0.000,onTarget,noEvent
6382,6,31,rld,14:53:47.925,42050,2.998,2.700,0.163,0.000,0.000,onTarget,noEvent
6382,6,31,rld,14:53:47.990,42051,3.073,2.700,0.163,0.000,0.000,onTarget,noEvent
6382,6,31,rld,14:53:48.062,42052,3.140,2.700,0.163,0.000,0.000,onTarget,targetClick
6382,6,32,rld,14:53:51.626,42100,3.214,0.017,-0.100,0.000,0.000,waitingForTarget,middleTargetClick
6382,6,32,rld,14:53:51.674,42101,3.256,0.017,-0.100,0.000,0.000,waitingForTarget,noEvent
6382,6,32,rld,14:53:51.707,42102,3.291,0.017,-0.100,0.000,0.000,waitingForTarget,noEvent
6382,6,32,rld,14:53:51.757,42103,3.337,0.017,-0.100,0.000,0.000,waitingForTarget,noEvent
6382,6,32,rld,14:53:51.819,42104,3.407,0.017,-0.100,0.000,0.000,waitingForTarget,noEvent
6382,6,32,rld,14:53:51.863,42105,3.452,0.017,-0.100,0.000,0.000,waitingForTarget,noEvent
6382,6,32,rld,14:53:51.907,42106,3.488,0.017,-0.100,0.000,0.000,waitingForTarget,noEvent
6382,6,32,rld,14:53:51.945,42107,3.527,0.017,-0.100,0.000,0.000,waitingForTarget,noEvent
6382,6,32,rld,14:53:51.982,42108,3.570,0.017,-0.100,0.000,0.000,waitingForTarget,noEvent
6382,6,32,rld,14:53:52.019,42109,3.608,0.017,-0.100,0.000,0.000,waitingForTarget,noEvent
6382,6,32,rld,14:53:52.078,42110,3.656,0.017,-0.100,0.000,0.000,waitingForTarget,noEvent
6382,6,32,rld,14:53:52.136,42111,0.061,0.017,-0.100,0.000,0.000,activeTracking,targetAppeared
6382,6,32,rld,14:53:52.180,42112,0.104,0.017,-0.100,0.000,0.000,activeTracking,noEvent
6382,6,32,rld,14:53:52.231,42113,0.154,0.017,-0.100,0.000,0.000,activeTracking,noEvent
6382,6,32,rld,14:53:52.308,42114,0.238,0.017,-0.100,0.000,0.000,activeTracking,noEvent
6382,6,32,rld,14:53:52.394,42115,0.284,0.017,-0.100,0.000,0.000,activeTracking,noEvent
6382,6,32,rld,14:53:52.583,42116,0.494,-2.026,0.164,-17.900,2.300,activeTracking,noEvent
6382,6,32,rld,14:53:52.767,42117,0.670,-3.458,0.314,-5.800,0.400,activeTracking,noEvent
6382,6,32,rld,14:53:52.892,42118,0.786,-4.243,0.423,-2.100,0.400,activeTracking,noEvent
6382,6,32,rld,14:53:52.944,42119,0.876,-4.598,0.476,-0.600,0.100,activeTracking,noEvent
6382,6,32,rld,14:53:53.008,42120,0.924,-4.719,0.494,0.000,0.000,activeTracking,noEvent
6382,6,32,rld,14:53:53.074,42121,1.002,-4.759,0.500,0.000,0.000,activeTracking,noEvent
6382,6,32,rld,14:53:53.126,42122,1.042,-4.772,0.502,0.000,0.000,activeTracking,noEvent
6382,6,32,rld,14:53:53.229,42123,1.129,-4.749,0.502,0.200,0.000,activeTracking,noEvent
6382,6,32,rld,14:53:53.379,42124,1.305,-3.390,0.091,10.200,-3.200,activeTracking,noEvent
6382,6,32,rld,14:53:53.445,42125,1.374,-2.890,-0.061,0.600,-0.200,onTarget,noEvent
6382,6,32,rld,14:53:53.510,42126,1.435,-2.678,-0.122,0.400,-0.100,onTarget,noEvent
6382,6,32,rld,14:53:53.576,42127,1.508,-2.584,-0.142,0.200,0.000,onTarget,noEvent
6382,6,32,rld,14:53:53.687,42128,1.600,-2.516,-0.161,0.300,-0.100,onTarget,noEvent
6382,6,32,rld,14:53:53.756,42129,1.682,-2.470,-0.178,0.200,-0.100,onTarget,noEvent
6382,6,32,rld,14:53:53.839,42130,1.763,-2.455,-0.184,0.000,0.000,onTarget,noEvent
6382,6,32,rld,14:53:53.894,42131,1.824,-2.449,-0.186,0.000,0.000,onTarget,noEvent
6382,6,32,rld,14:53:53.938,42132,1.874,-2.448,-0.175,0.000,0.100,onTarget,noEvent
6382,6,32,rld,14:53:54.003,42133,1.934,-2.459,-0.160,-0.100,0.100,onTarget,noEvent
6382,6,32,rld,14:53:54.086,42134,2.014,-2.523,-0.120,-0.500,0.300,onTarget,noEvent
6382,6,32,rld,14:53:54.203,42135,2.103,-2.617,-0.083,-0.600,0.200,onTarget,noEvent
6382,6,32,rld,14:53:54.314,42136,2.224,-2.769,-0.001,-1.000,0.600,onTarget,noEvent
6382,6,32,rld,14:53:54.381,42137,2.309,-2.869,0.062,-0.400,0.300,onTarget,noEvent
6382,6,32,rld,14:53:54.424,42138,2.354,-2.903,0.083,0.000,0.000,onTarget,noEvent
6382,6,32,rld,14:53:54.475,42139,2.403,-2.914,0.090,0.000,0.000,onTarget,noEvent
6382,6,32,rld,14:53:54.526,42140,2.462,-2.918,0.093,0.000,0.000,onTarget,noEvent
6382,6,32,rld,14:53:54.574,42141,2.500,-2.919,0.094,0.000,0.000,onTarget,noEvent
6382,6,32,rld,14:53:54.616,42142,2.544,-2.919,0.094,0.000,0.000,onTarget,noEvent
6382,6,32,rld,14:53:54.666,42143,2.593,-2.919,0.094,0.000,0.000,onTarget,noEvent
6382,6,32,rld,14:53:54.723,42144,2.643,-2.920,0.094,0.000,0.000,onTarget,noEvent
6382,6,32,rld,14:53:54.774,42145,2.704,-2.920,0.094,0.000,0.000,onTarget,noEvent
6382,6,32,rld,14:53:54.836,42146,2.765,-2.920,0.094,0.000,0.000,onTarget,noEvent
6382,6,32,rld,14:53:54.887,42147,2.815,-2.920,0.094,0.000,0.000,onTarget,targetClick
6382,6,33,rld,14:53:58.662,42197,2.888,0.068,0.187,0.000,0.000,waitingForTarget,middleTargetClick
6382,6,33,rld,14:53:58.716,42198,2.962,0.068,0.187,0.000,0.000,waitingForTarget,noEvent
6382,6,33,rld,14:53:58.773,42199,3.013,0.068,0.187,0.000,0.000,waitingForTarget,noEvent
6382,6,33,rld,14:53:58.824,42200,3.071,0.068,0.187,0.000,0.000,waitingForTarget,noEvent
6382,6,33,rld,14:53:58.873,42201,3.120,0.068,0.187,0.000,0.000,waitingForTarget,noEvent
6382,6,33,rld,14:53:58.911,42202,3.154,0.068,0.187,0.000,0.000,waitingForTarget,noEvent
6382,6,33,rld,14:53:58.974,42203,3.213,0.068,0.187,0.000,0.000,waitingForTarget,noEvent
6382,6,33,rld,14:53:59.046,42204,3.290,0.068,0.187,0.000,0.000,waitingForTarget,noEvent
6382,6,33,rld,14:53:59.104,42205,0.055,0.068,0.187,0.000,0.000,activeTracking,targetAppeared
6382,6,33,rld,14:53:59.140,42206,0.093,0.068,0.187,0.000,0.000,activeTracking,noEvent
6382,6,33,rld,14:53:59.190,42207,0.143,0.068,0.187,0.000,0.000,activeTracking,noEvent
6382,6,33,rld,14:53:59.258,42208,0.204,0.068,0.187,0.000,0.000,activeTracking,noEvent
6382,6,33,rld,14:53:59.390,42209,0.325,0.710,0.222,5.700,0.300,activeTracking,noEvent
6382,6,33,rld,14:53:59.623,42210,0.540,1.798,0.410,7.600,1.500,activeTracking,noEvent
6382,6,33,rld,14:53:59.701,42211,0.646,2.347,0.489,1.500,0.100,activeTracking,noEvent
6382,6,33,rld,14:53:59.778,42212,0.734,2.594,0.518,0.500,0.000,activeTracking,noEvent
6382,6,33,rld,14:53:59.849,42213,0.802,2.713,0.528,0.300,0.000,activeTracking,noEvent
6382,6,33,rld,14:53:59.890,42214,0.848,2.753,0.531,0.000,0.000,activeTracking,noEvent
6382,6,33,rld,14:53:59.937,42215,0.892,2.766,0.532,0.000,0.000,activeTracking,noEvent
6382,6,33,rld,14:54:00.008,42216,0.965,2.783,0.533,0.100,0.000,activeTracking,noEvent
6382,6,33,rld,14:54:00.046,42217,1.000,2.788,0.533,0.000,0.000,activeTracking,noEvent
6382,6,33,rld,14:54:00.095,42218,1.050,2.790,0.533,0.000,0.000,activeTracking,noEvent
6382,6,33,rld,14:54:00.154,42219,1.106,2.791,0.533,0.000,0.000,activeTracking,noEvent
6382,6,33,rld,14:54:00.210,42220,1.164,2.791,0.533,0.000,0.000,activeTracking,noEvent
6382,6,33,rld,14:54:00.260,42221,1.205,2.791,0.533,0.000,0.000,activeTracking,noEvent
6382,6,33,rld,14:54:00.330,42222,1.286,2.791,0.521,0.000,-0.100,activeTracking,noEvent
6382,6,33,rld,14:54:00.395,42223,1.341,2.791,0.494,0.000,-0.200,activeTracking,noEvent
6382,6,33,rld,14:54:00.459,42224,1.404,2.791,0.473,0.000,-0.100,activeTracking,noEvent
6382,6,33,rld,14:54:00.524,42225,1.481,2.791,0.443,0.000,-0.200,activeTracking,noEvent
6382,6,33,rld,14:54:00.582,42226,1.539,2.791,0.397,0.000,-0.300,activeTracking,noEvent
6382,6,33,rld,14:54:00.722,42227,1.666,2.840,0.312,0.400,-0.600,onTarget,noEvent
6382,6,33,rld,14:54:00.770,42228,1.726,2.881,0.249,0.200,-0.300,onTarget,noEvent
6382,6,33,rld,14:54:00.827,42229,1.784,2.894,0.216,0.000,-0.100,onTarget,noEvent
6382,6,33,rld,14:54:00.877,42230,1.834,2.899,0.205,0.000,0.000,onTarget,noEvent
6382,6,33,rld,14:54:00.964,42231,1.912,2.900,0.201,0.000,0.000,onTarget,noEvent
6382,6,33,rld,14:54:01.003,42232,1.955,2.901,0.200,0.000,0.000,onTarget,noEvent
6382,6,33,rld,14:54:01.064,42233,2.008,2.901,0.200,0.000,0.000,onTarget,noEvent
6382,6,33,rld,14:54:01.125,42234,2.070,2.901,0.200,0.000,0.000,onTarget,noEvent
6382,6,33,rld,14:54:01.174,42235,2.133,2.901,0.200,0.000,0.000,onTarget,noEvent
6382,6,33,rld,14:54:01.224,42236,2.176,2.901,0.200,0.000,0.000,onTarget,noEvent
6382,6,33,rld,14:54:01.285,42237,2.224,2.901,0.200,0.000,0.000,onTarget,noEvent
6382,6,33,rld,14:54:01.336,42238,2.284,2.901,0.200,0.000,0.000,onTarget,noEvent
6382,6,33,rld,14:54:01.375,42239,2.323,2.901,0.200,0.000,0.000,onTarget,noEvent
6382,6,33,rld,14:54:01.427,42240,2.385,2.901,0.200,0.000,0.000,onTarget,noEvent
6382,6,33,rld,14:54:01.476,42241,2.426,2.901,0.200,0.000,0.000,onTarget,noEvent
6382,6,33,rld,14:54:01.543,42242,2.500,2.901,0.200,0.000,0.000,onTarget,noEvent
6382,6,33,rld,14:54:01.623,42243,2.572,2.852,0.211,-0.400,0.100,onTarget,noEvent
6382,6,33,rld,14:54:01.662,42244,2.616,2.836,0.215,0.000,0.000,onTarget,noEvent
6382,6,33,rld,14:54:01.716,42245,2.672,2.830,0.216,0.000,0.000,onTarget,noEvent
6382,6,33,rld,14:54:01.758,42246,2.716,2.829,0.216,0.000,0.000,onTarget,noEvent
6382,6,33,rld,14:54:01.823,42247,2.769,2.828,0.217,0.000,0.000,onTarget,noEvent
6382,6,33,rld,14:54:01.852,42248,2.807,2.828,0.217,0.000,0.000,onTarget,noEvent
6382,6,33,rld,14:54:01.891,42249,2.848,2.828,0.217,0.000,0.000,onTarget,noEvent
6382,6,33,rld,14:54:01.926,42250,2.884,2.828,0.217,0.000,0.000,onTarget,noEvent
6382,6,33,rld,14:54:01.982,42251,2.925,2.828,0.217,0.000,0.000,onTarget,noEvent
6382,6,33,rld,14:54:02.022,42252,2.975,2.828,0.217,0.000,0.000,onTarget,noEvent
6382,6,33,rld,14:54:02.056,42253,3.008,2.828,0.217,0.000,0.000,onTarget,noEvent
6382,6,33,rld,14:54:02.159,42254,3.104,2.828,0.217,0.000,0.000,onTarget,noEvent
6382,6,33,rld,14:54:02.205,42255,3.162,2.828,0.217,0.000,0.000,onTarget,noEvent
6382,6,33,rld,14:54:02.246,42256,3.204,2.828,0.217,0.000,0.000,onTarget,noEvent
6382,6,33,rld,14:54:02.303,42257,3.256,2.828,0.217,0.000,0.000,onTarget,noEvent
6382,6,33,rld,14:54:02.368,42258,3.323,2.828,0.217,0.000,0.000,onTarget,noEvent
6382,6,33,rld,14:54:02.404,42259,3.359,2.828,0.217,0.000,0.000,onTarget,noEvent
6382,6,33,rld,14:54:02.460,42260,3.414,2.828,0.217,0.000,0.000,onTarget,noEvent
6382,6,33,rld,14:54:02.512,42261,3.465,2.828,0.217,0.000,0.000,onTarget,noEvent
6382,6,33,rld,14:54:02.564,42262,3.522,2.828,0.217,0.000,0.000,onTarget,noEvent
6382,6,33,rld,14:54:02.605,42263,3.556,2.828,0.217,0.000,0.000,onTarget,noEvent
6382,6,33,rld,14:54:02.664,42264,3.613,2.828,0.217,0.000,0.000,onTarget,noEvent
6382,6,33,rld,14:54:02.705,42265,3.657,2.828,0.217,0.000,0.000,onTarget,noEvent
6382,6,33,rld,14:54:02.781,42266,3.726,2.828,0.217,0.000,0.000,onTarget,targetClick
6382,6,34,rld,14:54:05.848,42320,3.806,0.101,-0.083,0.000,0.000,waitingForTarget,middleTargetClick
6382,6,34,rld,14:54:05.896,42321,3.844,0.101,-0.083,0.000,0.000,waitingForTarget,noEvent
6382,6,34,rld,14:54:05.941,42322,3.891,0.101,-0.083,0.000,0.000,waitingForTarget,noEvent
6382,6,34,rld,14:54:05.977,42323,3.933,0.101,-0.083,0.000,0.000,waitingForTarget,noEvent
6382,6,34,rld,14:54:06.008,42324,3.967,0.101,-0.083,0.000,0.000,waitingForTarget,noEvent
6382,6,34,rld,14:54:06.315,42331,0.037,0.101,-0.083,0.000,0.000,activeTracking,targetAppeared
6382,6,34,rld,14:54:06.373,42332,0.081,0.101,-0.083,0.000,0.000,activeTracking,noEvent
6382,6,34,rld,14:54:06.442,42333,0.153,0.101,-0.083,0.000,0.000,activeTracking,noEvent
6382,6,34,rld,14:54:06.556,42334,0.260,-0.135,-0.061,-2.100,0.200,activeTracking,noEvent
6382,6,34,rld,14:54:06.715,42335,0.428,-1.543,0.016,-11.700,0.600,activeTracking,noEvent
6382,6,34,rld,14:54:06.839,42336,0.514,-2.248,0.066,-1.900,0.200,activeTracking,noEvent
6382,6,34,rld,14:54:06.906,42337,0.613,-2.548,0.107,-0.500,0.200,onTarget,noEvent
6382,6,34,rld,14:54:06.945,42338,0.670,-2.661,0.133,-0.100,0.100,onTarget,noEvent
6382,6,34,rld,14:54:06.991,42339,0.715,-2.699,0.141,0.000,0.000,onTarget,noEvent
6382,6,34,rld,14:54:07.056,42340,0.782,-2.712,0.156,0.000,0.100,onTarget,noEvent
6382,6,34,rld,14:54:07.124,42341,0.836,-2.716,0.172,0.000,0.100,onTarget,noEvent
6382,6,34,rld,14:54:07.195,42342,0.907,-2.717,0.201,0.000,0.200,onTarget,noEvent
6382,6,34,rld,14:54:07.253,42343,0.970,-2.718,0.234,0.000,0.200,onTarget,noEvent
6382,6,34,rld,14:54:07.296,42344,1.017,-2.718,0.245,0.000,0.000,onTarget,noEvent
6382,6,34,rld,14:54:07.352,42345,1.074,-2.718,0.249,0.000,0.000,onTarget,noEvent
6382,6,34,rld,14:54:07.429,42346,1.139,-2.706,0.250,0.100,0.000,onTarget,noEvent
6382,6,34,rld,14:54:07.479,42347,1.201,-2.702,0.227,0.000,-0.200,onTarget,noEvent
6382,6,34,rld,14:54:07.558,42348,1.283,-2.701,0.196,0.000,-0.200,onTarget,noEvent
6382,6,34,rld,14:54:07.609,42349,1.330,-2.700,0.186,0.000,0.000,onTarget,noEvent
6382,6,34,rld,14:54:07.680,42350,1.405,-2.700,0.159,0.000,-0.200,onTarget,noEvent
6382,6,34,rld,14:54:07.716,42351,1.440,-2.700,0.150,0.000,0.000,onTarget,noEvent
6382,6,34,rld,14:54:07.766,42352,1.483,-2.700,0.147,0.000,0.000,onTarget,noEvent
6382,6,34,rld,14:54:07.831,42353,1.554,-2.700,0.146,0.000,0.000,onTarget,noEvent
6382,6,34,rld,14:54:07.878,42354,1.603,-2.700,0.146,0.000,0.000,onTarget,noEvent
6382,6,34,rld,14:54:07.926,42355,1.652,-2.700,0.145,0.000,0.000,onTarget,noEvent
6382,6,34,rld,14:54:07.982,42356,1.704,-2.700,0.145,0.000,0.000,onTarget,noEvent
6382,6,34,rld,14:54:08.079,42357,1.792,-2.700,0.145,0.000,0.000,onTarget,targetClick
6382,6,35,rld,14:54:11.008,42400,1.862,0.118,0.086,0.000,0.000,waitingForTarget,middleTargetClick
6382,6,35,rld,14:54:11.037,42401,1.894,0.118,0.086,0.000,0.000,waitingForTarget,noEvent
6382,6,35,rld,14:54:11.095,42402,1.942,0.118,0.086,0.000,0.000,waitingForTarget,noEvent
6382,6,35,rld,14:54:11.139,42403,1.986,0.118,0.086,0.000,0.000,waitingForTarget,noEvent
6382,6,35,rld,14:54:11.181,42404,2.030,0.118,0.086,0.000,0.000,waitingForTarget,noEvent
6382,6,35,rld,14:54:11.227,42405,2.080,0.118,0.086,0.000,0.000,waitingForTarget,noEvent
6382,6,35,rld,14:54:11.276,42406,2.124,0.118,0.086,0.000,0.000,waitingForTarget,noEvent
6382,6,35,rld,14:54:11.314,42407,2.167,0.118,0.086,0.000,0.000,waitingForTarget,noEvent
6382,6,35,rld,14:54:11.354,42408,2.203,0.118,0.086,0.000,0.000,waitingForTarget,noEvent
6382,6,35,rld,14:54:11.404,42409,2.256,0.118,0.086,0.000,0.000,waitingForTarget,noEvent
6382,6,35,rld,14:54:11.441,42410,2.299,0.118,0.086,0.000,0.000,waitingForTarget,noEvent
6382,6,35,rld,14:54:11.493,42411,0.037,0.118,0.086,0.000,0.000,activeTracking,targetAppeared
6382,6,35,rld,14:54:11.544,42412,0.092,0.118,0.086,0.000,0.000,activeTracking,noEvent
6382,6,35,rld,14:54:11.582,42413,0.136,0.118,0.086,0.000,0.000,activeTracking,noEvent
6382,6,35,rld,14:54:11.629,42414,0.175,0.118,0.086,0.000,0.000,activeTracking,noEvent
6382,6,35,rld,14:54:11.673,42415,0.222,0.118,0.086,0.000,0.000,activeTracking,noEvent
6382,6,35,rld,14:54:11.713,42416,0.265,0.118,0.086,0.000,0.000,activeTracking,noEvent
6382,6,35,rld,14:54:11.748,42417,0.305,0.118,0.086,0.000,0.000,activeTracking,noEvent
6382,6,35,rld,14:54:11.805,42418,0.357,0.118,0.086,0.000,0.000,activeTracking,noEvent
6382,6,35,rld,14:54:11.861,42419,0.406,0.118,0.086,0.000,0.000,activeTracking,noEvent
6382,6,35,rld,14:54:11.912,42420,0.457,0.118,0.086,0.000,0.000,activeTracking,noEvent
6382,6,35,rld,14:54:11.991,42421,0.524,0.118,0.086,0.000,0.000,activeTracking,noEvent
6382,6,35,rld,14:54:12.223,42422,0.750,-1.204,0.042,-11.700,-0.400,activeTracking,noEvent
6382,6,35,rld,14:54:12.324,42423,0.876,-1.979,0.017,-2.800,-0.100,activeTracking,noEvent
6382,6,35,rld,14:54:12.396,42424,0.935,-2.290,0.009,-0.400,0.000,activeTracking,noEvent
6382,6,35,rld,14:54:12.475,42425,1.032,-2.418,0.006,-0.200,0.000,onTarget,noEvent
6382,6,35,rld,14:54:12.536,42426,1.088,-2.473,0.005,-0.100,0.000,onTarget,noEvent
6382,6,35,rld,14:54:12.584,42427,1.137,-2.504,0.005,-0.100,0.000,onTarget,noEvent
6382,6,35,rld,14:54:12.645,42428,1.200,-2.514,0.005,0.000,0.000,onTarget,noEvent
6382,6,35,rld,14:54:12.693,42429,1.245,-2.517,0.005,0.000,0.000,onTarget,noEvent
6382,6,35,rld,14:54:12.745,42430,1.288,-2.518,0.005,0.000,0.000,onTarget,noEvent
6382,6,35,rld,14:54:12.834,42431,1.389,-2.519,0.005,0.000,0.000,onTarget,noEvent
6382,6,35,rld,14:54:12.888,42432,1.436,-2.519,0.005,0.000,0.000,onTarget,noEvent
6382,6,35,rld,14:54:12.924,42433,1.475,-2.519,0.005,0.000,0.000,onTarget,noEvent
6382,6,35,rld,14:54:12.962,42434,1.517,-2.519,0.005,0.000,0.000,onTarget,noEvent
6382,6,35,rld,14:54:13.015,42435,1.574,-2.519,0.005,0.000,0.000,onTarget,noEvent
6382,6,35,rld,14:54:13.064,42436,1.614,-2.519,0.005,0.000,0.000,onTarget,noEvent
6382,6,35,rld,14:54:13.119,42437,1.675,-2.519,0.005,0.000,0.000,onTarget,noEvent
6382,6,35,rld,14:54:13.180,42438,1.730,-2.519,0.005,0.000,0.000,onTarget,targetClick
6382,6,36,rld,14:54:15.856,42481,1.806,0.186,0.153,0.000,0.000,waitingForTarget,middleTargetClick
6382,6,36,rld,14:54:15.904,42482,1.850,0.186,0.153,0.000,0.000,waitingForTarget,noEvent
6382,6,36,rld,14:54:15.946,42483,1.899,0.186,0.153,0.000,0.000,waitingForTarget,noEvent
6382,6,36,rld,14:54:15.987,42484,1.932,0.186,0.153,0.000,0.000,waitingForTarget,noEvent
6382,6,36,rld,14:54:16.027,42485,1.977,0.186,0.153,0.000,0.000,waitingForTarget,noEvent
6382,6,36,rld,14:54:16.077,42486,2.032,0.186,0.153,0.000,0.000,waitingForTarget,noEvent
6382,6,36,rld,14:54:16.124,42487,2.071,0.186,0.153,0.000,0.000,waitingForTarget,noEvent
6382,6,36,rld,14:54:16.165,42488,2.115,0.186,0.153,0.000,0.000,waitingForTarget,noEvent
6382,6,36,rld,14:54:16.220,42489,2.162,0.186,0.153,0.000,0.000,waitingForTarget,noEvent
6382,6,36,rld,14:54:16.264,42490,2.218,0.186,0.153,0.000,0.000,waitingForTarget,noEvent
6382,6,36,rld,14:54:16.304,42491,0.036,0.186,0.153,0.000,0.000,activeTracking,targetAppeared
6382,6,36,rld,14:54:16.356,42492,0.080,0.186,0.153,0.000,0.000,activeTracking,noEvent
6382,6,36,rld,14:54:16.404,42493,0.137,0.186,0.153,0.000,0.000,activeTracking,noEvent
6382,6,36,rld,14:54:16.442,42494,0.166,0.186,0.153,0.000,0.000,activeTracking,noEvent
6382,6,36,rld,14:54:16.494,42495,0.220,0.186,0.153,0.000,0.000,activeTracking,noEvent
6382,6,36,rld,14:54:16.592,42496,0.282,0.186,0.153,0.000,0.000,activeTracking,noEvent
6382,6,36,rld,14:54:16.731,42497,0.445,2.215,0.681,17.700,4.500,activeTracking,noEvent
6382,6,36,rld,14:54:16.796,42498,0.525,2.987,0.875,0.500,0.000,activeTracking,noEvent
6382,6,36,rld,14:54:16.870,42499,0.601,3.290,0.944,0.300,0.000,activeTracking,noEvent
6382,6,36,rld,14:54:16.976,42500,0.698,2.760,0.841,-5.100,-0.900,activeTracking,noEvent
6382,6,36,rld,14:54:17.102,42501,0.801,1.195,0.544,-11.900,-2.100,activeTracking,noEvent
6382,6,36,rld,14:54:17.336,42502,1.047,-0.346,0.226,-9.200,-2.000,activeTracking,noEvent
6382,6,36,rld,14:54:17.503,42503,1.213,-1.755,-0.230,-7.800,-3.100,activeTracking,noEvent
6382,6,36,rld,14:54:17.590,42504,1.326,-2.356,-0.445,-1.000,-0.500,activeTracking,noEvent
6382,6,36,rld,14:54:17.629,42505,1.363,-2.573,-0.519,-0.100,0.000,activeTracking,noEvent
6382,6,36,rld,14:54:17.680,42506,1.413,-2.657,-0.543,-0.100,0.000,activeTracking,noEvent
6382,6,36,rld,14:54:17.751,42507,1.483,-2.686,-0.540,0.000,0.100,activeTracking,noEvent
6382,6,36,rld,14:54:17.828,42508,1.565,-2.707,-0.527,-0.100,0.100,activeTracking,noEvent
6382,6,36,rld,14:54:17.907,42509,1.643,-2.739,-0.488,-0.200,0.300,activeTracking,noEvent
6382,6,36,rld,14:54:17.974,42510,1.708,-2.774,-0.393,-0.200,0.700,activeTracking,noEvent
6382,6,36,rld,14:54:18.073,42511,1.781,-2.785,-0.292,0.000,0.600,onTarget,noEvent
6382,6,36,rld,14:54:18.170,42512,1.902,-2.753,-0.094,0.300,1.400,onTarget,noEvent
6382,6,36,rld,14:54:18.253,42513,1.986,-2.730,0.019,0.100,0.400,onTarget,noEvent
6382,6,36,rld,14:54:18.304,42514,2.033,-2.722,0.068,0.000,0.100,onTarget,noEvent
6382,6,36,rld,14:54:18.354,42515,2.087,-2.719,0.096,0.000,0.100,onTarget,noEvent
6382,6,36,rld,14:54:18.404,42516,2.133,-2.719,0.106,0.000,0.000,onTarget,noEvent
6382,6,36,rld,14:54:18.465,42517,2.192,-2.718,0.109,0.000,0.000,onTarget,noEvent
6382,6,36,rld,14:54:18.518,42518,2.245,-2.718,0.110,0.000,0.000,onTarget,noEvent
6382,6,36,rld,14:54:18.582,42519,2.317,-2.718,0.110,0.000,0.000,onTarget,noEvent
6382,6,36,rld,14:54:18.653,42520,2.380,-2.718,0.110,0.000,0.000,onTarget,noEvent
6382,6,36,rld,14:54:18.693,42521,2.421,-2.718,0.110,0.000,0.000,onTarget,noEvent
6382,6,36,rld,14:54:18.764,42522,2.497,-2.718,0.110,0.000,0.000,onTarget,noEvent
6382,6,36,rld,14:54:18.824,42523,2.551,-2.718,0.110,0.000,0.000,onTarget,noEvent
6382,6,36,rld,14:54:18.882,42524,2.610,-2.718,0.110,0.000,0.000,onTarget,noEvent
6382,6,36,rld,14:54:18.939,42525,2.665,-2.718,0.110,0.000,0.000,onTarget,noEvent
6382,6,36,rld,14:54:18.985,42526,2.712,-2.718,0.110,0.000,0.000,onTarget,targetClick
6382,6,37,rld,14:54:21.722,42568,2.775,0.068,0.339,0.000,0.000,waitingForTarget,middleTargetClick
6382,6,37,rld,14:54:21.773,42569,2.821,0.068,0.339,0.000,0.000,waitingForTarget,noEvent
6382,6,37,rld,14:54:21.819,42570,2.863,0.068,0.339,0.000,0.000,waitingForTarget,noEvent
6382,6,37,rld,14:54:21.855,42571,2.900,0.068,0.339,0.000,0.000,waitingForTarget,noEvent
6382,6,37,rld,14:54:21.895,42572,2.950,0.068,0.339,0.000,0.000,waitingForTarget,noEvent
6382,6,37,rld,14:54:21.940,42573,2.995,0.068,0.339,0.000,0.000,waitingForTarget,noEvent
6382,6,37,rld,14:54:21.985,42574,3.033,0.068,0.339,0.000,0.000,waitingForTarget,noEvent
6382,6,37,rld,14:54:22.030,42575,3.076,0.068,0.339,0.000,0.000,waitingForTarget,noEvent
6382,6,37,rld,14:54:22.076,42576,3.120,0.068,0.339,0.000,0.000,waitingForTarget,noEvent
6382,6,37,rld,14:54:22.114,42577,3.162,0.068,0.339,0.000,0.000,waitingForTarget,noEvent
6382,6,37,rld,14:54:22.161,42578,3.210,0.068,0.339,0.000,0.000,waitingForTarget,noEvent
6382,6,37,rld,14:54:22.205,42579,0.041,0.068,0.339,0.000,0.000,activeTracking,targetAppeared
6382,6,37,rld,14:54:22.258,42580,0.092,0.068,0.339,0.000,0.000,activeTracking,noEvent
6382,6,37,rld,14:54:22.308,42581,0.150,0.068,0.339,0.000,0.000,activeTracking,noEvent
6382,6,37,rld,14:54:22.359,42582,0.191,0.068,0.339,0.000,0.000,activeTracking,noEvent
6382,6,37,rld,14:54:22.411,42583,0.239,0.068,0.339,0.000,0.000,activeTracking,noEvent
6382,6,37,rld,14:54:22.475,42584,0.290,0.068,0.339,0.000,0.000,activeTracking,noEvent
6382,6,37,rld,14:54:22.672,42585,0.455,-1.210,0.093,-11.300,-2.200,activeTracking,noEvent
6382,6,37,rld,14:54:22.833,42586,0.668,-2.371,-0.139,-6.200,-1.300,onTarget,noEvent
6382,6,37,rld,14:54:22.894,42587,0.733,-2.869,-0.230,-0.800,-0.100,onTarget,noEvent
6382,6,37,rld,14:54:22.953,42588,0.791,-3.063,-0.262,-0.200,0.000,activeTracking,noEvent
6382,6,37,rld,14:54:23.005,42589,0.841,-3.128,-0.272,0.000,0.000,activeTracking,noEvent
6382,6,37,rld,14:54:23.073,42590,0.917,-3.150,-0.264,0.000,0.100,activeTracking,noEvent
6382,6,37,rld,14:54:23.123,42591,0.957,-3.157,-0.261,0.000,0.000,activeTracking,noEvent
6382,6,37,rld,14:54:23.171,42592,1.007,-3.159,-0.248,0.000,0.100,activeTracking,noEvent
6382,6,37,rld,14:54:23.236,42593,1.076,-3.160,-0.221,0.000,0.200,activeTracking,noEvent
6382,6,37,rld,14:54:23.313,42594,1.144,-3.136,-0.187,0.200,0.200,activeTracking,noEvent
6382,6,37,rld,14:54:23.431,42595,1.225,-3.090,-0.153,0.300,0.200,activeTracking,noEvent
6382,6,37,rld,14:54:23.547,42596,1.382,-2.683,0.081,3.200,1.900,onTarget,noEvent
6382,6,37,rld,14:54:23.603,42597,1.442,-2.525,0.158,0.200,0.000,onTarget,noEvent
6382,6,37,rld,14:54:23.646,42598,1.489,-2.473,0.183,0.000,0.000,onTarget,noEvent
6382,6,37,rld,14:54:23.711,42599,1.542,-2.456,0.192,0.000,0.000,onTarget,noEvent
6382,6,37,rld,14:54:23.769,42600,1.602,-2.450,0.195,0.000,0.000,onTarget,noEvent
6382,6,37,rld,14:54:23.839,42601,1.677,-2.448,0.196,0.000,0.000,onTarget,noEvent
6382,6,37,rld,14:54:23.887,42602,1.723,-2.447,0.196,0.000,0.000,onTarget,noEvent
6382,6,37,rld,14:54:23.941,42603,1.771,-2.447,0.196,0.000,0.000,onTarget,noEvent
6382,6,37,rld,14:54:24.003,42604,1.836,-2.447,0.196,0.000,0.000,onTarget,noEvent
6382,6,37,rld,14:54:24.045,42605,1.889,-2.447,0.196,0.000,0.000,onTarget,noEvent
6382,6,37,rld,14:54:24.125,42606,1.947,-2.447,0.184,0.000,-0.100,onTarget,noEvent
6382,6,37,rld,14:54:24.222,42607,2.049,-2.483,0.123,-0.300,-0.500,onTarget,noEvent
6382,6,37,rld,14:54:24.285,42608,2.123,-2.507,0.079,-0.100,-0.200,onTarget,noEvent
6382,6,37,rld,14:54:24.352,42609,2.182,-2.515,0.041,0.000,-0.200,onTarget,noEvent
6382,6,37,rld,14:54:24.391,42610,2.233,-2.517,0.028,0.000,0.000,onTarget,noEvent
6382,6,37,rld,14:54:24.454,42611,2.290,-2.518,0.024,0.000,0.000,onTarget,noEvent
6382,6,37,rld,14:54:24.506,42612,2.339,-2.519,0.023,0.000,0.000,onTarget,noEvent
6382,6,37,rld,14:54:24.564,42613,2.390,-2.519,0.022,0.000,0.000,onTarget,noEvent
6382,6,37,rld,14:54:24.619,42614,2.458,-2.543,0.022,-0.200,0.000,onTarget,noEvent
6382,6,37,rld,14:54:24.659,42615,2.500,-2.551,0.022,0.000,0.000,onTarget,noEvent
6382,6,37,rld,14:54:24.735,42616,2.571,-2.566,0.034,-0.100,0.100,onTarget,noEvent
6382,6,37,rld,14:54:24.797,42617,2.641,-2.571,0.061,0.000,0.200,onTarget,noEvent
6382,6,37,rld,14:54:24.853,42618,2.691,-2.572,0.070,0.000,0.000,onTarget,noEvent
6382,6,37,rld,14:54:24.898,42619,2.740,-2.573,0.073,0.000,0.000,onTarget,noEvent
6382,6,37,rld,14:54:24.937,42620,2.771,-2.573,0.074,0.000,0.000,onTarget,noEvent
6382,6,37,rld,14:54:24.964,42621,2.807,-2.573,0.074,0.000,0.000,onTarget,noEvent
6382,6,37,rld,14:54:25.005,42622,2.840,-2.573,0.075,0.000,0.000,onTarget,noEvent
6382,6,37,rld,14:54:25.087,42623,2.910,-2.573,0.075,0.000,0.000,onTarget,noEvent
6382,6,37,rld,14:54:25.168,42624,2.999,-2.573,0.075,0.000,0.000,onTarget,targetClick
6382,6,38,rld,14:54:27.572,42660,3.056,-0.287,0.238,0.000,0.000,waitingForTarget,middleTargetClick
6382,6,38,rld,14:54:27.609,42661,3.098,-0.287,0.238,0.000,0.000,waitingForTarget,noEvent
6382,6,38,rld,14:54:27.659,42662,3.140,-0.287,0.238,0.000,0.000,waitingForTarget,noEvent
6382,6,38,rld,14:54:27.710,42663,3.189,-0.287,0.238,0.000,0.000,waitingForTarget,noEvent
6382,6,38,rld,14:54:27.757,42664,3.249,-0.287,0.238,0.000,0.000,waitingForTarget,noEvent
6382,6,38,rld,14:54:27.796,42665,3.290,-0.287,0.238,0.000,0.000,waitingForTarget,noEvent
6382,6,38,rld,14:54:27.842,42666,3.334,-0.287,0.238,0.000,0.000,waitingForTarget,noEvent
6382,6,38,rld,14:54:27.880,42667,3.370,-0.287,0.238,0.000,0.000,waitingForTarget,noEvent
6382,6,38,rld,14:54:27.935,42668,3.417,-0.287,0.238,0.000,0.000,waitingForTarget,noEvent
6382,6,38,rld,14:54:27.970,42669,3.458,-0.287,0.238,0.000,0.000,waitingForTarget,noEvent
6382,6,38,rld,14:54:28.024,42670,0.055,-0.287,0.238,0.000,0.000,activeTracking,targetAppeared
6382,6,38,rld,14:54:28.073,42671,0.093,-0.287,0.238,0.000,0.000,activeTracking,noEvent
6382,6,38,rld,14:54:28.124,42672,0.148,-0.287,0.238,0.000,0.000,activeTracking,noEvent
6382,6,38,rld,14:54:28.164,42673,0.184,-0.287,0.238,0.000,0.000,activeTracking,noEvent
6382,6,38,rld,14:54:28.231,42674,0.263,-0.287,0.238,0.000,0.000,activeTracking,noEvent
6382,6,38,rld,14:54:28.264,42675,0.297,-0.287,0.238,0.000,0.000,activeTracking,noEvent
6382,6,38,rld,14:54:28.320,42676,0.334,-0.287,0.238,0.000,0.000,activeTracking,noEvent
6382,6,38,rld,14:54:28.362,42677,0.396,-0.287,0.238,0.000,0.000,activeTracking,noEvent
6382,6,38,rld,14:54:28.426,42678,0.461,-0.287,0.238,0.000,0.000,activeTracking,noEvent
6382,6,38,rld,14:54:28.595,42679,0.611,0.829,0.148,9.900,-0.800,activeTracking,noEvent
6382,6,38,rld,14:54:28.721,42680,0.710,2.573,-0.038,11.700,-1.400,onTarget,noEvent
6382,6,38,rld,14:54:28.771,42681,0.796,3.236,-0.103,0.400,0.000,activeTracking,noEvent
6382,6,38,rld,14:54:28.891,42682,0.917,3.539,-0.125,0.600,0.000,activeTracking,noEvent
6382,6,38,rld,14:54:28.977,42683,1.000,3.680,-0.132,0.300,0.000,activeTracking,noEvent
6382,6,38,rld,14:54:29.022,42684,1.056,3.727,-0.135,0.000,0.000,activeTracking,noEvent
6382,6,38,rld,14:54:29.089,42685,1.122,3.743,-0.148,0.000,-0.100,activeTracking,noEvent
6382,6,38,rld,14:54:29.175,42686,1.193,3.735,-0.164,-0.100,-0.100,activeTracking,noEvent
6382,6,38,rld,14:54:29.243,42687,1.261,3.668,-0.182,-0.500,-0.100,activeTracking,noEvent
6382,6,38,rld,14:54:29.376,42688,1.332,3.556,-0.187,-0.700,0.000,activeTracking,noEvent
6382,6,38,rld,14:54:29.488,42689,1.496,3.216,-0.105,-2.400,0.700,activeTracking,noEvent
6382,6,38,rld,14:54:29.604,42690,1.614,3.006,-0.019,-0.800,0.500,onTarget,noEvent
6382,6,38,rld,14:54:29.673,42691,1.695,2.924,0.033,-0.100,0.200,onTarget,noEvent
6382,6,38,rld,14:54:29.725,42692,1.758,2.896,0.062,0.000,0.100,onTarget,noEvent
6382,6,38,rld,14:54:29.774,42693,1.798,2.887,0.071,0.000,0.000,onTarget,noEvent
6382,6,38,rld,14:54:29.852,42694,1.873,2.884,0.075,0.000,0.000,onTarget,noEvent
6382,6,38,rld,14:54:29.896,42695,1.923,2.883,0.076,0.000,0.000,onTarget,noEvent
6382,6,38,rld,14:54:29.947,42696,1.973,2.883,0.076,0.000,0.000,onTarget,noEvent
6382,6,38,rld,14:54:30.010,42697,2.031,2.883,0.076,0.000,0.000,onTarget,noEvent
6382,6,38,rld,14:54:30.061,42698,2.092,2.883,0.076,0.000,0.000,onTarget,noEvent
6382,6,38,rld,14:54:30.113,42699,2.142,2.883,0.076,0.000,0.000,onTarget,noEvent
6382,6,38,rld,14:54:30.156,42700,2.190,2.883,0.076,0.000,0.000,onTarget,noEvent
6382,6,38,rld,14:54:30.205,42701,2.233,2.883,0.076,0.000,0.000,onTarget,noEvent
6382,6,38,rld,14:54:30.247,42702,2.272,2.883,0.076,0.000,0.000,onTarget,noEvent
6382,6,38,rld,14:54:30.296,42703,2.325,2.883,0.076,0.000,0.000,onTarget,noEvent
6382,6,38,rld,14:54:30.346,42704,2.374,2.883,0.076,0.000,0.000,onTarget,noEvent
6382,6,38,rld,14:54:30.427,42705,2.460,2.883,0.076,0.000,0.000,onTarget,targetClick
6382,6,39,rld,14:54:35.064,42776,2.500,-0.101,-0.117,0.000,0.000,waitingForTarget,middleTargetClick
6382,6,39,rld,14:54:35.104,42777,2.544,-0.101,-0.117,0.000,0.000,waitingForTarget,noEvent
6382,6,39,rld,14:54:35.130,42778,2.576,-0.101,-0.117,0.000,0.000,waitingForTarget,noEvent
6382,6,39,rld,14:54:35.171,42779,2.616,-0.101,-0.117,0.000,0.000,waitingForTarget,noEvent
6382,6,39,rld,14:54:35.208,42780,2.646,-0.101,-0.117,0.000,0.000,waitingForTarget,noEvent
6382,6,39,rld,14:54:35.287,42781,2.724,-0.101,-0.117,0.000,0.000,waitingForTarget,noEvent
6382,6,39,rld,14:54:35.335,42782,2.778,-0.101,-0.117,0.000,0.000,waitingForTarget,noEvent
6382,6,39,rld,14:54:35.386,42783,2.824,-0.101,-0.117,0.000,0.000,waitingForTarget,noEvent
6382,6,39,rld,14:54:35.427,42784,2.874,-0.101,-0.117,0.000,0.000,waitingForTarget,noEvent
6382,6,39,rld,14:54:35.469,42785,2.910,-0.101,-0.117,0.000,0.000,waitingForTarget,noEvent
6382,6,39,rld,14:54:35.504,42786,0.031,-0.101,-0.117,0.000,0.000,activeTracking,targetAppeared
6382,6,39,rld,14:54:35.553,42787,0.081,-0.101,-0.117,0.000,0.000,activeTracking,noEvent
6382,6,39,rld,14:54:35.591,42788,0.128,-0.101,-0.117,0.000,0.000,activeTracking,noEvent
6382,6,39,rld,14:54:35.651,42789,0.178,-0.101,-0.117,0.000,0.000,activeTracking,noEvent
6382,6,39,rld,14:54:35.687,42790,0.211,-0.101,-0.117,0.000,0.000,activeTracking,noEvent
6382,6,39,rld,14:54:35.739,42791,0.273,-0.101,-0.117,0.000,0.000,activeTracking,noEvent
6382,6,39,rld,14:54:35.776,42792,0.302,-0.101,-0.117,0.000,0.000,activeTracking,noEvent
6382,6,39,rld,14:54:35.853,42793,0.375,-0.101,-0.117,0.000,0.000,activeTracking,noEvent
6382,6,39,rld,14:54:35.893,42794,0.427,-0.101,-0.117,0.000,0.000,activeTracking,noEvent
6382,6,39,rld,14:54:35.963,42795,0.484,-0.101,-0.117,0.000,0.000,activeTracking,noEvent
6382,6,39,rld,14:54:36.136,42796,0.635,-0.846,-0.140,-6.600,-0.200,activeTracking,noEvent
6382,6,39,rld,14:54:36.276,42797,0.796,-1.997,-0.286,-7.800,-1.200,activeTracking,noEvent
6382,6,39,rld,14:54:36.341,42798,0.862,-2.475,-0.337,-0.700,0.000,activeTracking,noEvent
6382,6,39,rld,14:54:36.418,42799,0.950,-2.673,-0.366,-0.300,-0.100,activeTracking,noEvent
6382,6,39,rld,14:54:36.466,42800,1.000,-2.752,-0.376,-0.100,0.000,activeTracking,noEvent
6382,6,39,rld,14:54:36.514,42801,1.046,-2.778,-0.379,0.000,0.000,activeTracking,noEvent
6382,6,39,rld,14:54:36.576,42802,1.109,-2.787,-0.357,0.000,0.200,activeTracking,noEvent
6382,6,39,rld,14:54:36.636,42803,1.162,-2.790,-0.350,0.000,0.000,activeTracking,noEvent
6382,6,39,rld,14:54:36.695,42804,1.226,-2.791,-0.336,0.000,0.100,onTarget,noEvent
6382,6,39,rld,14:54:36.764,42805,1.299,-2.791,-0.319,0.000,0.100,onTarget,noEvent
6382,6,39,rld,14:54:36.930,42806,1.392,-2.791,-0.278,0.000,0.300,onTarget,noEvent
6382,6,39,rld,14:54:36.979,42807,1.510,-2.791,-0.218,0.000,0.400,onTarget,noEvent
6382,6,39,rld,14:54:37.055,42808,1.586,-2.791,-0.174,0.000,0.200,onTarget,noEvent
6382,6,39,rld,14:54:37.090,42809,1.623,-2.791,-0.160,0.000,0.000,onTarget,noEvent
6382,6,39,rld,14:54:37.144,42810,1.675,-2.791,-0.155,0.000,0.000,onTarget,noEvent
6382,6,39,rld,14:54:37.176,42811,1.711,-2.791,-0.154,0.000,0.000,onTarget,noEvent
6382,6,39,rld,14:54:37.229,42812,1.764,-2.791,-0.153,0.000,0.000,onTarget,noEvent
6382,6,39,rld,14:54:37.304,42813,1.832,-2.791,-0.153,0.000,0.000,onTarget,noEvent
6382,6,39,rld,14:54:37.361,42814,1.891,-2.791,-0.153,0.000,0.000,onTarget,noEvent
6382,6,39,rld,14:54:37.404,42815,1.932,-2.791,-0.153,0.000,0.000,onTarget,noEvent
6382,6,39,rld,14:54:37.446,42816,1.982,-2.791,-0.153,0.000,0.000,onTarget,noEvent
6382,6,39,rld,14:54:37.574,42817,2.107,-2.791,-0.153,0.000,0.000,onTarget,targetClick
6382,6,40,rld,14:54:41.355,42875,2.165,0.253,0.238,0.000,0.000,waitingForTarget,middleTargetClick
6382,6,40,rld,14:54:41.419,42876,2.241,0.253,0.238,0.000,0.000,waitingForTarget,noEvent
6382,6,40,rld,14:54:41.459,42877,2.280,0.253,0.238,0.000,0.000,waitingForTarget,noEvent
6382,6,40,rld,14:54:41.507,42878,2.330,0.253,0.238,0.000,0.000,waitingForTarget,noEvent
6382,6,40,rld,14:54:41.569,42879,2.398,0.253,0.238,0.000,0.000,waitingForTarget,noEvent
6382,6,40,rld,14:54:41.620,42880,2.452,0.253,0.238,0.000,0.000,waitingForTarget,noEvent
6382,6,40,rld,14:54:41.663,42881,2.482,0.253,0.238,0.000,0.000,waitingForTarget,noEvent
6382,6,40,rld,14:54:41.718,42882,2.549,0.253,0.238,0.000,0.000,waitingForTarget,noEvent
6382,6,40,rld,14:54:41.755,42883,2.579,0.253,0.238,0.000,0.000,waitingForTarget,noEvent
6382,6,40,rld,14:54:41.829,42884,0.082,0.253,0.238,0.000,0.000,activeTracking,targetAppeared
6382,6,40,rld,14:54:41.876,42885,0.131,0.253,0.238,0.000,0.000,activeTracking,noEvent
6382,6,40,rld,14:54:41.930,42886,0.182,0.253,0.238,0.000,0.000,activeTracking,noEvent
6382,6,40,rld,14:54:41.989,42887,0.236,0.253,0.238,0.000,0.000,activeTracking,noEvent
6382,6,40,rld,14:54:42.030,42888,0.283,0.253,0.238,0.000,0.000,activeTracking,noEvent
6382,6,40,rld,14:54:42.088,42889,0.342,0.253,0.238,0.000,0.000,activeTracking,noEvent
6382,6,40,rld,14:54:42.139,42890,0.381,0.253,0.238,0.000,0.000,activeTracking,noEvent
6382,6,40,rld,14:54:42.197,42891,0.445,0.253,0.238,0.000,0.000,activeTracking,noEvent
6382,6,40,rld,14:54:42.313,42892,0.562,-0.580,0.080,-7.400,-1.400,activeTracking,noEvent
6382,6,40,rld,14:54:42.542,42893,0.757,-2.199,-0.431,-11.600,-4.000,activeTracking,noEvent
6382,6,40,rld,14:54:42.607,42894,0.852,-2.859,-0.611,-0.800,0.000,activeTracking,noEvent
6382,6,40,rld,14:54:42.670,42895,0.915,-3.121,-0.674,-0.300,0.000,activeTracking,noEvent
6382,6,40,rld,14:54:42.726,42896,0.970,-3.235,-0.684,-0.200,0.100,activeTracking,noEvent
6382,6,40,rld,14:54:42.807,42897,1.061,-3.285,-0.652,-0.100,0.300,activeTracking,noEvent
6382,6,40,rld,14:54:42.874,42898,1.125,-3.302,-0.617,0.000,0.200,activeTracking,noEvent
6382,6,40,rld,14:54:42.924,42899,1.173,-3.308,-0.606,0.000,0.000,activeTracking,noEvent
6382,6,40,rld,14:54:42.983,42900,1.231,-3.310,-0.578,0.000,0.200,activeTracking,noEvent
6382,6,40,rld,14:54:43.054,42901,1.290,-3.310,-0.557,0.000,0.100,activeTracking,noEvent
6382,6,40,rld,14:54:43.169,42902,1.397,-3.248,-0.478,0.500,0.600,activeTracking,noEvent
6382,6,40,rld,14:54:43.245,42903,1.491,-3.053,-0.237,1.400,1.800,activeTracking,noEvent
6382,6,40,rld,14:54:43.316,42904,1.563,-2.964,-0.122,0.200,0.300,onTarget,noEvent
6382,6,40,rld,14:54:43.371,42905,1.617,-2.934,-0.084,0.000,0.000,onTarget,noEvent
6382,6,40,rld,14:54:43.409,42906,1.663,-2.924,-0.071,0.000,0.000,onTarget,noEvent
6382,6,40,rld,14:54:43.463,42907,1.714,-2.921,-0.067,0.000,0.000,onTarget,noEvent
6382,6,40,rld,14:54:43.512,42908,1.760,-2.920,-0.065,0.000,0.000,onTarget,noEvent
6382,6,40,rld,14:54:43.577,42909,1.830,-2.920,-0.065,0.000,0.000,onTarget,noEvent
6382,6,40,rld,14:54:43.642,42910,1.895,-2.920,-0.065,0.000,0.000,onTarget,noEvent
6382,6,40,rld,14:54:43.702,42911,1.943,-2.920,-0.065,0.000,0.000,onTarget,noEvent
6382,6,40,rld,14:54:43.756,42912,2.003,-2.920,-0.065,0.000,0.000,onTarget,noEvent
6382,6,40,rld,14:54:43.845,42913,2.095,-2.920,-0.065,0.000,0.000,onTarget,noEvent
6382,6,40,rld,14:54:43.877,42914,2.127,-2.920,-0.065,0.000,0.000,onTarget,noEvent
6382,6,40,rld,14:54:43.944,42915,2.194,-2.920,-0.065,0.000,0.000,onTarget,noEvent
6382,6,40,rld,14:54:44.004,42916,2.251,-2.920,-0.065,0.000,0.000,onTarget,noEvent
6382,6,40,rld,14:54:44.066,42917,2.318,-2.920,-0.065,0.000,0.000,onTarget,targetClick
6382,6,41,rld,14:54:46.161,42950,2.388,0.203,0.069,0.000,0.000,waitingForTarget,middleTargetClick
6382,6,41,rld,14:54:46.216,42951,2.427,0.203,0.069,0.000,0.000,waitingForTarget,noEvent
6382,6,41,rld,14:54:46.269,42952,2.491,0.203,0.069,0.000,0.000,waitingForTarget,noEvent
6382,6,41,rld,14:54:46.296,42953,2.522,0.203,0.069,0.000,0.000,waitingForTarget,noEvent
6382,6,41,rld,14:54:46.353,42954,2.574,0.203,0.069,0.000,0.000,waitingForTarget,noEvent
6382,6,41,rld,14:54:46.406,42955,2.635,0.203,0.069,0.000,0.000,waitingForTarget,noEvent
6382,6,41,rld,14:54:46.440,42956,2.669,0.203,0.069,0.000,0.000,waitingForTarget,noEvent
6382,6,41,rld,14:54:46.482,42957,2.704,0.203,0.069,0.000,0.000,waitingForTarget,noEvent
6382,6,41,rld,14:54:46.527,42958,2.751,0.203,0.069,0.000,0.000,waitingForTarget,noEvent
6382,6,41,rld,14:54:46.576,42959,2.800,0.203,0.069,0.000,0.000,waitingForTarget,noEvent
6382,6,41,rld,14:54:46.630,42960,0.051,0.203,0.069,0.000,0.000,activeTracking,targetAppeared
6382,6,41,rld,14:54:46.678,42961,0.103,0.203,0.069,0.000,0.000,activeTracking,noEvent
6382,6,41,rld,14:54:46.717,42962,0.146,0.203,0.069,0.000,0.000,activeTracking,noEvent
6382,6,41,rld,14:54:46.772,42963,0.200,0.203,0.069,0.000,0.000,activeTracking,noEvent
6382,6,41,rld,14:54:46.842,42964,0.263,0.203,0.069,0.000,0.000,activeTracking,noEvent
6382,6,41,rld,14:54:46.883,42965,0.304,0.203,0.069,0.000,0.000,activeTracking,noEvent
6382,6,41,rld,14:54:46.925,42966,0.338,0.203,0.069,0.000,0.000,activeTracking,noEvent
6382,6,41,rld,14:54:46.973,42967,0.389,0.203,0.069,0.000,0.000,activeTracking,noEvent
6382,6,41,rld,14:54:47.013,42968,0.436,0.203,0.069,0.000,0.000,activeTracking,noEvent
6382,6,41,rld,14:54:47.051,42969,0.474,0.203,0.069,0.000,0.000,activeTracking,noEvent
6382,6,41,rld,14:54:47.095,42970,0.517,0.203,0.069,0.000,0.000,activeTracking,noEvent
6382,6,41,rld,14:54:47.144,42971,0.565,0.203,0.069,0.000,0.000,activeTracking,noEvent
6382,6,41,rld,14:54:47.180,42972,0.608,0.203,0.069,0.000,0.000,activeTracking,noEvent
6382,6,41,rld,14:54:47.247,42973,0.672,0.203,0.069,0.000,0.000,activeTracking,noEvent
6382,6,41,rld,14:54:47.306,42974,0.723,0.203,0.069,0.000,0.000,activeTracking,noEvent
6382,6,41,rld,14:54:47.394,42975,0.774,0.203,0.069,0.000,0.000,activeTracking,noEvent
6382,6,41,rld,14:54:47.570,42976,0.992,-2.020,-0.077,-19.500,-1.300,activeTracking,noEvent
6382,6,41,rld,14:54:47.661,42977,1.087,-2.993,-0.127,-1.600,0.000,onTarget,noEvent
6382,6,41,rld,14:54:47.774,42978,1.181,-3.431,-0.145,-0.800,0.000,activeTracking,noEvent
6382,6,41,rld,14:54:47.928,42979,1.323,-3.798,-0.127,-1.700,0.200,activeTracking,noEvent
6382,6,41,rld,14:54:47.985,42980,1.409,-4.002,-0.121,-0.600,0.000,activeTracking,noEvent
6382,6,41,rld,14:54:48.043,42981,1.470,-4.084,-0.107,-0.100,0.100,activeTracking,noEvent
6382,6,41,rld,14:54:48.111,42982,1.534,-4.111,-0.102,0.000,0.000,activeTracking,noEvent
6382,6,41,rld,14:54:48.145,42983,1.571,-4.120,-0.101,0.000,0.000,activeTracking,noEvent
6382,6,41,rld,14:54:48.204,42984,1.625,-4.123,-0.088,0.000,0.100,activeTracking,noEvent
6382,6,41,rld,14:54:48.263,42985,1.683,-4.124,-0.084,0.000,0.000,activeTracking,noEvent
6382,6,41,rld,14:54:48.318,42986,1.742,-4.111,-0.082,0.100,0.000,activeTracking,noEvent
6382,6,41,rld,14:54:48.390,42987,1.792,-4.094,-0.070,0.100,0.100,activeTracking,noEvent
6382,6,41,rld,14:54:48.443,42988,1.865,-4.088,-0.053,0.000,0.100,activeTracking,noEvent
6382,6,41,rld,14:54:48.489,42989,1.918,-4.072,-0.048,0.100,0.000,activeTracking,noEvent
6382,6,41,rld,14:54:48.586,42990,1.971,-4.054,-0.034,0.100,0.100,activeTracking,noEvent
6382,6,41,rld,14:54:48.694,42991,2.105,-3.760,0.006,2.200,0.300,activeTracking,noEvent
6382,6,41,rld,14:54:48.878,42992,2.304,-3.358,-0.005,2.400,-0.200,activeTracking,noEvent
6382,6,41,rld,14:54:48.933,42993,2.357,-3.176,-0.021,0.400,-0.100,activeTracking,noEvent
6382,6,41,rld,14:54:49.070,42994,2.486,-3.005,-0.062,0.900,-0.300,onTarget,noEvent
6382,6,41,rld,14:54:49.253,42995,2.665,-2.691,-0.111,2.100,-0.300,onTarget,noEvent
6382,6,41,rld,14:54:49.316,42996,2.737,-2.456,-0.150,1.100,-0.200,onTarget,noEvent
6382,6,41,rld,14:54:49.386,42997,2.809,-2.354,-0.163,0.200,0.000,activeTracking,noEvent
6382,6,41,rld,14:54:49.451,42998,2.874,-2.321,-0.179,0.000,-0.100,activeTracking,noEvent
6382,6,41,rld,14:54:49.504,42999,2.925,-2.309,-0.184,0.000,0.000,activeTracking,noEvent
6382,6,41,rld,14:54:49.558,43000,2.987,-2.306,-0.186,0.000,0.000,activeTracking,noEvent
6382,6,41,rld,14:54:49.645,43001,3.066,-2.304,-0.186,0.000,0.000,activeTracking,noEvent
6382,6,41,rld,14:54:49.691,43002,3.116,-2.304,-0.187,0.000,0.000,activeTracking,noEvent
6382,6,41,rld,14:54:49.741,43003,3.152,-2.304,-0.187,0.000,0.000,activeTracking,noEvent
6382,6,41,rld,14:54:49.789,43004,3.209,-2.304,-0.187,0.000,0.000,activeTracking,noEvent
6382,6,41,rld,14:54:49.858,43005,3.275,-2.304,-0.187,0.000,0.000,activeTracking,noEvent
6382,6,41,rld,14:54:49.877,43006,3.305,-2.304,-0.187,0.000,0.000,activeTracking,noEvent
6382,6,41,rld,14:54:49.916,43007,3.336,-2.304,-0.187,0.000,0.000,activeTracking,noEvent
6382,6,41,rld,14:54:49.972,43008,3.386,-2.304,-0.187,0.000,0.000,activeTracking,noEvent
6382,6,41,rld,14:54:50.023,43009,3.442,-2.304,-0.187,0.000,0.000,activeTracking,noEvent
6382,6,41,rld,14:54:50.097,43010,3.493,-2.304,-0.187,0.000,0.000,activeTracking,noEvent
6382,6,41,rld,14:54:50.145,43011,3.571,-2.304,-0.187,0.000,0.000,activeTracking,noEvent
6382,6,41,rld,14:54:50.210,43012,3.624,-2.304,-0.187,0.000,0.000,activeTracking,noEvent
6382,6,41,rld,14:54:50.280,43013,3.700,-2.304,-0.187,0.000,0.000,activeTracking,noEvent
6382,6,41,rld,14:54:50.340,43014,3.768,-2.304,-0.187,0.000,0.000,activeTracking,noEvent
6382,6,41,rld,14:54:50.479,43015,3.892,-2.375,-0.152,-0.600,0.300,activeTracking,noEvent
6382,6,42,rld,14:54:55.735,43091,0.052,-0.101,0.119,0.000,0.000,activeTracking,targetAppeared
6382,6,42,rld,14:54:55.775,43092,0.099,-0.101,0.119,0.000,0.000,activeTracking,noEvent
6382,6,42,rld,14:54:55.846,43093,0.164,-0.101,0.119,0.000,0.000,activeTracking,noEvent
6382,6,42,rld,14:54:55.895,43094,0.210,-0.101,0.119,0.000,0.000,activeTracking,noEvent
6382,6,42,rld,14:54:55.941,43095,0.254,-0.101,0.119,0.000,0.000,activeTracking,noEvent
6382,6,42,rld,14:54:55.984,43096,0.298,-0.101,0.119,0.000,0.000,activeTracking,noEvent
6382,6,42,rld,14:54:56.026,43097,0.339,-0.101,0.119,0.000,0.000,activeTracking,noEvent
6382,6,42,rld,14:54:56.073,43098,0.396,-0.101,0.119,0.000,0.000,activeTracking,noEvent
6382,6,42,rld,14:54:56.193,43099,0.488,-0.744,0.098,-5.700,-0.200,activeTracking,noEvent
6382,6,42,rld,14:54:56.336,43100,0.652,-2.114,-0.148,-10.000,-2.100,activeTracking,noEvent
6382,6,42,rld,14:54:56.418,43101,0.722,-2.635,-0.244,-0.400,-0.100,onTarget,noEvent
6382,6,42,rld,14:54:56.469,43102,0.780,-2.812,-0.277,0.000,0.000,onTarget,noEvent
6382,6,42,rld,14:54:56.509,43103,0.831,-2.871,-0.288,0.000,0.000,onTarget,noEvent
6382,6,42,rld,14:54:56.558,43104,0.881,-2.891,-0.292,0.000,0.000,onTarget,noEvent
6382,6,42,rld,14:54:56.618,43105,0.930,-2.898,-0.293,0.000,0.000,onTarget,noEvent
6382,6,42,rld,14:54:56.667,43106,0.983,-2.900,-0.282,0.000,0.100,onTarget,noEvent
6382,6,42,rld,14:54:56.768,43107,1.078,-2.901,-0.255,0.000,0.200,onTarget,noEvent
6382,6,42,rld,14:54:56.896,43108,1.202,-2.889,-0.222,0.100,0.200,onTarget,noEvent
6382,6,42,rld,14:54:56.983,43109,1.294,-2.714,-0.129,1.400,0.700,onTarget,noEvent
6382,6,42,rld,14:54:57.062,43110,1.384,-2.608,-0.063,0.400,0.300,onTarget,noEvent
6382,6,42,rld,14:54:57.134,43111,1.435,-2.573,-0.041,0.000,0.000,onTarget,noEvent
6382,6,42,rld,14:54:57.193,43112,1.510,-2.561,-0.034,0.000,0.000,onTarget,noEvent
6382,6,42,rld,14:54:57.236,43113,1.553,-2.557,-0.031,0.000,0.000,onTarget,noEvent
6382,6,42,rld,14:54:57.304,43114,1.621,-2.556,-0.031,0.000,0.000,onTarget,noEvent
6382,6,42,rld,14:54:57.365,43115,1.679,-2.555,-0.030,0.000,0.000,onTarget,noEvent
6382,6,42,rld,14:54:57.410,43116,1.730,-2.555,-0.030,0.000,0.000,onTarget,noEvent
6382,6,42,rld,14:54:57.461,43117,1.770,-2.555,-0.030,0.000,0.000,onTarget,noEvent
6382,6,42,rld,14:54:57.509,43118,1.829,-2.555,-0.030,0.000,0.000,onTarget,noEvent
6382,6,42,rld,14:54:57.572,43119,1.872,-2.555,-0.030,0.000,0.000,onTarget,noEvent
6382,6,42,rld,14:54:57.621,43120,1.935,-2.555,-0.030,0.000,0.000,onTarget,targetClick
6382,6,43,rld,14:54:59.471,43150,1.992,0.084,0.136,0.000,0.000,waitingForTarget,middleTargetClick
6382,6,43,rld,14:54:59.508,43151,2.038,0.084,0.136,0.000,0.000,waitingForTarget,noEvent
6382,6,43,rld,14:54:59.542,43152,2.071,0.084,0.136,0.000,0.000,waitingForTarget,noEvent
6382,6,43,rld,14:54:59.605,43153,2.128,0.084,0.136,0.000,0.000,waitingForTarget,noEvent
6382,6,43,rld,14:54:59.652,43154,2.169,0.084,0.136,0.000,0.000,waitingForTarget,noEvent
6382,6,43,rld,14:54:59.703,43155,2.227,0.084,0.136,0.000,0.000,waitingForTarget,noEvent
6382,6,43,rld,14:54:59.753,43156,2.279,0.084,0.136,0.000,0.000,waitingForTarget,noEvent
6382,6,43,rld,14:54:59.784,43157,2.311,0.084,0.136,0.000,0.000,waitingForTarget,noEvent
6382,6,43,rld,14:54:59.843,43158,2.371,0.084,0.136,0.000,0.000,waitingForTarget,noEvent
6382,6,43,rld,14:54:59.884,43159,2.406,0.084,0.136,0.000,0.000,waitingForTarget,noEvent
6382,6,43,rld,14:54:59.919,43160,0.034,0.084,0.136,0.000,0.000,activeTracking,targetAppeared
6382,6,43,rld,14:54:59.974,43161,0.086,0.084,0.136,0.000,0.000,activeTracking,noEvent
6382,6,43,rld,14:55:00.023,43162,0.138,0.084,0.136,0.000,0.000,activeTracking,noEvent
6382,6,43,rld,14:55:00.061,43163,0.179,0.084,0.136,0.000,0.000,activeTracking,noEvent
6382,6,43,rld,14:55:00.110,43164,0.232,0.084,0.136,0.000,0.000,activeTracking,noEvent
6382,6,43,rld,14:55:00.144,43165,0.268,0.084,0.136,0.000,0.000,activeTracking,noEvent
6382,6,43,rld,14:55:00.201,43166,0.312,0.084,0.136,0.000,0.000,activeTracking,noEvent
6382,6,43,rld,14:55:00.234,43167,0.352,0.084,0.136,0.000,0.000,activeTracking,noEvent
6382,6,43,rld,14:55:00.286,43168,0.400,0.084,0.136,0.000,0.000,activeTracking,noEvent
6382,6,43,rld,14:55:00.335,43169,0.450,0.084,0.136,0.000,0.000,activeTracking,noEvent
6382,6,43,rld,14:55:00.394,43170,0.507,0.084,0.136,0.000,0.000,activeTracking,noEvent
6382,6,43,rld,14:55:00.545,43171,0.653,0.377,0.137,2.600,0.000,activeTracking,noEvent
6382,6,43,rld,14:55:00.702,43172,0.820,0.996,0.138,4.600,0.000,activeTracking,noEvent
6382,6,43,rld,14:55:00.854,43173,0.916,1.352,0.139,1.300,0.000,activeTracking,noEvent
6382,6,43,rld,14:55:00.925,43174,1.034,1.599,0.140,1.100,0.000,activeTracking,noEvent
6382,6,43,rld,14:55:00.991,43175,1.111,1.716,0.140,0.300,0.000,activeTracking,noEvent
6382,6,43,rld,14:55:01.052,43176,1.171,1.767,0.140,0.100,0.000,activeTracking,noEvent
6382,6,43,rld,14:55:01.095,43177,1.219,1.784,0.140,0.000,0.000,activeTracking,noEvent
6382,6,43,rld,14:55:01.143,43178,1.263,1.789,0.140,0.000,0.000,activeTracking,noEvent
6382,6,43,rld,14:55:01.204,43179,1.321,1.791,0.140,0.000,0.000,activeTracking,noEvent
6382,6,43,rld,14:55:01.266,43180,1.382,1.792,0.140,0.000,0.000,activeTracking,noEvent
6382,6,43,rld,14:55:01.307,43181,1.432,1.792,0.140,0.000,0.000,activeTracking,noEvent
6382,6,43,rld,14:55:01.384,43182,1.488,1.792,0.140,0.000,0.000,activeTracking,noEvent
6382,6,43,rld,14:55:01.451,43183,1.576,1.827,0.141,0.300,0.000,activeTracking,noEvent
6382,6,43,rld,14:55:01.626,43184,1.729,1.991,0.141,1.300,0.000,activeTracking,noEvent
6382,6,43,rld,14:55:01.710,43185,1.823,2.104,0.142,0.500,0.000,activeTracking,noEvent
6382,6,43,rld,14:55:01.775,43186,1.899,2.166,0.142,0.200,0.000,activeTracking,noEvent
6382,6,43,rld,14:55:01.843,43187,1.968,2.187,0.142,0.000,0.000,activeTracking,noEvent
6382,6,43,rld,14:55:01.892,43188,2.016,2.205,0.142,0.100,0.000,activeTracking,noEvent
6382,6,43,rld,14:55:01.962,43189,2.083,2.212,0.142,0.000,0.000,activeTracking,noEvent
6382,6,43,rld,14:55:02.028,43190,2.135,2.214,0.142,0.000,0.000,activeTracking,noEvent
6382,6,43,rld,14:55:02.075,43191,2.200,2.214,0.142,0.000,0.000,activeTracking,noEvent
6382,6,43,rld,14:55:02.145,43192,2.271,2.215,0.142,0.000,0.000,activeTracking,noEvent
6382,6,43,rld,14:55:02.209,43193,2.333,2.227,0.143,0.100,0.000,activeTracking,noEvent
6382,6,43,rld,14:55:02.302,43194,2.426,2.278,0.143,0.400,0.000,activeTracking,noEvent
6382,6,43,rld,14:55:02.391,43195,2.501,2.367,0.143,0.600,0.000,activeTracking,noEvent
6382,6,43,rld,14:55:02.500,43196,2.621,2.468,0.121,0.600,-0.200,onTarget,noEvent
6382,6,43,rld,14:55:02.636,43197,2.722,2.598,0.090,0.800,-0.200,onTarget,noEvent
6382,6,43,rld,14:55:02.703,43198,2.817,2.690,0.080,0.400,0.000,onTarget,noEvent
6382,6,43,rld,14:55:02.755,43199,2.872,2.721,0.077,0.000,0.000,onTarget,noEvent
6382,6,43,rld,14:55:02.858,43200,2.967,2.768,0.076,0.300,0.000,onTarget,noEvent
6382,6,43,rld,14:55:02.917,43201,3.039,2.795,0.064,0.100,-0.100,onTarget,noEvent
6382,6,43,rld,14:55:02.974,43202,3.088,2.817,0.060,0.100,0.000,onTarget,noEvent
6382,6,43,rld,14:55:03.011,43203,3.134,2.824,0.059,0.000,0.000,onTarget,noEvent
6382,6,43,rld,14:55:03.062,43204,3.178,2.827,0.058,0.000,0.000,onTarget,noEvent
6382,6,43,rld,14:55:03.103,43205,3.223,2.827,0.058,0.000,0.000,onTarget,noEvent
6382,6,43,rld,14:55:03.138,43206,3.254,2.828,0.058,0.000,0.000,onTarget,noEvent
6382,6,43,rld,14:55:03.176,43207,3.301,2.828,0.058,0.000,0.000,onTarget,noEvent
6382,6,43,rld,14:55:03.234,43208,3.353,2.828,0.058,0.000,0.000,onTarget,noEvent
6382,6,43,rld,14:55:03.274,43209,3.384,2.828,0.058,0.000,0.000,onTarget,noEvent
6382,6,43,rld,14:55:03.317,43210,3.436,2.828,0.058,0.000,0.000,onTarget,noEvent
6382,6,43,rld,14:55:03.381,43211,3.504,2.828,0.058,0.000,0.000,onTarget,noEvent
6382,6,43,rld,14:55:03.434,43212,3.553,2.828,0.058,0.000,0.000,onTarget,targetClick
6382,6,44,rld,14:55:07.309,43275,3.620,-0.084,0.018,0.000,0.000,waitingForTarget,middleTargetClick
6382,6,44,rld,14:55:07.352,43276,3.662,-0.084,0.018,0.000,0.000,waitingForTarget,noEvent
6382,6,44,rld,14:55:07.382,43277,3.694,-0.084,0.018,0.000,0.000,waitingForTarget,noEvent
6382,6,44,rld,14:55:07.444,43278,3.760,-0.084,0.018,0.000,0.000,waitingForTarget,noEvent
6382,6,44,rld,14:55:07.500,43279,3.808,-0.084,0.018,0.000,0.000,waitingForTarget,noEvent
6382,6,44,rld,14:55:07.571,43280,3.879,-0.084,0.018,0.000,0.000,waitingForTarget,noEvent
6382,6,44,rld,14:55:07.602,43281,3.915,-0.084,0.018,0.000,0.000,waitingForTarget,noEvent
6382,6,44,rld,14:55:07.654,43282,3.970,-0.084,0.018,0.000,0.000,waitingForTarget,noEvent
6382,6,44,rld,14:55:07.692,43283,3.995,-0.084,0.018,0.000,0.000,waitingForTarget,noEvent
6382,6,44,rld,14:55:07.777,43285,0.043,-0.084,0.018,0.000,0.000,activeTracking,targetAppeared
6382,6,44,rld,14:55:07.818,43286,0.092,-0.084,0.018,0.000,0.000,activeTracking,noEvent
6382,6,44,rld,14:55:07.893,43287,0.150,-0.084,0.018,0.000,0.000,activeTracking,noEvent
6382,6,44,rld,14:55:07.954,43288,0.212,-0.084,0.018,0.000,0.000,activeTracking,noEvent
6382,6,44,rld,14:55:08.006,43289,0.268,-0.084,0.018,0.000,0.000,activeTracking,noEvent
6382,6,44,rld,14:55:08.101,43290,0.347,-0.107,0.018,-0.200,0.000,activeTracking,noEvent
6382,6,44,rld,14:55:08.175,43291,0.442,-0.216,0.052,-0.900,0.300,activeTracking,noEvent
6382,6,44,rld,14:55:08.278,43292,0.532,-0.229,0.063,0.200,0.000,activeTracking,noEvent
6382,6,44,rld,14:55:08.389,43293,0.651,3.169,0.348,29.300,2.300,activeTracking,noEvent
6382,6,44,rld,14:55:08.454,43294,0.716,4.451,0.465,0.100,0.000,activeTracking,noEvent
6382,6,44,rld,14:55:08.502,43295,0.771,4.907,0.509,0.000,0.000,activeTracking,noEvent
6382,6,44,rld,14:55:08.539,43296,0.813,5.063,0.524,0.000,0.000,activeTracking,noEvent
6382,6,44,rld,14:55:08.617,43297,0.891,5.115,0.529,0.000,0.000,activeTracking,noEvent
6382,6,44,rld,14:55:08.704,43298,0.955,5.176,0.532,0.300,0.000,activeTracking,noEvent
6382,6,44,rld,14:55:08.761,43299,1.025,5.226,0.534,0.200,0.000,activeTracking,noEvent
6382,6,44,rld,14:55:08.837,43300,1.111,5.257,0.535,0.100,0.000,activeTracking,noEvent
6382,6,44,rld,14:55:08.877,43301,1.151,5.267,0.535,0.000,0.000,activeTracking,noEvent
6382,6,44,rld,14:55:08.973,43302,1.230,5.212,0.521,-0.400,-0.100,activeTracking,noEvent
6382,6,44,rld,14:55:09.085,43303,1.330,4.140,0.429,-7.600,-0.500,activeTracking,noEvent
6382,6,44,rld,14:55:09.283,43304,1.524,3.379,0.394,-3.300,0.000,activeTracking,noEvent
6382,6,44,rld,14:55:09.359,43305,1.621,3.034,0.381,-0.800,0.000,activeTracking,noEvent
6382,6,44,rld,14:55:09.420,43306,1.693,2.896,0.377,-0.200,0.000,activeTracking,noEvent
6382,6,44,rld,14:55:09.472,43307,1.741,2.838,0.376,-0.100,0.000,activeTracking,noEvent
6382,6,44,rld,14:55:09.521,43308,1.791,2.819,0.375,0.000,0.000,activeTracking,noEvent
6382,6,44,rld,14:55:09.571,43309,1.842,2.813,0.375,0.000,0.000,activeTracking,noEvent
6382,6,44,rld,14:55:09.629,43310,1.899,2.810,0.375,0.000,0.000,activeTracking,noEvent
6382,6,44,rld,14:55:09.686,43311,1.948,2.810,0.375,0.000,0.000,activeTracking,noEvent
6382,6,44,rld,14:55:09.737,43312,1.999,2.810,0.375,0.000,0.000,activeTracking,noEvent
6382,6,44,rld,14:55:09.800,43313,2.069,2.822,0.375,0.100,0.000,activeTracking,noEvent
6382,6,44,rld,14:55:09.895,43314,2.161,2.862,0.352,0.300,-0.200,activeTracking,noEvent
6382,6,44,rld,14:55:09.970,43315,2.242,2.900,0.286,0.200,-0.500,onTarget,noEvent
6382,6,44,rld,14:55:10.077,43316,2.340,2.925,0.182,0.100,-0.700,onTarget,noEvent
6382,6,44,rld,14:55:10.174,43317,2.432,2.909,0.088,-0.200,-0.500,onTarget,noEvent
6382,6,44,rld,14:55:10.254,43318,2.510,2.867,-0.002,-0.300,-0.500,onTarget,noEvent
6382,6,44,rld,14:55:10.360,43319,2.620,2.780,-0.126,-0.600,-0.800,onTarget,noEvent
6382,6,44,rld,14:55:10.436,43320,2.703,2.702,-0.225,-0.400,-0.500,onTarget,noEvent
6382,6,44,rld,14:55:10.486,43321,2.750,2.664,-0.259,-0.100,0.000,onTarget,noEvent
6382,6,44,rld,14:55:10.558,43322,2.821,2.628,-0.269,-0.200,0.000,onTarget,noEvent
6382,6,44,rld,14:55:10.637,43323,2.897,2.591,-0.261,-0.200,0.100,onTarget,noEvent
6382,6,44,rld,14:55:10.676,43324,2.949,2.579,-0.247,0.000,0.100,onTarget,noEvent
6382,6,44,rld,14:55:10.728,43325,2.992,2.575,-0.242,0.000,0.000,onTarget,noEvent
6382,6,44,rld,14:55:10.765,43326,3.032,2.574,-0.241,0.000,0.000,onTarget,noEvent
6382,6,44,rld,14:55:10.826,43327,3.097,2.573,-0.240,0.000,0.000,onTarget,noEvent
6382,6,44,rld,14:55:10.901,43328,3.165,2.573,-0.240,0.000,0.000,onTarget,targetClick
6382,6,45,rld,14:55:14.493,43391,3.235,-0.051,0.086,0.000,0.000,waitingForTarget,middleTargetClick
6382,6,45,rld,14:55:14.542,43392,3.291,-0.051,0.086,0.000,0.000,waitingForTarget,noEvent
6382,6,45,rld,14:55:14.575,43393,3.323,-0.051,0.086,0.000,0.000,waitingForTarget,noEvent
6382,6,45,rld,14:55:14.652,43394,3.401,-0.051,0.086,0.000,0.000,waitingForTarget,noEvent
6382,6,45,rld,14:55:14.690,43395,3.441,-0.051,0.086,0.000,0.000,waitingForTarget,noEvent
6382,6,45,rld,14:55:14.744,43396,3.495,-0.051,0.086,0.000,0.000,waitingForTarget,noEvent
6382,6,45,rld,14:55:14.785,43397,3.537,-0.051,0.086,0.000,0.000,waitingForTarget,noEvent
6382,6,45,rld,14:55:14.856,43398,3.606,-0.051,0.086,0.000,0.000,waitingForTarget,noEvent
6382,6,45,rld,14:55:14.874,43399,3.626,-0.051,0.086,0.000,0.000,waitingForTarget,noEvent
6382,6,45,rld,14:55:14.945,43400,3.693,-0.051,0.086,0.000,0.000,waitingForTarget,noEvent
6382,6,45,rld,14:55:15.004,43401,0.055,-0.051,0.086,0.000,0.000,activeTracking,targetAppeared
6382,6,45,rld,14:55:15.048,43402,0.103,-0.051,0.086,0.000,0.000,activeTracking,noEvent
6382,6,45,rld,14:55:15.075,43403,0.131,-0.051,0.086,0.000,0.000,activeTracking,noEvent
6382,6,45,rld,14:55:15.128,43404,0.185,-0.051,0.086,0.000,0.000,activeTracking,noEvent
6382,6,45,rld,14:55:15.183,43405,0.233,-0.051,0.086,0.000,0.000,activeTracking,noEvent
6382,6,45,rld,14:55:15.225,43406,0.275,-0.051,0.086,0.000,0.000,activeTracking,noEvent
6382,6,45,rld,14:55:15.265,43407,0.320,-0.051,0.086,0.000,0.000,activeTracking,noEvent
6382,6,45,rld,14:55:15.310,43408,0.362,-0.051,0.086,0.000,0.000,activeTracking,noEvent
6382,6,45,rld,14:55:15.345,43409,0.396,-0.051,0.086,0.000,0.000,activeTracking,noEvent
6382,6,45,rld,14:55:15.411,43410,0.453,-0.051,0.086,0.000,0.000,activeTracking,noEvent
6382,6,45,rld,14:55:15.473,43411,0.511,-0.051,0.086,0.000,0.000,activeTracking,noEvent
6382,6,45,rld,14:55:15.645,43412,0.684,2.465,0.068,21.900,-0.200,onTarget,noEvent
6382,6,45,rld,14:55:15.722,43413,0.765,3.450,0.053,0.700,-0.100,activeTracking,noEvent
6382,6,45,rld,14:55:15.776,43414,0.831,3.831,0.049,0.300,0.000,activeTracking,noEvent
6382,6,45,rld,14:55:15.860,43415,0.914,3.986,0.047,0.200,0.000,activeTracking,noEvent
6382,6,45,rld,14:55:15.919,43416,0.968,4.065,0.047,0.200,0.000,activeTracking,noEvent
6382,6,45,rld,14:55:15.986,43417,1.035,4.105,0.047,0.100,0.000,activeTracking,noEvent
6382,6,45,rld,14:55:16.034,43418,1.087,4.118,0.047,0.000,0.000,activeTracking,noEvent
6382,6,45,rld,14:55:16.083,43419,1.135,4.122,0.047,0.000,0.000,activeTracking,noEvent
6382,6,45,rld,14:55:16.140,43420,1.184,4.124,0.047,0.000,0.000,activeTracking,noEvent
6382,6,45,rld,14:55:16.199,43421,1.246,4.124,0.047,0.000,0.000,activeTracking,noEvent
6382,6,45,rld,14:55:16.365,43422,1.396,3.992,0.046,-1.000,0.000,activeTracking,noEvent
6382,6,45,rld,14:55:16.540,43423,1.563,3.294,0.102,-5.100,0.500,activeTracking,noEvent
6382,6,45,rld,14:55:16.628,43424,1.670,2.920,0.155,-1.200,0.300,onTarget,noEvent
6382,6,45,rld,14:55:16.744,43425,1.781,2.724,0.183,-0.600,0.100,onTarget,noEvent
6382,6,45,rld,14:55:16.795,43426,1.853,2.635,0.192,-0.200,0.000,onTarget,noEvent
6382,6,45,rld,14:55:16.910,43427,1.964,2.606,0.219,0.000,0.200,onTarget,noEvent
6382,6,45,rld,14:55:16.969,43428,2.015,2.596,0.228,0.000,0.000,onTarget,noEvent
6382,6,45,rld,14:55:17.011,43429,2.064,2.593,0.231,0.000,0.000,onTarget,noEvent
6382,6,45,rld,14:55:17.078,43430,2.133,2.592,0.232,0.000,0.000,onTarget,noEvent
6382,6,45,rld,14:55:17.145,43431,2.185,2.591,0.232,0.000,0.000,onTarget,noEvent
6382,6,45,rld,14:55:17.218,43432,2.254,2.591,0.232,0.000,0.000,onTarget,noEvent
6382,6,45,rld,14:55:17.294,43433,2.334,2.603,0.209,0.100,-0.200,onTarget,noEvent
6382,6,45,rld,14:55:17.368,43434,2.403,2.619,0.190,0.100,-0.100,onTarget,noEvent
6382,6,45,rld,14:55:17.423,43435,2.478,2.637,0.172,0.100,-0.100,onTarget,noEvent
6382,6,45,rld,14:55:17.475,43436,2.533,2.643,0.166,0.000,0.000,onTarget,noEvent
6382,6,45,rld,14:55:17.543,43437,2.598,2.644,0.152,0.000,-0.100,onTarget,noEvent
6382,6,45,rld,14:55:17.604,43438,2.654,2.657,0.136,0.100,-0.100,onTarget,noEvent
6382,6,45,rld,14:55:17.673,43439,2.727,2.661,0.107,0.000,-0.200,onTarget,noEvent
6382,6,45,rld,14:55:17.726,43440,2.771,2.663,0.097,0.000,0.000,onTarget,noEvent
6382,6,45,rld,14:55:17.765,43441,2.818,2.663,0.094,0.000,0.000,onTarget,noEvent
6382,6,45,rld,14:55:17.849,43442,2.900,2.664,0.093,0.000,0.000,onTarget,noEvent
6382,6,45,rld,14:55:17.897,43443,2.946,2.664,0.093,0.000,0.000,onTarget,noEvent
6382,6,45,rld,14:55:17.943,43444,2.995,2.664,0.093,0.000,0.000,onTarget,noEvent
6382,6,45,rld,14:55:18.006,43445,3.050,2.664,0.093,0.000,0.000,onTarget,noEvent
6382,6,45,rld,14:55:18.059,43446,3.112,2.664,0.093,0.000,0.000,onTarget,noEvent
6382,6,45,rld,14:55:18.095,43447,3.149,2.664,0.093,0.000,0.000,onTarget,noEvent
6382,6,45,rld,14:55:18.141,43448,3.194,2.664,0.093,0.000,0.000,onTarget,noEvent
6382,6,45,rld,14:55:18.194,43449,3.243,2.664,0.093,0.000,0.000,onTarget,noEvent
6382,6,45,rld,14:55:18.239,43450,3.285,2.664,0.093,0.000,0.000,onTarget,noEvent
6382,6,45,rld,14:55:18.303,43451,3.354,2.664,0.093,0.000,0.000,onTarget,targetClick
6382,6,46,rld,14:55:22.057,43514,3.415,0.051,0.018,0.000,0.000,waitingForTarget,middleTargetClick
6382,6,46,rld,14:55:22.088,43515,3.459,0.051,0.018,0.000,0.000,waitingForTarget,noEvent
6382,6,46,rld,14:55:22.142,43516,3.505,0.051,0.018,0.000,0.000,waitingForTarget,noEvent
6382,6,46,rld,14:55:22.191,43517,3.547,0.051,0.018,0.000,0.000,waitingForTarget,noEvent
6382,6,46,rld,14:55:22.236,43518,3.598,0.051,0.018,0.000,0.000,waitingForTarget,noEvent
6382,6,46,rld,14:55:22.278,43519,3.645,0.051,0.018,0.000,0.000,waitingForTarget,noEvent
6382,6,46,rld,14:55:22.323,43520,3.683,0.051,0.018,0.000,0.000,waitingForTarget,noEvent
6382,6,46,rld,14:55:22.368,43521,3.733,0.051,0.018,0.000,0.000,waitingForTarget,noEvent
6382,6,46,rld,14:55:22.406,43522,3.771,0.051,0.018,0.000,0.000,waitingForTarget,noEvent
6382,6,46,rld,14:55:22.439,43523,3.807,0.051,0.018,0.000,0.000,waitingForTarget,noEvent
6382,6,46,rld,14:55:22.474,43524,3.841,0.051,0.018,0.000,0.000,waitingForTarget,noEvent
6382,6,46,rld,14:55:22.510,43525,0.037,0.051,0.018,0.000,0.000,activeTracking,targetAppeared
6382,6,46,rld,14:55:22.544,43526,0.074,0.051,0.018,0.000,0.000,activeTracking,noEvent
6382,6,46,rld,14:55:22.611,43527,0.139,0.051,0.018,0.000,0.000,activeTracking,noEvent
6382,6,46,rld,14:55:22.667,43528,0.185,0.051,0.018,0.000,0.000,activeTracking,noEvent
6382,6,46,rld,14:55:22.709,43529,0.233,0.051,0.018,0.000,0.000,activeTracking,noEvent
6382,6,46,rld,14:55:22.737,43530,0.267,0.051,0.018,0.000,0.000,activeTracking,noEvent
6382,6,46,rld,14:55:22.774,43531,0.302,0.051,0.018,0.000,0.000,activeTracking,noEvent
6382,6,46,rld,14:55:22.854,43532,0.373,0.051,0.018,0.000,0.000,activeTracking,noEvent
6382,6,46,rld,14:55:22.904,43533,0.419,0.051,0.018,0.000,0.000,activeTracking,noEvent
6382,6,46,rld,14:55:22.938,43534,0.466,0.051,0.018,0.000,0.000,activeTracking,noEvent
6382,6,46,rld,14:55:22.988,43535,0.516,0.051,0.018,0.000,0.000,activeTracking,noEvent
6382,6,46,rld,14:55:23.024,43536,0.552,0.051,0.018,0.000,0.000,activeTracking,noEvent
6382,6,46,rld,14:55:23.073,43537,0.603,0.051,0.018,0.000,0.000,activeTracking,noEvent
6382,6,46,rld,14:55:23.123,43538,0.652,0.051,0.018,0.000,0.000,activeTracking,noEvent
6382,6,46,rld,14:55:23.144,43539,0.672,0.051,0.018,0.000,0.000,activeTracking,noEvent
6382,6,46,rld,14:55:23.214,43540,0.738,0.051,0.018,0.000,0.000,activeTracking,noEvent
6382,6,46,rld,14:55:23.272,43541,0.786,0.051,0.018,0.000,0.000,activeTracking,noEvent
6382,6,46,rld,14:55:23.456,43542,0.976,1.422,0.099,12.100,0.700,activeTracking,noEvent
6382,6,46,rld,14:55:23.525,43543,1.041,1.995,0.128,0.900,0.000,activeTracking,noEvent
6382,6,46,rld,14:55:23.585,43544,1.107,2.200,0.138,0.100,0.000,activeTracking,noEvent
6382,6,46,rld,14:55:23.644,43545,1.169,2.293,0.141,0.200,0.000,activeTracking,noEvent
6382,6,46,rld,14:55:23.725,43546,1.250,2.360,0.143,0.300,0.000,activeTracking,noEvent
6382,6,46,rld,14:55:23.787,43547,1.316,2.418,0.143,0.300,0.000,onTarget,noEvent
6382,6,46,rld,14:55:23.849,43548,1.373,2.461,0.144,0.200,0.000,onTarget,noEvent
6382,6,46,rld,14:55:23.894,43549,1.408,2.476,0.144,0.000,0.000,onTarget,noEvent
6382,6,46,rld,14:55:23.943,43550,1.468,2.480,0.144,0.000,0.000,onTarget,noEvent
6382,6,46,rld,14:55:24.006,43551,1.534,2.482,0.144,0.000,0.000,onTarget,noEvent
6382,6,46,rld,14:55:24.072,43552,1.587,2.483,0.144,0.000,0.000,onTarget,noEvent
6382,6,46,rld,14:55:24.123,43553,1.638,2.483,0.144,0.000,0.000,onTarget,noEvent
6382,6,46,rld,14:55:24.175,43554,1.700,2.483,0.144,0.000,0.000,onTarget,noEvent
6382,6,46,rld,14:55:24.253,43555,1.780,2.483,0.121,0.000,-0.200,onTarget,noEvent
6382,6,46,rld,14:55:24.306,43556,1.823,2.483,0.113,0.000,0.000,onTarget,noEvent
6382,6,46,rld,14:55:24.387,43557,1.886,2.495,0.099,0.100,-0.100,onTarget,noEvent
6382,6,46,rld,14:55:24.524,43558,2.021,2.777,-0.080,2.300,-1.500,onTarget,noEvent
6382,6,46,rld,14:55:24.559,43559,2.086,2.909,-0.164,0.300,-0.200,onTarget,noEvent
6382,6,46,rld,14:55:24.597,43560,2.124,2.953,-0.192,0.000,0.000,onTarget,noEvent
6382,6,46,rld,14:55:24.651,43561,2.167,2.968,-0.201,0.000,0.000,onTarget,noEvent
6382,6,46,rld,14:55:24.690,43562,2.216,2.972,-0.204,0.000,0.000,onTarget,noEvent
6382,6,46,rld,14:55:24.744,43563,2.268,2.974,-0.205,0.000,0.000,onTarget,noEvent
6382,6,46,rld,14:55:24.803,43564,2.330,2.975,-0.206,0.000,0.000,onTarget,noEvent
6382,6,46,rld,14:55:24.859,43565,2.382,2.975,-0.206,0.000,0.000,onTarget,targetClick
6382,6,47,rld,14:55:28.051,43615,2.452,0.321,0.001,0.000,0.000,waitingForTarget,middleTargetClick
6382,6,47,rld,14:55:28.086,43616,2.493,0.321,0.001,0.000,0.000,waitingForTarget,noEvent
6382,6,47,rld,14:55:28.124,43617,2.525,0.321,0.001,0.000,0.000,waitingForTarget,noEvent
6382,6,47,rld,14:55:28.150,43618,2.556,0.321,0.001,0.000,0.000,waitingForTarget,noEvent
6382,6,47,rld,14:55:28.174,43619,2.581,0.321,0.001,0.000,0.000,waitingForTarget,noEvent
6382,6,47,rld,14:55:28.226,43620,2.624,0.321,0.001,0.000,0.000,waitingForTarget,noEvent
6382,6,47,rld,14:55:28.301,43621,2.684,0.321,0.001,0.000,0.000,waitingForTarget,noEvent
6382,6,47,rld,14:55:28.365,43622,2.768,0.321,0.001,0.000,0.000,waitingForTarget,noEvent
6382,6,47,rld,14:55:28.418,43623,2.819,0.321,0.001,0.000,0.000,waitingForTarget,noEvent
6382,6,47,rld,14:55:28.467,43624,2.869,0.321,0.001,0.000,0.000,waitingForTarget,noEvent
6382,6,47,rld,14:55:28.520,43625,0.042,0.321,0.001,0.000,0.000,activeTracking,targetAppeared
6382,6,47,rld,14:55:28.566,43626,0.092,0.321,0.001,0.000,0.000,activeTracking,noEvent
6382,6,47,rld,14:55:28.626,43627,0.146,0.321,0.001,0.000,0.000,activeTracking,noEvent
6382,6,47,rld,14:55:28.698,43628,0.231,0.321,0.001,0.000,0.000,activeTracking,noEvent
6382,6,47,rld,14:55:28.854,43629,0.363,0.118,0.001,-1.800,0.000,activeTracking,noEvent
6382,6,47,rld,14:55:28.956,43630,0.459,-0.197,0.058,-2.200,0.500,activeTracking,noEvent
6382,6,47,rld,14:55:29.103,43631,0.623,1.719,0.010,17.800,-0.600,activeTracking,noEvent
6382,6,47,rld,14:55:29.175,43632,0.704,2.572,-0.004,1.600,0.000,onTarget,noEvent
6382,6,47,rld,14:55:29.257,43633,0.763,2.901,-0.009,0.300,0.000,onTarget,noEvent
6382,6,47,rld,14:55:29.305,43634,0.839,3.012,-0.022,0.000,-0.100,onTarget,noEvent
6382,6,47,rld,14:55:29.351,43635,0.876,3.049,-0.027,0.000,0.000,onTarget,noEvent
6382,6,47,rld,14:55:29.415,43636,0.948,3.061,-0.028,0.000,0.000,onTarget,noEvent
6382,6,47,rld,14:55:29.465,43637,0.996,3.065,-0.029,0.000,0.000,onTarget,noEvent
6382,6,47,rld,14:55:29.518,43638,1.042,3.067,-0.029,0.000,0.000,activeTracking,noEvent
6382,6,47,rld,14:55:29.561,43639,1.095,3.067,-0.029,0.000,0.000,activeTracking,noEvent
6382,6,47,rld,14:55:29.617,43640,1.153,3.067,-0.029,0.000,0.000,activeTracking,noEvent
6382,6,47,rld,14:55:29.687,43641,1.223,3.043,-0.029,-0.200,0.000,onTarget,noEvent
6382,6,47,rld,14:55:29.859,43642,1.374,2.704,0.029,-2.700,0.500,onTarget,noEvent
6382,6,47,rld,14:55:29.934,43643,1.455,2.556,0.047,-0.300,0.000,onTarget,noEvent
6382,6,47,rld,14:55:29.994,43644,1.525,2.495,0.065,-0.100,0.100,onTarget,noEvent
6382,6,47,rld,14:55:30.045,43645,1.580,2.463,0.083,-0.100,0.100,onTarget,noEvent
6382,6,47,rld,14:55:30.110,43646,1.634,2.452,0.100,0.000,0.100,onTarget,noEvent
6382,6,47,rld,14:55:30.152,43647,1.686,2.449,0.106,0.000,0.000,onTarget,noEvent
6382,6,47,rld,14:55:30.221,43648,1.746,2.459,0.108,0.100,0.000,onTarget,noEvent
6382,6,47,rld,14:55:30.256,43649,1.791,2.463,0.109,0.000,0.000,onTarget,noEvent
6382,6,47,rld,14:55:30.303,43650,1.834,2.464,0.109,0.000,0.000,onTarget,noEvent
6382,6,47,rld,14:55:30.341,43651,1.876,2.465,0.109,0.000,0.000,onTarget,noEvent
6382,6,47,rld,14:55:30.390,43652,1.915,2.465,0.109,0.000,0.000,onTarget,noEvent
6382,6,47,rld,14:55:30.436,43653,1.963,2.465,0.109,0.000,0.000,onTarget,noEvent
6382,6,47,rld,14:55:30.484,43654,2.011,2.465,0.109,0.000,0.000,onTarget,noEvent
6382,6,47,rld,14:55:30.534,43655,2.063,2.465,0.109,0.000,0.000,onTarget,noEvent
6382,6,47,rld,14:55:30.571,43656,2.106,2.465,0.109,0.000,0.000,onTarget,noEvent
6382,6,47,rld,14:55:30.622,43657,2.154,2.465,0.109,0.000,0.000,onTarget,noEvent
6382,6,47,rld,14:55:30.670,43658,2.201,2.465,0.109,0.000,0.000,onTarget,noEvent
6382,6,47,rld,14:55:30.701,43659,2.238,2.465,0.109,0.000,0.000,onTarget,noEvent
6382,6,47,rld,14:55:30.741,43660,2.275,2.465,0.109,0.000,0.000,onTarget,noEvent
6382,6,47,rld,14:55:30.793,43661,2.326,2.465,0.109,0.000,0.000,onTarget,noEvent
6382,6,47,rld,14:55:30.863,43662,2.393,2.465,0.109,0.000,0.000,onTarget,noEvent
6382,6,47,rld,14:55:30.880,43663,2.416,2.465,0.109,0.000,0.000,onTarget,noEvent
6382,6,47,rld,14:55:30.934,43664,2.462,2.465,0.109,0.000,0.000,onTarget,noEvent
6382,6,47,rld,14:55:31.001,43665,2.516,2.465,0.109,0.000,0.000,onTarget,noEvent
6382,6,47,rld,14:55:31.041,43666,2.578,2.465,0.109,0.000,0.000,onTarget,noEvent
6382,6,47,rld,14:55:31.108,43667,2.641,2.465,0.109,0.000,0.000,onTarget,targetClick
6382,6,48,rld,14:55:33.356,43706,2.703,-0.236,-0.100,0.000,0.000,waitingForTarget,middleTargetClick
6382,6,48,rld,14:55:33.418,43707,2.767,-0.236,-0.100,0.000,0.000,waitingForTarget,noEvent
6382,6,48,rld,14:55:33.449,43708,2.799,-0.236,-0.100,0.000,0.000,waitingForTarget,noEvent
6382,6,48,rld,14:55:33.494,43709,2.840,-0.236,-0.100,0.000,0.000,waitingForTarget,noEvent
6382,6,48,rld,14:55:33.563,43710,2.900,-0.236,-0.100,0.000,0.000,waitingForTarget,noEvent
6382,6,48,rld,14:55:33.606,43711,2.958,-0.236,-0.100,0.000,0.000,waitingForTarget,noEvent
6382,6,48,rld,14:55:33.653,43712,3.003,-0.236,-0.100,0.000,0.000,waitingForTarget,noEvent
6382,6,48,rld,14:55:33.704,43713,3.047,-0.236,-0.100,0.000,0.000,waitingForTarget,noEvent
6382,6,48,rld,14:55:33.743,43714,3.088,-0.236,-0.100,0.000,0.000,waitingForTarget,noEvent
6382,6,48,rld,14:55:33.790,43715,3.142,-0.236,-0.100,0.000,0.000,waitingForTarget,noEvent
6382,6,48,rld,14:55:33.856,43716,0.057,-0.236,-0.100,0.000,0.000,activeTracking,targetAppeared
6382,6,48,rld,14:55:33.894,43717,0.106,-0.236,-0.100,0.000,0.000,activeTracking,noEvent
6382,6,48,rld,14:55:33.947,43718,0.140,-0.236,-0.100,0.000,0.000,activeTracking,noEvent
6382,6,48,rld,14:55:33.985,43719,0.189,-0.236,-0.100,0.000,0.000,activeTracking,noEvent
6382,6,48,rld,14:55:34.037,43720,0.237,-0.236,-0.100,0.000,0.000,activeTracking,noEvent
6382,6,48,rld,14:55:34.076,43721,0.288,-0.236,-0.100,0.000,0.000,activeTracking,noEvent
6382,6,48,rld,14:55:34.134,43722,0.336,-0.236,-0.100,0.000,0.000,activeTracking,noEvent
6382,6,48,rld,14:55:34.174,43723,0.385,-0.236,-0.100,0.000,0.000,activeTracking,noEvent
6382,6,48,rld,14:55:34.221,43724,0.419,-0.236,-0.100,0.000,0.000,activeTracking,noEvent
6382,6,48,rld,14:55:34.273,43725,0.482,-0.236,-0.100,0.000,0.000,activeTracking,noEvent
6382,6,48,rld,14:55:34.451,43726,0.658,-1.950,-0.249,-15.000,-1.300,activeTracking,noEvent
6382,6,48,rld,14:55:34.521,43727,0.731,-2.639,-0.302,-0.800,0.000,onTarget,noEvent
6382,6,48,rld,14:55:34.592,43728,0.788,-2.911,-0.321,-0.300,0.000,activeTracking,noEvent
6382,6,48,rld,14:55:34.654,43729,0.849,-3.028,-0.327,-0.200,0.000,activeTracking,noEvent
6382,6,48,rld,14:55:34.700,43730,0.903,-3.079,-0.329,-0.100,0.000,activeTracking,noEvent
6382,6,48,rld,14:55:34.785,43731,0.985,-3.109,-0.330,-0.100,0.000,activeTracking,noEvent
6382,6,48,rld,14:55:34.850,43732,1.057,-3.118,-0.319,0.000,0.100,activeTracking,noEvent
6382,6,48,rld,14:55:34.927,43733,1.125,-3.109,-0.303,0.100,0.100,activeTracking,noEvent
6382,6,48,rld,14:55:35.001,43734,1.198,-3.069,-0.274,0.300,0.200,activeTracking,noEvent
6382,6,48,rld,14:55:35.070,43735,1.273,-3.031,-0.240,0.200,0.200,activeTracking,noEvent
6382,6,48,rld,14:55:35.131,43736,1.333,-2.981,-0.206,0.300,0.200,onTarget,noEvent
6382,6,48,rld,14:55:35.190,43737,1.390,-2.965,-0.182,0.000,0.100,onTarget,noEvent
6382,6,48,rld,14:55:35.248,43738,1.448,-2.959,-0.174,0.000,0.000,onTarget,noEvent
6382,6,48,rld,14:55:35.303,43739,1.515,-2.957,-0.160,0.000,0.100,onTarget,noEvent
6382,6,48,rld,14:55:35.353,43740,1.550,-2.957,-0.155,0.000,0.000,onTarget,noEvent
6382,6,48,rld,14:55:35.418,43741,1.629,-2.944,-0.154,0.100,0.000,onTarget,noEvent
6382,6,48,rld,14:55:35.466,43742,1.672,-2.940,-0.153,0.000,0.000,onTarget,noEvent
6382,6,48,rld,14:55:35.533,43743,1.737,-2.926,-0.141,0.100,0.100,onTarget,noEvent
6382,6,48,rld,14:55:35.608,43744,1.817,-2.910,-0.125,0.100,0.100,onTarget,noEvent
6382,6,48,rld,14:55:35.649,43745,1.862,-2.892,-0.120,0.100,0.000,onTarget,noEvent
6382,6,48,rld,14:55:35.704,43746,1.907,-2.886,-0.118,0.000,0.000,onTarget,noEvent
6382,6,48,rld,14:55:35.758,43747,1.970,-2.871,-0.106,0.100,0.100,onTarget,noEvent
6382,6,48,rld,14:55:35.875,43748,2.083,-2.830,-0.079,0.300,0.200,onTarget,noEvent
6382,6,48,rld,14:55:35.954,43749,2.156,-2.792,-0.069,0.200,0.000,onTarget,noEvent
6382,6,48,rld,14:55:36.002,43750,2.203,-2.767,-0.066,0.100,0.000,onTarget,noEvent
6382,6,48,rld,14:55:36.054,43751,2.251,-2.759,-0.065,0.000,0.000,onTarget,noEvent
6382,6,48,rld,14:55:36.104,43752,2.305,-2.756,-0.065,0.000,0.000,onTarget,noEvent
6382,6,48,rld,14:55:36.147,43753,2.356,-2.755,-0.065,0.000,0.000,onTarget,noEvent
6382,6,48,rld,14:55:36.202,43754,2.400,-2.755,-0.065,0.000,0.000,onTarget,noEvent
6382,6,48,rld,14:55:36.265,43755,2.458,-2.755,-0.065,0.000,0.000,onTarget,noEvent
6382,6,48,rld,14:55:36.307,43756,2.519,-2.755,-0.065,0.000,0.000,onTarget,targetClick
6382,6,49,rld,14:55:39.518,43806,2.591,-0.017,0.238,0.000,0.000,waitingForTarget,middleTargetClick
6382,6,49,rld,14:55:39.554,43807,2.638,-0.017,0.238,0.000,0.000,waitingForTarget,noEvent
6382,6,49,rld,14:55:39.599,43808,2.679,-0.017,0.238,0.000,0.000,waitingForTarget,noEvent
6382,6,49,rld,14:55:39.636,43809,2.719,-0.017,0.238,0.000,0.000,waitingForTarget,noEvent
6382,6,49,rld,14:55:39.701,43810,2.778,-0.017,0.238,0.000,0.000,waitingForTarget,noEvent
6382,6,49,rld,14:55:39.754,43811,2.838,-0.017,0.238,0.000,0.000,waitingForTarget,noEvent
6382,6,49,rld,14:55:39.787,43812,2.872,-0.017,0.238,0.000,0.000,waitingForTarget,noEvent
6382,6,49,rld,14:55:39.849,43813,2.929,-0.017,0.238,0.000,0.000,waitingForTarget,noEvent
6382,6,49,rld,14:55:39.874,43814,2.951,-0.017,0.238,0.000,0.000,waitingForTarget,noEvent
6382,6,49,rld,14:55:39.927,43815,3.008,-0.017,0.238,0.000,0.000,waitingForTarget,noEvent
6382,6,49,rld,14:55:39.965,43816,0.034,-0.017,0.238,0.000,0.000,activeTracking,targetAppeared
6382,6,49,rld,14:55:40.006,43817,0.081,-0.017,0.238,0.000,0.000,activeTracking,noEvent
6382,6,49,rld,14:55:40.049,43818,0.124,-0.017,0.238,0.000,0.000,activeTracking,noEvent
6382,6,49,rld,14:55:40.094,43819,0.168,-0.017,0.238,0.000,0.000,activeTracking,noEvent
6382,6,49,rld,14:55:40.152,43820,0.219,-0.017,0.238,0.000,0.000,activeTracking,noEvent
6382,6,49,rld,14:55:40.217,43821,0.283,-0.017,0.238,0.000,0.000,activeTracking,noEvent
6382,6,49,rld,14:55:40.344,43822,0.398,-0.366,0.272,-3.100,0.300,activeTracking,noEvent
6382,6,49,rld,14:55:40.469,43823,0.520,-0.482,0.317,0.000,0.300,activeTracking,noEvent
6382,6,49,rld,14:55:40.601,43824,0.651,1.598,0.029,18.700,-2.700,activeTracking,noEvent
6382,6,49,rld,14:55:40.709,43825,0.773,2.470,-0.126,1.300,-0.500,onTarget,noEvent
6382,6,49,rld,14:55:40.765,43826,0.834,2.793,-0.179,0.200,0.000,onTarget,noEvent
6382,6,49,rld,14:55:40.853,43827,0.920,2.902,-0.209,0.000,-0.100,onTarget,noEvent
6382,6,49,rld,14:55:40.907,43828,0.982,2.938,-0.219,0.000,0.000,onTarget,noEvent
6382,6,49,rld,14:55:40.950,43829,1.015,2.950,-0.222,0.000,0.000,onTarget,noEvent
6382,6,49,rld,14:55:41.006,43830,1.064,2.954,-0.223,0.000,0.000,onTarget,noEvent
6382,6,49,rld,14:55:41.064,43831,1.129,2.956,-0.223,0.000,0.000,onTarget,noEvent
6382,6,49,rld,14:55:41.122,43832,1.184,2.956,-0.223,0.000,0.000,onTarget,noEvent
6382,6,49,rld,14:55:41.164,43833,1.234,2.956,-0.224,0.000,0.000,onTarget,noEvent
6382,6,49,rld,14:55:41.233,43834,1.292,2.956,-0.224,0.000,0.000,onTarget,noEvent
6382,6,49,rld,14:55:41.284,43835,1.358,2.956,-0.224,0.000,0.000,onTarget,noEvent
6382,6,49,rld,14:55:41.326,43836,1.397,2.956,-0.224,0.000,0.000,onTarget,noEvent
6382,6,49,rld,14:55:41.376,43837,1.446,2.956,-0.224,0.000,0.000,onTarget,noEvent
6382,6,49,rld,14:55:41.434,43838,1.497,2.956,-0.224,0.000,0.000,onTarget,noEvent
6382,6,49,rld,14:55:41.475,43839,1.543,2.956,-0.224,0.000,0.000,onTarget,noEvent
6382,6,49,rld,14:55:41.511,43840,1.582,2.956,-0.224,0.000,0.000,onTarget,noEvent
6382,6,49,rld,14:55:41.565,43841,1.637,2.956,-0.224,0.000,0.000,onTarget,noEvent
6382,6,49,rld,14:55:41.607,43842,1.674,2.956,-0.224,0.000,0.000,onTarget,noEvent
6382,6,49,rld,14:55:41.655,43843,1.729,2.956,-0.224,0.000,0.000,onTarget,noEvent
6382,6,49,rld,14:55:41.691,43844,1.765,2.956,-0.224,0.000,0.000,onTarget,noEvent
6382,6,49,rld,14:55:41.735,43845,1.803,2.956,-0.224,0.000,0.000,onTarget,noEvent
6382,6,49,rld,14:55:41.791,43846,1.851,2.956,-0.224,0.000,0.000,onTarget,noEvent
6382,6,49,rld,14:55:41.854,43847,1.925,2.956,-0.224,0.000,0.000,onTarget,noEvent
6382,6,49,rld,14:55:41.893,43848,1.967,2.956,-0.224,0.000,0.000,onTarget,noEvent
6382,6,49,rld,14:55:41.944,43849,2.012,2.956,-0.224,0.000,0.000,onTarget,noEvent
6382,6,49,rld,14:55:42.006,43850,2.069,2.956,-0.224,0.000,0.000,onTarget,noEvent
6382,6,49,rld,14:55:42.057,43851,2.124,2.956,-0.224,0.000,0.000,onTarget,noEvent
6382,6,49,rld,14:55:42.113,43852,2.183,2.956,-0.224,0.000,0.000,onTarget,noEvent
6382,6,49,rld,14:55:42.183,43853,2.242,2.956,-0.224,0.000,0.000,onTarget,noEvent
6382,6,49,rld,14:55:42.255,43854,2.314,2.932,-0.212,-0.200,0.100,onTarget,noEvent
6382,6,49,rld,14:55:42.334,43855,2.403,2.911,-0.184,-0.100,0.200,onTarget,noEvent
6382,6,49,rld,14:55:42.394,43856,2.460,2.905,-0.163,0.000,0.100,onTarget,noEvent
6382,6,49,rld,14:55:42.459,43857,2.523,2.902,-0.145,0.000,0.100,onTarget,noEvent
6382,6,49,rld,14:55:42.522,43858,2.593,2.877,-0.115,-0.200,0.200,onTarget,noEvent
6382,6,49,rld,14:55:42.585,43859,2.651,2.844,-0.093,-0.200,0.100,onTarget,noEvent
6382,6,49,rld,14:55:42.643,43860,2.714,2.821,-0.063,-0.100,0.200,onTarget,noEvent
6382,6,49,rld,14:55:42.709,43861,2.773,2.801,-0.041,-0.100,0.100,onTarget,noEvent
6382,6,49,rld,14:55:42.746,43862,2.816,2.794,-0.033,0.000,0.000,onTarget,noEvent
6382,6,49,rld,14:55:42.816,43863,2.892,2.792,-0.031,0.000,0.000,onTarget,noEvent
6382,6,49,rld,14:55:42.876,43864,2.941,2.791,-0.030,0.000,0.000,onTarget,noEvent
6382,6,49,rld,14:55:42.924,43865,2.988,2.791,-0.030,0.000,0.000,onTarget,noEvent
6382,6,49,rld,14:55:42.959,43866,3.031,2.791,-0.030,0.000,0.000,onTarget,noEvent
6382,6,49,rld,14:55:43.018,43867,3.087,2.791,-0.030,0.000,0.000,onTarget,noEvent
6382,6,49,rld,14:55:43.076,43868,3.146,2.791,-0.030,0.000,0.000,onTarget,noEvent
6382,6,49,rld,14:55:43.141,43869,3.211,2.791,-0.030,0.000,0.000,onTarget,targetClick
6382,6,50,rld,14:55:47.995,43963,3.306,0.236,-0.134,0.000,0.000,waitingForTarget,middleTargetClick
6382,6,50,rld,14:55:48.048,43964,3.356,0.236,-0.134,0.000,0.000,waitingForTarget,noEvent
6382,6,50,rld,14:55:48.099,43965,3.413,0.236,-0.134,0.000,0.000,waitingForTarget,noEvent
6382,6,50,rld,14:55:48.151,43966,3.457,0.236,-0.134,0.000,0.000,waitingForTarget,noEvent
6382,6,50,rld,14:55:48.185,43967,3.495,0.236,-0.134,0.000,0.000,waitingForTarget,noEvent
6382,6,50,rld,14:55:48.239,43968,3.558,0.236,-0.134,0.000,0.000,waitingForTarget,noEvent
6382,6,50,rld,14:55:48.287,43969,3.603,0.236,-0.134,0.000,0.000,waitingForTarget,noEvent
6382,6,50,rld,14:55:48.322,43970,3.638,0.236,-0.134,0.000,0.000,waitingForTarget,noEvent
6382,6,50,rld,14:55:48.382,43971,3.686,0.236,-0.134,0.000,0.000,waitingForTarget,noEvent
6382,6,50,rld,14:55:48.426,43972,3.736,0.236,-0.134,0.000,0.000,waitingForTarget,noEvent
6382,6,50,rld,14:55:48.476,43973,0.055,0.236,-0.134,0.000,0.000,activeTracking,targetAppeared
6382,6,50,rld,14:55:48.523,43974,0.099,0.236,-0.134,0.000,0.000,activeTracking,noEvent
6382,6,50,rld,14:55:48.566,43975,0.139,0.236,-0.134,0.000,0.000,activeTracking,noEvent
6382,6,50,rld,14:55:48.636,43976,0.207,0.236,-0.134,0.000,0.000,activeTracking,noEvent
6382,6,50,rld,14:55:48.684,43977,0.257,0.236,-0.134,0.000,0.000,activeTracking,noEvent
6382,6,50,rld,14:55:48.738,43978,0.305,0.236,-0.134,0.000,0.000,activeTracking,noEvent
6382,6,50,rld,14:55:48.776,43979,0.354,0.236,-0.134,0.000,0.000,activeTracking,noEvent
6382,6,50,rld,14:55:48.996,43980,0.560,-1.016,-0.315,-11.100,-1.600,activeTracking,noEvent
6382,6,50,rld,14:55:49.159,43981,0.684,-1.728,-0.355,-2.500,0.200,activeTracking,noEvent
6382,6,50,rld,14:55:49.266,43982,0.841,-2.075,-0.335,-0.900,0.300,activeTracking,noEvent
6382,6,50,rld,14:55:49.321,43983,0.898,-2.215,-0.294,-0.200,0.300,activeTracking,noEvent
6382,6,50,rld,14:55:49.393,43984,0.960,-2.262,-0.269,0.000,0.100,activeTracking,noEvent
6382,6,50,rld,14:55:49.443,43985,1.020,-2.278,-0.260,0.000,0.000,activeTracking,noEvent
6382,6,50,rld,14:55:49.533,43986,1.106,-2.283,-0.223,0.000,0.300,activeTracking,noEvent
6382,6,50,rld,14:55:49.598,43987,1.175,-2.285,-0.199,0.000,0.100,activeTracking,noEvent
6382,6,50,rld,14:55:49.654,43988,1.225,-2.286,-0.168,0.000,0.200,activeTracking,noEvent
6382,6,50,rld,14:55:49.725,43989,1.304,-2.286,-0.134,0.000,0.200,activeTracking,noEvent
6382,6,50,rld,14:55:49.782,43990,1.360,-2.286,-0.088,0.000,0.300,activeTracking,noEvent
6382,6,50,rld,14:55:49.897,43991,1.466,-2.381,-0.027,-0.800,0.400,onTarget,noEvent
6382,6,50,rld,14:55:49.990,43992,1.543,-2.497,-0.006,-0.700,0.000,onTarget,noEvent
6382,6,50,rld,14:55:50.082,43993,1.642,-2.632,-0.045,-0.800,-0.400,onTarget,noEvent
6382,6,50,rld,14:55:50.187,43994,1.767,-2.774,-0.093,-0.800,-0.300,onTarget,noEvent
6382,6,50,rld,14:55:50.235,43995,1.814,-2.859,-0.121,-0.300,-0.100,onTarget,noEvent
6382,6,50,rld,14:55:50.283,43996,1.857,-2.887,-0.131,0.000,0.000,onTarget,noEvent
6382,6,50,rld,14:55:50.335,43997,1.907,-2.896,-0.134,0.000,0.000,onTarget,noEvent
6382,6,50,rld,14:55:50.393,43998,1.967,-2.900,-0.135,0.000,0.000,onTarget,noEvent
6382,6,50,rld,14:55:50.443,43999,2.010,-2.901,-0.135,0.000,0.000,onTarget,noEvent
6382,6,50,rld,14:55:50.496,44000,2.068,-2.901,-0.135,0.000,0.000,onTarget,noEvent
6382,6,50,rld,14:55:50.555,44001,2.127,-2.901,-0.135,0.000,0.000,onTarget,targetClick
6382,6,51,rld,14:55:53.404,44046,2.208,0.017,0.170,0.000,0.000,waitingForTarget,middleTargetClick
6382,6,51,rld,14:55:53.453,44047,2.250,0.017,0.170,0.000,0.000,waitingForTarget,noEvent
6382,6,51,rld,14:55:53.492,44048,2.291,0.017,0.170,0.000,0.000,waitingForTarget,noEvent
6382,6,51,rld,14:55:53.534,44049,2.330,0.017,0.170,0.000,0.000,waitingForTarget,noEvent
6382,6,51,rld,14:55:53.577,44050,2.382,0.017,0.170,0.000,0.000,waitingForTarget,noEvent
6382,6,51,rld,14:55:53.626,44051,2.425,0.017,0.170,0.000,0.000,waitingForTarget,noEvent
6382,6,51,rld,14:55:53.675,44052,2.469,0.017,0.170,0.000,0.000,waitingForTarget,noEvent
6382,6,51,rld,14:55:53.736,44053,2.514,0.017,0.170,0.000,0.000,waitingForTarget,noEvent
6382,6,51,rld,14:55:53.792,44054,2.585,0.017,0.170,0.000,0.000,waitingForTarget,noEvent
6382,6,51,rld,14:55:53.840,44055,2.645,0.017,0.170,0.000,0.000,waitingForTarget,noEvent
6382,6,51,rld,14:55:53.885,44056,0.047,0.017,0.170,0.000,0.000,activeTracking,targetAppeared
6382,6,51,rld,14:55:53.935,44057,0.090,0.017,0.170,0.000,0.000,activeTracking,noEvent
6382,6,51,rld,14:55:53.987,44058,0.140,0.017,0.170,0.000,0.000,activeTracking,noEvent
6382,6,51,rld,14:55:54.205,44059,0.360,2.706,0.508,23.300,2.800,activeTracking,noEvent
6382,6,51,rld,14:55:54.300,44060,0.461,3.701,0.640,0.200,0.000,activeTracking,noEvent
6382,6,51,rld,14:55:54.337,44061,0.497,4.061,0.688,0.100,0.000,activeTracking,noEvent
6382,6,51,rld,14:55:54.394,44062,0.539,4.183,0.704,0.000,0.000,activeTracking,noEvent
6382,6,51,rld,14:55:54.453,44063,0.600,4.224,0.710,0.000,0.000,activeTracking,noEvent
6382,6,51,rld,14:55:54.500,44064,0.659,4.238,0.712,0.000,0.000,activeTracking,noEvent
6382,6,51,rld,14:55:54.558,44065,0.707,4.243,0.712,0.000,0.000,activeTracking,noEvent
6382,6,51,rld,14:55:54.616,44066,0.767,4.244,0.712,0.000,0.000,activeTracking,noEvent
6382,6,51,rld,14:55:54.720,44067,0.840,4.204,0.699,-0.300,-0.100,activeTracking,noEvent
6382,6,51,rld,14:55:54.865,44068,1.012,3.488,0.555,-5.400,-1.000,activeTracking,noEvent
6382,6,51,rld,14:55:54.955,44069,1.106,3.194,0.484,-0.500,-0.200,activeTracking,noEvent
6382,6,51,rld,14:55:55.002,44070,1.162,3.072,0.448,-0.200,-0.100,activeTracking,noEvent
6382,6,51,rld,14:55:55.091,44071,1.248,3.020,0.425,-0.100,-0.100,activeTracking,noEvent
6382,6,51,rld,14:55:55.149,44072,1.298,3.002,0.417,0.000,0.000,activeTracking,noEvent
6382,6,51,rld,14:55:55.190,44073,1.351,2.996,0.414,0.000,0.000,activeTracking,noEvent
6382,6,51,rld,14:55:55.253,44074,1.400,2.994,0.413,0.000,0.000,activeTracking,noEvent
6382,6,51,rld,14:55:55.304,44075,1.454,2.994,0.413,0.000,0.000,activeTracking,noEvent
6382,6,51,rld,14:55:55.348,44076,1.505,2.993,0.413,0.000,0.000,activeTracking,noEvent
6382,6,51,rld,14:55:55.407,44077,1.566,2.993,0.413,0.000,0.000,activeTracking,noEvent
6382,6,51,rld,14:55:55.456,44078,1.607,2.993,0.413,0.000,0.000,activeTracking,noEvent
6382,6,51,rld,14:55:55.496,44079,1.659,2.993,0.413,0.000,0.000,activeTracking,noEvent
6382,6,51,rld,14:55:55.637,44080,1.799,2.895,0.164,-0.800,-2.100,onTarget,noEvent
6382,6,51,rld,14:55:55.704,44081,1.866,2.862,0.058,0.000,-0.200,onTarget,noEvent
6382,6,51,rld,14:55:55.740,44082,1.900,2.851,0.023,0.000,0.000,onTarget,noEvent
6382,6,51,rld,14:55:55.824,44083,1.973,2.848,0.011,0.000,0.000,onTarget,noEvent
6382,6,51,rld,14:55:55.873,44084,2.027,2.847,0.008,0.000,0.000,onTarget,noEvent
6382,6,51,rld,14:55:55.917,44085,2.068,2.846,0.006,0.000,0.000,onTarget,noEvent
6382,6,51,rld,14:55:55.957,44086,2.116,2.846,0.006,0.000,0.000,onTarget,noEvent
6382,6,51,rld,14:55:56.013,44087,2.166,2.846,0.006,0.000,0.000,onTarget,noEvent
6382,6,51,rld,14:55:56.063,44088,2.219,2.846,0.006,0.000,0.000,onTarget,noEvent
6382,6,51,rld,14:55:56.125,44089,2.273,2.846,0.006,0.000,0.000,onTarget,noEvent
6382,6,51,rld,14:55:56.179,44090,2.329,2.846,0.006,0.000,0.000,onTarget,noEvent
6382,6,51,rld,14:55:56.221,44091,2.383,2.846,0.006,0.000,0.000,onTarget,noEvent
6382,6,51,rld,14:55:56.261,44092,2.419,2.846,0.006,0.000,0.000,onTarget,noEvent
6382,6,51,rld,14:55:56.319,44093,2.469,2.846,0.006,0.000,0.000,onTarget,noEvent
6382,6,51,rld,14:55:56.381,44094,2.535,2.846,0.006,0.000,0.000,onTarget,targetClick
6382,6,52,rld,14:55:58.632,44131,2.691,-0.084,0.069,0.000,0.000,waitingForTarget,middleTargetClick
6382,6,52,rld,14:55:58.703,44132,2.791,-0.084,0.069,0.000,0.000,waitingForTarget,noEvent
6382,6,52,rld,14:55:58.753,44133,2.828,-0.084,0.069,0.000,0.000,waitingForTarget,noEvent
6382,6,52,rld,14:55:58.836,44134,2.925,-0.084,0.069,0.000,0.000,waitingForTarget,noEvent
6382,6,52,rld,14:55:58.881,44135,2.968,-0.084,0.069,0.000,0.000,waitingForTarget,noEvent
6382,6,52,rld,14:55:58.934,44136,3.010,-0.084,0.069,0.000,0.000,waitingForTarget,noEvent
6382,6,52,rld,14:55:59.000,44137,3.076,-0.084,0.069,0.000,0.000,waitingForTarget,noEvent
6382,6,52,rld,14:55:59.040,44138,3.129,-0.084,0.069,0.000,0.000,waitingForTarget,noEvent
6382,6,52,rld,14:55:59.099,44139,0.049,-0.084,0.069,0.000,0.000,activeTracking,targetAppeared
6382,6,52,rld,14:55:59.152,44140,0.112,-0.084,0.069,0.000,0.000,activeTracking,noEvent
6382,6,52,rld,14:55:59.200,44141,0.150,-0.084,0.069,0.000,0.000,activeTracking,noEvent
6382,6,52,rld,14:55:59.253,44142,0.203,-0.084,0.069,0.000,0.000,activeTracking,noEvent
6382,6,52,rld,14:55:59.314,44143,0.256,-0.084,0.069,0.000,0.000,activeTracking,noEvent
6382,6,52,rld,14:55:59.486,44144,0.430,-0.671,0.261,-5.200,1.700,activeTracking,noEvent
6382,6,52,rld,14:55:59.655,44145,0.605,-1.415,0.317,-4.800,-0.100,activeTracking,noEvent
6382,6,52,rld,14:55:59.756,44146,0.702,-1.875,0.281,-1.800,-0.500,activeTracking,noEvent
6382,6,52,rld,14:55:59.816,44147,0.770,-2.077,0.269,-0.400,0.000,activeTracking,noEvent
6382,6,52,rld,14:55:59.870,44148,0.831,-2.145,0.265,0.000,0.000,activeTracking,noEvent
6382,6,52,rld,14:55:59.916,44149,0.873,-2.168,0.264,0.000,0.000,activeTracking,noEvent
6382,6,52,rld,14:55:59.968,44150,0.928,-2.175,0.264,0.000,0.000,activeTracking,noEvent
6382,6,52,rld,14:56:00.032,44151,0.974,-2.178,0.264,0.000,0.000,activeTracking,noEvent
6382,6,52,rld,14:56:00.086,44152,1.036,-2.179,0.263,0.000,0.000,activeTracking,noEvent
6382,6,52,rld,14:56:00.136,44153,1.085,-2.179,0.263,0.000,0.000,activeTracking,noEvent
6382,6,52,rld,14:56:00.190,44154,1.137,-2.179,0.263,0.000,0.000,activeTracking,noEvent
6382,6,52,rld,14:56:00.247,44155,1.198,-2.179,0.263,0.000,0.000,activeTracking,noEvent
6382,6,52,rld,14:56:00.372,44156,1.321,-2.191,0.252,-0.100,-0.100,activeTracking,noEvent
6382,6,52,rld,14:56:00.490,44157,1.427,-2.397,0.122,-1.700,-1.100,onTarget,noEvent
6382,6,52,rld,14:56:00.549,44158,1.507,-2.502,0.056,-0.300,-0.200,onTarget,noEvent
6382,6,52,rld,14:56:00.616,44159,1.569,-2.561,0.033,-0.200,0.000,onTarget,noEvent
6382,6,52,rld,14:56:00.665,44160,1.623,-2.593,0.026,-0.100,0.000,onTarget,noEvent
6382,6,52,rld,14:56:00.710,44161,1.669,-2.604,0.024,0.000,0.000,onTarget,noEvent
6382,6,52,rld,14:56:00.762,44162,1.719,-2.619,0.023,-0.100,0.000,onTarget,noEvent
6382,6,52,rld,14:56:00.850,44163,1.799,-2.637,0.023,-0.100,0.000,onTarget,noEvent
6382,6,52,rld,14:56:00.891,44164,1.847,-2.643,0.023,0.000,0.000,onTarget,noEvent
6382,6,52,rld,14:56:00.934,44165,1.889,-2.644,0.022,0.000,0.000,onTarget,noEvent
6382,6,52,rld,14:56:00.988,44166,1.946,-2.645,0.022,0.000,0.000,onTarget,noEvent
6382,6,52,rld,14:56:01.035,44167,1.986,-2.645,0.022,0.000,0.000,onTarget,noEvent
6382,6,52,rld,14:56:01.114,44168,2.070,-2.645,0.022,0.000,0.000,onTarget,targetClick
6382,6,53,rld,14:56:03.098,44197,2.131,0.118,0.001,0.000,0.000,waitingForTarget,middleTargetClick
6382,6,53,rld,14:56:03.148,44198,2.173,0.118,0.001,0.000,0.000,waitingForTarget,noEvent
6382,6,53,rld,14:56:03.176,44199,2.222,0.118,0.001,0.000,0.000,waitingForTarget,noEvent
6382,6,53,rld,14:56:03.229,44200,2.272,0.118,0.001,0.000,0.000,waitingForTarget,noEvent
6382,6,53,rld,14:56:03.271,44201,2.313,0.118,0.001,0.000,0.000,waitingForTarget,noEvent
6382,6,53,rld,14:56:03.323,44202,2.369,0.118,0.001,0.000,0.000,waitingForTarget,noEvent
6382,6,53,rld,14:56:03.375,44203,2.422,0.118,0.001,0.000,0.000,waitingForTarget,noEvent
6382,6,53,rld,14:56:03.421,44204,2.465,0.118,0.001,0.000,0.000,waitingForTarget,noEvent
6382,6,53,rld,14:56:03.462,44205,2.501,0.118,0.001,0.000,0.000,waitingForTarget,noEvent
6382,6,53,rld,14:56:03.517,44206,2.554,0.118,0.001,0.000,0.000,waitingForTarget,noEvent
6382,6,53,rld,14:56:03.533,44207,0.026,0.118,0.001,0.000,0.000,activeTracking,targetAppeared
6382,6,53,rld,14:56:03.580,44208,0.068,0.118,0.001,0.000,0.000,activeTracking,noEvent
6382,6,53,rld,14:56:03.673,44209,0.147,0.118,0.001,0.000,0.000,activeTracking,noEvent
6382,6,53,rld,14:56:03.776,44210,0.263,0.671,0.137,4.900,1.200,activeTracking,noEvent
6382,6,53,rld,14:56:03.974,44211,0.463,2.077,0.257,10.600,0.600,activeTracking,noEvent
6382,6,53,rld,14:56:04.021,44212,0.510,2.598,0.300,0.300,0.000,onTarget,noEvent
6382,6,53,rld,14:56:04.100,44213,0.579,2.812,0.316,0.300,0.000,onTarget,noEvent
6382,6,53,rld,14:56:04.175,44214,0.656,2.945,0.321,0.500,0.000,activeTracking,noEvent
6382,6,53,rld,14:56:04.240,44215,0.729,3.039,0.324,0.400,0.000,activeTracking,noEvent
6382,6,53,rld,14:56:04.316,44216,0.808,3.095,0.313,0.200,-0.100,activeTracking,noEvent
6382,6,53,rld,14:56:04.363,44217,0.851,3.114,0.298,0.000,-0.100,activeTracking,noEvent
6382,6,53,rld,14:56:04.539,44218,1.022,3.095,0.234,-0.200,-0.500,activeTracking,noEvent
6382,6,53,rld,14:56:04.614,44219,1.094,3.089,0.188,0.000,-0.200,activeTracking,noEvent
6382,6,53,rld,14:56:04.674,44220,1.164,3.075,0.173,-0.100,0.000,activeTracking,noEvent
6382,6,53,rld,14:56:04.738,44221,1.217,3.058,0.168,-0.100,0.000,activeTracking,noEvent
6382,6,53,rld,14:56:04.784,44222,1.268,3.052,0.155,0.000,-0.100,activeTracking,noEvent
6382,6,53,rld,14:56:04.862,44223,1.346,3.050,0.150,0.000,0.000,activeTracking,noEvent
6382,6,53,rld,14:56:04.906,44224,1.399,3.049,0.149,0.000,0.000,activeTracking,noEvent
6382,6,53,rld,14:56:04.942,44225,1.420,3.049,0.148,0.000,0.000,activeTracking,noEvent
6382,6,53,rld,14:56:04.983,44226,1.468,3.049,0.148,0.000,0.000,activeTracking,noEvent
6382,6,53,rld,14:56:05.025,44227,1.510,3.049,0.148,0.000,0.000,activeTracking,noEvent
6382,6,53,rld,14:56:05.074,44228,1.551,3.049,0.148,0.000,0.000,activeTracking,noEvent
6382,6,53,rld,14:56:05.133,44229,1.611,3.049,0.148,0.000,0.000,activeTracking,noEvent
6382,6,53,rld,14:56:05.188,44230,1.678,3.049,0.148,0.000,0.000,activeTracking,noEvent
6382,6,53,rld,14:56:05.244,44231,1.729,3.049,0.148,0.000,0.000,activeTracking,failedClick
6382,6,54,rld,14:56:10.574,44307,1.790,0.034,-0.083,0.000,0.000,waitingForTarget,middleTargetClick
6382,6,54,rld,14:56:10.623,44308,1.842,0.034,-0.083,0.000,0.000,waitingForTarget,noEvent
6382,6,54,rld,14:56:10.699,44309,1.929,0.034,-0.083,0.000,0.000,waitingForTarget,noEvent
6382,6,54,rld,14:56:10.736,44310,1.968,0.034,-0.083,0.000,0.000,waitingForTarget,noEvent
6382,6,54,rld,14:56:10.774,44311,2.006,0.034,-0.083,0.000,0.000,waitingForTarget,noEvent
6382,6,54,rld,14:56:10.854,44312,2.079,0.034,-0.083,0.000,0.000,waitingForTarget,noEvent
6382,6,54,rld,14:56:10.873,44313,2.104,0.034,-0.083,0.000,0.000,waitingForTarget,noEvent
6382,6,54,rld,14:56:10.918,44314,2.149,0.034,-0.083,0.000,0.000,waitingForTarget,noEvent
6382,6,54,rld,14:56:10.965,44315,2.188,0.034,-0.083,0.000,0.000,waitingForTarget,noEvent
6382,6,54,rld,14:56:11.019,44316,2.239,0.034,-0.083,0.000,0.000,waitingForTarget,noEvent
6382,6,54,rld,14:56:11.064,44317,0.057,0.034,-0.083,0.000,0.000,activeTracking,targetAppeared
6382,6,54,rld,14:56:11.135,44318,0.120,0.034,-0.083,0.000,0.000,activeTracking,noEvent
6382,6,54,rld,14:56:11.176,44319,0.165,0.034,-0.083,0.000,0.000,activeTracking,noEvent
6382,6,54,rld,14:56:11.222,44320,0.214,0.034,-0.083,0.000,0.000,activeTracking,noEvent
6382,6,54,rld,14:56:11.284,44321,0.269,0.034,-0.083,0.000,0.000,activeTracking,noEvent
6382,6,54,rld,14:56:11.350,44322,0.330,0.034,-0.083,0.000,0.000,activeTracking,noEvent
6382,6,54,rld,14:56:11.404,44323,0.386,0.034,-0.083,0.000,0.000,activeTracking,noEvent
6382,6,54,rld,14:56:11.519,44324,0.490,-0.236,-0.072,-2.400,0.100,activeTracking,noEvent
6382,6,54,rld,14:56:11.635,44325,0.576,-0.417,-0.046,-0.800,0.200,activeTracking,noEvent
6382,6,54,rld,14:56:11.778,44326,0.762,1.401,0.066,16.600,0.900,activeTracking,noEvent
6382,6,54,rld,14:56:11.850,44327,0.842,2.105,0.083,0.700,-0.200,activeTracking,noEvent
6382,6,54,rld,14:56:11.931,44328,0.906,2.356,0.077,0.100,-0.100,onTarget,noEvent
6382,6,54,rld,14:56:11.980,44329,0.965,2.465,0.064,0.200,-0.100,onTarget,noEvent
6382,6,54,rld,14:56:12.065,44330,1.048,2.549,0.024,0.400,-0.300,onTarget,noEvent
6382,6,54,rld,14:56:12.172,44331,1.148,2.649,-0.012,0.600,-0.200,onTarget,noEvent
6382,6,54,rld,14:56:12.250,44332,1.220,2.719,-0.059,0.300,-0.300,onTarget,noEvent
6382,6,54,rld,14:56:12.288,44333,1.281,2.755,-0.075,0.100,0.000,onTarget,noEvent
6382,6,54,rld,14:56:12.343,44334,1.332,2.767,-0.092,0.000,-0.100,onTarget,noEvent
6382,6,54,rld,14:56:12.401,44335,1.393,2.771,-0.097,0.000,0.000,onTarget,noEvent
6382,6,54,rld,14:56:12.457,44336,1.449,2.772,-0.099,0.000,0.000,onTarget,noEvent
6382,6,54,rld,14:56:12.505,44337,1.496,2.773,-0.100,0.000,0.000,onTarget,noEvent
6382,6,54,rld,14:56:12.555,44338,1.548,2.773,-0.100,0.000,0.000,onTarget,noEvent
6382,6,54,rld,14:56:12.603,44339,1.590,2.773,-0.100,0.000,0.000,onTarget,noEvent
6382,6,54,rld,14:56:12.653,44340,1.631,2.773,-0.100,0.000,0.000,onTarget,noEvent
6382,6,54,rld,14:56:12.713,44341,1.692,2.773,-0.100,0.000,0.000,onTarget,noEvent
6382,6,54,rld,14:56:12.804,44342,1.779,2.773,-0.100,0.000,0.000,onTarget,targetClick
6382,6,55,rld,14:56:15.539,44391,1.859,0.219,0.086,0.000,0.000,waitingForTarget,middleTargetClick
6382,6,55,rld,14:56:15.596,44392,1.916,0.219,0.086,0.000,0.000,waitingForTarget,noEvent
6382,6,55,rld,14:56:15.646,44393,1.959,0.219,0.086,0.000,0.000,waitingForTarget,noEvent
6382,6,55,rld,14:56:15.716,44394,2.031,0.219,0.086,0.000,0.000,waitingForTarget,noEvent
6382,6,55,rld,14:56:15.764,44395,2.083,0.219,0.086,0.000,0.000,waitingForTarget,noEvent
6382,6,55,rld,14:56:15.848,44396,2.160,0.219,0.086,0.000,0.000,waitingForTarget,noEvent
6382,6,55,rld,14:56:15.883,44397,2.200,0.219,0.086,0.000,0.000,waitingForTarget,noEvent
6382,6,55,rld,14:56:15.939,44398,2.249,0.219,0.086,0.000,0.000,waitingForTarget,noEvent
6382,6,55,rld,14:56:15.987,44399,2.299,0.219,0.086,0.000,0.000,waitingForTarget,noEvent
6382,6,55,rld,14:56:16.025,44400,0.048,0.219,0.086,0.000,0.000,activeTracking,targetAppeared
6382,6,55,rld,14:56:16.085,44401,0.100,0.219,0.086,0.000,0.000,activeTracking,noEvent
6382,6,55,rld,14:56:16.137,44402,0.148,0.219,0.086,0.000,0.000,activeTracking,noEvent
6382,6,55,rld,14:56:16.204,44403,0.221,0.219,0.086,0.000,0.000,activeTracking,noEvent
6382,6,55,rld,14:56:16.390,44404,0.412,-0.942,-0.094,-10.300,-1.600,activeTracking,noEvent
6382,6,55,rld,14:56:16.453,44405,0.473,-1.369,-0.155,-0.300,0.000,activeTracking,noEvent
6382,6,55,rld,14:56:16.605,44406,0.601,-0.521,-0.096,8.700,0.700,activeTracking,noEvent
6382,6,55,rld,14:56:16.754,44407,0.761,0.479,-0.076,6.400,0.000,activeTracking,noEvent
6382,6,55,rld,14:56:16.875,44408,0.859,0.848,-0.069,0.300,0.000,activeTracking,noEvent
6382,6,55,rld,14:56:16.985,44409,0.984,1.085,-0.101,1.000,-0.300,activeTracking,noEvent
6382,6,55,rld,14:56:17.116,44410,1.118,1.440,-0.180,2.400,-0.600,activeTracking,noEvent
6382,6,55,rld,14:56:17.186,44411,1.198,1.616,-0.207,0.500,0.000,activeTracking,noEvent
6382,6,55,rld,14:56:17.228,44412,1.248,1.687,-0.216,0.100,0.000,activeTracking,noEvent
6382,6,55,rld,14:56:17.282,44413,1.297,1.711,-0.219,0.000,0.000,activeTracking,noEvent
6382,6,55,rld,14:56:17.342,44414,1.358,1.730,-0.231,0.100,-0.100,activeTracking,noEvent
6382,6,55,rld,14:56:17.405,44415,1.416,1.737,-0.235,0.000,0.000,activeTracking,noEvent
6382,6,55,rld,14:56:17.482,44416,1.497,1.762,-0.237,0.200,0.000,activeTracking,noEvent
6382,6,55,rld,14:56:17.607,44417,1.630,2.252,-0.146,4.100,0.800,activeTracking,noEvent
6382,6,55,rld,14:56:17.684,44418,1.693,2.441,-0.115,0.200,0.000,onTarget,noEvent
6382,6,55,rld,14:56:17.724,44419,1.744,2.517,-0.094,0.100,0.100,onTarget,noEvent
6382,6,55,rld,14:56:17.786,44420,1.799,2.542,-0.086,0.000,0.000,onTarget,noEvent
6382,6,55,rld,14:56:17.845,44421,1.867,2.551,-0.084,0.000,0.000,onTarget,noEvent
6382,6,55,rld,14:56:17.901,44422,1.925,2.554,-0.083,0.000,0.000,onTarget,noEvent
6382,6,55,rld,14:56:17.981,44423,1.981,2.567,-0.083,0.100,0.000,onTarget,noEvent
6382,6,55,rld,14:56:18.047,44424,2.067,2.595,-0.059,0.200,0.200,onTarget,noEvent
6382,6,55,rld,14:56:18.098,44425,2.118,2.617,-0.051,0.100,0.000,onTarget,noEvent
6382,6,55,rld,14:56:18.171,44426,2.182,2.624,-0.049,0.000,0.000,onTarget,noEvent
6382,6,55,rld,14:56:18.227,44427,2.247,2.626,-0.048,0.000,0.000,onTarget,noEvent
6382,6,55,rld,14:56:18.281,44428,2.292,2.627,-0.048,0.000,0.000,onTarget,noEvent
6382,6,55,rld,14:56:18.327,44429,2.347,2.627,-0.048,0.000,0.000,onTarget,noEvent
6382,6,55,rld,14:56:18.368,44430,2.390,2.627,-0.048,0.000,0.000,onTarget,noEvent
6382,6,55,rld,14:56:18.418,44431,2.439,2.627,-0.048,0.000,0.000,onTarget,noEvent
6382,6,55,rld,14:56:18.473,44432,2.493,2.627,-0.048,0.000,0.000,onTarget,noEvent
6382,6,55,rld,14:56:18.519,44433,2.530,2.627,-0.048,0.000,0.000,onTarget,noEvent
6382,6,55,rld,14:56:18.562,44434,2.579,2.627,-0.048,0.000,0.000,onTarget,noEvent
6382,6,55,rld,14:56:18.596,44435,2.612,2.627,-0.048,0.000,0.000,onTarget,noEvent
6382,6,55,rld,14:56:18.714,44436,2.729,2.627,-0.048,0.000,0.000,onTarget,noEvent
6382,6,55,rld,14:56:18.763,44437,2.776,2.627,-0.048,0.000,0.000,onTarget,noEvent
6382,6,55,rld,14:56:18.815,44438,2.840,2.627,-0.048,0.000,0.000,onTarget,noEvent
6382,6,55,rld,14:56:18.869,44439,2.883,2.627,-0.048,0.000,0.000,onTarget,noEvent
6382,6,55,rld,14:56:18.921,44440,2.934,2.627,-0.048,0.000,0.000,onTarget,noEvent
6382,6,55,rld,14:56:18.964,44441,2.982,2.627,-0.048,0.000,0.000,onTarget,noEvent
6382,6,55,rld,14:56:19.007,44442,3.018,2.627,-0.048,0.000,0.000,onTarget,noEvent
6382,6,55,rld,14:56:19.064,44443,3.080,2.627,-0.048,0.000,0.000,onTarget,noEvent
6382,6,55,rld,14:56:19.100,44444,3.124,2.627,-0.048,0.000,0.000,onTarget,noEvent
6382,6,55,rld,14:56:19.183,44445,3.198,2.627,-0.048,0.000,0.000,onTarget,targetClick
6382,6,56,rld,14:56:22.885,44495,3.274,-0.067,-0.083,0.000,0.000,waitingForTarget,middleTargetClick
6382,6,56,rld,14:56:22.969,44496,3.357,-0.067,-0.083,0.000,0.000,waitingForTarget,noEvent
6382,6,56,rld,14:56:23.045,44497,3.431,-0.067,-0.083,0.000,0.000,waitingForTarget,noEvent
6382,6,56,rld,14:56:23.082,44498,3.463,-0.067,-0.083,0.000,0.000,waitingForTarget,noEvent
6382,6,56,rld,14:56:23.206,44499,3.594,-0.067,-0.083,0.000,0.000,waitingForTarget,noEvent
6382,6,56,rld,14:56:23.245,44500,3.629,-0.067,-0.083,0.000,0.000,waitingForTarget,noEvent
6382,6,56,rld,14:56:23.302,44501,3.692,-0.067,-0.083,0.000,0.000,waitingForTarget,noEvent
6382,6,56,rld,14:56:23.351,44502,0.050,-0.067,-0.083,0.000,0.000,activeTracking,targetAppeared
6382,6,56,rld,14:56:23.454,44503,0.153,-0.067,-0.083,0.000,0.000,activeTracking,noEvent
6382,6,56,rld,14:56:23.513,44504,0.205,-0.067,-0.083,0.000,0.000,activeTracking,noEvent
6382,6,56,rld,14:56:23.568,44505,0.267,-0.067,-0.083,0.000,0.000,activeTracking,noEvent
6382,6,56,rld,14:56:23.636,44506,0.336,-0.067,-0.083,0.000,0.000,activeTracking,noEvent
6382,6,56,rld,14:56:23.707,44507,0.398,-0.067,-0.083,0.000,0.000,activeTracking,noEvent
6382,6,56,rld,14:56:23.761,44508,0.457,-0.067,-0.083,0.000,0.000,activeTracking,noEvent
6382,6,56,rld,14:56:23.955,44509,0.608,0.767,-0.072,7.400,0.100,activeTracking,noEvent
6382,6,56,rld,14:56:24.055,44510,0.738,1.585,-0.159,4.700,-0.800,activeTracking,noEvent
6382,6,56,rld,14:56:24.264,44511,0.953,2.062,-0.200,1.700,-0.100,activeTracking,noEvent
6382,6,56,rld,14:56:24.345,44512,1.037,2.318,-0.215,0.800,0.000,activeTracking,noEvent
6382,6,56,rld,14:56:24.434,44513,1.124,2.440,-0.220,0.300,0.000,onTarget,noEvent
6382,6,56,rld,14:56:24.505,44514,1.204,2.480,-0.233,0.000,-0.100,onTarget,noEvent
6382,6,56,rld,14:56:24.571,44515,1.267,2.494,-0.237,0.000,0.000,onTarget,noEvent
6382,6,56,rld,14:56:24.627,44516,1.323,2.499,-0.239,0.000,0.000,onTarget,noEvent
6382,6,56,rld,14:56:24.682,44517,1.373,2.500,-0.239,0.000,0.000,onTarget,noEvent
6382,6,56,rld,14:56:24.766,44518,1.459,2.501,-0.239,0.000,0.000,onTarget,noEvent
6382,6,56,rld,14:56:24.867,44519,1.562,2.501,-0.239,0.000,0.000,onTarget,noEvent
6382,6,56,rld,14:56:24.937,44520,1.636,2.501,-0.239,0.000,0.000,onTarget,noEvent
6382,6,56,rld,14:56:24.998,44521,1.695,2.501,-0.228,0.000,0.100,onTarget,noEvent
6382,6,56,rld,14:56:25.083,44522,1.779,2.501,-0.212,0.000,0.100,onTarget,noEvent
6382,6,56,rld,14:56:25.139,44523,1.838,2.501,-0.207,0.000,0.000,onTarget,noEvent
6382,6,56,rld,14:56:25.203,44524,1.897,2.501,-0.194,0.000,0.100,onTarget,noEvent
6382,6,56,rld,14:56:25.301,44525,1.952,2.513,-0.189,0.100,0.000,onTarget,noEvent
6382,6,56,rld,14:56:25.358,44526,2.056,2.541,-0.176,0.200,0.100,onTarget,noEvent
6382,6,56,rld,14:56:25.536,44527,2.234,2.719,-0.067,1.400,0.900,onTarget,noEvent
6382,6,56,rld,14:56:25.586,44528,2.285,2.792,-0.030,0.100,0.000,onTarget,noEvent
6382,6,56,rld,14:56:25.638,44529,2.335,2.816,-0.018,0.000,0.000,onTarget,noEvent
6382,6,56,rld,14:56:25.681,44530,2.375,2.824,-0.014,0.000,0.000,onTarget,noEvent
6382,6,56,rld,14:56:25.738,44531,2.435,2.826,-0.013,0.000,0.000,onTarget,noEvent
6382,6,56,rld,14:56:25.783,44532,2.476,2.827,-0.012,0.000,0.000,onTarget,noEvent
6382,6,56,rld,14:56:25.858,44533,2.549,2.828,-0.012,0.000,0.000,onTarget,noEvent
6382,6,56,rld,14:56:25.901,44534,2.587,2.828,-0.012,0.000,0.000,onTarget,noEvent
6382,6,56,rld,14:56:25.948,44535,2.636,2.828,-0.012,0.000,0.000,onTarget,noEvent
6382,6,56,rld,14:56:25.984,44536,2.678,2.828,-0.012,0.000,0.000,onTarget,noEvent
6382,6,56,rld,14:56:26.021,44537,2.719,2.828,-0.012,0.000,0.000,onTarget,noEvent
6382,6,56,rld,14:56:26.071,44538,2.771,2.828,-0.012,0.000,0.000,onTarget,noEvent
6382,6,56,rld,14:56:26.147,44539,2.826,2.828,-0.012,0.000,0.000,onTarget,noEvent
6382,6,56,rld,14:56:26.216,44540,2.897,2.828,-0.012,0.000,0.000,onTarget,noEvent
6382,6,56,rld,14:56:26.281,44541,2.968,2.828,-0.012,0.000,0.000,onTarget,targetClick
6382,6,57,rld,14:56:30.753,44612,3.031,0.152,0.136,0.000,0.000,waitingForTarget,middleTargetClick
6382,6,57,rld,14:56:30.850,44613,3.129,0.152,0.136,0.000,0.000,waitingForTarget,noEvent
6382,6,57,rld,14:56:30.905,44614,3.196,0.152,0.136,0.000,0.000,waitingForTarget,noEvent
6382,6,57,rld,14:56:30.950,44615,3.242,0.152,0.136,0.000,0.000,waitingForTarget,noEvent
6382,6,57,rld,14:56:30.987,44616,3.276,0.152,0.136,0.000,0.000,waitingForTarget,noEvent
6382,6,57,rld,14:56:31.020,44617,3.309,0.152,0.136,0.000,0.000,waitingForTarget,noEvent
6382,6,57,rld,14:56:31.057,44618,3.347,0.152,0.136,0.000,0.000,waitingForTarget,noEvent
6382,6,57,rld,14:56:31.104,44619,3.392,0.152,0.136,0.000,0.000,waitingForTarget,noEvent
6382,6,57,rld,14:56:31.154,44620,3.441,0.152,0.136,0.000,0.000,waitingForTarget,noEvent
6382,6,57,rld,14:56:31.205,44621,0.048,0.152,0.136,0.000,0.000,activeTracking,targetAppeared
6382,6,57,rld,14:56:31.252,44622,0.093,0.152,0.136,0.000,0.000,activeTracking,noEvent
6382,6,57,rld,14:56:31.303,44623,0.139,0.152,0.136,0.000,0.000,activeTracking,noEvent
6382,6,57,rld,14:56:31.353,44624,0.194,0.152,0.136,0.000,0.000,activeTracking,noEvent
6382,6,57,rld,14:56:31.421,44625,0.258,0.152,0.136,0.000,0.000,activeTracking,noEvent
6382,6,57,rld,14:56:31.594,44626,0.432,-0.264,0.294,-3.700,1.400,activeTracking,noEvent
6382,6,57,rld,14:56:31.774,44627,0.537,-0.178,0.392,2.000,0.400,activeTracking,noEvent
6382,6,57,rld,14:56:31.908,44628,0.732,2.123,0.252,19.900,-1.600,activeTracking,noEvent
6382,6,57,rld,14:56:31.990,44629,0.817,2.968,0.197,0.300,-0.100,onTarget,noEvent
6382,6,57,rld,14:56:32.071,44630,0.918,3.296,0.178,0.300,0.000,activeTracking,noEvent
6382,6,57,rld,14:56:32.170,44631,1.009,3.495,0.137,0.700,-0.300,activeTracking,noEvent
6382,6,57,rld,14:56:32.230,44632,1.074,3.588,0.123,0.200,0.000,activeTracking,noEvent
6382,6,57,rld,14:56:32.304,44633,1.150,3.658,0.107,0.300,-0.100,activeTracking,noEvent
6382,6,57,rld,14:56:32.363,44634,1.201,3.681,0.089,0.000,-0.100,activeTracking,noEvent
6382,6,57,rld,14:56:32.415,44635,1.263,3.689,0.084,0.000,0.000,activeTracking,noEvent
6382,6,57,rld,14:56:32.553,44636,1.350,3.550,0.093,-1.100,0.100,activeTracking,noEvent
6382,6,57,rld,14:56:32.654,44637,1.503,3.053,0.247,-3.600,1.300,activeTracking,noEvent
6382,6,57,rld,14:56:32.703,44638,1.549,2.853,0.308,-0.300,0.100,onTarget,noEvent
6382,6,57,rld,14:56:32.766,44639,1.602,2.763,0.328,-0.200,0.000,onTarget,noEvent
6382,6,57,rld,14:56:32.841,44640,1.683,2.733,0.335,0.000,0.000,onTarget,noEvent
6382,6,57,rld,14:56:32.896,44641,1.737,2.735,0.338,0.100,0.000,onTarget,noEvent
6382,6,57,rld,14:56:32.964,44642,1.803,2.748,0.350,0.100,0.100,activeTracking,noEvent
6382,6,57,rld,14:56:33.014,44643,1.855,2.765,0.355,0.100,0.000,activeTracking,noEvent
6382,6,57,rld,14:56:33.062,44644,1.907,2.770,0.356,0.000,0.000,activeTracking,noEvent
6382,6,57,rld,14:56:33.106,44645,1.956,2.772,0.357,0.000,0.000,activeTracking,noEvent
6382,6,57,rld,14:56:33.176,44646,2.015,2.773,0.357,0.000,0.000,activeTracking,noEvent
6382,6,57,rld,14:56:33.231,44647,2.066,2.773,0.357,0.000,0.000,activeTracking,noEvent
6382,6,57,rld,14:56:33.353,44648,2.184,2.773,0.228,0.000,-1.100,onTarget,noEvent
6382,6,57,rld,14:56:33.431,44649,2.280,2.773,0.079,0.000,-0.900,onTarget,noEvent
6382,6,57,rld,14:56:33.501,44650,2.350,2.773,0.007,0.000,-0.200,onTarget,noEvent
6382,6,57,rld,14:56:33.544,44651,2.391,2.773,-0.018,0.000,0.000,onTarget,noEvent
6382,6,57,rld,14:56:33.590,44652,2.439,2.773,-0.026,0.000,0.000,onTarget,noEvent
6382,6,57,rld,14:56:33.652,44653,2.491,2.773,-0.028,0.000,0.000,onTarget,noEvent
6382,6,57,rld,14:56:33.703,44654,2.547,2.773,-0.029,0.000,0.000,onTarget,noEvent
6382,6,57,rld,14:56:33.744,44655,2.586,2.773,-0.030,0.000,0.000,onTarget,noEvent
6382,6,57,rld,14:56:33.786,44656,2.637,2.773,-0.030,0.000,0.000,onTarget,noEvent
6382,6,57,rld,14:56:33.859,44657,2.698,2.773,-0.030,0.000,0.000,onTarget,noEvent
6382,6,57,rld,14:56:33.906,44658,2.752,2.773,-0.030,0.000,0.000,onTarget,noEvent
6382,6,57,rld,14:56:33.957,44659,2.801,2.773,-0.030,0.000,0.000,onTarget,noEvent
6382,6,57,rld,14:56:34.029,44660,2.876,2.773,-0.030,0.000,0.000,onTarget,targetClick
6382,6,58,rld,14:56:36.794,44704,2.943,-0.067,-0.066,0.000,0.000,waitingForTarget,middleTargetClick
6382,6,58,rld,14:56:36.884,44705,3.035,-0.067,-0.066,0.000,0.000,waitingForTarget,noEvent
6382,6,58,rld,14:56:36.937,44706,3.092,-0.067,-0.066,0.000,0.000,waitingForTarget,noEvent
6382,6,58,rld,14:56:36.971,44707,3.126,-0.067,-0.066,0.000,0.000,waitingForTarget,noEvent
6382,6,58,rld,14:56:37.018,44708,3.172,-0.067,-0.066,0.000,0.000,waitingForTarget,noEvent
6382,6,58,rld,14:56:37.067,44709,3.214,-0.067,-0.066,0.000,0.000,waitingForTarget,noEvent
6382,6,58,rld,14:56:37.104,44710,3.260,-0.067,-0.066,0.000,0.000,waitingForTarget,noEvent
6382,6,58,rld,14:56:37.145,44711,3.295,-0.067,-0.066,0.000,0.000,waitingForTarget,noEvent
6382,6,58,rld,14:56:37.194,44712,3.344,-0.067,-0.066,0.000,0.000,waitingForTarget,noEvent
6382,6,58,rld,14:56:37.241,44713,0.043,-0.067,-0.066,0.000,0.000,activeTracking,targetAppeared
6382,6,58,rld,14:56:37.284,44714,0.087,-0.067,-0.066,0.000,0.000,activeTracking,noEvent
6382,6,58,rld,14:56:37.341,44715,0.139,-0.067,-0.066,0.000,0.000,activeTracking,noEvent
6382,6,58,rld,14:56:37.386,44716,0.194,-0.067,-0.066,0.000,0.000,activeTracking,noEvent
6382,6,58,rld,14:56:37.545,44717,0.330,-0.620,0.001,-4.900,0.600,activeTracking,noEvent
6382,6,58,rld,14:56:37.600,44718,0.412,-0.941,0.024,-1.200,0.000,activeTracking,noEvent
6382,6,58,rld,14:56:37.665,44719,0.476,-1.071,0.055,-0.200,0.200,activeTracking,noEvent
6382,6,58,rld,14:56:37.734,44720,0.538,-1.057,0.065,0.500,0.000,activeTracking,noEvent
6382,6,58,rld,14:56:37.902,44721,0.704,0.787,-0.102,16.300,-1.500,activeTracking,noEvent
6382,6,58,rld,14:56:37.996,44722,0.798,1.604,-0.203,1.700,-0.400,activeTracking,noEvent
6382,6,58,rld,14:56:38.218,44723,0.969,2.033,-0.250,1.300,-0.100,activeTracking,noEvent
6382,6,58,rld,14:56:38.316,44724,1.100,2.332,-0.301,1.300,-0.300,activeTracking,noEvent
6382,6,58,rld,14:56:38.365,44725,1.166,2.480,-0.318,0.400,0.000,activeTracking,noEvent
6382,6,58,rld,14:56:38.420,44726,1.231,2.542,-0.336,0.100,-0.100,activeTracking,noEvent
6382,6,58,rld,14:56:38.485,44727,1.283,2.563,-0.342,0.000,0.000,activeTracking,noEvent
6382,6,58,rld,14:56:38.530,44728,1.341,2.570,-0.344,0.000,0.000,activeTracking,noEvent
6382,6,58,rld,14:56:38.570,44729,1.381,2.572,-0.344,0.000,0.000,activeTracking,noEvent
6382,6,58,rld,14:56:38.728,44730,1.535,2.573,-0.344,0.000,0.000,activeTracking,noEvent
6382,6,58,rld,14:56:38.953,44731,1.754,2.549,-0.228,-0.200,1.000,onTarget,noEvent
6382,6,58,rld,14:56:39.027,44732,1.822,2.553,-0.178,0.100,0.100,onTarget,noEvent
6382,6,58,rld,14:56:39.082,44733,1.888,2.566,-0.149,0.100,0.100,onTarget,noEvent
6382,6,58,rld,14:56:39.161,44734,1.971,2.595,-0.128,0.200,0.100,onTarget,noEvent
6382,6,58,rld,14:56:39.216,44735,2.018,2.604,-0.121,0.000,0.000,onTarget,noEvent
6382,6,58,rld,14:56:39.273,44736,2.079,2.608,-0.095,0.000,0.200,onTarget,noEvent
6382,6,58,rld,14:56:39.344,44737,2.138,2.609,-0.075,0.000,0.100,onTarget,noEvent
6382,6,58,rld,14:56:39.401,44738,2.213,2.609,-0.057,0.000,0.100,onTarget,noEvent
6382,6,58,rld,14:56:39.454,44739,2.258,2.609,-0.051,0.000,0.000,onTarget,noEvent
6382,6,58,rld,14:56:39.490,44740,2.302,2.609,-0.049,0.000,0.000,onTarget,noEvent
6382,6,58,rld,14:56:39.561,44741,2.370,2.609,-0.048,0.000,0.000,onTarget,noEvent
6382,6,58,rld,14:56:39.607,44742,2.415,2.609,-0.048,0.000,0.000,onTarget,noEvent
6382,6,58,rld,14:56:39.671,44743,2.483,2.609,-0.048,0.000,0.000,onTarget,noEvent
6382,6,58,rld,14:56:39.717,44744,2.521,2.609,-0.048,0.000,0.000,onTarget,noEvent
6382,6,58,rld,14:56:39.773,44745,2.568,2.609,-0.048,0.000,0.000,onTarget,noEvent
6382,6,58,rld,14:56:39.861,44746,2.666,2.609,-0.048,0.000,0.000,onTarget,targetClick
6382,6,59,rld,14:56:42.530,44785,2.799,0.438,0.187,0.000,0.000,waitingForTarget,middleTargetClick
6382,6,59,rld,14:56:42.588,44786,2.875,0.439,0.187,0.000,0.000,waitingForTarget,noEvent
6382,6,59,rld,14:56:42.631,44787,2.922,0.439,0.187,0.000,0.000,waitingForTarget,noEvent
6382,6,59,rld,14:56:42.713,44788,2.998,0.439,0.187,0.000,0.000,waitingForTarget,noEvent
6382,6,59,rld,14:56:42.746,44789,3.036,0.439,0.187,0.000,0.000,waitingForTarget,noEvent
6382,6,59,rld,14:56:42.785,44790,3.076,0.439,0.187,0.000,0.000,waitingForTarget,noEvent
6382,6,59,rld,14:56:42.846,44791,3.136,0.439,0.187,0.000,0.000,waitingForTarget,noEvent
6382,6,59,rld,14:56:42.897,44792,3.177,0.439,0.187,0.000,0.000,waitingForTarget,noEvent
6382,6,59,rld,14:56:42.935,44793,3.213,0.439,0.187,0.000,0.000,waitingForTarget,noEvent
6382,6,59,rld,14:56:42.984,44794,0.052,0.439,0.187,0.000,0.000,activeTracking,targetAppeared
6382,6,59,rld,14:56:43.019,44795,0.095,0.439,0.187,0.000,0.000,activeTracking,noEvent
6382,6,59,rld,14:56:43.083,44796,0.159,0.439,0.187,0.000,0.000,activeTracking,noEvent
6382,6,59,rld,14:56:43.119,44797,0.194,0.439,0.187,0.000,0.000,activeTracking,noEvent
6382,6,59,rld,14:56:43.166,44798,0.233,0.439,0.187,0.000,0.000,activeTracking,noEvent
6382,6,59,rld,14:56:43.214,44799,0.286,0.439,0.187,0.000,0.000,activeTracking,noEvent
6382,6,59,rld,14:56:43.263,44800,0.335,0.439,0.187,0.000,0.000,activeTracking,noEvent
6382,6,59,rld,14:56:43.296,44801,0.367,0.439,0.187,0.000,0.000,activeTracking,noEvent
6382,6,59,rld,14:56:43.362,44802,0.424,0.439,0.187,0.000,0.000,activeTracking,noEvent
6382,6,59,rld,14:56:43.420,44803,0.482,0.439,0.187,0.000,0.000,activeTracking,noEvent
6382,6,59,rld,14:56:43.507,44804,0.536,0.439,0.187,0.000,0.000,activeTracking,noEvent
6382,6,59,rld,14:56:43.751,44805,0.823,-2.209,0.044,-23.200,-1.300,activeTracking,noEvent
6382,6,59,rld,14:56:43.837,44806,0.906,-3.233,-0.003,-0.700,0.000,activeTracking,noEvent
6382,6,59,rld,14:56:43.897,44807,0.964,-3.602,-0.019,-0.100,0.000,activeTracking,noEvent
6382,6,59,rld,14:56:43.937,44808,1.010,-3.727,-0.025,0.000,0.000,activeTracking,noEvent
6382,6,59,rld,14:56:44.018,44809,1.060,-3.769,-0.027,0.000,0.000,activeTracking,noEvent
6382,6,59,rld,14:56:44.126,44810,1.198,-3.783,-0.027,0.000,0.000,activeTracking,noEvent
6382,6,59,rld,14:56:44.164,44811,1.234,-3.787,-0.027,0.000,0.000,activeTracking,noEvent
6382,6,59,rld,14:56:44.216,44812,1.282,-3.789,-0.027,0.000,0.000,activeTracking,noEvent
6382,6,59,rld,14:56:44.257,44813,1.330,-3.789,-0.027,0.000,0.000,activeTracking,noEvent
6382,6,59,rld,14:56:44.378,44814,1.433,-3.751,-0.028,0.300,0.000,activeTracking,noEvent
6382,6,59,rld,14:56:44.512,44815,1.575,-3.330,0.007,3.200,0.300,activeTracking,noEvent
6382,6,59,rld,14:56:44.573,44816,1.646,-3.130,0.042,0.500,0.200,activeTracking,noEvent
6382,6,59,rld,14:56:44.672,44817,1.734,-2.965,0.077,0.800,0.200,onTarget,noEvent
6382,6,59,rld,14:56:44.781,44818,1.839,-2.824,0.111,0.700,0.200,onTarget,noEvent
6382,6,59,rld,14:56:44.866,44819,1.929,-2.741,0.122,0.300,0.000,onTarget,noEvent
6382,6,59,rld,14:56:44.913,44820,1.981,-2.714,0.126,0.000,0.000,onTarget,noEvent
6382,6,59,rld,14:56:44.966,44821,2.035,-2.692,0.127,0.100,0.000,onTarget,noEvent
6382,6,59,rld,14:56:45.016,44822,2.084,-2.685,0.128,0.000,0.000,onTarget,noEvent
6382,6,59,rld,14:56:45.068,44823,2.143,-2.683,0.128,0.000,0.000,onTarget,noEvent
6382,6,59,rld,14:56:45.115,44824,2.184,-2.682,0.128,0.000,0.000,onTarget,noEvent
6382,6,59,rld,14:56:45.170,44825,2.235,-2.682,0.128,0.000,0.000,onTarget,noEvent
6382,6,59,rld,14:56:45.227,44826,2.294,-2.682,0.128,0.000,0.000,onTarget,noEvent
6382,6,59,rld,14:56:45.280,44827,2.344,-2.682,0.128,0.000,0.000,onTarget,noEvent
6382,6,59,rld,14:56:45.335,44828,2.399,-2.682,0.128,0.000,0.000,onTarget,noEvent
6382,6,59,rld,14:56:45.419,44829,2.482,-2.706,0.116,-0.200,-0.100,onTarget,noEvent
6382,6,59,rld,14:56:45.477,44830,2.545,-2.726,0.101,-0.100,-0.100,onTarget,noEvent
6382,6,59,rld,14:56:45.536,44831,2.613,-2.733,0.096,0.000,0.000,onTarget,noEvent
6382,6,59,rld,14:56:45.590,44832,2.660,-2.735,0.094,0.000,0.000,onTarget,noEvent
6382,6,59,rld,14:56:45.626,44833,2.702,-2.736,0.093,0.000,0.000,onTarget,noEvent
6382,6,59,rld,14:56:45.683,44834,2.743,-2.736,0.093,0.000,0.000,onTarget,noEvent
6382,6,59,rld,14:56:45.737,44835,2.812,-2.736,0.093,0.000,0.000,onTarget,noEvent
6382,6,59,rld,14:56:45.816,44836,2.893,-2.736,0.093,0.000,0.000,onTarget,targetClick
6382,6,60,rld,14:56:48.296,44872,2.955,0.405,0.069,0.000,0.000,waitingForTarget,middleTargetClick
6382,6,60,rld,14:56:48.344,44873,3.007,0.405,0.069,0.000,0.000,waitingForTarget,noEvent
6382,6,60,rld,14:56:48.413,44874,3.066,0.405,0.069,0.000,0.000,waitingForTarget,noEvent
6382,6,60,rld,14:56:48.463,44875,3.131,0.405,0.069,0.000,0.000,waitingForTarget,noEvent
6382,6,60,rld,14:56:48.511,44876,3.172,0.405,0.069,0.000,0.000,waitingForTarget,noEvent
6382,6,60,rld,14:56:48.544,44877,3.210,0.405,0.069,0.000,0.000,waitingForTarget,noEvent
6382,6,60,rld,14:56:48.594,44878,3.256,0.405,0.069,0.000,0.000,waitingForTarget,noEvent
6382,6,60,rld,14:56:48.633,44879,3.302,0.405,0.069,0.000,0.000,waitingForTarget,noEvent
6382,6,60,rld,14:56:48.683,44880,3.336,0.405,0.069,0.000,0.000,waitingForTarget,noEvent
6382,6,60,rld,14:56:48.735,44881,3.388,0.405,0.069,0.000,0.000,waitingForTarget,noEvent
6382,6,60,rld,14:56:48.802,44882,0.078,0.405,0.069,0.000,0.000,activeTracking,targetAppeared
6382,6,60,rld,14:56:48.862,44883,0.137,0.405,0.069,0.000,0.000,activeTracking,noEvent
6382,6,60,rld,14:56:48.895,44884,0.175,0.405,0.069,0.000,0.000,activeTracking,noEvent
6382,6,60,rld,14:56:48.946,44885,0.225,0.405,0.069,0.000,0.000,activeTracking,noEvent
6382,6,60,rld,14:56:48.986,44886,0.263,0.405,0.069,0.000,0.000,activeTracking,noEvent
6382,6,60,rld,14:56:49.020,44887,0.296,0.405,0.069,0.000,0.000,activeTracking,noEvent
6382,6,60,rld,14:56:49.066,44888,0.339,0.405,0.069,0.000,0.000,activeTracking,noEvent
6382,6,60,rld,14:56:49.115,44889,0.388,0.405,0.069,0.000,0.000,activeTracking,noEvent
6382,6,60,rld,14:56:49.165,44890,0.445,0.405,0.069,0.000,0.000,activeTracking,noEvent
6382,6,60,rld,14:56:49.214,44891,0.477,0.405,0.069,0.000,0.000,activeTracking,noEvent
6382,6,60,rld,14:56:49.268,44892,0.548,0.405,0.069,0.000,0.000,activeTracking,noEvent
6382,6,60,rld,14:56:49.313,44893,0.585,0.405,0.069,0.000,0.000,activeTracking,noEvent
6382,6,60,rld,14:56:49.488,44894,0.742,0.914,0.171,4.500,0.900,activeTracking,noEvent
6382,6,60,rld,14:56:49.586,44895,0.853,1.222,0.206,1.200,0.000,activeTracking,noEvent
6382,6,60,rld,14:56:49.670,44896,0.947,1.371,0.218,0.400,0.000,activeTracking,noEvent
6382,6,60,rld,14:56:49.735,44897,1.015,1.432,0.222,0.100,0.000,activeTracking,noEvent
6382,6,60,rld,14:56:49.855,44898,1.129,1.533,0.224,0.700,0.000,activeTracking,noEvent
6382,6,60,rld,14:56:49.919,44899,1.198,1.601,0.225,0.300,0.000,activeTracking,noEvent
6382,6,60,rld,14:56:49.975,44900,1.250,1.647,0.225,0.200,0.000,activeTracking,noEvent
6382,6,60,rld,14:56:50.045,44901,1.315,1.663,0.225,0.000,0.000,activeTracking,noEvent
6382,6,60,rld,14:56:50.088,44902,1.363,1.668,0.226,0.000,0.000,activeTracking,noEvent
6382,6,60,rld,14:56:50.243,44903,1.503,1.809,0.158,1.200,-0.600,activeTracking,noEvent
6382,6,60,rld,14:56:50.412,44904,1.669,2.244,0.102,3.300,-0.300,activeTracking,noEvent
6382,6,60,rld,14:56:50.483,44905,1.755,2.643,0.108,2.100,0.200,onTarget,noEvent
6382,6,60,rld,14:56:50.536,44906,1.805,2.778,0.110,0.000,0.000,onTarget,noEvent
6382,6,60,rld,14:56:50.581,44907,1.854,2.823,0.111,0.000,0.000,onTarget,noEvent
6382,6,60,rld,14:56:50.636,44908,1.914,2.839,0.111,0.000,0.000,onTarget,noEvent
6382,6,60,rld,14:56:50.685,44909,1.955,2.844,0.111,0.000,0.000,onTarget,noEvent
6382,6,60,rld,14:56:50.748,44910,2.024,2.845,0.111,0.000,0.000,onTarget,noEvent
6382,6,60,rld,14:56:50.803,44911,2.084,2.846,0.111,0.000,0.000,onTarget,noEvent
6382,6,60,rld,14:56:50.876,44912,2.145,2.846,0.111,0.000,0.000,onTarget,noEvent
6382,6,60,rld,14:56:50.923,44913,2.189,2.846,0.111,0.000,0.000,onTarget,noEvent
6382,6,60,rld,14:56:50.980,44914,2.247,2.846,0.111,0.000,0.000,onTarget,noEvent
6382,6,60,rld,14:56:51.026,44915,2.298,2.846,0.111,0.000,0.000,onTarget,noEvent
6382,6,60,rld,14:56:51.128,44916,2.381,2.797,0.052,-0.400,-0.500,onTarget,noEvent
6382,6,60,rld,14:56:51.199,44917,2.478,2.744,-0.026,-0.300,-0.500,onTarget,noEvent
6382,6,60,rld,14:56:51.243,44918,2.518,2.727,-0.052,0.000,0.000,onTarget,noEvent
6382,6,60,rld,14:56:51.277,44919,2.558,2.721,-0.061,0.000,0.000,onTarget,noEvent
6382,6,60,rld,14:56:51.323,44920,2.593,2.719,-0.063,0.000,0.000,onTarget,noEvent
6382,6,60,rld,14:56:51.368,44921,2.647,2.718,-0.064,0.000,0.000,onTarget,noEvent
6382,6,60,rld,14:56:51.406,44922,2.684,2.718,-0.065,0.000,0.000,onTarget,noEvent
6382,6,60,rld,14:56:51.454,44923,2.728,2.718,-0.065,0.000,0.000,onTarget,noEvent
6382,6,60,rld,14:56:51.503,44924,2.768,2.718,-0.065,0.000,0.000,onTarget,noEvent
6382,6,60,rld,14:56:51.550,44925,2.818,2.718,-0.065,0.000,0.000,onTarget,noEvent
6382,6,60,rld,14:56:51.585,44926,2.860,2.718,-0.065,0.000,0.000,onTarget,noEvent
6382,6,60,rld,14:56:51.622,44927,2.900,2.718,-0.065,0.000,0.000,onTarget,noEvent
6382,6,60,rld,14:56:51.682,44928,2.947,2.718,-0.065,0.000,0.000,onTarget,noEvent
6382,6,60,rld,14:56:51.732,44929,2.997,2.718,-0.065,0.000,0.000,onTarget,noEvent
6382,6,60,rld,14:56:51.785,44930,3.049,2.718,-0.065,0.000,0.000,onTarget,noEvent
6382,6,60,rld,14:56:51.871,44931,3.138,2.718,-0.065,0.000,0.000,onTarget,targetClick;
6382,7,1,rld,14:57:38.402,45851,3.202,0.135,0.119,0.000,0.000,waitingForTarget,middleTargetClick
6382,7,1,rld,14:57:38.446,45852,3.257,0.135,0.119,0.000,0.000,waitingForTarget,noEvent
6382,7,1,rld,14:57:38.508,45853,3.315,0.135,0.119,0.000,0.000,waitingForTarget,noEvent
6382,7,1,rld,14:57:38.551,45854,3.358,0.135,0.119,0.000,0.000,waitingForTarget,noEvent
6382,7,1,rld,14:57:38.607,45855,3.413,0.135,0.119,0.000,0.000,waitingForTarget,noEvent
6382,7,1,rld,14:57:38.642,45856,3.450,0.135,0.119,0.000,0.000,waitingForTarget,noEvent
6382,7,1,rld,14:57:38.695,45857,3.499,0.135,0.119,0.000,0.000,waitingForTarget,noEvent
6382,7,1,rld,14:57:38.737,45858,3.540,0.135,0.119,0.000,0.000,waitingForTarget,noEvent
6382,7,1,rld,14:57:38.808,45859,3.617,0.135,0.119,0.000,0.000,waitingForTarget,noEvent
6382,7,1,rld,14:57:38.877,45860,0.059,0.135,0.119,0.000,0.000,activeTracking,targetAppeared
6382,7,1,rld,14:57:38.914,45861,0.104,0.135,0.119,0.000,0.000,activeTracking,noEvent
6382,7,1,rld,14:57:38.954,45862,0.146,0.135,0.119,0.000,0.000,activeTracking,noEvent
6382,7,1,rld,14:57:39.012,45863,0.200,0.135,0.119,0.000,0.000,activeTracking,noEvent
6382,7,1,rld,14:57:39.055,45864,0.249,0.135,0.119,0.000,0.000,activeTracking,noEvent
6382,7,1,rld,14:57:39.114,45865,0.296,0.135,0.119,0.000,0.000,activeTracking,noEvent
6382,7,1,rld,14:57:39.160,45866,0.343,0.135,0.119,0.000,0.000,activeTracking,noEvent
6382,7,1,rld,14:57:39.199,45867,0.384,0.135,0.119,0.000,0.000,activeTracking,noEvent
6382,7,1,rld,14:57:39.235,45868,0.429,0.135,0.119,0.000,0.000,activeTracking,noEvent
6382,7,1,rld,14:57:39.284,45869,0.477,0.135,0.119,0.000,0.000,activeTracking,noEvent
6382,7,1,rld,14:57:39.325,45870,0.515,0.135,0.119,0.000,0.000,activeTracking,noEvent
6382,7,1,rld,14:57:39.369,45871,0.563,0.135,0.119,0.000,0.000,activeTracking,noEvent
6382,7,1,rld,14:57:39.428,45872,0.610,0.135,0.119,0.000,0.000,activeTracking,noEvent
6382,7,1,rld,14:57:39.466,45873,0.660,0.135,0.119,0.000,0.000,activeTracking,noEvent
6382,7,1,rld,14:57:39.502,45874,0.695,0.135,0.119,0.000,0.000,activeTracking,noEvent
6382,7,1,rld,14:57:39.560,45875,0.745,0.135,0.119,0.000,0.000,activeTracking,noEvent
6382,7,1,rld,14:57:39.601,45876,0.795,0.135,0.119,0.000,0.000,activeTracking,noEvent
6382,7,1,rld,14:57:39.781,45877,0.912,0.835,0.211,6.200,0.800,activeTracking,noEvent
6382,7,1,rld,14:57:39.863,45878,1.054,1.817,0.349,6.500,0.900,activeTracking,noEvent
6382,7,1,rld,14:57:39.934,45879,1.112,2.176,0.397,0.200,0.000,activeTracking,noEvent
6382,7,1,rld,14:57:40.029,45880,1.194,2.380,0.414,0.700,0.000,activeTracking,noEvent
6382,7,1,rld,14:57:40.099,45881,1.287,2.545,0.422,0.800,0.000,activeTracking,noEvent
6382,7,1,rld,14:57:40.158,45882,1.342,2.636,0.424,0.300,0.000,activeTracking,noEvent
6382,7,1,rld,14:57:40.194,45883,1.385,2.679,0.426,0.100,0.000,activeTracking,noEvent
6382,7,1,rld,14:57:40.239,45884,1.429,2.693,0.426,0.000,0.000,activeTracking,noEvent
6382,7,1,rld,14:57:40.303,45885,1.478,2.698,0.414,0.000,-0.100,activeTracking,noEvent
6382,7,1,rld,14:57:40.364,45886,1.542,2.699,0.375,0.000,-0.300,activeTracking,noEvent
6382,7,1,rld,14:57:40.412,45887,1.603,2.700,0.339,0.000,-0.200,onTarget,noEvent
6382,7,1,rld,14:57:40.459,45888,1.646,2.700,0.315,0.000,-0.100,onTarget,noEvent
6382,7,1,rld,14:57:40.507,45889,1.699,2.700,0.296,0.000,-0.100,onTarget,noEvent
6382,7,1,rld,14:57:40.551,45890,1.744,2.700,0.277,0.000,-0.100,onTarget,noEvent
6382,7,1,rld,14:57:40.607,45891,1.800,2.700,0.248,0.000,-0.200,onTarget,noEvent
6382,7,1,rld,14:57:40.673,45892,1.864,2.700,0.226,0.000,-0.100,onTarget,noEvent
6382,7,1,rld,14:57:40.714,45893,1.909,2.700,0.219,0.000,0.000,onTarget,noEvent
6382,7,1,rld,14:57:40.761,45894,1.953,2.700,0.217,0.000,0.000,onTarget,noEvent
6382,7,1,rld,14:57:40.803,45895,1.996,2.700,0.216,0.000,0.000,onTarget,noEvent
6382,7,1,rld,14:57:40.867,45896,2.049,2.700,0.216,0.000,0.000,onTarget,noEvent
6382,7,1,rld,14:57:40.919,45897,2.108,2.700,0.216,0.000,0.000,onTarget,noEvent
6382,7,1,rld,14:57:40.960,45898,2.150,2.700,0.216,0.000,0.000,onTarget,noEvent
6382,7,1,rld,14:57:41.007,45899,2.194,2.700,0.216,0.000,0.000,onTarget,noEvent
6382,7,1,rld,14:57:41.049,45900,2.243,2.700,0.216,0.000,0.000,onTarget,noEvent
6382,7,1,rld,14:57:41.095,45901,2.286,2.700,0.216,0.000,0.000,onTarget,noEvent
6382,7,1,rld,14:57:41.135,45902,2.328,2.700,0.216,0.000,0.000,onTarget,noEvent
6382,7,1,rld,14:57:41.193,45903,2.378,2.700,0.216,0.000,0.000,onTarget,noEvent
6382,7,1,rld,14:57:41.219,45904,2.412,2.700,0.216,0.000,0.000,onTarget,noEvent
6382,7,1,rld,14:57:41.292,45905,2.475,3.881,0.507,9.400,2.300,activeTracking,noEvent
6382,7,1,rld,14:57:41.343,45906,2.525,4.296,0.611,0.000,0.000,activeTracking,noEvent
6382,7,1,rld,14:57:41.382,45907,2.575,4.438,0.647,0.000,0.000,activeTracking,noEvent
6382,7,1,rld,14:57:41.429,45908,2.613,4.485,0.659,0.000,0.000,activeTracking,noEvent
6382,7,1,rld,14:57:41.482,45909,2.674,4.501,0.663,0.000,0.000,activeTracking,noEvent
6382,7,1,rld,14:57:41.499,45910,2.694,4.507,0.664,0.000,0.000,activeTracking,noEvent
6382,7,1,rld,14:57:41.542,45911,2.733,4.508,0.665,0.000,0.000,activeTracking,noEvent
6382,7,1,rld,14:57:41.576,45912,2.766,4.509,0.665,0.000,0.000,activeTracking,noEvent
6382,7,1,rld,14:57:41.625,45913,2.816,4.509,0.665,0.000,0.000,activeTracking,noEvent
6382,7,1,rld,14:57:41.664,45914,2.849,4.509,0.665,0.000,0.000,activeTracking,noEvent
6382,7,1,rld,14:57:41.717,45915,2.908,4.509,0.665,0.000,0.000,activeTracking,noEvent
6382,7,1,rld,14:57:41.757,45916,2.951,4.509,0.665,0.000,0.000,activeTracking,noEvent
6382,7,1,rld,14:57:41.887,45917,3.074,4.509,0.665,0.000,0.000,activeTracking,noEvent
6382,7,1,rld,14:57:41.925,45918,3.114,4.509,0.665,0.000,0.000,activeTracking,noEvent
6382,7,1,rld,14:57:41.951,45919,3.143,4.509,0.665,0.000,0.000,activeTracking,noEvent
6382,7,1,rld,14:57:41.996,45920,3.190,4.509,0.665,0.000,0.000,activeTracking,noEvent
6382,7,1,rld,14:57:42.029,45921,3.221,4.509,0.665,0.000,0.000,activeTracking,noEvent
6382,7,1,rld,14:57:42.068,45922,3.259,4.509,0.665,0.000,0.000,activeTracking,noEvent
6382,7,1,rld,14:57:42.090,45923,3.281,4.509,0.665,0.000,0.000,activeTracking,noEvent
6382,7,1,rld,14:57:42.124,45924,3.316,4.509,0.665,0.000,0.000,activeTracking,noEvent
6382,7,1,rld,14:57:42.215,45925,3.408,4.509,0.665,0.000,0.000,activeTracking,noEvent
6382,7,1,rld,14:57:42.247,45926,3.442,4.509,0.665,0.000,0.000,activeTracking,noEvent
6382,7,1,rld,14:57:42.297,45927,3.489,4.509,0.665,0.000,0.000,activeTracking,noEvent
6382,7,1,rld,14:57:42.330,45928,3.525,4.509,0.665,0.000,0.000,activeTracking,noEvent
6382,7,1,rld,14:57:42.359,45929,3.552,4.509,0.665,0.000,0.000,activeTracking,noEvent
6382,7,1,rld,14:57:42.397,45930,3.590,4.509,0.665,0.000,0.000,activeTracking,noEvent
6382,7,1,rld,14:57:42.427,45931,3.621,4.509,0.665,0.000,0.000,activeTracking,noEvent
6382,7,1,rld,14:57:42.466,45932,3.660,4.509,0.665,0.000,0.000,activeTracking,noEvent
6382,7,1,rld,14:57:42.519,45933,3.711,4.509,0.665,0.000,0.000,activeTracking,noEvent
6382,7,1,rld,14:57:42.570,45934,3.762,4.509,0.665,0.000,0.000,activeTracking,noEvent
6382,7,1,rld,14:57:42.597,45935,3.791,4.509,0.665,0.000,0.000,activeTracking,noEvent
6382,7,1,rld,14:57:42.646,45936,3.833,4.509,0.665,0.000,0.000,activeTracking,noEvent
6382,7,1,rld,14:57:42.692,45937,3.882,4.509,0.665,0.000,0.000,activeTracking,noEvent
6382,7,1,rld,14:57:42.736,45938,3.929,4.509,0.665,0.000,0.000,activeTracking,noEvent
6382,7,1,rld,14:57:42.808,45939,3.994,4.509,0.665,0.000,0.000,activeTracking,noEvent
6382,7,2,rld,14:58:02.394,46254,0.047,-0.135,-0.184,0.000,0.000,activeTracking,targetAppeared
6382,7,2,rld,14:58:02.434,46255,0.098,-0.135,-0.184,0.000,0.000,activeTracking,noEvent
6382,7,2,rld,14:58:02.481,46256,0.142,-0.135,-0.184,0.000,0.000,activeTracking,noEvent
6382,7,2,rld,14:58:02.545,46257,0.199,-0.135,-0.184,0.000,0.000,activeTracking,noEvent
6382,7,2,rld,14:58:02.586,46258,0.244,-0.135,-0.184,0.000,0.000,activeTracking,noEvent
6382,7,2,rld,14:58:02.635,46259,0.299,-0.135,-0.184,0.000,0.000,activeTracking,noEvent
6382,7,2,rld,14:58:02.696,46260,0.349,-0.135,-0.184,0.000,0.000,activeTracking,noEvent
6382,7,2,rld,14:58:02.745,46261,0.399,-0.135,-0.184,0.000,0.000,activeTracking,noEvent
6382,7,2,rld,14:58:02.785,46262,0.442,-0.135,-0.184,0.000,0.000,activeTracking,noEvent
6382,7,2,rld,14:58:02.849,46263,0.500,-0.135,-0.184,0.000,0.000,activeTracking,noEvent
6382,7,2,rld,14:58:02.949,46264,0.558,-0.135,-0.184,0.000,0.000,activeTracking,noEvent
6382,7,2,rld,14:58:03.085,46265,0.731,-1.636,-0.163,-13.200,0.200,activeTracking,noEvent
6382,7,2,rld,14:58:03.147,46266,0.800,-2.185,-0.167,-0.300,-0.100,activeTracking,noEvent
6382,7,2,rld,14:58:03.225,46267,0.884,-2.395,-0.192,-0.200,-0.200,activeTracking,noEvent
6382,7,2,rld,14:58:03.274,46268,0.934,-2.489,-0.200,-0.200,0.000,onTarget,noEvent
6382,7,2,rld,14:58:03.332,46269,0.996,-2.545,-0.203,-0.200,0.000,onTarget,noEvent
6382,7,2,rld,14:58:03.425,46270,1.068,-2.624,-0.204,-0.500,0.000,onTarget,noEvent
6382,7,2,rld,14:58:03.481,46271,1.139,-2.699,-0.205,-0.400,0.000,onTarget,noEvent
6382,7,2,rld,14:58:03.538,46272,1.199,-2.724,-0.205,0.000,0.000,onTarget,noEvent
6382,7,2,rld,14:58:03.602,46273,1.261,-2.696,-0.193,0.300,0.100,onTarget,noEvent
6382,7,2,rld,14:58:03.694,46274,1.350,-2.650,-0.154,0.300,0.300,onTarget,noEvent
6382,7,2,rld,14:58:03.757,46275,1.417,-2.623,-0.095,0.100,0.400,onTarget,noEvent
6382,7,2,rld,14:58:03.834,46276,1.498,-2.602,-0.040,0.100,0.300,onTarget,noEvent
6382,7,2,rld,14:58:03.890,46277,1.549,-2.595,-0.010,0.000,0.100,onTarget,noEvent
6382,7,2,rld,14:58:03.914,46278,1.577,-2.592,0.000,0.000,0.000,onTarget,noEvent
6382,7,2,rld,14:58:03.973,46279,1.634,-2.591,0.003,0.000,0.000,onTarget,noEvent
6382,7,2,rld,14:58:04.066,46280,1.717,-2.591,-0.031,0.000,-0.300,onTarget,noEvent
6382,7,2,rld,14:58:04.117,46281,1.775,-2.591,-0.042,0.000,0.000,onTarget,noEvent
6382,7,2,rld,14:58:04.161,46282,1.825,-2.591,-0.046,0.000,0.000,onTarget,noEvent
6382,7,2,rld,14:58:04.214,46283,1.875,-2.591,-0.047,0.000,0.000,onTarget,noEvent
6382,7,2,rld,14:58:04.263,46284,1.926,-2.591,-0.047,0.000,0.000,onTarget,noEvent
6382,7,2,rld,14:58:04.323,46285,1.978,-2.591,-0.048,0.000,0.000,onTarget,targetClick
6382,7,3,rld,14:58:09.564,46362,2.042,0.049,0.101,0.000,0.000,waitingForTarget,middleTargetClick
6382,7,3,rld,14:58:09.611,46363,2.099,0.050,0.102,0.000,0.000,waitingForTarget,noEvent
6382,7,3,rld,14:58:09.666,46364,2.151,0.050,0.102,0.000,0.000,waitingForTarget,noEvent
6382,7,3,rld,14:58:09.706,46365,2.194,0.051,0.102,0.000,0.000,waitingForTarget,noEvent
6382,7,3,rld,14:58:09.776,46366,2.263,0.051,0.103,0.000,0.000,waitingForTarget,noEvent
6382,7,3,rld,14:58:09.842,46367,2.330,0.051,0.103,0.000,0.000,waitingForTarget,noEvent
6382,7,3,rld,14:58:09.884,46368,2.373,0.051,0.103,0.000,0.000,waitingForTarget,noEvent
6382,7,3,rld,14:58:09.926,46369,2.409,0.051,0.103,0.000,0.000,waitingForTarget,noEvent
6382,7,3,rld,14:58:09.966,46370,2.453,0.051,0.103,0.000,0.000,waitingForTarget,noEvent
6382,7,3,rld,14:58:10.012,46371,0.041,0.051,0.103,0.000,0.000,activeTracking,targetAppeared
6382,7,3,rld,14:58:10.059,46372,0.094,0.051,0.103,0.000,0.000,activeTracking,noEvent
6382,7,3,rld,14:58:10.091,46373,0.131,0.051,0.103,0.000,0.000,activeTracking,noEvent
6382,7,3,rld,14:58:10.135,46374,0.174,0.051,0.103,0.000,0.000,activeTracking,noEvent
6382,7,3,rld,14:58:10.188,46375,0.219,0.051,0.103,0.000,0.000,activeTracking,noEvent
6382,7,3,rld,14:58:10.229,46376,0.261,0.051,0.103,0.000,0.000,activeTracking,noEvent
6382,7,3,rld,14:58:10.357,46377,0.306,0.051,0.103,0.000,0.000,activeTracking,noEvent
6382,7,3,rld,14:58:10.421,46378,0.451,0.051,0.103,0.000,0.000,activeTracking,noEvent
6382,7,3,rld,14:58:10.466,46379,0.507,0.051,0.103,0.000,0.000,activeTracking,noEvent
6382,7,3,rld,14:58:10.595,46380,0.589,0.028,0.125,-0.200,0.200,activeTracking,noEvent
6382,7,3,rld,14:58:10.756,46381,0.772,-1.178,0.055,-10.600,-0.700,activeTracking,noEvent
6382,7,3,rld,14:58:10.891,46382,0.907,-1.772,0.044,-1.600,0.100,activeTracking,noEvent
6382,7,3,rld,14:58:11.045,46383,1.075,-2.410,0.088,-3.700,0.400,onTarget,noEvent
6382,7,3,rld,14:58:11.160,46384,1.185,-2.833,0.127,-1.700,0.200,onTarget,noEvent
6382,7,3,rld,14:58:11.238,46385,1.261,-3.063,0.142,-0.700,0.000,activeTracking,noEvent
6382,7,3,rld,14:58:11.363,46386,1.389,-3.190,0.182,-0.400,0.300,activeTracking,noEvent
6382,7,3,rld,14:58:11.449,46387,1.488,-3.308,0.220,-0.600,0.200,activeTracking,noEvent
6382,7,3,rld,14:58:11.533,46388,1.559,-3.348,0.245,0.000,0.100,activeTracking,noEvent
6382,7,3,rld,14:58:11.639,46389,1.656,-3.310,0.265,0.400,0.100,activeTracking,noEvent
6382,7,3,rld,14:58:11.714,46390,1.736,-3.248,0.271,0.400,0.000,activeTracking,noEvent
6382,7,3,rld,14:58:11.884,46391,1.922,-3.041,0.235,1.500,-0.300,activeTracking,noEvent
6382,7,3,rld,14:58:12.002,46392,2.020,-2.898,0.176,0.600,-0.400,onTarget,noEvent
6382,7,3,rld,14:58:12.052,46393,2.083,-2.802,0.132,0.400,-0.200,onTarget,noEvent
6382,7,3,rld,14:58:12.122,46394,2.151,-2.758,0.106,0.100,-0.100,onTarget,noEvent
6382,7,3,rld,14:58:12.174,46395,2.208,-2.744,0.086,0.000,-0.100,onTarget,noEvent
6382,7,3,rld,14:58:12.229,46396,2.267,-2.727,0.079,0.100,0.000,onTarget,noEvent
6382,7,3,rld,14:58:12.291,46397,2.320,-2.721,0.076,0.000,0.000,onTarget,noEvent
6382,7,3,rld,14:58:12.345,46398,2.385,-2.719,0.076,0.000,0.000,onTarget,noEvent
6382,7,3,rld,14:58:12.397,46399,2.435,-2.718,0.075,0.000,0.000,onTarget,noEvent
6382,7,3,rld,14:58:12.445,46400,2.487,-2.718,0.075,0.000,0.000,onTarget,noEvent
6382,7,3,rld,14:58:12.480,46401,2.521,-2.718,0.075,0.000,0.000,onTarget,noEvent
6382,7,3,rld,14:58:12.526,46402,2.561,-2.718,0.075,0.000,0.000,onTarget,noEvent
6382,7,3,rld,14:58:12.577,46403,2.608,-2.718,0.075,0.000,0.000,onTarget,noEvent
6382,7,3,rld,14:58:12.641,46404,2.671,-2.718,0.075,0.000,0.000,onTarget,noEvent
6382,7,3,rld,14:58:12.695,46405,2.729,-2.718,0.075,0.000,0.000,onTarget,noEvent
6382,7,3,rld,14:58:12.745,46406,2.787,-2.718,0.075,0.000,0.000,onTarget,noEvent
6382,7,3,rld,14:58:12.846,46407,2.876,-2.718,0.075,0.000,0.000,onTarget,targetClick
6382,7,4,rld,14:58:14.546,46433,2.953,0.017,0.221,0.000,0.000,waitingForTarget,middleTargetClick
6382,7,4,rld,14:58:14.598,46434,3.013,0.017,0.221,0.000,0.000,waitingForTarget,noEvent
6382,7,4,rld,14:58:14.663,46435,3.065,0.017,0.221,0.000,0.000,waitingForTarget,noEvent
6382,7,4,rld,14:58:14.710,46436,3.118,0.017,0.221,0.000,0.000,waitingForTarget,noEvent
6382,7,4,rld,14:58:14.746,46437,3.162,0.017,0.221,0.000,0.000,waitingForTarget,noEvent
6382,7,4,rld,14:58:14.795,46438,3.201,0.017,0.221,0.000,0.000,waitingForTarget,noEvent
6382,7,4,rld,14:58:14.857,46439,3.266,0.017,0.221,0.000,0.000,waitingForTarget,noEvent
6382,7,4,rld,14:58:14.874,46440,3.292,0.017,0.221,0.000,0.000,waitingForTarget,noEvent
6382,7,4,rld,14:58:14.927,46441,3.345,0.017,0.221,0.000,0.000,waitingForTarget,noEvent
6382,7,4,rld,14:58:14.995,46442,3.397,0.017,0.221,0.000,0.000,waitingForTarget,noEvent
6382,7,4,rld,14:58:15.226,46443,0.211,0.659,0.097,5.700,-1.100,activeTracking,targetAppeared
6382,7,4,rld,14:58:15.357,46444,0.354,1.136,0.057,2.300,0.000,activeTracking,noEvent
6382,7,4,rld,14:58:15.431,46445,0.439,1.422,0.043,1.100,0.000,activeTracking,noEvent
6382,7,4,rld,14:58:15.497,46446,0.506,1.541,0.039,0.200,0.000,activeTracking,noEvent
6382,7,4,rld,14:58:15.554,46447,0.556,1.581,0.038,0.000,0.000,activeTracking,noEvent
6382,7,4,rld,14:58:15.716,46448,0.711,0.726,-0.043,-7.600,-0.700,activeTracking,noEvent
6382,7,4,rld,14:58:15.860,46449,0.861,0.062,-0.104,-3.400,-0.300,activeTracking,noEvent
6382,7,4,rld,14:58:15.976,46450,0.965,-0.340,-0.158,-1.600,-0.300,activeTracking,noEvent
6382,7,4,rld,14:58:16.122,46451,1.113,-1.154,-0.131,-6.000,0.400,activeTracking,noEvent
6382,7,4,rld,14:58:16.246,46452,1.231,-1.555,-0.122,-1.100,0.000,activeTracking,noEvent
6382,7,4,rld,14:58:16.303,46453,1.318,-1.771,-0.119,-0.700,0.000,activeTracking,noEvent
6382,7,4,rld,14:58:16.377,46454,1.396,-1.855,-0.106,-0.100,0.100,activeTracking,noEvent
6382,7,4,rld,14:58:16.447,46455,1.466,-1.895,-0.079,-0.100,0.200,activeTracking,noEvent
6382,7,4,rld,14:58:16.537,46456,1.554,-1.943,-0.047,-0.300,0.200,activeTracking,noEvent
6382,7,4,rld,14:58:16.685,46457,1.652,-1.994,0.101,-0.300,1.200,activeTracking,noEvent
6382,7,4,rld,14:58:16.766,46458,1.780,-2.047,0.197,-0.300,0.400,activeTracking,noEvent
6382,7,4,rld,14:58:16.864,46459,1.872,-2.123,0.230,-0.500,0.000,activeTracking,noEvent
6382,7,4,rld,14:58:16.940,46460,1.952,-2.220,0.241,-0.600,0.000,activeTracking,noEvent
6382,7,4,rld,14:58:17.034,46461,2.048,-2.311,0.222,-0.500,-0.200,activeTracking,noEvent
6382,7,4,rld,14:58:17.116,46462,2.106,-2.378,0.193,-0.300,-0.200,activeTracking,noEvent
6382,7,4,rld,14:58:17.217,46463,2.219,-2.424,0.137,-0.200,-0.400,onTarget,noEvent
6382,7,4,rld,14:58:17.291,46464,2.305,-2.439,0.060,0.000,-0.500,onTarget,noEvent
6382,7,4,rld,14:58:17.376,46465,2.385,-2.444,-0.023,0.000,-0.500,onTarget,noEvent
6382,7,4,rld,14:58:17.465,46466,2.476,-2.446,-0.086,0.000,-0.300,onTarget,noEvent
6382,7,4,rld,14:58:17.523,46467,2.536,-2.459,-0.130,-0.100,-0.200,onTarget,noEvent
6382,7,4,rld,14:58:17.601,46468,2.621,-2.511,-0.168,-0.400,-0.200,onTarget,noEvent
6382,7,4,rld,14:58:17.664,46469,2.679,-2.576,-0.193,-0.400,-0.100,onTarget,noEvent
6382,7,4,rld,14:58:17.796,46470,2.786,-2.671,-0.201,-0.600,0.000,onTarget,noEvent
6382,7,4,rld,14:58:17.917,46471,2.929,-2.763,-0.169,-0.500,0.300,onTarget,noEvent
6382,7,4,rld,14:58:17.957,46472,2.978,-2.794,-0.158,0.000,0.000,onTarget,noEvent
6382,7,4,rld,14:58:18.010,46473,3.030,-2.804,-0.155,0.000,0.000,onTarget,noEvent
6382,7,4,rld,14:58:18.047,46474,3.065,-2.808,-0.153,0.000,0.000,onTarget,noEvent
6382,7,4,rld,14:58:18.096,46475,3.117,-2.809,-0.153,0.000,0.000,onTarget,noEvent
6382,7,4,rld,14:58:18.175,46476,3.170,-2.809,-0.153,0.000,0.000,onTarget,noEvent
6382,7,4,rld,14:58:18.255,46477,3.267,-2.809,-0.153,0.000,0.000,onTarget,noEvent
6382,7,4,rld,14:58:18.345,46478,3.357,-2.797,-0.164,0.100,-0.100,onTarget,targetClick
6382,7,5,rld,14:58:20.484,46503,3.423,-0.151,0.038,0.000,0.000,waitingForTarget,middleTargetClick
6382,7,5,rld,14:58:20.533,46504,3.480,-0.152,0.036,0.000,0.000,waitingForTarget,noEvent
6382,7,5,rld,14:58:20.594,46505,3.529,-0.152,0.035,0.000,0.000,waitingForTarget,noEvent
6382,7,5,rld,14:58:20.646,46506,3.595,-0.152,0.035,0.000,0.000,waitingForTarget,noEvent
6382,7,5,rld,14:58:20.683,46507,3.628,-0.152,0.035,0.000,0.000,waitingForTarget,noEvent
6382,7,5,rld,14:58:20.729,46508,3.669,-0.152,0.035,0.000,0.000,waitingForTarget,noEvent
6382,7,5,rld,14:58:20.777,46509,3.715,-0.152,0.035,0.000,0.000,waitingForTarget,noEvent
6382,7,5,rld,14:58:20.839,46510,3.779,-0.152,0.035,0.000,0.000,waitingForTarget,noEvent
6382,7,5,rld,14:58:20.885,46511,3.833,-0.152,0.035,0.000,0.000,waitingForTarget,noEvent
6382,7,5,rld,14:58:20.956,46512,0.058,-0.152,0.035,0.000,0.000,activeTracking,targetAppeared
6382,7,5,rld,14:58:21.002,46513,0.117,-0.152,0.035,0.000,0.000,activeTracking,noEvent
6382,7,5,rld,14:58:21.174,46514,0.256,0.366,-0.021,4.600,-0.500,activeTracking,noEvent
6382,7,5,rld,14:58:21.307,46515,0.414,0.912,-0.040,3.300,0.000,activeTracking,noEvent
6382,7,5,rld,14:58:21.376,46516,0.474,1.118,-0.035,0.200,0.100,activeTracking,noEvent
6382,7,5,rld,14:58:21.511,46517,0.594,0.903,0.057,-2.500,0.800,activeTracking,noEvent
6382,7,5,rld,14:58:21.761,46518,0.844,-0.308,0.087,-10.100,0.000,activeTracking,noEvent
6382,7,5,rld,14:58:21.958,46519,1.069,-1.660,0.055,-8.300,-0.400,activeTracking,noEvent
6382,7,5,rld,14:58:22.026,46520,1.124,-2.229,0.033,-0.900,-0.100,activeTracking,noEvent
6382,7,5,rld,14:58:22.077,46521,1.191,-2.458,0.026,-0.300,0.000,onTarget,noEvent
6382,7,5,rld,14:58:22.146,46522,1.247,-2.546,0.012,-0.100,-0.100,onTarget,noEvent
6382,7,5,rld,14:58:22.226,46523,1.333,-2.637,-0.016,-0.500,-0.200,onTarget,noEvent
6382,7,5,rld,14:58:22.282,46524,1.385,-2.667,-0.025,0.000,0.000,onTarget,noEvent
6382,7,5,rld,14:58:22.344,46525,1.451,-2.677,-0.040,0.000,-0.100,onTarget,noEvent
6382,7,5,rld,14:58:22.426,46526,1.524,-2.668,-0.057,0.100,-0.100,onTarget,noEvent
6382,7,5,rld,14:58:22.474,46527,1.581,-2.641,-0.062,0.200,0.000,onTarget,noEvent
6382,7,5,rld,14:58:22.544,46528,1.650,-2.608,-0.052,0.200,0.100,onTarget,noEvent
6382,7,5,rld,14:58:22.596,46529,1.701,-2.572,-0.038,0.200,0.100,onTarget,noEvent
6382,7,5,rld,14:58:22.666,46530,1.769,-2.561,-0.021,0.000,0.100,onTarget,noEvent
6382,7,5,rld,14:58:22.729,46531,1.833,-2.557,0.008,0.000,0.200,onTarget,noEvent
6382,7,5,rld,14:58:22.773,46532,1.884,-2.556,0.017,0.000,0.000,onTarget,noEvent
6382,7,5,rld,14:58:22.848,46533,1.953,-2.555,0.021,0.000,0.000,onTarget,noEvent
6382,7,5,rld,14:58:22.911,46534,2.018,-2.555,0.022,0.000,0.000,onTarget,targetClick
6382,7,6,rld,14:58:25.913,46576,2.125,-0.184,-0.049,-0.300,-0.300,waitingForTarget,middleTargetClick
6382,7,6,rld,14:58:25.966,46577,2.187,-0.196,-0.061,0.000,0.000,waitingForTarget,noEvent
6382,7,6,rld,14:58:26.037,46578,2.251,-0.200,-0.064,0.000,0.000,waitingForTarget,noEvent
6382,7,6,rld,14:58:26.081,46579,2.306,-0.202,-0.054,0.000,0.100,waitingForTarget,noEvent
6382,7,6,rld,14:58:26.127,46580,2.343,-0.202,-0.051,0.000,0.000,waitingForTarget,noEvent
6382,7,6,rld,14:58:26.174,46581,2.389,-0.202,-0.050,0.000,0.000,waitingForTarget,noEvent
6382,7,6,rld,14:58:26.214,46582,2.438,-0.203,-0.050,0.000,0.000,waitingForTarget,noEvent
6382,7,6,rld,14:58:26.257,46583,2.471,-0.203,-0.049,0.000,0.000,waitingForTarget,noEvent
6382,7,6,rld,14:58:26.299,46584,2.514,-0.203,-0.049,0.000,0.000,waitingForTarget,noEvent
6382,7,6,rld,14:58:26.342,46585,2.562,-0.203,-0.049,0.000,0.000,waitingForTarget,noEvent
6382,7,6,rld,14:58:26.395,46586,0.041,-0.203,-0.049,0.000,0.000,activeTracking,targetAppeared
6382,7,6,rld,14:58:26.443,46587,0.097,-0.203,-0.049,0.000,0.000,activeTracking,noEvent
6382,7,6,rld,14:58:26.491,46588,0.142,-0.203,-0.049,0.000,0.000,activeTracking,noEvent
6382,7,6,rld,14:58:26.528,46589,0.179,-0.203,-0.049,0.000,0.000,activeTracking,noEvent
6382,7,6,rld,14:58:26.573,46590,0.222,-0.203,-0.049,0.000,0.000,activeTracking,noEvent
6382,7,6,rld,14:58:26.634,46591,0.290,-0.203,-0.049,0.000,0.000,activeTracking,noEvent
6382,7,6,rld,14:58:26.696,46592,0.347,-0.203,-0.049,0.000,0.000,activeTracking,noEvent
6382,7,6,rld,14:58:26.750,46593,0.400,-0.203,-0.049,0.000,0.000,activeTracking,noEvent
6382,7,6,rld,14:58:26.814,46594,0.477,-0.203,-0.049,0.000,0.000,activeTracking,noEvent
6382,7,6,rld,14:58:26.873,46595,0.527,-0.191,-0.049,0.100,0.000,activeTracking,noEvent
6382,7,6,rld,14:58:26.959,46596,0.620,-0.154,-0.049,0.300,0.000,activeTracking,noEvent
6382,7,6,rld,14:58:27.185,46597,0.810,0.467,-0.151,5.400,-0.900,activeTracking,noEvent
6382,7,6,rld,14:58:27.248,46598,0.904,0.787,-0.196,1.000,-0.100,activeTracking,noEvent
6382,7,6,rld,14:58:27.365,46599,1.016,1.031,-0.223,1.200,-0.100,activeTracking,noEvent
6382,7,6,rld,14:58:27.457,46600,1.120,1.181,-0.232,0.600,0.000,activeTracking,noEvent
6382,7,6,rld,14:58:27.522,46601,1.180,1.265,-0.235,0.300,0.000,activeTracking,noEvent
6382,7,6,rld,14:58:27.583,46602,1.241,1.316,-0.224,0.200,0.100,activeTracking,noEvent
6382,7,6,rld,14:58:27.648,46603,1.306,1.356,-0.210,0.200,0.100,activeTracking,noEvent
6382,7,6,rld,14:58:27.762,46604,1.407,1.439,-0.171,0.600,0.300,activeTracking,noEvent
6382,7,6,rld,14:58:27.890,46605,1.547,1.628,-0.067,1.400,0.800,activeTracking,noEvent
6382,7,6,rld,14:58:27.967,46606,1.622,1.760,0.014,0.600,0.400,activeTracking,noEvent
6382,7,6,rld,14:58:28.061,46607,1.710,1.863,0.053,0.500,0.100,activeTracking,noEvent
6382,7,6,rld,14:58:28.181,46608,1.816,2.003,0.066,0.900,0.000,activeTracking,noEvent
6382,7,6,rld,14:58:28.279,46609,1.929,2.179,0.071,1.100,0.000,activeTracking,noEvent
6382,7,6,rld,14:58:28.377,46610,2.029,2.310,0.073,0.600,0.000,activeTracking,noEvent
6382,7,6,rld,14:58:28.466,46611,2.115,2.425,0.097,0.600,0.200,onTarget,noEvent
6382,7,6,rld,14:58:28.576,46612,2.213,2.548,0.129,0.700,0.200,onTarget,noEvent
6382,7,6,rld,14:58:28.659,46613,2.312,2.661,0.140,0.600,0.000,onTarget,noEvent
6382,7,6,rld,14:58:28.757,46614,2.397,2.772,0.144,0.600,0.000,onTarget,noEvent
6382,7,6,rld,14:58:28.877,46615,2.529,2.932,0.146,1.000,0.000,onTarget,noEvent
6382,7,6,rld,14:58:28.949,46616,2.596,2.997,0.147,0.100,0.000,onTarget,noEvent
6382,7,6,rld,14:58:28.987,46617,2.649,3.019,0.148,0.000,0.000,onTarget,noEvent
6382,7,6,rld,14:58:29.055,46618,2.681,3.027,0.148,0.000,0.000,onTarget,noEvent
6382,7,6,rld,14:58:29.121,46619,2.771,3.029,0.148,0.000,0.000,onTarget,noEvent
6382,7,6,rld,14:58:29.179,46620,2.842,3.030,0.148,0.000,0.000,onTarget,noEvent
6382,7,6,rld,14:58:29.264,46621,2.903,3.030,0.148,0.000,0.000,onTarget,noEvent
6382,7,6,rld,14:58:29.317,46622,2.969,3.030,0.148,0.000,0.000,onTarget,targetClick
6382,7,7,rld,14:58:32.577,46666,3.077,0.006,0.187,-0.100,-0.300,waitingForTarget,middleTargetClick
6382,7,7,rld,14:58:32.625,46667,3.126,0.002,0.176,0.000,0.000,waitingForTarget,noEvent
6382,7,7,rld,14:58:32.676,46668,3.175,0.001,0.172,0.000,0.000,waitingForTarget,noEvent
6382,7,7,rld,14:58:32.746,46669,3.253,0.000,0.205,0.000,0.300,waitingForTarget,noEvent
6382,7,7,rld,14:58:32.782,46670,3.289,0.000,0.215,0.000,0.000,waitingForTarget,noEvent
6382,7,7,rld,14:58:32.841,46671,3.343,0.000,0.219,0.000,0.000,waitingForTarget,noEvent
6382,7,7,rld,14:58:32.877,46672,3.385,0.000,0.220,0.000,0.000,waitingForTarget,noEvent
6382,7,7,rld,14:58:32.925,46673,3.432,0.000,0.221,0.000,0.000,waitingForTarget,noEvent
6382,7,7,rld,14:58:32.959,46674,3.465,0.000,0.221,0.000,0.000,waitingForTarget,noEvent
6382,7,7,rld,14:58:33.010,46675,3.515,0.000,0.221,0.000,0.000,waitingForTarget,noEvent
6382,7,7,rld,14:58:33.039,46676,0.031,0.000,0.221,0.000,0.000,activeTracking,targetAppeared
6382,7,7,rld,14:58:33.096,46677,0.084,0.000,0.221,0.000,0.000,activeTracking,noEvent
6382,7,7,rld,14:58:33.131,46678,0.122,0.000,0.221,0.000,0.000,activeTracking,noEvent
6382,7,7,rld,14:58:33.176,46679,0.156,0.000,0.221,0.000,0.000,activeTracking,noEvent
6382,7,7,rld,14:58:33.228,46680,0.219,0.000,0.221,0.000,0.000,activeTracking,noEvent
6382,7,7,rld,14:58:33.276,46681,0.269,0.000,0.221,0.000,0.000,activeTracking,noEvent
6382,7,7,rld,14:58:33.324,46682,0.317,0.000,0.221,0.000,0.000,activeTracking,noEvent
6382,7,7,rld,14:58:33.366,46683,0.358,0.000,0.221,0.000,0.000,activeTracking,noEvent
6382,7,7,rld,14:58:33.396,46684,0.388,0.000,0.221,0.000,0.000,activeTracking,noEvent
6382,7,7,rld,14:58:33.445,46685,0.436,0.000,0.221,0.000,0.000,activeTracking,noEvent
6382,7,7,rld,14:58:33.477,46686,0.468,0.000,0.221,0.000,0.000,activeTracking,noEvent
6382,7,7,rld,14:58:33.537,46687,0.521,0.000,0.221,0.000,0.000,activeTracking,noEvent
6382,7,7,rld,14:58:33.596,46688,0.581,0.000,0.221,0.000,0.000,activeTracking,noEvent
6382,7,7,rld,14:58:33.641,46689,0.626,0.000,0.221,0.000,0.000,activeTracking,noEvent
6382,7,7,rld,14:58:33.683,46690,0.675,0.000,0.221,0.000,0.000,activeTracking,noEvent
6382,7,7,rld,14:58:33.741,46691,0.733,0.000,0.221,0.000,0.000,activeTracking,noEvent
6382,7,7,rld,14:58:33.898,46692,0.861,-0.214,0.221,-1.900,0.000,activeTracking,noEvent
6382,7,7,rld,14:58:34.016,46693,0.993,-1.363,0.224,-9.500,0.000,activeTracking,noEvent
6382,7,7,rld,14:58:34.182,46694,1.140,-2.163,0.194,-3.500,-0.300,activeTracking,noEvent
6382,7,7,rld,14:58:34.316,46695,1.281,-2.688,0.128,-2.100,-0.500,onTarget,noEvent
6382,7,7,rld,14:58:34.494,46696,1.476,-3.163,0.084,-2.400,-0.200,activeTracking,noEvent
6382,7,7,rld,14:58:34.584,46697,1.568,-3.400,0.117,-0.600,0.400,activeTracking,noEvent
6382,7,7,rld,14:58:34.627,46698,1.619,-3.530,0.140,-0.400,0.100,activeTracking,noEvent
6382,7,7,rld,14:58:34.763,46699,1.728,-3.677,0.149,-0.800,0.000,activeTracking,noEvent
6382,7,7,rld,14:58:34.840,46700,1.826,-3.713,0.140,0.100,-0.100,activeTracking,noEvent
6382,7,7,rld,14:58:34.929,46701,1.911,-3.674,0.136,0.400,0.000,activeTracking,noEvent
6382,7,7,rld,14:58:35.015,46702,1.990,-3.609,0.147,0.400,0.100,activeTracking,noEvent
6382,7,7,rld,14:58:35.117,46703,2.101,-3.498,0.185,0.700,0.300,activeTracking,noEvent
6382,7,7,rld,14:58:35.242,46704,2.219,-3.386,0.198,0.600,0.000,activeTracking,noEvent
6382,7,7,rld,14:58:35.344,46705,2.297,-3.235,0.189,0.900,-0.100,activeTracking,noEvent
6382,7,7,rld,14:58:35.412,46706,2.401,-3.061,0.149,1.000,-0.300,activeTracking,noEvent
6382,7,7,rld,14:58:35.489,46707,2.469,-2.967,0.112,0.300,-0.200,onTarget,noEvent
6382,7,7,rld,14:58:35.577,46708,2.551,-2.923,0.076,0.100,-0.200,onTarget,noEvent
6382,7,7,rld,14:58:35.697,46709,2.660,-2.872,0.006,0.300,-0.500,onTarget,noEvent
6382,7,7,rld,14:58:35.783,46710,2.755,-2.806,-0.041,0.400,-0.200,onTarget,noEvent
6382,7,7,rld,14:58:35.859,46711,2.842,-2.772,-0.069,0.100,-0.100,onTarget,noEvent
6382,7,7,rld,14:58:35.916,46712,2.908,-2.760,-0.078,0.000,0.000,onTarget,noEvent
6382,7,7,rld,14:58:35.993,46713,2.961,-2.756,-0.081,0.000,0.000,onTarget,noEvent
6382,7,7,rld,14:58:36.056,46714,3.041,-2.755,-0.082,0.000,0.000,onTarget,targetClick
6382,7,8,rld,14:58:39.511,46764,3.161,-0.056,0.097,-0.200,-0.200,waitingForTarget,middleTargetClick
6382,7,8,rld,14:58:39.578,46765,3.228,-0.064,0.089,0.000,0.000,waitingForTarget,noEvent
6382,7,8,rld,14:58:39.646,46766,3.292,-0.066,0.087,0.000,0.000,waitingForTarget,noEvent
6382,7,8,rld,14:58:39.686,46767,3.347,-0.067,0.086,0.000,0.000,waitingForTarget,noEvent
6382,7,8,rld,14:58:39.746,46768,3.396,-0.067,0.086,0.000,0.000,waitingForTarget,noEvent
6382,7,8,rld,14:58:39.807,46769,3.446,-0.067,0.086,0.000,0.000,waitingForTarget,noEvent
6382,7,8,rld,14:58:39.867,46770,3.521,-0.067,0.086,0.000,0.000,waitingForTarget,noEvent
6382,7,8,rld,14:58:39.900,46771,3.560,-0.067,0.086,0.000,0.000,waitingForTarget,noEvent
6382,7,8,rld,14:58:39.983,46772,3.615,-0.067,0.086,0.000,0.000,waitingForTarget,noEvent
6382,7,8,rld,14:58:40.049,46773,0.089,-0.067,0.086,0.000,0.000,activeTracking,targetAppeared
6382,7,8,rld,14:58:40.099,46774,0.140,-0.067,0.086,0.000,0.000,activeTracking,noEvent
6382,7,8,rld,14:58:40.150,46775,0.192,-0.067,0.086,0.000,0.000,activeTracking,noEvent
6382,7,8,rld,14:58:40.194,46776,0.232,-0.067,0.086,0.000,0.000,activeTracking,noEvent
6382,7,8,rld,14:58:40.239,46777,0.276,-0.067,0.086,0.000,0.000,activeTracking,noEvent
6382,7,8,rld,14:58:40.287,46778,0.325,-0.067,0.086,0.000,0.000,activeTracking,noEvent
6382,7,8,rld,14:58:40.332,46779,0.366,-0.067,0.086,0.000,0.000,activeTracking,noEvent
6382,7,8,rld,14:58:40.380,46780,0.415,-0.067,0.086,0.000,0.000,activeTracking,noEvent
6382,7,8,rld,14:58:40.426,46781,0.464,-0.067,0.086,0.000,0.000,activeTracking,noEvent
6382,7,8,rld,14:58:40.475,46782,0.513,-0.067,0.086,0.000,0.000,activeTracking,noEvent
6382,7,8,rld,14:58:40.515,46783,0.555,-0.067,0.086,0.000,0.000,activeTracking,noEvent
6382,7,8,rld,14:58:40.578,46784,0.623,-0.067,0.086,0.000,0.000,activeTracking,noEvent
6382,7,8,rld,14:58:40.667,46785,0.673,-0.067,0.086,0.000,0.000,activeTracking,noEvent
6382,7,8,rld,14:58:40.797,46786,0.814,-1.222,0.064,-10.200,-0.200,activeTracking,noEvent
6382,7,8,rld,14:58:40.986,46787,1.017,-1.915,-0.022,-2.600,-0.700,activeTracking,noEvent
6382,7,8,rld,14:58:41.104,46788,1.140,-2.627,-0.143,-4.000,-0.800,onTarget,noEvent
6382,7,8,rld,14:58:41.267,46789,1.311,-3.242,-0.269,-3.000,-0.700,activeTracking,noEvent
6382,7,8,rld,14:58:41.316,46790,1.359,-3.490,-0.312,-0.300,0.000,activeTracking,noEvent
6382,7,8,rld,14:58:41.365,46791,1.409,-3.599,-0.327,-0.200,0.000,activeTracking,noEvent
6382,7,8,rld,14:58:41.413,46792,1.447,-3.636,-0.332,0.000,0.000,activeTracking,noEvent
6382,7,8,rld,14:58:41.475,46793,1.513,-3.648,-0.334,0.000,0.000,activeTracking,noEvent
6382,7,8,rld,14:58:41.525,46794,1.563,-3.652,-0.334,0.000,0.000,activeTracking,noEvent
6382,7,8,rld,14:58:41.614,46795,1.614,-3.653,-0.334,0.000,0.000,activeTracking,noEvent
6382,7,8,rld,14:58:41.777,46796,1.814,-3.348,-0.213,2.400,1.000,activeTracking,noEvent
6382,7,8,rld,14:58:41.884,46797,1.906,-3.148,-0.137,0.800,0.300,activeTracking,noEvent
6382,7,8,rld,14:58:41.941,46798,1.977,-3.020,-0.077,0.500,0.300,onTarget,noEvent
6382,7,8,rld,14:58:42.011,46799,2.045,-2.953,-0.057,0.200,0.000,onTarget,noEvent
6382,7,8,rld,14:58:42.074,46800,2.120,-2.918,-0.039,0.100,0.100,onTarget,noEvent
6382,7,8,rld,14:58:42.128,46801,2.165,-2.907,-0.033,0.000,0.000,onTarget,noEvent
6382,7,8,rld,14:58:42.180,46802,2.215,-2.903,-0.031,0.000,0.000,onTarget,noEvent
6382,7,8,rld,14:58:42.224,46803,2.264,-2.902,-0.030,0.000,0.000,onTarget,noEvent
6382,7,8,rld,14:58:42.296,46804,2.344,-2.901,-0.041,0.000,-0.100,onTarget,noEvent
6382,7,8,rld,14:58:42.358,46805,2.380,-2.901,-0.045,0.000,0.000,onTarget,noEvent
6382,7,8,rld,14:58:42.499,46806,2.544,-2.864,-0.058,0.300,-0.100,onTarget,noEvent
6382,7,8,rld,14:58:42.574,46807,2.605,-2.803,-0.063,0.400,0.000,onTarget,noEvent
6382,7,8,rld,14:58:42.626,46808,2.670,-2.771,-0.064,0.100,0.000,onTarget,noEvent
6382,7,8,rld,14:58:42.706,46809,2.740,-2.772,-0.076,-0.100,-0.100,onTarget,noEvent
6382,7,8,rld,14:58:42.756,46810,2.796,-2.773,-0.080,0.000,0.000,onTarget,noEvent
6382,7,8,rld,14:58:42.849,46811,2.881,-2.773,-0.082,0.000,0.000,onTarget,noEvent
6382,7,8,rld,14:58:42.929,46812,2.956,-2.773,-0.082,0.000,0.000,onTarget,noEvent
6382,7,8,rld,14:58:42.987,46813,3.022,-2.773,-0.082,0.000,0.000,onTarget,targetClick
6382,7,9,rld,14:58:45.682,46854,3.088,0.101,-0.066,0.000,0.000,waitingForTarget,middleTargetClick
6382,7,9,rld,14:58:45.743,46855,3.153,0.101,-0.066,0.000,0.000,waitingForTarget,noEvent
6382,7,9,rld,14:58:45.805,46856,3.223,0.101,-0.066,0.000,0.000,waitingForTarget,noEvent
6382,7,9,rld,14:58:45.854,46857,3.271,0.101,-0.066,0.000,0.000,waitingForTarget,noEvent
6382,7,9,rld,14:58:45.869,46858,3.293,0.101,-0.066,0.000,0.000,waitingForTarget,noEvent
6382,7,9,rld,14:58:45.921,46859,3.340,0.101,-0.066,0.000,0.000,waitingForTarget,noEvent
6382,7,9,rld,14:58:45.961,46860,3.385,0.101,-0.066,0.000,0.000,waitingForTarget,noEvent
6382,7,9,rld,14:58:46.004,46861,3.425,0.101,-0.066,0.000,0.000,waitingForTarget,noEvent
6382,7,9,rld,14:58:46.055,46862,3.479,0.101,-0.066,0.000,0.000,waitingForTarget,noEvent
6382,7,9,rld,14:58:46.087,46863,3.509,0.101,-0.066,0.000,0.000,waitingForTarget,noEvent
6382,7,9,rld,14:58:46.128,46864,0.043,0.101,-0.066,0.000,0.000,activeTracking,targetAppeared
6382,7,9,rld,14:58:46.174,46865,0.091,0.101,-0.066,0.000,0.000,activeTracking,noEvent
6382,7,9,rld,14:58:46.222,46866,0.134,0.101,-0.066,0.000,0.000,activeTracking,noEvent
6382,7,9,rld,14:58:46.259,46867,0.173,0.101,-0.066,0.000,0.000,activeTracking,noEvent
6382,7,9,rld,14:58:46.294,46868,0.210,0.101,-0.066,0.000,0.000,activeTracking,noEvent
6382,7,9,rld,14:58:46.355,46869,0.265,0.101,-0.066,0.000,0.000,activeTracking,noEvent
6382,7,9,rld,14:58:46.395,46870,0.310,0.101,-0.066,0.000,0.000,activeTracking,noEvent
6382,7,9,rld,14:58:46.443,46871,0.360,0.101,-0.066,0.000,0.000,activeTracking,noEvent
6382,7,9,rld,14:58:46.493,46872,0.401,0.101,-0.066,0.000,0.000,activeTracking,noEvent
6382,7,9,rld,14:58:46.533,46873,0.445,0.101,-0.066,0.000,0.000,activeTracking,noEvent
6382,7,9,rld,14:58:46.580,46874,0.496,0.101,-0.066,0.000,0.000,activeTracking,noEvent
6382,7,9,rld,14:58:46.627,46875,0.538,0.101,-0.066,0.000,0.000,activeTracking,noEvent
6382,7,9,rld,14:58:46.659,46876,0.575,0.101,-0.066,0.000,0.000,activeTracking,noEvent
6382,7,9,rld,14:58:46.723,46877,0.633,0.101,-0.066,0.000,0.000,activeTracking,noEvent
6382,7,9,rld,14:58:46.780,46878,0.685,0.101,-0.066,0.000,0.000,activeTracking,noEvent
6382,7,9,rld,14:58:46.995,46879,0.893,1.786,0.255,14.800,2.800,activeTracking,noEvent
6382,7,9,rld,14:58:47.076,46880,0.983,2.439,0.403,0.600,0.300,activeTracking,noEvent
6382,7,9,rld,14:58:47.133,46881,1.040,2.685,0.478,0.200,0.200,activeTracking,noEvent
6382,7,9,rld,14:58:47.236,46882,1.130,2.841,0.540,0.600,0.300,activeTracking,noEvent
6382,7,9,rld,14:58:47.349,46883,1.264,3.016,0.622,1.000,0.500,activeTracking,noEvent
6382,7,9,rld,14:58:47.410,46884,1.323,3.150,0.687,0.600,0.300,activeTracking,noEvent
6382,7,9,rld,14:58:47.481,46885,1.395,3.219,0.710,0.200,0.000,activeTracking,noEvent
6382,7,9,rld,14:58:47.531,46886,1.443,3.243,0.717,0.000,0.000,activeTracking,noEvent
6382,7,9,rld,14:58:47.605,46887,1.514,3.250,0.696,0.000,-0.200,activeTracking,noEvent
6382,7,9,rld,14:58:47.716,46888,1.605,3.216,0.628,-0.300,-0.500,activeTracking,noEvent
6382,7,9,rld,14:58:47.814,46889,1.700,3.166,0.510,-0.300,-0.800,activeTracking,noEvent
6382,7,9,rld,14:58:47.908,46890,1.823,3.100,0.398,-0.400,-0.600,activeTracking,noEvent
6382,7,9,rld,14:58:47.975,46891,1.884,3.054,0.337,-0.200,-0.200,activeTracking,noEvent
6382,7,9,rld,14:58:48.021,46892,1.935,3.038,0.305,0.000,-0.100,activeTracking,noEvent
6382,7,9,rld,14:58:48.087,46893,1.999,3.021,0.294,-0.100,0.000,activeTracking,noEvent
6382,7,9,rld,14:58:48.141,46894,2.054,3.015,0.279,0.000,-0.100,activeTracking,noEvent
6382,7,9,rld,14:58:48.192,46895,2.094,3.013,0.274,0.000,0.000,activeTracking,noEvent
6382,7,9,rld,14:58:48.247,46896,2.150,3.012,0.272,0.000,0.000,activeTracking,noEvent
6382,7,9,rld,14:58:48.317,46897,2.214,3.012,0.272,0.000,0.000,activeTracking,noEvent
6382,7,9,rld,14:58:48.381,46898,2.292,3.000,0.260,-0.100,-0.100,activeTracking,noEvent
6382,7,9,rld,14:58:48.440,46899,2.344,2.983,0.255,-0.100,0.000,activeTracking,noEvent
6382,7,9,rld,14:58:48.496,46900,2.411,2.965,0.242,-0.100,-0.100,onTarget,noEvent
6382,7,9,rld,14:58:48.554,46901,2.463,2.959,0.238,0.000,0.000,onTarget,noEvent
6382,7,9,rld,14:58:48.612,46902,2.525,2.945,0.224,-0.100,-0.100,onTarget,noEvent
6382,7,9,rld,14:58:48.676,46903,2.583,2.928,0.196,-0.100,-0.200,onTarget,noEvent
6382,7,9,rld,14:58:48.756,46904,2.647,2.910,0.163,-0.100,-0.200,onTarget,noEvent
6382,7,9,rld,14:58:48.878,46905,2.779,2.880,0.129,-0.200,-0.200,onTarget,noEvent
6382,7,9,rld,14:58:48.960,46906,2.866,2.845,0.117,-0.200,0.000,onTarget,noEvent
6382,7,9,rld,14:58:49.097,46907,2.930,2.833,0.113,0.000,0.000,onTarget,noEvent
6382,7,9,rld,14:58:49.181,46908,3.077,2.708,-0.099,-1.000,-1.800,onTarget,noEvent
6382,7,9,rld,14:58:49.254,46909,3.162,2.654,-0.170,-0.100,0.000,onTarget,noEvent
6382,7,9,rld,14:58:49.295,46910,3.212,2.636,-0.193,0.000,0.000,onTarget,noEvent
6382,7,9,rld,14:58:49.388,46911,3.283,2.630,-0.178,0.000,0.200,onTarget,noEvent
6382,7,9,rld,14:58:49.442,46912,3.357,2.628,-0.173,0.000,0.000,onTarget,noEvent
6382,7,9,rld,14:58:49.507,46913,3.417,2.628,-0.171,0.000,0.000,onTarget,targetClick
6382,7,10,rld,14:58:52.514,46961,3.480,0.101,-0.084,0.000,0.000,waitingForTarget,middleTargetClick
6382,7,10,rld,14:58:52.562,46962,3.535,0.101,-0.083,0.000,0.000,waitingForTarget,noEvent
6382,7,10,rld,14:58:52.632,46963,3.589,0.101,-0.083,0.000,0.000,waitingForTarget,noEvent
6382,7,10,rld,14:58:52.680,46964,3.653,0.101,-0.083,0.000,0.000,waitingForTarget,noEvent
6382,7,10,rld,14:58:52.715,46965,3.688,0.101,-0.083,0.000,0.000,waitingForTarget,noEvent
6382,7,10,rld,14:58:52.764,46966,3.731,0.101,-0.083,0.000,0.000,waitingForTarget,noEvent
6382,7,10,rld,14:58:52.824,46967,3.791,0.101,-0.083,0.000,0.000,waitingForTarget,noEvent
6382,7,10,rld,14:58:52.873,46968,3.836,0.101,-0.083,0.000,0.000,waitingForTarget,noEvent
6382,7,10,rld,14:58:52.912,46969,3.873,0.101,-0.083,0.000,0.000,waitingForTarget,noEvent
6382,7,10,rld,14:58:52.957,46970,3.920,0.101,-0.083,0.000,0.000,waitingForTarget,noEvent
6382,7,10,rld,14:58:52.988,46971,0.038,0.101,-0.083,0.000,0.000,activeTracking,targetAppeared
6382,7,10,rld,14:58:53.036,46972,0.081,0.101,-0.083,0.000,0.000,activeTracking,noEvent
6382,7,10,rld,14:58:53.075,46973,0.128,0.101,-0.083,0.000,0.000,activeTracking,noEvent
6382,7,10,rld,14:58:53.116,46974,0.169,0.101,-0.083,0.000,0.000,activeTracking,noEvent
6382,7,10,rld,14:58:53.179,46975,0.229,0.101,-0.083,0.000,0.000,activeTracking,noEvent
6382,7,10,rld,14:58:53.224,46976,0.268,0.101,-0.083,0.000,0.000,activeTracking,noEvent
6382,7,10,rld,14:58:53.262,46977,0.309,0.101,-0.083,0.000,0.000,activeTracking,noEvent
6382,7,10,rld,14:58:53.303,46978,0.351,0.101,-0.083,0.000,0.000,activeTracking,noEvent
6382,7,10,rld,14:58:53.333,46979,0.385,0.101,-0.083,0.000,0.000,activeTracking,noEvent
6382,7,10,rld,14:58:53.389,46980,0.438,0.101,-0.083,0.000,0.000,activeTracking,noEvent
6382,7,10,rld,14:58:53.427,46981,0.481,0.101,-0.083,0.000,0.000,activeTracking,noEvent
6382,7,10,rld,14:58:53.491,46982,0.532,0.101,-0.083,0.000,0.000,activeTracking,noEvent
6382,7,10,rld,14:58:53.593,46983,0.619,0.101,-0.083,0.000,0.000,activeTracking,noEvent
6382,7,10,rld,14:58:53.720,46984,0.754,-1.451,-0.128,-13.700,-0.400,activeTracking,noEvent
6382,7,10,rld,14:58:53.925,46985,0.951,-2.264,-0.121,-2.400,0.200,activeTracking,noEvent
6382,7,10,rld,14:58:53.988,46986,1.027,-2.590,-0.119,-0.400,0.000,onTarget,noEvent
6382,7,10,rld,14:58:54.055,46987,1.087,-2.724,-0.118,-0.200,0.000,onTarget,noEvent
6382,7,10,rld,14:58:54.164,46988,1.214,-2.915,-0.118,-1.200,0.000,onTarget,noEvent
6382,7,10,rld,14:58:54.245,46989,1.293,-3.041,-0.118,-0.500,0.000,onTarget,noEvent
6382,7,10,rld,14:58:54.337,46990,1.368,-3.084,-0.082,0.000,0.300,activeTracking,noEvent
6382,7,10,rld,14:58:54.428,46991,1.455,-3.023,-0.023,0.600,0.400,onTarget,noEvent
6382,7,10,rld,14:58:54.520,46992,1.554,-2.905,0.031,0.800,0.300,onTarget,noEvent
6382,7,10,rld,14:58:54.627,46993,1.668,-2.805,0.084,0.500,0.300,onTarget,noEvent
6382,7,10,rld,14:58:54.721,46994,1.746,-2.723,0.125,0.400,0.200,onTarget,noEvent
6382,7,10,rld,14:58:54.773,46995,1.820,-2.659,0.162,0.300,0.200,onTarget,noEvent
6382,7,10,rld,14:58:54.865,46996,1.902,-2.602,0.185,0.300,0.100,onTarget,noEvent
6382,7,10,rld,14:58:54.921,46997,1.970,-2.570,0.193,0.100,0.000,onTarget,noEvent
6382,7,10,rld,14:58:54.974,46998,2.021,-2.548,0.195,0.100,0.000,onTarget,noEvent
6382,7,10,rld,14:58:55.032,46999,2.083,-2.541,0.196,0.000,0.000,onTarget,noEvent
6382,7,10,rld,14:58:55.112,47000,2.152,-2.550,0.162,-0.100,-0.300,onTarget,noEvent
6382,7,10,rld,14:58:55.156,47001,2.202,-2.553,0.150,0.000,0.000,onTarget,noEvent
6382,7,10,rld,14:58:55.220,47002,2.268,-2.554,0.146,0.000,0.000,onTarget,noEvent
6382,7,10,rld,14:58:55.261,47003,2.312,-2.555,0.145,0.000,0.000,onTarget,noEvent
6382,7,10,rld,14:58:55.307,47004,2.359,-2.555,0.145,0.000,0.000,onTarget,noEvent
6382,7,10,rld,14:58:55.373,47005,2.419,-2.555,0.145,0.000,0.000,onTarget,noEvent
6382,7,10,rld,14:58:55.432,47006,2.476,-2.555,0.144,0.000,0.000,onTarget,noEvent
6382,7,10,rld,14:58:55.476,47007,2.529,-2.555,0.144,0.000,0.000,onTarget,noEvent
6382,7,10,rld,14:58:55.532,47008,2.572,-2.555,0.144,0.000,0.000,onTarget,noEvent
6382,7,10,rld,14:58:55.625,47009,2.670,-2.555,0.144,0.000,0.000,onTarget,targetClick
6382,7,11,rld,14:58:58.336,47047,2.737,0.118,0.136,0.000,0.000,waitingForTarget,middleTargetClick
6382,7,11,rld,14:58:58.387,47048,2.788,0.118,0.136,0.000,0.000,waitingForTarget,noEvent
6382,7,11,rld,14:58:58.465,47049,2.858,0.118,0.136,0.000,0.000,waitingForTarget,noEvent
6382,7,11,rld,14:58:58.499,47050,2.907,0.118,0.136,0.000,0.000,waitingForTarget,noEvent
6382,7,11,rld,14:58:58.536,47051,2.939,0.118,0.136,0.000,0.000,waitingForTarget,noEvent
6382,7,11,rld,14:58:58.574,47052,2.983,0.118,0.136,0.000,0.000,waitingForTarget,noEvent
6382,7,11,rld,14:58:58.626,47053,3.027,0.118,0.136,0.000,0.000,waitingForTarget,noEvent
6382,7,11,rld,14:58:58.675,47054,3.074,0.118,0.136,0.000,0.000,waitingForTarget,noEvent
6382,7,11,rld,14:58:58.710,47055,3.118,0.118,0.136,0.000,0.000,waitingForTarget,noEvent
6382,7,11,rld,14:58:58.753,47056,3.158,0.118,0.136,0.000,0.000,waitingForTarget,noEvent
6382,7,11,rld,14:58:58.813,47057,0.051,0.118,0.136,0.000,0.000,activeTracking,targetAppeared
6382,7,11,rld,14:58:58.907,47058,0.140,0.118,0.136,0.000,0.000,activeTracking,noEvent
6382,7,11,rld,14:58:58.943,47059,0.189,0.118,0.136,0.000,0.000,activeTracking,noEvent
6382,7,11,rld,14:58:59.009,47060,0.252,0.118,0.136,0.000,0.000,activeTracking,noEvent
6382,7,11,rld,14:58:59.043,47061,0.290,0.118,0.136,0.000,0.000,activeTracking,noEvent
6382,7,11,rld,14:58:59.095,47062,0.332,0.118,0.136,0.000,0.000,activeTracking,noEvent
6382,7,11,rld,14:58:59.141,47063,0.384,0.118,0.136,0.000,0.000,activeTracking,noEvent
6382,7,11,rld,14:58:59.190,47064,0.430,0.118,0.136,0.000,0.000,activeTracking,noEvent
6382,7,11,rld,14:58:59.226,47065,0.470,0.118,0.136,0.000,0.000,activeTracking,noEvent
6382,7,11,rld,14:58:59.276,47066,0.519,0.118,0.136,0.000,0.000,activeTracking,noEvent
6382,7,11,rld,14:58:59.331,47067,0.577,0.118,0.136,0.000,0.000,activeTracking,noEvent
6382,7,11,rld,14:58:59.395,47068,0.627,0.118,0.136,0.000,0.000,activeTracking,noEvent
6382,7,11,rld,14:58:59.609,47069,0.835,0.580,0.171,4.100,0.300,activeTracking,noEvent
6382,7,11,rld,14:58:59.763,47070,0.984,1.132,0.206,3.500,0.200,activeTracking,noEvent
6382,7,11,rld,14:58:59.877,47071,1.103,1.559,0.231,2.100,0.100,activeTracking,noEvent
6382,7,11,rld,14:59:00.039,47072,1.281,1.924,0.240,1.900,0.000,activeTracking,noEvent
6382,7,11,rld,14:59:00.103,47073,1.338,2.070,0.244,0.200,0.000,activeTracking,noEvent
6382,7,11,rld,14:59:00.146,47074,1.398,2.143,0.245,0.200,0.000,activeTracking,noEvent
6382,7,11,rld,14:59:00.294,47075,1.470,2.214,0.246,0.400,0.000,activeTracking,noEvent
6382,7,11,rld,14:59:00.440,47076,1.651,2.465,0.190,1.900,-0.500,onTarget,noEvent
6382,7,11,rld,14:59:00.498,47077,1.742,2.621,0.160,0.600,-0.100,onTarget,noEvent
6382,7,11,rld,14:59:00.558,47078,1.803,2.686,0.127,0.100,-0.200,onTarget,noEvent
6382,7,11,rld,14:59:00.615,47079,1.862,2.719,0.104,0.100,-0.100,onTarget,noEvent
6382,7,11,rld,14:59:00.709,47080,1.925,2.755,0.073,0.200,-0.200,onTarget,noEvent
6382,7,11,rld,14:59:00.862,47081,2.101,2.914,-0.042,1.200,-0.900,onTarget,noEvent
6382,7,11,rld,14:59:00.924,47082,2.168,2.991,-0.092,0.200,-0.100,onTarget,noEvent
6382,7,11,rld,14:59:00.974,47083,2.220,3.017,-0.109,0.000,0.000,onTarget,noEvent
6382,7,11,rld,14:59:01.005,47084,2.257,3.026,-0.115,0.000,0.000,onTarget,noEvent
6382,7,11,rld,14:59:01.077,47085,2.320,3.029,-0.117,0.000,0.000,onTarget,noEvent
6382,7,11,rld,14:59:01.144,47086,2.393,3.030,-0.117,0.000,0.000,onTarget,noEvent
6382,7,11,rld,14:59:01.225,47087,2.477,3.030,-0.118,0.000,0.000,onTarget,targetClick
6382,7,12,rld,14:59:04.514,47137,2.543,-0.051,-0.032,0.000,0.000,waitingForTarget,middleTargetClick
6382,7,12,rld,14:59:04.574,47138,2.602,-0.051,-0.032,0.000,0.000,waitingForTarget,noEvent
6382,7,12,rld,14:59:04.631,47139,2.659,-0.051,-0.032,0.000,0.000,waitingForTarget,noEvent
6382,7,12,rld,14:59:04.687,47140,2.731,-0.051,-0.032,0.000,0.000,waitingForTarget,noEvent
6382,7,12,rld,14:59:04.723,47141,2.763,-0.051,-0.032,0.000,0.000,waitingForTarget,noEvent
6382,7,12,rld,14:59:04.773,47142,2.811,-0.051,-0.032,0.000,0.000,waitingForTarget,noEvent
6382,7,12,rld,14:59:04.835,47143,2.871,-0.051,-0.032,0.000,0.000,waitingForTarget,noEvent
6382,7,12,rld,14:59:04.871,47144,2.904,-0.051,-0.032,0.000,0.000,waitingForTarget,noEvent
6382,7,12,rld,14:59:04.911,47145,2.942,-0.051,-0.032,0.000,0.000,waitingForTarget,noEvent
6382,7,12,rld,14:59:04.954,47146,2.986,-0.051,-0.032,0.000,0.000,waitingForTarget,noEvent
6382,7,12,rld,14:59:05.005,47147,0.048,-0.051,-0.032,0.000,0.000,activeTracking,targetAppeared
6382,7,12,rld,14:59:05.057,47148,0.115,-0.051,-0.032,0.000,0.000,activeTracking,noEvent
6382,7,12,rld,14:59:05.090,47149,0.147,-0.051,-0.032,0.000,0.000,activeTracking,noEvent
6382,7,12,rld,14:59:05.135,47150,0.182,-0.051,-0.032,0.000,0.000,activeTracking,noEvent
6382,7,12,rld,14:59:05.177,47151,0.226,-0.051,-0.032,0.000,0.000,activeTracking,noEvent
6382,7,12,rld,14:59:05.227,47152,0.274,-0.051,-0.032,0.000,0.000,activeTracking,noEvent
6382,7,12,rld,14:59:05.265,47153,0.318,-0.051,-0.032,0.000,0.000,activeTracking,noEvent
6382,7,12,rld,14:59:05.315,47154,0.363,-0.051,-0.032,0.000,0.000,activeTracking,noEvent
6382,7,12,rld,14:59:05.356,47155,0.402,-0.051,-0.032,0.000,0.000,activeTracking,noEvent
6382,7,12,rld,14:59:05.391,47156,0.449,-0.051,-0.032,0.000,0.000,activeTracking,noEvent
6382,7,12,rld,14:59:05.448,47157,0.495,-0.051,-0.032,0.000,0.000,activeTracking,noEvent
6382,7,12,rld,14:59:05.509,47158,0.566,-0.051,-0.032,0.000,0.000,activeTracking,noEvent
6382,7,12,rld,14:59:05.645,47159,0.686,0.920,0.307,8.600,3.000,activeTracking,noEvent
6382,7,12,rld,14:59:05.844,47160,0.842,1.557,0.448,2.700,0.200,activeTracking,noEvent
6382,7,12,rld,14:59:05.966,47161,1.002,2.040,0.545,2.300,0.400,activeTracking,noEvent
6382,7,12,rld,14:59:06.075,47162,1.115,2.322,0.580,1.000,0.000,activeTracking,noEvent
6382,7,12,rld,14:59:06.162,47163,1.209,2.465,0.604,0.400,0.100,activeTracking,noEvent
6382,7,12,rld,14:59:06.247,47164,1.286,2.513,0.601,0.000,-0.100,activeTracking,noEvent
6382,7,12,rld,14:59:06.306,47165,1.356,2.529,0.576,0.000,-0.200,activeTracking,noEvent
6382,7,12,rld,14:59:06.399,47166,1.441,2.546,0.522,0.100,-0.400,activeTracking,noEvent
6382,7,12,rld,14:59:06.496,47167,1.539,2.612,0.434,0.500,-0.600,activeTracking,noEvent
6382,7,12,rld,14:59:06.595,47168,1.648,2.683,0.347,0.400,-0.500,onTarget,noEvent
6382,7,12,rld,14:59:06.681,47169,1.734,2.743,0.272,0.300,-0.400,onTarget,noEvent
6382,7,12,rld,14:59:06.859,47170,1.901,2.824,0.153,0.500,-0.800,onTarget,noEvent
6382,7,12,rld,14:59:06.964,47171,1.996,2.888,0.078,0.300,-0.300,onTarget,noEvent
6382,7,12,rld,14:59:07.035,47172,2.084,2.946,0.030,0.300,-0.200,onTarget,noEvent
6382,7,12,rld,14:59:07.102,47173,2.158,2.990,-0.009,0.200,-0.200,onTarget,noEvent
6382,7,12,rld,14:59:07.152,47174,2.203,3.005,-0.023,0.000,0.000,onTarget,noEvent
6382,7,12,rld,14:59:07.212,47175,2.266,3.009,-0.039,0.000,-0.100,onTarget,noEvent
6382,7,12,rld,14:59:07.319,47176,2.374,3.011,-0.044,0.000,0.000,onTarget,targetClick
6382,7,13,rld,14:59:09.874,47215,2.456,0.186,-0.016,0.000,0.000,waitingForTarget,middleTargetClick
6382,7,13,rld,14:59:09.927,47216,2.514,0.186,-0.016,0.000,0.000,waitingForTarget,noEvent
6382,7,13,rld,14:59:09.996,47217,2.587,0.186,-0.016,0.000,0.000,waitingForTarget,noEvent
6382,7,13,rld,14:59:10.046,47218,2.639,0.186,-0.016,0.000,0.000,waitingForTarget,noEvent
6382,7,13,rld,14:59:10.092,47219,2.681,0.186,-0.016,0.000,0.000,waitingForTarget,noEvent
6382,7,13,rld,14:59:10.139,47220,2.720,0.186,-0.016,0.000,0.000,waitingForTarget,noEvent
6382,7,13,rld,14:59:10.174,47221,2.757,0.186,-0.016,0.000,0.000,waitingForTarget,noEvent
6382,7,13,rld,14:59:10.221,47222,2.801,0.186,-0.016,0.000,0.000,waitingForTarget,noEvent
6382,7,13,rld,14:59:10.260,47223,2.841,0.186,-0.016,0.000,0.000,waitingForTarget,noEvent
6382,7,13,rld,14:59:10.295,47224,2.885,0.186,-0.016,0.000,0.000,waitingForTarget,noEvent
6382,7,13,rld,14:59:10.347,47225,0.052,0.186,-0.016,0.000,0.000,activeTracking,targetAppeared
6382,7,13,rld,14:59:10.386,47226,0.092,0.186,-0.016,0.000,0.000,activeTracking,noEvent
6382,7,13,rld,14:59:10.430,47227,0.127,0.186,-0.016,0.000,0.000,activeTracking,noEvent
6382,7,13,rld,14:59:10.474,47228,0.173,0.186,-0.016,0.000,0.000,activeTracking,noEvent
6382,7,13,rld,14:59:10.509,47229,0.217,0.186,-0.016,0.000,0.000,activeTracking,noEvent
6382,7,13,rld,14:59:10.546,47230,0.252,0.186,-0.016,0.000,0.000,activeTracking,noEvent
6382,7,13,rld,14:59:10.593,47231,0.302,0.186,-0.016,0.000,0.000,activeTracking,noEvent
6382,7,13,rld,14:59:10.625,47232,0.334,0.186,-0.016,0.000,0.000,activeTracking,noEvent
6382,7,13,rld,14:59:10.685,47233,0.386,0.186,-0.016,0.000,0.000,activeTracking,noEvent
6382,7,13,rld,14:59:10.714,47234,0.422,0.186,-0.016,0.000,0.000,activeTracking,noEvent
6382,7,13,rld,14:59:10.755,47235,0.463,0.186,-0.016,0.000,0.000,activeTracking,noEvent
6382,7,13,rld,14:59:10.806,47236,0.514,0.186,-0.016,0.000,0.000,activeTracking,noEvent
6382,7,13,rld,14:59:10.897,47237,0.592,0.186,-0.016,0.000,0.000,activeTracking,noEvent
6382,7,13,rld,14:59:10.955,47238,0.651,0.186,-0.016,0.000,0.000,activeTracking,noEvent
6382,7,13,rld,14:59:11.019,47239,0.707,0.186,-0.016,0.000,0.000,activeTracking,noEvent
6382,7,13,rld,14:59:11.244,47240,0.919,-0.920,0.041,-9.800,0.500,activeTracking,noEvent
6382,7,13,rld,14:59:11.357,47241,1.034,-1.649,0.050,-3.100,-0.100,activeTracking,noEvent
6382,7,13,rld,14:59:11.422,47242,1.129,-2.013,0.054,-1.000,0.000,activeTracking,noEvent
6382,7,13,rld,14:59:11.504,47243,1.182,-2.159,0.055,-0.200,0.000,activeTracking,noEvent
6382,7,13,rld,14:59:11.554,47244,1.254,-2.220,0.056,-0.100,0.000,activeTracking,noEvent
6382,7,13,rld,14:59:11.604,47245,1.306,-2.240,0.056,0.000,0.000,activeTracking,noEvent
6382,7,13,rld,14:59:11.667,47246,1.371,-2.247,0.056,0.000,0.000,activeTracking,noEvent
6382,7,13,rld,14:59:11.713,47247,1.420,-2.249,0.056,0.000,0.000,activeTracking,noEvent
6382,7,13,rld,14:59:11.761,47248,1.469,-2.250,0.056,0.000,0.000,activeTracking,noEvent
6382,7,13,rld,14:59:11.848,47249,1.547,-2.250,0.056,0.000,0.000,activeTracking,noEvent
6382,7,13,rld,14:59:11.889,47250,1.591,-2.250,0.056,0.000,0.000,activeTracking,noEvent
6382,7,13,rld,14:59:11.971,47251,1.667,-2.250,0.056,0.000,0.000,activeTracking,noEvent
6382,7,13,rld,14:59:12.022,47252,1.721,-2.250,0.056,0.000,0.000,activeTracking,noEvent
6382,7,13,rld,14:59:12.087,47253,1.783,-2.262,0.044,-0.100,-0.100,activeTracking,noEvent
6382,7,13,rld,14:59:12.146,47254,1.841,-2.278,0.041,-0.100,0.000,activeTracking,noEvent
6382,7,13,rld,14:59:12.210,47255,1.906,-2.307,0.039,-0.200,0.000,activeTracking,noEvent
6382,7,13,rld,14:59:12.274,47256,1.972,-2.329,0.039,-0.100,0.000,activeTracking,noEvent
6382,7,13,rld,14:59:12.325,47257,2.024,-2.348,0.039,-0.100,0.000,onTarget,noEvent
6382,7,13,rld,14:59:12.424,47258,2.118,-2.402,0.039,-0.400,0.000,onTarget,noEvent
6382,7,13,rld,14:59:12.486,47259,2.183,-2.444,0.039,-0.200,0.000,onTarget,noEvent
6382,7,13,rld,14:59:12.536,47260,2.237,-2.458,0.039,0.000,0.000,onTarget,noEvent
6382,7,13,rld,14:59:12.588,47261,2.291,-2.462,0.039,0.000,0.000,onTarget,noEvent
6382,7,13,rld,14:59:12.655,47262,2.351,-2.464,0.039,0.000,0.000,onTarget,noEvent
6382,7,13,rld,14:59:12.702,47263,2.403,-2.465,0.039,0.000,0.000,onTarget,noEvent
6382,7,13,rld,14:59:12.745,47264,2.451,-2.465,0.039,0.000,0.000,onTarget,noEvent
6382,7,13,rld,14:59:12.815,47265,2.522,-2.465,0.039,0.000,0.000,onTarget,noEvent
6382,7,13,rld,14:59:12.924,47266,2.616,-2.465,0.039,0.000,0.000,onTarget,noEvent
6382,7,13,rld,14:59:12.981,47267,2.676,-2.465,0.039,0.000,0.000,onTarget,noEvent
6382,7,13,rld,14:59:13.044,47268,2.751,-2.465,0.039,0.000,0.000,onTarget,noEvent
6382,7,13,rld,14:59:13.148,47269,2.835,-2.465,0.039,0.000,0.000,onTarget,noEvent
6382,7,13,rld,14:59:13.221,47270,2.917,-2.465,0.039,0.000,0.000,onTarget,targetClick
6382,7,14,rld,14:59:15.785,47308,2.988,0.034,-0.033,0.000,0.000,waitingForTarget,middleTargetClick
6382,7,14,rld,14:59:15.859,47309,3.059,0.034,-0.033,0.000,0.000,waitingForTarget,noEvent
6382,7,14,rld,14:59:15.906,47310,3.108,0.034,-0.032,0.000,0.000,waitingForTarget,noEvent
6382,7,14,rld,14:59:15.965,47311,3.170,0.034,-0.032,0.000,0.000,waitingForTarget,noEvent
6382,7,14,rld,14:59:16.013,47312,3.224,0.034,-0.032,0.000,0.000,waitingForTarget,noEvent
6382,7,14,rld,14:59:16.062,47313,3.261,0.034,-0.032,0.000,0.000,waitingForTarget,noEvent
6382,7,14,rld,14:59:16.103,47314,3.305,0.034,-0.032,0.000,0.000,waitingForTarget,noEvent
6382,7,14,rld,14:59:16.142,47315,3.354,0.034,-0.032,0.000,0.000,waitingForTarget,noEvent
6382,7,14,rld,14:59:16.179,47316,3.385,0.034,-0.032,0.000,0.000,waitingForTarget,noEvent
6382,7,14,rld,14:59:16.222,47317,3.433,0.034,-0.032,0.000,0.000,waitingForTarget,noEvent
6382,7,14,rld,14:59:16.261,47318,0.038,0.034,-0.032,0.000,0.000,activeTracking,targetAppeared
6382,7,14,rld,14:59:16.330,47319,0.096,0.034,-0.032,0.000,0.000,activeTracking,noEvent
6382,7,14,rld,14:59:16.407,47320,0.158,0.034,-0.032,0.000,0.000,activeTracking,noEvent
6382,7,14,rld,14:59:16.565,47321,0.335,0.733,0.081,6.200,1.000,activeTracking,noEvent
6382,7,14,rld,14:59:16.656,47322,0.420,1.047,0.119,0.700,0.000,activeTracking,noEvent
6382,7,14,rld,14:59:16.736,47323,0.501,1.243,0.132,0.800,0.000,activeTracking,noEvent
6382,7,14,rld,14:59:16.793,47324,0.567,1.320,0.136,0.100,0.000,activeTracking,noEvent
6382,7,14,rld,14:59:16.864,47325,0.636,1.346,0.138,0.000,0.000,activeTracking,noEvent
6382,7,14,rld,14:59:16.937,47326,0.708,1.343,0.138,-0.100,0.000,activeTracking,noEvent
6382,7,14,rld,14:59:17.163,47327,0.908,0.920,0.183,-3.700,0.400,activeTracking,noEvent
6382,7,14,rld,14:59:17.327,47328,1.034,-0.957,0.107,-15.400,-0.800,activeTracking,noEvent
6382,7,14,rld,14:59:17.405,47329,1.168,-2.000,-0.007,-3.500,-0.800,activeTracking,noEvent
6382,7,14,rld,14:59:17.460,47330,1.234,-2.392,-0.045,-0.300,0.000,onTarget,noEvent
6382,7,14,rld,14:59:17.522,47331,1.296,-2.549,-0.058,-0.200,0.000,onTarget,noEvent
6382,7,14,rld,14:59:17.589,47332,1.365,-2.613,-0.063,-0.100,0.000,onTarget,noEvent
6382,7,14,rld,14:59:17.632,47333,1.408,-2.635,-0.064,0.000,0.000,onTarget,noEvent
6382,7,14,rld,14:59:17.693,47334,1.466,-2.642,-0.065,0.000,0.000,onTarget,noEvent
6382,7,14,rld,14:59:17.755,47335,1.526,-2.644,-0.065,0.000,0.000,onTarget,noEvent
6382,7,14,rld,14:59:17.795,47336,1.574,-2.645,-0.065,0.000,0.000,onTarget,noEvent
6382,7,14,rld,14:59:17.863,47337,1.636,-2.645,-0.053,0.000,0.100,onTarget,noEvent
6382,7,14,rld,14:59:17.944,47338,1.706,-2.609,-0.026,0.300,0.200,onTarget,noEvent
6382,7,14,rld,14:59:18.035,47339,1.807,-2.573,0.006,0.200,0.200,onTarget,noEvent
6382,7,14,rld,14:59:18.097,47340,1.876,-2.549,0.040,0.100,0.200,onTarget,noEvent
6382,7,14,rld,14:59:18.161,47341,1.937,-2.553,0.063,-0.100,0.100,onTarget,noEvent
6382,7,14,rld,14:59:18.237,47342,2.010,-2.578,0.094,-0.200,0.200,onTarget,noEvent
6382,7,14,rld,14:59:18.280,47343,2.056,-2.587,0.105,0.000,0.000,onTarget,noEvent
6382,7,14,rld,14:59:18.339,47344,2.115,-2.590,0.096,0.000,-0.100,onTarget,noEvent
6382,7,14,rld,14:59:18.375,47345,2.145,-2.591,0.094,0.000,0.000,onTarget,noEvent
6382,7,14,rld,14:59:18.472,47346,2.238,-2.591,0.093,0.000,0.000,onTarget,targetClick
6382,7,15,rld,14:59:20.314,47372,2.308,0.135,0.153,0.000,0.000,waitingForTarget,middleTargetClick
6382,7,15,rld,14:59:20.372,47373,2.371,0.135,0.153,0.000,0.000,waitingForTarget,noEvent
6382,7,15,rld,14:59:20.457,47374,2.461,0.135,0.153,0.000,0.000,waitingForTarget,noEvent
6382,7,15,rld,14:59:20.492,47375,2.495,0.135,0.153,0.000,0.000,waitingForTarget,noEvent
6382,7,15,rld,14:59:20.536,47376,2.534,0.135,0.153,0.000,0.000,waitingForTarget,noEvent
6382,7,15,rld,14:59:20.582,47377,2.572,0.135,0.153,0.000,0.000,waitingForTarget,noEvent
6382,7,15,rld,14:59:20.622,47378,2.619,0.135,0.153,0.000,0.000,waitingForTarget,noEvent
6382,7,15,rld,14:59:20.670,47379,2.671,0.135,0.153,0.000,0.000,waitingForTarget,noEvent
6382,7,15,rld,14:59:20.703,47380,2.705,0.135,0.153,0.000,0.000,waitingForTarget,noEvent
6382,7,15,rld,14:59:20.759,47381,2.751,0.135,0.153,0.000,0.000,waitingForTarget,noEvent
6382,7,15,rld,14:59:20.824,47382,0.070,0.135,0.153,0.000,0.000,activeTracking,targetAppeared
6382,7,15,rld,14:59:20.872,47383,0.118,0.135,0.153,0.000,0.000,activeTracking,noEvent
6382,7,15,rld,14:59:20.917,47384,0.167,0.135,0.153,0.000,0.000,activeTracking,noEvent
6382,7,15,rld,14:59:20.956,47385,0.201,0.135,0.153,0.000,0.000,activeTracking,noEvent
6382,7,15,rld,14:59:20.995,47386,0.240,0.135,0.153,0.000,0.000,activeTracking,noEvent
6382,7,15,rld,14:59:21.041,47387,0.282,0.135,0.153,0.000,0.000,activeTracking,noEvent
6382,7,15,rld,14:59:21.089,47388,0.329,0.135,0.153,0.000,0.000,activeTracking,noEvent
6382,7,15,rld,14:59:21.131,47389,0.376,0.135,0.153,0.000,0.000,activeTracking,noEvent
6382,7,15,rld,14:59:21.185,47390,0.427,0.135,0.153,0.000,0.000,activeTracking,noEvent
6382,7,15,rld,14:59:21.226,47391,0.481,0.135,0.153,0.000,0.000,activeTracking,noEvent
6382,7,15,rld,14:59:21.273,47392,0.516,0.135,0.153,0.000,0.000,activeTracking,noEvent
6382,7,15,rld,14:59:21.315,47393,0.559,0.135,0.153,0.000,0.000,activeTracking,noEvent
6382,7,15,rld,14:59:21.363,47394,0.611,0.135,0.153,0.000,0.000,activeTracking,noEvent
6382,7,15,rld,14:59:21.415,47395,0.663,0.135,0.153,0.000,0.000,activeTracking,noEvent
6382,7,15,rld,14:59:21.574,47396,0.818,0.699,0.120,5.000,-0.300,activeTracking,noEvent
6382,7,15,rld,14:59:21.628,47397,0.875,0.933,0.109,0.400,0.000,activeTracking,noEvent
6382,7,15,rld,14:59:21.791,47398,0.997,1.091,0.106,0.700,0.000,activeTracking,noEvent
6382,7,15,rld,14:59:21.926,47399,1.153,1.373,0.105,2.000,0.000,activeTracking,noEvent
6382,7,15,rld,14:59:22.060,47400,1.303,1.594,0.106,1.100,0.000,activeTracking,noEvent
6382,7,15,rld,14:59:22.203,47401,1.450,2.041,0.176,3.200,0.600,activeTracking,noEvent
6382,7,15,rld,14:59:22.287,47402,1.525,2.323,0.213,1.100,0.100,activeTracking,noEvent
6382,7,15,rld,14:59:22.412,47403,1.635,2.525,0.226,0.900,0.000,onTarget,noEvent
6382,7,15,rld,14:59:22.524,47404,1.750,2.787,0.244,1.600,0.100,onTarget,noEvent
6382,7,15,rld,14:59:22.662,47405,1.873,3.122,0.288,2.000,0.300,activeTracking,noEvent
6382,7,15,rld,14:59:22.726,47406,1.970,3.323,0.316,0.700,0.100,activeTracking,noEvent
6382,7,15,rld,14:59:22.790,47407,2.041,3.428,0.326,0.300,0.000,activeTracking,noEvent
6382,7,15,rld,14:59:22.837,47408,2.088,3.464,0.329,0.000,0.000,activeTracking,noEvent
6382,7,15,rld,14:59:22.914,47409,2.164,3.476,0.306,0.000,-0.200,activeTracking,noEvent
6382,7,15,rld,14:59:22.979,47410,2.231,3.479,0.287,0.000,-0.100,activeTracking,noEvent
6382,7,15,rld,14:59:23.056,47411,2.300,3.481,0.256,0.000,-0.200,activeTracking,noEvent
6382,7,15,rld,14:59:23.120,47412,2.369,3.481,0.210,0.000,-0.300,activeTracking,noEvent
6382,7,15,rld,14:59:23.179,47413,2.431,3.469,0.183,-0.100,-0.100,activeTracking,noEvent
6382,7,15,rld,14:59:23.254,47414,2.494,3.439,0.149,-0.200,-0.200,activeTracking,noEvent
6382,7,15,rld,14:59:23.364,47415,2.610,3.366,0.102,-0.500,-0.300,activeTracking,noEvent
6382,7,15,rld,14:59:23.446,47416,2.694,3.266,0.074,-0.600,-0.100,activeTracking,noEvent
6382,7,15,rld,14:59:23.528,47417,2.768,3.183,0.064,-0.400,0.000,activeTracking,noEvent
6382,7,15,rld,14:59:23.704,47418,2.912,2.995,0.061,-1.300,0.000,onTarget,noEvent
6382,7,15,rld,14:59:23.854,47419,3.094,2.676,0.035,-2.100,-0.200,onTarget,noEvent
6382,7,15,rld,14:59:23.930,47420,3.167,2.523,0.026,-0.400,0.000,onTarget,noEvent
6382,7,15,rld,14:59:24.044,47421,3.267,2.436,0.023,-0.300,0.000,onTarget,noEvent
6382,7,15,rld,14:59:24.128,47422,3.372,2.407,0.034,0.000,0.100,onTarget,targetClick
6382,7,16,rld,14:59:27.308,47469,3.441,-0.085,-0.133,0.000,0.000,waitingForTarget,middleTargetClick
6382,7,16,rld,14:59:27.364,47470,3.493,-0.085,-0.134,0.000,0.000,waitingForTarget,noEvent
6382,7,16,rld,14:59:27.410,47471,3.553,-0.084,-0.134,0.000,0.000,waitingForTarget,noEvent
6382,7,16,rld,14:59:27.476,47472,3.592,-0.084,-0.134,0.000,0.000,waitingForTarget,noEvent
6382,7,16,rld,14:59:27.510,47473,3.655,-0.084,-0.134,0.000,0.000,waitingForTarget,noEvent
6382,7,16,rld,14:59:27.547,47474,3.682,-0.084,-0.134,0.000,0.000,waitingForTarget,noEvent
6382,7,16,rld,14:59:27.570,47475,3.716,-0.084,-0.134,0.000,0.000,waitingForTarget,noEvent
6382,7,16,rld,14:59:27.596,47476,3.741,-0.084,-0.134,0.000,0.000,waitingForTarget,noEvent
6382,7,16,rld,14:59:27.674,47477,3.812,-0.084,-0.134,0.000,0.000,waitingForTarget,noEvent
6382,7,16,rld,14:59:27.717,47478,3.861,-0.084,-0.134,0.000,0.000,waitingForTarget,noEvent
6382,7,16,rld,14:59:27.786,47479,0.059,-0.084,-0.134,0.000,0.000,activeTracking,targetAppeared
6382,7,16,rld,14:59:27.868,47480,0.148,-0.084,-0.134,0.000,0.000,activeTracking,noEvent
6382,7,16,rld,14:59:27.884,47481,0.167,-0.084,-0.134,0.000,0.000,activeTracking,noEvent
6382,7,16,rld,14:59:27.936,47482,0.219,-0.084,-0.134,0.000,0.000,activeTracking,noEvent
6382,7,16,rld,14:59:27.962,47483,0.244,-0.084,-0.134,0.000,0.000,activeTracking,noEvent
6382,7,16,rld,14:59:28.040,47484,0.314,-0.084,-0.134,0.000,0.000,activeTracking,noEvent
6382,7,16,rld,14:59:28.088,47485,0.363,-0.084,-0.134,0.000,0.000,activeTracking,noEvent
6382,7,16,rld,14:59:28.154,47486,0.425,-0.084,-0.134,0.000,0.000,activeTracking,noEvent
6382,7,16,rld,14:59:28.213,47487,0.496,-0.084,-0.134,0.000,0.000,activeTracking,noEvent
6382,7,16,rld,14:59:28.293,47488,0.575,-0.129,-0.156,-0.400,-0.200,activeTracking,noEvent
6382,7,16,rld,14:59:28.347,47489,0.625,-0.156,-0.164,-0.100,0.000,activeTracking,noEvent
6382,7,16,rld,14:59:28.395,47490,0.673,-0.164,-0.166,0.000,0.000,activeTracking,noEvent
6382,7,16,rld,14:59:28.472,47491,0.746,-0.145,-0.167,0.200,0.000,activeTracking,noEvent
6382,7,16,rld,14:59:28.574,47492,0.841,-0.048,-0.190,0.800,-0.200,activeTracking,noEvent
6382,7,16,rld,14:59:28.706,47493,0.942,0.637,-0.074,5.800,1.100,activeTracking,noEvent
6382,7,16,rld,14:59:28.902,47494,1.181,1.461,0.068,5.200,0.900,activeTracking,noEvent
6382,7,16,rld,14:59:28.961,47495,1.241,1.809,0.117,0.600,0.000,activeTracking,noEvent
6382,7,16,rld,14:59:29.034,47496,1.313,1.961,0.133,0.300,0.000,activeTracking,noEvent
6382,7,16,rld,14:59:29.095,47497,1.374,2.012,0.139,0.000,0.000,activeTracking,noEvent
6382,7,16,rld,14:59:29.147,47498,1.431,2.029,0.141,0.000,0.000,activeTracking,noEvent
6382,7,16,rld,14:59:29.216,47499,1.490,2.035,0.141,0.000,0.000,activeTracking,noEvent
6382,7,16,rld,14:59:29.262,47500,1.539,2.037,0.141,0.000,0.000,activeTracking,noEvent
6382,7,16,rld,14:59:29.310,47501,1.594,2.037,0.141,0.000,0.000,activeTracking,noEvent
6382,7,16,rld,14:59:29.362,47502,1.645,2.038,0.142,0.000,0.000,activeTracking,noEvent
6382,7,16,rld,14:59:29.429,47503,1.709,2.038,0.142,0.000,0.000,activeTracking,noEvent
6382,7,16,rld,14:59:29.485,47504,1.759,2.038,0.142,0.000,0.000,activeTracking,noEvent
6382,7,16,rld,14:59:29.529,47505,1.807,2.038,0.142,0.000,0.000,activeTracking,noEvent
6382,7,16,rld,14:59:29.622,47506,1.900,2.108,0.142,0.600,0.000,activeTracking,noEvent
6382,7,16,rld,14:59:29.667,47507,1.941,2.132,0.142,0.000,0.000,activeTracking,noEvent
6382,7,16,rld,14:59:29.706,47508,1.980,2.140,0.142,0.000,0.000,activeTracking,noEvent
6382,7,16,rld,14:59:29.746,47509,2.023,2.142,0.142,0.000,0.000,activeTracking,noEvent
6382,7,16,rld,14:59:29.793,47510,2.077,2.143,0.142,0.000,0.000,activeTracking,noEvent
6382,7,16,rld,14:59:29.852,47511,2.128,2.144,0.142,0.000,0.000,activeTracking,noEvent
6382,7,16,rld,14:59:29.896,47512,2.178,2.144,0.142,0.000,0.000,activeTracking,noEvent
6382,7,16,rld,14:59:29.931,47513,2.213,2.144,0.142,0.000,0.000,activeTracking,noEvent
6382,7,16,rld,14:59:30.006,47514,2.277,2.144,0.142,0.000,0.000,activeTracking,noEvent
6382,7,16,rld,14:59:30.055,47515,2.332,2.144,0.142,0.000,0.000,activeTracking,noEvent
6382,7,16,rld,14:59:30.110,47516,2.381,2.144,0.142,0.000,0.000,activeTracking,noEvent
6382,7,16,rld,14:59:30.274,47517,2.530,2.465,0.144,2.700,0.000,onTarget,noEvent
6382,7,16,rld,14:59:30.446,47518,2.725,2.828,0.123,2.100,-0.200,onTarget,noEvent
6382,7,16,rld,14:59:30.505,47519,2.779,3.000,0.116,0.400,0.000,onTarget,noEvent
6382,7,16,rld,14:59:30.577,47520,2.850,3.070,0.114,0.100,0.000,activeTracking,noEvent
6382,7,16,rld,14:59:30.645,47521,2.921,3.118,0.113,0.200,0.000,activeTracking,noEvent
6382,7,16,rld,14:59:30.731,47522,3.012,3.159,0.113,0.200,0.000,activeTracking,noEvent
6382,7,16,rld,14:59:30.796,47523,3.079,3.185,0.113,0.100,0.000,activeTracking,noEvent
6382,7,16,rld,14:59:30.855,47524,3.133,3.194,0.113,0.000,0.000,activeTracking,noEvent
6382,7,16,rld,14:59:30.923,47525,3.191,3.197,0.113,0.000,0.000,activeTracking,noEvent
6382,7,16,rld,14:59:31.061,47526,3.295,3.160,0.089,-0.300,-0.200,activeTracking,noEvent
6382,7,16,rld,14:59:31.170,47527,3.431,3.012,0.057,-1.100,-0.200,onTarget,noEvent
6382,7,16,rld,14:59:31.243,47528,3.515,2.901,0.046,-0.500,0.000,onTarget,noEvent
6382,7,16,rld,14:59:31.341,47529,3.617,2.803,0.042,-0.500,0.000,onTarget,noEvent
6382,7,16,rld,14:59:31.427,47530,3.694,2.722,0.041,-0.400,0.000,onTarget,noEvent
6382,7,16,rld,14:59:31.479,47531,3.761,2.671,0.040,-0.200,0.000,onTarget,noEvent
6382,7,16,rld,14:59:31.542,47532,3.812,2.642,0.040,-0.100,0.000,onTarget,noEvent
6382,7,16,rld,14:59:31.595,47533,3.872,2.632,0.063,0.000,0.200,onTarget,noEvent
6382,7,16,rld,14:59:31.674,47534,3.948,2.653,0.083,0.200,0.100,onTarget,noEvent
6382,7,16,rld,14:59:31.725,47535,3.998,2.660,0.089,0.000,0.000,onTarget,noEvent
6382,7,17,rld,14:59:35.411,47595,0.061,0.068,0.238,0.000,0.000,activeTracking,targetAppeared
6382,7,17,rld,14:59:35.459,47596,0.109,0.068,0.238,0.000,0.000,activeTracking,noEvent
6382,7,17,rld,14:59:35.496,47597,0.143,0.068,0.238,0.000,0.000,activeTracking,noEvent
6382,7,17,rld,14:59:35.522,47598,0.173,0.068,0.238,0.000,0.000,activeTracking,noEvent
6382,7,17,rld,14:59:35.559,47599,0.206,0.068,0.238,0.000,0.000,activeTracking,noEvent
6382,7,17,rld,14:59:35.591,47600,0.241,0.068,0.238,0.000,0.000,activeTracking,noEvent
6382,7,17,rld,14:59:35.629,47601,0.280,0.068,0.238,0.000,0.000,activeTracking,noEvent
6382,7,17,rld,14:59:35.666,47602,0.316,0.068,0.238,0.000,0.000,activeTracking,noEvent
6382,7,17,rld,14:59:35.712,47603,0.361,0.068,0.238,0.000,0.000,activeTracking,noEvent
6382,7,17,rld,14:59:35.756,47604,0.407,0.068,0.238,0.000,0.000,activeTracking,noEvent
6382,7,17,rld,14:59:35.880,47605,0.494,0.068,0.238,0.000,0.000,activeTracking,noEvent
6382,7,17,rld,14:59:36.043,47606,0.625,0.248,0.249,1.600,0.100,activeTracking,noEvent
6382,7,17,rld,14:59:36.153,47607,0.776,1.168,0.323,7.600,0.600,activeTracking,noEvent
6382,7,17,rld,14:59:36.234,47608,0.860,1.525,0.350,0.400,0.000,activeTracking,noEvent
6382,7,17,rld,14:59:36.319,47609,0.961,1.808,0.360,1.400,0.000,activeTracking,noEvent
6382,7,17,rld,14:59:36.440,47610,1.064,2.019,0.365,1.000,0.000,activeTracking,noEvent
6382,7,17,rld,14:59:36.553,47611,1.177,2.268,0.380,1.500,0.100,activeTracking,noEvent
6382,7,17,rld,14:59:36.617,47612,1.254,2.411,0.385,0.500,0.000,activeTracking,noEvent
6382,7,17,rld,14:59:36.661,47613,1.311,2.471,0.387,0.100,0.000,activeTracking,noEvent
6382,7,17,rld,14:59:36.711,47614,1.361,2.491,0.377,0.000,-0.100,activeTracking,noEvent
6382,7,17,rld,14:59:36.863,47615,1.496,2.666,0.293,1.400,-0.700,onTarget,noEvent
6382,7,17,rld,14:59:36.945,47616,1.594,2.798,0.219,0.600,-0.400,onTarget,noEvent
6382,7,17,rld,14:59:37.017,47617,1.659,2.867,0.171,0.200,-0.200,onTarget,noEvent
6382,7,17,rld,14:59:37.076,47618,1.722,2.890,0.131,0.000,-0.200,onTarget,noEvent
6382,7,17,rld,14:59:37.157,47619,1.800,2.897,0.095,0.000,-0.200,onTarget,noEvent
6382,7,17,rld,14:59:37.204,47620,1.848,2.900,0.082,0.000,0.000,onTarget,noEvent
6382,7,17,rld,14:59:37.270,47621,1.920,2.901,0.055,0.000,-0.200,onTarget,noEvent
6382,7,17,rld,14:59:37.367,47622,2.007,2.901,-0.001,0.000,-0.400,onTarget,noEvent
6382,7,17,rld,14:59:37.437,47623,2.086,2.901,-0.044,0.000,-0.200,onTarget,noEvent
6382,7,17,rld,14:59:37.491,47624,2.138,2.889,-0.058,-0.100,0.000,onTarget,noEvent
6382,7,17,rld,14:59:37.550,47625,2.199,2.860,-0.074,-0.200,-0.100,onTarget,noEvent
6382,7,17,rld,14:59:37.594,47626,2.244,2.851,-0.080,0.000,0.000,onTarget,noEvent
6382,7,17,rld,14:59:37.659,47627,2.294,2.848,-0.081,0.000,0.000,onTarget,noEvent
6382,7,17,rld,14:59:37.705,47628,2.348,2.847,-0.082,0.000,0.000,onTarget,noEvent
6382,7,17,rld,14:59:37.791,47629,2.436,2.846,-0.082,0.000,0.000,onTarget,targetClick
6382,7,18,rld,14:59:40.764,47671,2.535,0.033,0.089,0.000,0.000,waitingForTarget,middleTargetClick
6382,7,18,rld,14:59:40.881,47672,2.647,0.034,0.087,0.000,0.000,waitingForTarget,noEvent
6382,7,18,rld,14:59:40.934,47673,2.705,0.034,0.086,0.000,0.000,waitingForTarget,noEvent
6382,7,18,rld,14:59:40.975,47674,2.747,0.034,0.086,0.000,0.000,waitingForTarget,noEvent
6382,7,18,rld,14:59:41.013,47675,2.786,0.034,0.086,0.000,0.000,waitingForTarget,noEvent
6382,7,18,rld,14:59:41.062,47676,2.839,0.034,0.086,0.000,0.000,waitingForTarget,noEvent
6382,7,18,rld,14:59:41.124,47677,2.890,0.034,0.086,0.000,0.000,waitingForTarget,noEvent
6382,7,18,rld,14:59:41.176,47678,2.941,0.034,0.086,0.000,0.000,waitingForTarget,noEvent
6382,7,18,rld,14:59:41.224,47679,0.046,0.034,0.086,0.000,0.000,activeTracking,targetAppeared
6382,7,18,rld,14:59:41.275,47680,0.102,0.034,0.086,0.000,0.000,activeTracking,noEvent
6382,7,18,rld,14:59:41.330,47681,0.159,0.034,0.086,0.000,0.000,activeTracking,noEvent
6382,7,18,rld,14:59:41.380,47682,0.210,0.034,0.086,0.000,0.000,activeTracking,noEvent
6382,7,18,rld,14:59:41.426,47683,0.263,0.034,0.086,0.000,0.000,activeTracking,noEvent
6382,7,18,rld,14:59:41.479,47684,0.300,0.034,0.086,0.000,0.000,activeTracking,noEvent
6382,7,18,rld,14:59:41.524,47685,0.350,0.034,0.086,0.000,0.000,activeTracking,noEvent
6382,7,18,rld,14:59:41.569,47686,0.385,0.034,0.086,0.000,0.000,activeTracking,noEvent
6382,7,18,rld,14:59:41.622,47687,0.444,0.034,0.086,0.000,0.000,activeTracking,noEvent
6382,7,18,rld,14:59:41.676,47688,0.512,0.034,0.086,0.000,0.000,activeTracking,noEvent
6382,7,18,rld,14:59:41.740,47689,0.564,0.034,0.086,0.000,0.000,activeTracking,noEvent
6382,7,18,rld,14:59:41.929,47690,0.744,-1.085,0.336,-9.900,2.200,activeTracking,noEvent
6382,7,18,rld,14:59:42.077,47691,0.899,-1.856,0.426,-3.400,0.000,activeTracking,noEvent
6382,7,18,rld,14:59:42.130,47692,0.963,-2.201,0.446,-0.700,-0.100,activeTracking,noEvent
6382,7,18,rld,14:59:42.194,47693,1.030,-2.317,0.453,0.000,0.000,activeTracking,noEvent
6382,7,18,rld,14:59:42.255,47694,1.079,-2.356,0.456,0.000,0.000,activeTracking,noEvent
6382,7,18,rld,14:59:42.306,47695,1.126,-2.369,0.456,0.000,0.000,activeTracking,noEvent
6382,7,18,rld,14:59:42.361,47696,1.183,-2.373,0.457,0.000,0.000,activeTracking,noEvent
6382,7,18,rld,14:59:42.416,47697,1.241,-2.374,0.457,0.000,0.000,activeTracking,noEvent
6382,7,18,rld,14:59:42.463,47698,1.295,-2.375,0.457,0.000,0.000,activeTracking,noEvent
6382,7,18,rld,14:59:42.512,47699,1.345,-2.375,0.457,0.000,0.000,activeTracking,noEvent
6382,7,18,rld,14:59:42.572,47700,1.399,-2.375,0.457,0.000,0.000,activeTracking,noEvent
6382,7,18,rld,14:59:42.655,47701,1.465,-2.375,0.433,0.000,-0.200,activeTracking,noEvent
6382,7,18,rld,14:59:42.747,47702,1.564,-2.339,0.367,0.300,-0.500,activeTracking,noEvent
6382,7,18,rld,14:59:42.926,47703,1.702,-2.327,0.218,0.000,-1.100,activeTracking,noEvent
6382,7,18,rld,14:59:43.027,47704,1.842,-2.419,0.018,-0.800,-1.300,onTarget,noEvent
6382,7,18,rld,14:59:43.119,47705,1.949,-2.509,-0.072,-0.500,-0.200,onTarget,noEvent
6382,7,18,rld,14:59:43.191,47706,2.025,-2.564,-0.114,-0.200,-0.100,onTarget,noEvent
6382,7,18,rld,14:59:43.261,47707,2.090,-2.594,-0.140,-0.100,-0.100,onTarget,noEvent
6382,7,18,rld,14:59:43.340,47708,2.172,-2.616,-0.183,-0.100,-0.300,onTarget,noEvent
6382,7,18,rld,14:59:43.402,47709,2.226,-2.648,-0.233,-0.200,-0.300,onTarget,noEvent
6382,7,18,rld,14:59:43.461,47710,2.294,-2.682,-0.249,-0.200,0.000,onTarget,noEvent
6382,7,18,rld,14:59:43.567,47711,2.373,-2.730,-0.232,-0.300,0.200,onTarget,noEvent
6382,7,18,rld,14:59:43.624,47712,2.444,-2.759,-0.179,-0.100,0.400,onTarget,noEvent
6382,7,18,rld,14:59:43.691,47713,2.522,-2.768,-0.138,0.000,0.200,onTarget,noEvent
6382,7,18,rld,14:59:43.743,47714,2.574,-2.771,-0.113,0.000,0.100,onTarget,noEvent
6382,7,18,rld,14:59:43.842,47715,2.664,-2.772,-0.081,0.000,0.200,onTarget,noEvent
6382,7,18,rld,14:59:43.905,47716,2.731,-2.773,-0.047,0.000,0.200,onTarget,noEvent
6382,7,18,rld,14:59:43.985,47717,2.817,-2.761,-0.012,0.100,0.200,onTarget,targetClick
6382,7,19,rld,14:59:46.863,47758,2.912,0.085,-0.016,0.000,0.000,waitingForTarget,middleTargetClick
6382,7,19,rld,14:59:46.906,47759,2.961,0.085,-0.016,0.000,0.000,waitingForTarget,noEvent
6382,7,19,rld,14:59:46.958,47760,3.011,0.085,-0.016,0.000,0.000,waitingForTarget,noEvent
6382,7,19,rld,14:59:47.017,47761,3.073,0.084,-0.016,0.000,0.000,waitingForTarget,noEvent
6382,7,19,rld,14:59:47.052,47762,3.104,0.084,-0.016,0.000,0.000,waitingForTarget,noEvent
6382,7,19,rld,14:59:47.095,47763,3.149,0.084,-0.016,0.000,0.000,waitingForTarget,noEvent
6382,7,19,rld,14:59:47.142,47764,3.198,0.084,-0.016,0.000,0.000,waitingForTarget,noEvent
6382,7,19,rld,14:59:47.196,47765,3.232,0.084,-0.016,0.000,0.000,waitingForTarget,noEvent
6382,7,19,rld,14:59:47.244,47766,3.296,0.084,-0.016,0.000,0.000,waitingForTarget,noEvent
6382,7,19,rld,14:59:47.280,47767,3.336,0.084,-0.016,0.000,0.000,waitingForTarget,noEvent
6382,7,19,rld,14:59:47.322,47768,0.036,0.084,-0.016,0.000,0.000,activeTracking,targetAppeared
6382,7,19,rld,14:59:47.361,47769,0.083,0.084,-0.016,0.000,0.000,activeTracking,noEvent
6382,7,19,rld,14:59:47.413,47770,0.127,0.084,-0.016,0.000,0.000,activeTracking,noEvent
6382,7,19,rld,14:59:47.462,47771,0.179,0.084,-0.016,0.000,0.000,activeTracking,noEvent
6382,7,19,rld,14:59:47.511,47772,0.225,0.084,-0.016,0.000,0.000,activeTracking,noEvent
6382,7,19,rld,14:59:47.557,47773,0.269,0.084,-0.016,0.000,0.000,activeTracking,noEvent
6382,7,19,rld,14:59:47.605,47774,0.315,0.084,-0.016,0.000,0.000,activeTracking,noEvent
6382,7,19,rld,14:59:47.646,47775,0.365,0.084,-0.016,0.000,0.000,activeTracking,noEvent
6382,7,19,rld,14:59:47.690,47776,0.401,0.084,-0.016,0.000,0.000,activeTracking,noEvent
6382,7,19,rld,14:59:47.761,47777,0.466,0.084,-0.016,0.000,0.000,activeTracking,noEvent
6382,7,19,rld,14:59:47.827,47778,0.549,0.084,-0.016,0.000,0.000,activeTracking,noEvent
6382,7,19,rld,14:59:48.007,47779,0.710,1.723,0.432,14.400,3.900,activeTracking,noEvent
6382,7,19,rld,14:59:48.083,47780,0.794,2.405,0.603,1.000,0.100,activeTracking,noEvent
6382,7,19,rld,14:59:48.146,47781,0.867,2.674,0.662,0.300,0.000,activeTracking,noEvent
6382,7,19,rld,14:59:48.245,47782,0.947,2.862,0.696,0.800,0.100,activeTracking,noEvent
6382,7,19,rld,14:59:48.377,47783,1.078,3.122,0.748,1.600,0.300,activeTracking,noEvent
6382,7,19,rld,14:59:48.475,47784,1.190,3.373,0.794,1.300,0.200,activeTracking,noEvent
6382,7,19,rld,14:59:48.540,47785,1.259,3.471,0.810,0.100,0.000,activeTracking,noEvent
6382,7,19,rld,14:59:48.617,47786,1.316,3.503,0.792,0.000,-0.200,activeTracking,noEvent
6382,7,19,rld,14:59:48.716,47787,1.416,3.514,0.725,0.000,-0.500,activeTracking,noEvent
6382,7,19,rld,14:59:48.842,47788,1.552,3.404,0.556,-0.900,-1.200,activeTracking,noEvent
6382,7,19,rld,14:59:48.971,47789,1.660,3.304,0.463,-0.500,-0.300,activeTracking,noEvent
6382,7,19,rld,14:59:49.056,47790,1.765,3.146,0.371,-1.000,-0.500,activeTracking,noEvent
6382,7,19,rld,14:59:49.255,47791,1.933,2.909,0.244,-1.500,-0.800,onTarget,noEvent
6382,7,19,rld,14:59:49.356,47792,2.068,2.745,0.166,-0.700,-0.300,onTarget,noEvent
6382,7,19,rld,14:59:49.456,47793,2.170,2.582,0.116,-0.900,-0.200,onTarget,noEvent
6382,7,19,rld,14:59:49.511,47794,2.232,2.480,0.100,-0.400,0.000,onTarget,noEvent
6382,7,19,rld,14:59:49.569,47795,2.289,2.422,0.094,-0.200,0.000,onTarget,noEvent
6382,7,19,rld,14:59:49.617,47796,2.337,2.403,0.092,0.000,0.000,onTarget,noEvent
6382,7,19,rld,14:59:49.671,47797,2.389,2.396,0.092,0.000,0.000,onTarget,noEvent
6382,7,19,rld,14:59:49.727,47798,2.445,2.394,0.091,0.000,0.000,onTarget,noEvent
6382,7,19,rld,14:59:49.813,47799,2.531,2.405,0.103,0.100,0.100,onTarget,noEvent
6382,7,19,rld,14:59:49.886,47800,2.600,2.421,0.118,0.100,0.100,onTarget,noEvent
6382,7,19,rld,14:59:49.938,47801,2.651,2.438,0.124,0.100,0.000,onTarget,noEvent
6382,7,19,rld,14:59:49.978,47802,2.698,2.444,0.125,0.000,0.000,onTarget,noEvent
6382,7,19,rld,14:59:50.059,47803,2.770,2.446,0.126,0.000,0.000,onTarget,targetClick
6382,7,20,rld,14:59:53.741,47862,2.828,0.084,0.237,0.000,0.000,waitingForTarget,middleTargetClick
6382,7,20,rld,14:59:53.795,47863,2.880,0.084,0.238,0.000,0.000,waitingForTarget,noEvent
6382,7,20,rld,14:59:53.874,47864,2.958,0.084,0.238,0.000,0.000,waitingForTarget,noEvent
6382,7,20,rld,14:59:53.928,47865,3.029,0.084,0.238,0.000,0.000,waitingForTarget,noEvent
6382,7,20,rld,14:59:53.970,47866,3.063,0.084,0.238,0.000,0.000,waitingForTarget,noEvent
6382,7,20,rld,14:59:54.011,47867,3.104,0.084,0.238,0.000,0.000,waitingForTarget,noEvent
6382,7,20,rld,14:59:54.045,47868,3.140,0.084,0.238,0.000,0.000,waitingForTarget,noEvent
6382,7,20,rld,14:59:54.079,47869,3.181,0.084,0.238,0.000,0.000,waitingForTarget,noEvent
6382,7,20,rld,14:59:54.134,47870,3.229,0.084,0.238,0.000,0.000,waitingForTarget,noEvent
6382,7,20,rld,14:59:54.180,47871,0.043,0.084,0.238,0.000,0.000,activeTracking,targetAppeared
6382,7,20,rld,14:59:54.235,47872,0.101,0.084,0.238,0.000,0.000,activeTracking,noEvent
6382,7,20,rld,14:59:54.279,47873,0.151,0.084,0.238,0.000,0.000,activeTracking,noEvent
6382,7,20,rld,14:59:54.311,47874,0.180,0.084,0.238,0.000,0.000,activeTracking,noEvent
6382,7,20,rld,14:59:54.378,47875,0.250,0.084,0.238,0.000,0.000,activeTracking,noEvent
6382,7,20,rld,14:59:54.433,47876,0.296,0.084,0.238,0.000,0.000,activeTracking,noEvent
6382,7,20,rld,14:59:54.477,47877,0.347,0.084,0.238,0.000,0.000,activeTracking,noEvent
6382,7,20,rld,14:59:54.523,47878,0.380,0.084,0.238,0.000,0.000,activeTracking,noEvent
6382,7,20,rld,14:59:54.578,47879,0.436,0.084,0.238,0.000,0.000,activeTracking,noEvent
6382,7,20,rld,14:59:54.626,47880,0.493,0.084,0.238,0.000,0.000,activeTracking,noEvent
6382,7,20,rld,14:59:54.677,47881,0.549,0.084,0.238,0.000,0.000,activeTracking,noEvent
6382,7,20,rld,14:59:54.724,47882,0.596,0.084,0.238,0.000,0.000,activeTracking,noEvent
6382,7,20,rld,14:59:54.770,47883,0.635,0.084,0.238,0.000,0.000,activeTracking,noEvent
6382,7,20,rld,14:59:54.837,47884,0.700,0.084,0.238,0.000,0.000,activeTracking,noEvent
6382,7,20,rld,14:59:54.884,47885,0.746,0.084,0.238,0.000,0.000,activeTracking,noEvent
6382,7,20,rld,14:59:54.944,47886,0.811,0.084,0.238,0.000,0.000,activeTracking,noEvent
6382,7,20,rld,14:59:55.010,47887,0.869,0.084,0.238,0.000,0.000,activeTracking,noEvent
6382,7,20,rld,14:59:55.194,47888,1.051,1.480,0.538,12.300,2.600,activeTracking,noEvent
6382,7,20,rld,14:59:55.324,47889,1.180,2.453,0.757,4.200,0.900,activeTracking,noEvent
6382,7,20,rld,14:59:55.485,47890,1.356,2.995,0.875,1.700,0.300,activeTracking,noEvent
6382,7,20,rld,14:59:55.555,47891,1.417,3.293,0.920,0.900,0.000,activeTracking,noEvent
6382,7,20,rld,14:59:55.645,47892,1.500,3.482,0.938,0.700,0.000,activeTracking,noEvent
6382,7,20,rld,14:59:55.702,47893,1.569,3.571,0.933,0.200,-0.100,activeTracking,noEvent
6382,7,20,rld,14:59:55.786,47894,1.641,3.601,0.883,0.000,-0.400,activeTracking,noEvent
6382,7,20,rld,14:59:56.024,47895,1.791,3.457,0.537,-1.200,-2.700,activeTracking,noEvent
6382,7,20,rld,14:59:56.150,47896,1.996,3.035,0.145,-3.000,-2.300,onTarget,noEvent
6382,7,20,rld,14:59:56.220,47897,2.080,2.872,-0.019,-0.200,-0.300,onTarget,noEvent
6382,7,20,rld,14:59:56.311,47898,2.157,2.806,-0.108,-0.100,-0.300,onTarget,noEvent
6382,7,20,rld,14:59:56.374,47899,2.237,2.747,-0.196,-0.300,-0.500,onTarget,noEvent
6382,7,20,rld,14:59:56.456,47900,2.315,2.716,-0.249,-0.100,-0.200,onTarget,noEvent
6382,7,20,rld,14:59:56.495,47901,2.364,2.681,-0.266,-0.200,0.000,onTarget,noEvent
6382,7,20,rld,14:59:56.558,47902,2.419,2.669,-0.249,0.000,0.200,onTarget,noEvent
6382,7,20,rld,14:59:56.635,47903,2.493,2.666,-0.196,0.000,0.400,onTarget,noEvent
6382,7,20,rld,14:59:56.710,47904,2.570,2.688,-0.085,0.200,0.800,onTarget,noEvent
6382,7,20,rld,14:59:56.779,47905,2.651,2.720,0.010,0.200,0.500,onTarget,noEvent
6382,7,20,rld,14:59:56.891,47906,2.753,2.768,0.089,0.300,0.400,onTarget,noEvent
6382,7,20,rld,14:59:56.941,47907,2.813,2.783,0.115,0.000,0.000,onTarget,noEvent
6382,7,20,rld,14:59:57.020,47908,2.881,2.788,0.136,0.000,0.100,onTarget,noEvent
6382,7,20,rld,14:59:57.099,47909,2.939,2.815,0.154,0.200,0.100,onTarget,noEvent
6382,7,20,rld,14:59:57.140,47910,3.001,2.836,0.184,0.100,0.200,onTarget,noEvent
6382,7,20,rld,14:59:57.195,47911,3.063,2.843,0.206,0.000,0.100,onTarget,noEvent
6382,7,20,rld,14:59:57.277,47912,3.130,2.845,0.213,0.000,0.000,onTarget,noEvent
6382,7,20,rld,14:59:57.344,47913,3.211,2.833,0.133,-0.100,-0.700,onTarget,noEvent
6382,7,20,rld,14:59:57.391,47914,3.260,2.830,0.107,0.000,0.000,onTarget,noEvent
6382,7,20,rld,14:59:57.439,47915,3.308,2.828,0.098,0.000,0.000,onTarget,noEvent
6382,7,20,rld,14:59:57.493,47916,3.361,2.828,0.095,0.000,0.000,onTarget,noEvent
6382,7,20,rld,14:59:57.558,47917,3.411,2.828,0.094,0.000,0.000,onTarget,noEvent
6382,7,20,rld,14:59:57.624,47918,3.495,2.828,0.094,0.000,0.000,onTarget,noEvent
6382,7,20,rld,14:59:57.706,47919,3.577,2.828,0.094,0.000,0.000,onTarget,noEvent
6382,7,20,rld,14:59:57.777,47920,3.620,2.828,0.093,0.000,0.000,onTarget,noEvent
6382,7,20,rld,14:59:57.845,47921,3.709,2.828,0.093,0.000,0.000,onTarget,targetClick
6382,7,21,rld,15:00:01.461,47980,3.774,0.219,0.069,0.000,0.000,waitingForTarget,middleTargetClick
6382,7,21,rld,15:00:01.509,47981,3.829,0.219,0.069,0.000,0.000,waitingForTarget,noEvent
6382,7,21,rld,15:00:01.555,47982,3.872,0.219,0.069,0.000,0.000,waitingForTarget,noEvent
6382,7,21,rld,15:00:01.603,47983,3.911,0.219,0.069,0.000,0.000,waitingForTarget,noEvent
6382,7,21,rld,15:00:01.633,47984,3.951,0.219,0.069,0.000,0.000,waitingForTarget,noEvent
6382,7,21,rld,15:00:01.695,47985,3.999,0.219,0.069,0.000,0.000,waitingForTarget,noEvent
6382,7,21,rld,15:00:01.935,47990,0.061,0.219,0.069,0.000,0.000,activeTracking,targetAppeared
6382,7,21,rld,15:00:01.989,47991,0.112,0.219,0.069,0.000,0.000,activeTracking,noEvent
6382,7,21,rld,15:00:02.029,47992,0.163,0.219,0.069,0.000,0.000,activeTracking,noEvent
6382,7,21,rld,15:00:02.085,47993,0.210,0.219,0.069,0.000,0.000,activeTracking,noEvent
6382,7,21,rld,15:00:02.136,47994,0.265,0.219,0.069,0.000,0.000,activeTracking,noEvent
6382,7,21,rld,15:00:02.173,47995,0.308,0.219,0.069,0.000,0.000,activeTracking,noEvent
6382,7,21,rld,15:00:02.224,47996,0.348,0.219,0.069,0.000,0.000,activeTracking,noEvent
6382,7,21,rld,15:00:02.258,47997,0.392,0.219,0.069,0.000,0.000,activeTracking,noEvent
6382,7,21,rld,15:00:02.311,47998,0.432,0.219,0.069,0.000,0.000,activeTracking,noEvent
6382,7,21,rld,15:00:02.365,47999,0.482,0.219,0.069,0.000,0.000,activeTracking,noEvent
6382,7,21,rld,15:00:02.415,48000,0.548,0.219,0.069,0.000,0.000,activeTracking,noEvent
6382,7,21,rld,15:00:02.476,48001,0.606,0.219,0.069,0.000,0.000,activeTracking,noEvent
6382,7,21,rld,15:00:02.534,48002,0.660,0.219,0.069,0.000,0.000,activeTracking,noEvent
6382,7,21,rld,15:00:02.586,48003,0.712,0.219,0.069,0.000,0.000,activeTracking,noEvent
6382,7,21,rld,15:00:02.637,48004,0.772,0.219,0.069,0.000,0.000,activeTracking,noEvent
6382,7,21,rld,15:00:02.766,48005,0.828,0.197,0.069,-0.200,0.000,activeTracking,noEvent
6382,7,21,rld,15:00:02.895,48006,1.021,-0.137,0.148,-2.900,0.700,activeTracking,noEvent
6382,7,21,rld,15:00:02.978,48007,1.103,-0.304,0.174,-0.500,0.000,activeTracking,noEvent
6382,7,21,rld,15:00:03.056,48008,1.174,-0.405,0.183,-0.400,0.000,activeTracking,noEvent
6382,7,21,rld,15:00:03.123,48009,1.254,-0.473,0.197,-0.300,0.100,activeTracking,noEvent
6382,7,21,rld,15:00:03.179,48010,1.307,-0.507,0.202,-0.100,0.000,activeTracking,noEvent
6382,7,21,rld,15:00:03.272,48011,1.391,-0.552,0.204,-0.300,0.000,activeTracking,noEvent
6382,7,21,rld,15:00:03.362,48012,1.480,-0.646,0.204,-0.700,0.000,activeTracking,noEvent
6382,7,21,rld,15:00:03.485,48013,1.593,-0.745,0.205,-0.600,0.000,activeTracking,noEvent
6382,7,21,rld,15:00:03.713,48014,1.814,-1.028,0.160,-2.200,-0.400,activeTracking,noEvent
6382,7,21,rld,15:00:03.846,48015,1.933,-1.582,0.067,-4.000,-0.700,activeTracking,noEvent
6382,7,21,rld,15:00:04.003,48016,2.113,-2.999,-0.007,-10.300,-0.400,onTarget,noEvent
6382,7,21,rld,15:00:04.045,48017,2.176,-3.521,-0.033,-0.200,0.000,activeTracking,noEvent
6382,7,21,rld,15:00:04.109,48018,2.232,-3.687,-0.041,0.100,0.000,activeTracking,noEvent
6382,7,21,rld,15:00:04.168,48019,2.297,-3.729,-0.032,0.100,0.100,activeTracking,noEvent
6382,7,21,rld,15:00:04.216,48020,2.349,-3.744,-0.029,0.000,0.000,activeTracking,noEvent
6382,7,21,rld,15:00:04.319,48021,2.403,-3.748,-0.016,0.000,0.100,activeTracking,noEvent
6382,7,21,rld,15:00:04.412,48022,2.532,-3.802,0.025,-0.400,0.300,activeTracking,noEvent
6382,7,21,rld,15:00:04.475,48023,2.608,-3.846,0.075,-0.200,0.300,activeTracking,noEvent
6382,7,21,rld,15:00:04.591,48024,2.693,-3.834,0.116,0.200,0.200,activeTracking,noEvent
6382,7,21,rld,15:00:04.692,48025,2.787,-3.714,0.164,0.900,0.300,activeTracking,noEvent
6382,7,21,rld,15:00:04.795,48026,2.904,-3.533,0.179,1.100,0.000,activeTracking,noEvent
6382,7,21,rld,15:00:04.939,48027,3.062,-3.209,0.182,2.100,0.000,activeTracking,noEvent
6382,7,21,rld,15:00:05.056,48028,3.179,-2.954,0.134,1.200,-0.400,onTarget,noEvent
6382,7,21,rld,15:00:05.135,48029,3.260,-2.772,0.071,0.800,-0.400,onTarget,noEvent
6382,7,21,rld,15:00:05.245,48030,3.367,-2.603,0.003,0.900,-0.400,onTarget,noEvent
6382,7,21,rld,15:00:05.334,48031,3.444,-2.523,-0.054,0.200,-0.300,onTarget,noEvent
6382,7,21,rld,15:00:05.389,48032,3.517,-2.460,-0.108,0.300,-0.300,onTarget,noEvent
6382,7,21,rld,15:00:05.459,48033,3.586,-2.427,-0.149,0.100,-0.200,onTarget,noEvent
6382,7,21,rld,15:00:05.520,48034,3.650,-2.393,-0.186,0.200,-0.200,activeTracking,noEvent
6382,7,21,rld,15:00:05.575,48035,3.703,-2.381,-0.198,0.000,0.000,activeTracking,noEvent
6382,7,21,rld,15:00:05.619,48036,3.753,-2.377,-0.202,0.000,0.000,activeTracking,noEvent
6382,7,21,rld,15:00:05.693,48037,3.816,-2.388,-0.204,-0.100,0.000,activeTracking,noEvent
6382,7,21,rld,15:00:05.740,48038,3.859,-2.391,-0.204,0.000,0.000,activeTracking,noEvent
6382,7,21,rld,15:00:05.795,48039,3.931,-2.404,-0.204,-0.100,0.000,activeTracking,noEvent
6382,7,21,rld,15:00:05.875,48040,3.998,-2.421,-0.204,-0.100,0.000,onTarget,noEvent
6382,7,22,rld,15:00:10.476,48107,0.037,0.084,0.187,0.000,0.000,activeTracking,targetAppeared
6382,7,22,rld,15:00:10.526,48108,0.084,0.084,0.187,0.000,0.000,activeTracking,noEvent
6382,7,22,rld,15:00:10.577,48109,0.127,0.084,0.187,0.000,0.000,activeTracking,noEvent
6382,7,22,rld,15:00:10.611,48110,0.171,0.084,0.187,0.000,0.000,activeTracking,noEvent
6382,7,22,rld,15:00:10.653,48111,0.215,0.084,0.187,0.000,0.000,activeTracking,noEvent
6382,7,22,rld,15:00:10.705,48112,0.258,0.084,0.187,0.000,0.000,activeTracking,noEvent
6382,7,22,rld,15:00:10.752,48113,0.305,0.084,0.187,0.000,0.000,activeTracking,noEvent
6382,7,22,rld,15:00:10.807,48114,0.369,0.084,0.187,0.000,0.000,activeTracking,noEvent
6382,7,22,rld,15:00:10.855,48115,0.412,0.084,0.187,0.000,0.000,activeTracking,noEvent
6382,7,22,rld,15:00:10.908,48116,0.469,0.084,0.187,0.000,0.000,activeTracking,noEvent
6382,7,22,rld,15:00:10.953,48117,0.506,0.084,0.187,0.000,0.000,activeTracking,noEvent
6382,7,22,rld,15:00:10.995,48118,0.547,0.084,0.187,0.000,0.000,activeTracking,noEvent
6382,7,22,rld,15:00:11.040,48119,0.593,0.084,0.187,0.000,0.000,activeTracking,noEvent
6382,7,22,rld,15:00:11.086,48120,0.635,0.084,0.187,0.000,0.000,activeTracking,noEvent
6382,7,22,rld,15:00:11.137,48121,0.685,0.084,0.187,0.000,0.000,activeTracking,noEvent
6382,7,22,rld,15:00:11.176,48122,0.739,0.084,0.187,0.000,0.000,activeTracking,noEvent
6382,7,22,rld,15:00:11.238,48123,0.787,0.084,0.187,0.000,0.000,activeTracking,noEvent
6382,7,22,rld,15:00:11.374,48124,0.920,-0.107,0.277,-1.700,0.800,activeTracking,noEvent
6382,7,22,rld,15:00:11.635,48125,1.139,-1.707,0.680,-13.500,3.200,activeTracking,noEvent
6382,7,22,rld,15:00:11.736,48126,1.287,-2.640,0.762,-3.200,-0.600,activeTracking,noEvent
6382,7,22,rld,15:00:11.828,48127,1.385,-3.047,0.770,-0.700,-0.200,activeTracking,noEvent
6382,7,22,rld,15:00:11.871,48128,1.431,-3.247,0.763,-0.500,-0.100,activeTracking,noEvent
6382,7,22,rld,15:00:11.972,48129,1.502,-3.365,0.762,-0.400,0.000,activeTracking,noEvent
6382,7,22,rld,15:00:12.044,48130,1.603,-3.506,0.752,-0.800,-0.100,activeTracking,noEvent
6382,7,22,rld,15:00:12.115,48131,1.668,-3.579,0.738,-0.200,-0.100,activeTracking,noEvent
6382,7,22,rld,15:00:12.178,48132,1.732,-3.616,0.721,-0.100,-0.100,activeTracking,noEvent
6382,7,22,rld,15:00:12.295,48133,1.849,-3.564,0.666,0.500,-0.400,activeTracking,noEvent
6382,7,22,rld,15:00:12.408,48134,1.960,-3.420,0.620,1.000,-0.200,activeTracking,noEvent
6382,7,22,rld,15:00:12.557,48135,2.112,-3.222,0.507,1.200,-0.800,activeTracking,noEvent
6382,7,22,rld,15:00:12.626,48136,2.184,-3.081,0.409,0.600,-0.500,activeTracking,noEvent
6382,7,22,rld,15:00:12.716,48137,2.269,-3.010,0.317,0.200,-0.500,activeTracking,noEvent
6382,7,22,rld,15:00:12.791,48138,2.347,-2.987,0.204,0.000,-0.700,onTarget,noEvent
6382,7,22,rld,15:00:12.867,48139,2.421,-2.979,0.119,0.000,-0.400,onTarget,noEvent
6382,7,22,rld,15:00:12.954,48140,2.490,-2.988,0.044,-0.100,-0.400,onTarget,noEvent
6382,7,22,rld,15:00:13.015,48141,2.574,-3.016,-0.029,-0.200,-0.400,onTarget,noEvent
6382,7,22,rld,15:00:13.083,48142,2.630,-3.026,-0.076,0.000,-0.200,onTarget,noEvent
6382,7,22,rld,15:00:13.142,48143,2.701,-3.041,-0.127,-0.100,-0.300,onTarget,noEvent
6382,7,22,rld,15:00:13.208,48144,2.758,-3.046,-0.145,0.000,0.000,activeTracking,noEvent
6382,7,22,rld,15:00:13.272,48145,2.824,-3.048,-0.138,0.000,0.100,activeTracking,noEvent
6382,7,22,rld,15:00:13.373,48146,2.901,-3.049,-0.089,0.000,0.400,onTarget,noEvent
6382,7,22,rld,15:00:13.472,48147,2.998,-2.999,0.021,0.400,0.800,onTarget,noEvent
6382,7,22,rld,15:00:13.593,48148,3.148,-2.909,0.117,0.600,0.500,onTarget,noEvent
6382,7,22,rld,15:00:13.673,48149,3.220,-2.855,0.183,0.200,0.300,onTarget,noEvent
6382,7,22,rld,15:00:13.761,48150,3.321,-2.800,0.229,0.300,0.200,onTarget,noEvent
6382,7,22,rld,15:00:13.847,48151,3.404,-2.745,0.279,0.300,0.300,onTarget,noEvent
6382,7,22,rld,15:00:13.915,48152,3.459,-2.715,0.295,0.100,0.000,onTarget,noEvent
6382,7,22,rld,15:00:13.991,48153,3.552,-2.632,0.300,0.600,0.000,onTarget,noEvent
6382,7,22,rld,15:00:14.050,48154,3.609,-2.569,0.301,0.300,0.000,onTarget,noEvent
6382,7,22,rld,15:00:14.105,48155,3.665,-2.547,0.278,0.000,-0.200,onTarget,noEvent
6382,7,22,rld,15:00:14.229,48156,3.791,-2.576,0.212,-0.300,-0.500,onTarget,noEvent
6382,7,22,rld,15:00:14.324,48157,3.876,-2.634,0.133,-0.400,-0.500,onTarget,noEvent
6382,7,22,rld,15:00:14.384,48158,3.939,-2.678,0.071,-0.200,-0.300,onTarget,noEvent
6382,7,22,rld,15:00:14.444,48159,3.992,-2.705,0.039,-0.100,-0.100,onTarget,noEvent
6382,7,23,rld,15:00:18.456,48220,0.040,0.219,0.170,0.000,0.000,activeTracking,targetAppeared
6382,7,23,rld,15:00:18.505,48221,0.094,0.219,0.170,0.000,0.000,activeTracking,noEvent
6382,7,23,rld,15:00:18.571,48222,0.149,0.219,0.170,0.000,0.000,activeTracking,noEvent
6382,7,23,rld,15:00:18.627,48223,0.213,0.219,0.170,0.000,0.000,activeTracking,noEvent
6382,7,23,rld,15:00:18.686,48224,0.276,0.219,0.170,0.000,0.000,activeTracking,noEvent
6382,7,23,rld,15:00:18.732,48225,0.319,0.219,0.170,0.000,0.000,activeTracking,noEvent
6382,7,23,rld,15:00:18.775,48226,0.366,0.219,0.170,0.000,0.000,activeTracking,noEvent
6382,7,23,rld,15:00:18.825,48227,0.416,0.219,0.170,0.000,0.000,activeTracking,noEvent
6382,7,23,rld,15:00:18.861,48228,0.449,0.219,0.170,0.000,0.000,activeTracking,noEvent
6382,7,23,rld,15:00:18.936,48229,0.500,0.219,0.170,0.000,0.000,activeTracking,noEvent
6382,7,23,rld,15:00:18.991,48230,0.567,0.219,0.170,0.000,0.000,activeTracking,noEvent
6382,7,23,rld,15:00:19.047,48231,0.620,0.219,0.170,0.000,0.000,activeTracking,noEvent
6382,7,23,rld,15:00:19.089,48232,0.670,0.219,0.170,0.000,0.000,activeTracking,noEvent
6382,7,23,rld,15:00:19.243,48233,0.798,1.125,0.161,8.000,-0.100,activeTracking,noEvent
6382,7,23,rld,15:00:19.517,48234,1.078,2.341,0.151,7.800,-0.100,activeTracking,noEvent
6382,7,23,rld,15:00:19.642,48235,1.200,3.093,0.151,2.700,0.000,activeTracking,noEvent
6382,7,23,rld,15:00:19.750,48236,1.326,3.567,0.117,1.700,-0.300,activeTracking,noEvent
6382,7,23,rld,15:00:19.856,48237,1.404,3.819,0.094,0.700,-0.100,activeTracking,noEvent
6382,7,23,rld,15:00:19.907,48238,1.497,3.943,0.086,0.300,0.000,activeTracking,noEvent
6382,7,23,rld,15:00:19.960,48239,1.549,3.985,0.072,0.000,-0.100,activeTracking,noEvent
6382,7,23,rld,15:00:20.032,48240,1.608,3.999,0.055,0.000,-0.100,activeTracking,noEvent
6382,7,23,rld,15:00:20.118,48241,1.697,3.964,0.000,-0.300,-0.400,activeTracking,noEvent
6382,7,23,rld,15:00:20.217,48242,1.770,3.860,-0.030,-0.700,-0.100,activeTracking,noEvent
6382,7,23,rld,15:00:20.309,48243,1.888,3.684,-0.041,-1.100,0.000,activeTracking,noEvent
6382,7,23,rld,15:00:20.439,48244,2.005,3.510,-0.044,-0.900,0.000,activeTracking,noEvent
6382,7,23,rld,15:00:20.522,48245,2.098,3.390,-0.046,-0.500,0.000,activeTracking,noEvent
6382,7,23,rld,15:00:20.570,48246,2.157,3.337,-0.046,-0.100,0.000,activeTracking,noEvent
6382,7,23,rld,15:00:20.627,48247,2.212,3.307,-0.046,-0.100,0.000,activeTracking,noEvent
6382,7,23,rld,15:00:20.684,48248,2.270,3.297,-0.035,0.000,0.100,activeTracking,noEvent
6382,7,23,rld,15:00:20.741,48249,2.321,3.294,-0.019,0.000,0.100,activeTracking,noEvent
6382,7,23,rld,15:00:20.824,48250,2.404,3.293,0.010,0.000,0.200,activeTracking,noEvent
6382,7,23,rld,15:00:20.891,48251,2.469,3.292,0.044,0.000,0.200,activeTracking,noEvent
6382,7,23,rld,15:00:20.954,48252,2.532,3.292,0.067,0.000,0.100,activeTracking,noEvent
6382,7,23,rld,15:00:21.018,48253,2.599,3.279,0.098,-0.100,0.200,activeTracking,noEvent
6382,7,23,rld,15:00:21.108,48254,2.686,3.238,0.132,-0.300,0.200,activeTracking,noEvent
6382,7,23,rld,15:00:21.171,48255,2.750,3.199,0.143,-0.200,0.000,activeTracking,noEvent
6382,7,23,rld,15:00:21.237,48256,2.818,3.161,0.147,-0.200,0.000,activeTracking,noEvent
6382,7,23,rld,15:00:21.300,48257,2.883,3.136,0.148,-0.100,0.000,activeTracking,noEvent
6382,7,23,rld,15:00:21.375,48258,2.958,3.078,0.148,-0.400,0.000,activeTracking,noEvent
6382,7,23,rld,15:00:21.461,48259,3.045,2.984,0.147,-0.600,0.000,onTarget,noEvent
6382,7,23,rld,15:00:21.532,48260,3.118,2.904,0.123,-0.400,-0.200,onTarget,noEvent
6382,7,23,rld,15:00:21.604,48261,3.194,2.865,0.092,-0.100,-0.200,onTarget,noEvent
6382,7,23,rld,15:00:21.676,48262,3.267,2.853,0.058,0.000,-0.200,onTarget,noEvent
6382,7,23,rld,15:00:21.727,48263,3.318,2.848,0.023,0.000,-0.200,onTarget,noEvent
6382,7,23,rld,15:00:21.823,48264,3.397,2.847,-0.012,0.000,-0.200,onTarget,noEvent
6382,7,23,rld,15:00:21.883,48265,3.469,2.846,-0.047,0.000,-0.200,onTarget,noEvent
6382,7,23,rld,15:00:21.922,48266,3.512,2.846,-0.059,0.000,0.000,onTarget,noEvent
6382,7,23,rld,15:00:21.973,48267,3.558,2.846,-0.063,0.000,0.000,onTarget,noEvent
6382,7,23,rld,15:00:22.040,48268,3.619,2.858,-0.064,0.100,0.000,onTarget,noEvent
6382,7,23,rld,15:00:22.115,48269,3.698,2.875,-0.065,0.100,0.000,onTarget,noEvent
6382,7,23,rld,15:00:22.188,48270,3.767,2.880,-0.065,0.000,0.000,onTarget,targetClick
6382,7,24,rld,15:00:25.560,48325,3.847,0.152,0.069,0.000,0.000,waitingForTarget,middleTargetClick
6382,7,24,rld,15:00:25.616,48326,3.901,0.152,0.069,0.000,0.000,waitingForTarget,noEvent
6382,7,24,rld,15:00:25.660,48327,3.947,0.152,0.069,0.000,0.000,waitingForTarget,noEvent
6382,7,24,rld,15:00:26.021,48334,0.062,0.152,0.069,0.000,0.000,activeTracking,targetAppeared
6382,7,24,rld,15:00:26.083,48335,0.119,0.152,0.069,0.000,0.000,activeTracking,noEvent
6382,7,24,rld,15:00:26.122,48336,0.154,0.152,0.069,0.000,0.000,activeTracking,noEvent
6382,7,24,rld,15:00:26.175,48337,0.209,0.152,0.069,0.000,0.000,activeTracking,noEvent
6382,7,24,rld,15:00:26.224,48338,0.254,0.152,0.069,0.000,0.000,activeTracking,noEvent
6382,7,24,rld,15:00:26.268,48339,0.298,0.152,0.069,0.000,0.000,activeTracking,noEvent
6382,7,24,rld,15:00:26.295,48340,0.334,0.152,0.069,0.000,0.000,activeTracking,noEvent
6382,7,24,rld,15:00:26.360,48341,0.387,0.152,0.069,0.000,0.000,activeTracking,noEvent
6382,7,24,rld,15:00:26.417,48342,0.447,0.152,0.069,0.000,0.000,activeTracking,noEvent
6382,7,24,rld,15:00:26.505,48343,0.518,0.152,0.069,0.000,0.000,activeTracking,noEvent
6382,7,24,rld,15:00:26.675,48344,0.701,1.711,0.231,13.700,1.400,activeTracking,noEvent
6382,7,24,rld,15:00:26.945,48345,0.950,2.983,0.391,6.100,0.800,activeTracking,noEvent
6382,7,24,rld,15:00:27.071,48346,1.078,3.851,0.481,3.300,0.200,activeTracking,noEvent
6382,7,24,rld,15:00:27.168,48347,1.182,4.259,0.515,0.800,0.000,activeTracking,noEvent
6382,7,24,rld,15:00:27.225,48348,1.262,4.439,0.528,0.300,0.000,activeTracking,noEvent
6382,7,24,rld,15:00:27.286,48349,1.318,4.527,0.533,0.200,0.000,activeTracking,noEvent
6382,7,24,rld,15:00:27.334,48350,1.367,4.556,0.535,0.000,0.000,activeTracking,noEvent
6382,7,24,rld,15:00:27.390,48351,1.419,4.566,0.535,0.000,0.000,activeTracking,noEvent
6382,7,24,rld,15:00:27.451,48352,1.480,4.569,0.535,0.000,0.000,activeTracking,noEvent
6382,7,24,rld,15:00:27.515,48353,1.537,4.570,0.535,0.000,0.000,activeTracking,noEvent
6382,7,24,rld,15:00:27.638,48354,1.650,4.475,0.458,-0.700,-0.600,activeTracking,noEvent
6382,7,24,rld,15:00:27.805,48355,1.816,4.173,0.329,-2.000,-0.800,activeTracking,noEvent
6382,7,24,rld,15:00:27.921,48356,1.961,3.799,0.162,-2.100,-1.000,activeTracking,noEvent
6382,7,24,rld,15:00:27.996,48357,2.027,3.612,0.095,-0.500,-0.100,activeTracking,noEvent
6382,7,24,rld,15:00:28.076,48358,2.110,3.538,0.073,-0.100,0.000,activeTracking,noEvent
6382,7,24,rld,15:00:28.133,48359,2.164,3.500,0.065,-0.100,0.000,activeTracking,noEvent
6382,7,24,rld,15:00:28.173,48360,2.212,3.488,0.063,0.000,0.000,activeTracking,noEvent
6382,7,24,rld,15:00:28.244,48361,2.270,3.458,0.062,-0.200,0.000,activeTracking,noEvent
6382,7,24,rld,15:00:28.288,48362,2.319,3.436,0.061,-0.100,0.000,activeTracking,noEvent
6382,7,24,rld,15:00:28.357,48363,2.389,3.415,0.061,-0.100,0.000,activeTracking,noEvent
6382,7,24,rld,15:00:28.424,48364,2.458,3.383,0.061,-0.200,0.000,activeTracking,noEvent
6382,7,24,rld,15:00:28.532,48365,2.558,3.272,0.025,-0.800,-0.300,activeTracking,noEvent
6382,7,24,rld,15:00:28.614,48366,2.644,3.173,0.001,-0.500,-0.100,activeTracking,noEvent
6382,7,24,rld,15:00:28.669,48367,2.704,3.115,-0.007,-0.200,0.000,activeTracking,noEvent
6382,7,24,rld,15:00:28.749,48368,2.777,3.071,0.002,-0.200,0.100,activeTracking,noEvent
6382,7,24,rld,15:00:28.834,48369,2.857,3.032,0.028,-0.200,0.200,onTarget,noEvent
6382,7,24,rld,15:00:28.899,48370,2.934,2.969,0.060,-0.400,0.200,onTarget,noEvent
6382,7,24,rld,15:00:28.999,48371,3.012,2.936,0.083,-0.100,0.100,onTarget,noEvent
6382,7,24,rld,15:00:29.059,48372,3.094,2.913,0.114,-0.100,0.200,onTarget,noEvent
6382,7,24,rld,15:00:29.108,48373,3.140,2.905,0.124,0.000,0.000,onTarget,noEvent
6382,7,24,rld,15:00:29.172,48374,3.200,2.890,0.127,-0.100,0.000,onTarget,noEvent
6382,7,24,rld,15:00:29.271,48375,3.300,2.873,0.140,-0.100,0.100,onTarget,noEvent
6382,7,24,rld,15:00:29.341,48376,3.367,2.843,0.144,-0.200,0.000,onTarget,noEvent
6382,7,24,rld,15:00:29.407,48377,3.431,2.821,0.145,-0.100,0.000,onTarget,noEvent
6382,7,24,rld,15:00:29.472,48378,3.512,2.789,0.134,-0.200,-0.100,onTarget,noEvent
6382,7,24,rld,15:00:29.549,48379,3.583,2.766,0.118,-0.100,-0.100,onTarget,noEvent
6382,7,24,rld,15:00:29.626,48380,3.649,2.746,0.101,-0.100,-0.100,onTarget,noEvent
6382,7,24,rld,15:00:29.691,48381,3.717,2.727,0.084,-0.100,-0.100,onTarget,noEvent
6382,7,24,rld,15:00:29.754,48382,3.785,2.721,0.067,0.000,-0.100,onTarget,noEvent
6382,7,24,rld,15:00:29.827,48383,3.864,2.719,0.049,0.000,-0.100,onTarget,noEvent
6382,7,24,rld,15:00:29.927,48384,3.950,2.718,0.031,0.000,-0.100,onTarget,noEvent
6382,7,25,rld,15:00:34.964,48462,0.042,0.135,-0.083,0.000,0.000,activeTracking,targetAppeared
6382,7,25,rld,15:00:35.019,48463,0.097,0.135,-0.083,0.000,0.000,activeTracking,noEvent
6382,7,25,rld,15:00:35.068,48464,0.155,0.135,-0.083,0.000,0.000,activeTracking,noEvent
6382,7,25,rld,15:00:35.105,48465,0.194,0.135,-0.083,0.000,0.000,activeTracking,noEvent
6382,7,25,rld,15:00:35.152,48466,0.241,0.135,-0.083,0.000,0.000,activeTracking,noEvent
6382,7,25,rld,15:00:35.233,48467,0.312,0.135,-0.083,0.000,0.000,activeTracking,noEvent
6382,7,25,rld,15:00:35.276,48468,0.357,0.135,-0.083,0.000,0.000,activeTracking,noEvent
6382,7,25,rld,15:00:35.325,48469,0.407,0.135,-0.083,0.000,0.000,activeTracking,noEvent
6382,7,25,rld,15:00:35.366,48470,0.447,0.135,-0.083,0.000,0.000,activeTracking,noEvent
6382,7,25,rld,15:00:35.434,48471,0.522,0.135,-0.083,0.000,0.000,activeTracking,noEvent
6382,7,25,rld,15:00:35.476,48472,0.559,0.135,-0.083,0.000,0.000,activeTracking,noEvent
6382,7,25,rld,15:00:35.549,48473,0.616,0.135,-0.083,0.000,0.000,activeTracking,noEvent
6382,7,25,rld,15:00:35.604,48474,0.682,0.135,-0.083,0.000,0.000,activeTracking,noEvent
6382,7,25,rld,15:00:35.807,48475,0.857,-0.903,-0.038,-9.200,0.400,activeTracking,noEvent
6382,7,25,rld,15:00:35.954,48476,1.038,-1.993,-0.056,-6.400,-0.300,activeTracking,noEvent
6382,7,25,rld,15:00:36.071,48477,1.131,-2.497,-0.085,-1.100,-0.200,onTarget,noEvent
6382,7,25,rld,15:00:36.141,48478,1.217,-2.705,-0.118,-0.300,-0.200,onTarget,noEvent
6382,7,25,rld,15:00:36.217,48479,1.295,-2.835,-0.153,-0.500,-0.200,onTarget,noEvent
6382,7,25,rld,15:00:36.276,48480,1.358,-2.916,-0.165,-0.300,0.000,onTarget,noEvent
6382,7,25,rld,15:00:36.373,48481,1.438,-2.968,-0.169,-0.200,0.000,onTarget,noEvent
6382,7,25,rld,15:00:36.424,48482,1.507,-2.985,-0.170,0.000,0.000,onTarget,noEvent
6382,7,25,rld,15:00:36.516,48483,1.586,-2.941,-0.123,0.400,0.400,onTarget,noEvent
6382,7,25,rld,15:00:36.593,48484,1.665,-2.865,-0.073,0.500,0.300,onTarget,noEvent
6382,7,25,rld,15:00:36.671,48485,1.748,-2.791,-0.032,0.400,0.200,onTarget,noEvent
6382,7,25,rld,15:00:36.722,48486,1.809,-2.755,-0.019,0.100,0.000,onTarget,noEvent
6382,7,25,rld,15:00:36.787,48487,1.875,-2.730,-0.003,0.100,0.100,onTarget,noEvent
6382,7,25,rld,15:00:36.856,48488,1.935,-2.698,0.014,0.200,0.100,onTarget,noEvent
6382,7,25,rld,15:00:36.933,48489,2.008,-2.663,0.031,0.200,0.100,onTarget,noEvent
6382,7,25,rld,15:00:37.003,48490,2.072,-2.627,0.037,0.200,0.000,onTarget,noEvent
6382,7,25,rld,15:00:37.056,48491,2.145,-2.603,0.039,0.100,0.000,onTarget,noEvent
6382,7,25,rld,15:00:37.120,48492,2.202,-2.595,0.039,0.000,0.000,onTarget,noEvent
6382,7,25,rld,15:00:37.164,48493,2.250,-2.592,0.040,0.000,0.000,onTarget,noEvent
6382,7,25,rld,15:00:37.223,48494,2.300,-2.591,0.040,0.000,0.000,onTarget,noEvent
6382,7,25,rld,15:00:37.275,48495,2.356,-2.591,0.040,0.000,0.000,onTarget,noEvent
6382,7,25,rld,15:00:37.367,48496,2.442,-2.591,0.028,0.000,-0.100,onTarget,noEvent
6382,7,25,rld,15:00:37.436,48497,2.507,-2.603,0.013,-0.100,-0.100,onTarget,noEvent
6382,7,25,rld,15:00:37.504,48498,2.582,-2.607,0.007,0.000,0.000,onTarget,targetClick
6382,7,26,rld,15:00:40.568,48542,2.652,0.236,0.289,0.000,0.000,waitingForTarget,middleTargetClick
6382,7,26,rld,15:00:40.652,48543,2.724,0.236,0.289,0.000,0.000,waitingForTarget,noEvent
6382,7,26,rld,15:00:40.704,48544,2.790,0.236,0.289,0.000,0.000,waitingForTarget,noEvent
6382,7,26,rld,15:00:40.753,48545,2.840,0.236,0.289,0.000,0.000,waitingForTarget,noEvent
6382,7,26,rld,15:00:40.794,48546,2.888,0.236,0.289,0.000,0.000,waitingForTarget,noEvent
6382,7,26,rld,15:00:40.848,48547,2.934,0.236,0.289,0.000,0.000,waitingForTarget,noEvent
6382,7,26,rld,15:00:40.885,48548,2.975,0.236,0.289,0.000,0.000,waitingForTarget,noEvent
6382,7,26,rld,15:00:40.936,48549,3.022,0.236,0.289,0.000,0.000,waitingForTarget,noEvent
6382,7,26,rld,15:00:40.959,48550,3.056,0.236,0.289,0.000,0.000,waitingForTarget,noEvent
6382,7,26,rld,15:00:41.007,48551,0.046,0.236,0.289,0.000,0.000,activeTracking,targetAppeared
6382,7,26,rld,15:00:41.039,48552,0.079,0.236,0.289,0.000,0.000,activeTracking,noEvent
6382,7,26,rld,15:00:41.138,48553,0.168,0.236,0.289,0.000,0.000,activeTracking,noEvent
6382,7,26,rld,15:00:41.189,48554,0.228,0.236,0.289,0.000,0.000,activeTracking,noEvent
6382,7,26,rld,15:00:41.253,48555,0.278,0.236,0.289,0.000,0.000,activeTracking,noEvent
6382,7,26,rld,15:00:41.301,48556,0.325,0.236,0.289,0.000,0.000,activeTracking,noEvent
6382,7,26,rld,15:00:41.357,48557,0.385,0.236,0.289,0.000,0.000,activeTracking,noEvent
6382,7,26,rld,15:00:41.419,48558,0.445,0.236,0.289,0.000,0.000,activeTracking,noEvent
6382,7,26,rld,15:00:41.599,48559,0.613,-0.203,0.232,-3.900,-0.500,activeTracking,noEvent
6382,7,26,rld,15:00:41.758,48560,0.768,-1.210,0.057,-7.600,-1.400,activeTracking,noEvent
6382,7,26,rld,15:00:41.951,48561,0.981,-1.783,-0.070,-2.000,-0.600,activeTracking,noEvent
6382,7,26,rld,15:00:42.005,48562,1.039,-2.011,-0.124,-0.300,-0.100,activeTracking,noEvent
6382,7,26,rld,15:00:42.065,48563,1.096,-2.088,-0.143,0.000,0.000,activeTracking,noEvent
6382,7,26,rld,15:00:42.121,48564,1.156,-2.113,-0.149,0.000,0.000,activeTracking,noEvent
6382,7,26,rld,15:00:42.186,48565,1.216,-2.122,-0.151,0.000,0.000,activeTracking,noEvent
6382,7,26,rld,15:00:42.254,48566,1.278,-2.125,-0.152,0.000,0.000,activeTracking,noEvent
6382,7,26,rld,15:00:42.307,48567,1.341,-2.126,-0.152,0.000,0.000,activeTracking,noEvent
6382,7,26,rld,15:00:42.383,48568,1.405,-2.126,-0.152,0.000,0.000,activeTracking,noEvent
6382,7,26,rld,15:00:42.441,48569,1.467,-2.126,-0.152,0.000,0.000,activeTracking,noEvent
6382,7,26,rld,15:00:42.498,48570,1.532,-2.126,-0.152,0.000,0.000,activeTracking,noEvent
6382,7,26,rld,15:00:42.566,48571,1.595,-2.126,-0.152,0.000,0.000,activeTracking,noEvent
6382,7,26,rld,15:00:42.631,48572,1.652,-2.126,-0.152,0.000,0.000,activeTracking,noEvent
6382,7,26,rld,15:00:42.686,48573,1.712,-2.126,-0.152,0.000,0.000,activeTracking,noEvent
6382,7,26,rld,15:00:42.746,48574,1.766,-2.126,-0.152,0.000,0.000,activeTracking,noEvent
6382,7,26,rld,15:00:42.816,48575,1.844,-2.126,-0.152,0.000,0.000,activeTracking,noEvent
6382,7,26,rld,15:00:42.871,48576,1.901,-2.126,-0.152,0.000,0.000,activeTracking,noEvent
6382,7,26,rld,15:00:42.916,48577,1.950,-2.126,-0.152,0.000,0.000,activeTracking,noEvent
6382,7,26,rld,15:00:42.986,48578,2.013,-2.126,-0.152,0.000,0.000,activeTracking,noEvent
6382,7,26,rld,15:00:43.049,48579,2.078,-2.126,-0.152,0.000,0.000,activeTracking,noEvent
6382,7,26,rld,15:00:43.099,48580,2.139,-2.126,-0.152,0.000,0.000,activeTracking,noEvent
6382,7,26,rld,15:00:43.150,48581,2.184,-2.126,-0.152,0.000,0.000,activeTracking,noEvent
6382,7,26,rld,15:00:43.221,48582,2.247,-2.126,-0.152,0.000,0.000,activeTracking,noEvent
6382,7,26,rld,15:00:43.282,48583,2.312,-2.126,-0.152,0.000,0.000,activeTracking,noEvent
6382,7,26,rld,15:00:43.332,48584,2.366,-2.126,-0.152,0.000,0.000,activeTracking,noEvent
6382,7,26,rld,15:00:43.401,48585,2.418,-2.126,-0.152,0.000,0.000,activeTracking,noEvent
6382,7,26,rld,15:00:43.464,48586,2.488,-2.126,-0.152,0.000,0.000,activeTracking,noEvent
6382,7,26,rld,15:00:43.525,48587,2.559,-2.126,-0.152,0.000,0.000,activeTracking,noEvent
6382,7,26,rld,15:00:43.582,48588,2.601,-2.126,-0.152,0.000,0.000,activeTracking,noEvent
6382,7,26,rld,15:00:43.636,48589,2.676,-2.126,-0.152,0.000,0.000,activeTracking,noEvent
6382,7,26,rld,15:00:43.700,48590,2.728,-2.126,-0.152,0.000,0.000,activeTracking,noEvent
6382,7,26,rld,15:00:43.757,48591,2.786,-2.126,-0.152,0.000,0.000,activeTracking,noEvent
6382,7,26,rld,15:00:43.821,48592,2.851,-2.126,-0.152,0.000,0.000,activeTracking,noEvent
6382,7,26,rld,15:00:43.874,48593,2.908,-2.126,-0.152,0.000,0.000,activeTracking,noEvent
6382,7,26,rld,15:00:43.922,48594,2.957,-2.126,-0.152,0.000,0.000,activeTracking,noEvent
6382,7,26,rld,15:00:43.999,48595,3.032,-2.126,-0.152,0.000,0.000,activeTracking,noEvent
6382,7,26,rld,15:00:44.056,48596,3.095,-2.126,-0.152,0.000,0.000,activeTracking,noEvent
6382,7,26,rld,15:00:44.134,48597,3.164,-2.126,-0.152,0.000,0.000,activeTracking,noEvent
6382,7,26,rld,15:00:44.183,48598,3.213,-2.126,-0.152,0.000,0.000,activeTracking,noEvent
6382,7,26,rld,15:00:44.225,48599,3.257,-2.126,-0.152,0.000,0.000,activeTracking,noEvent
6382,7,26,rld,15:00:44.270,48600,3.298,-2.126,-0.152,0.000,0.000,activeTracking,noEvent
6382,7,26,rld,15:00:44.316,48601,3.344,-2.126,-0.152,0.000,0.000,activeTracking,noEvent
6382,7,26,rld,15:00:44.355,48602,3.386,-2.126,-0.152,0.000,0.000,activeTracking,noEvent
6382,7,26,rld,15:00:44.403,48603,3.442,-2.126,-0.152,0.000,0.000,activeTracking,noEvent
6382,7,26,rld,15:00:44.454,48604,3.483,-2.126,-0.152,0.000,0.000,activeTracking,noEvent
6382,7,26,rld,15:00:44.493,48605,3.528,-2.126,-0.152,0.000,0.000,activeTracking,noEvent
6382,7,26,rld,15:00:44.537,48606,3.568,-2.126,-0.152,0.000,0.000,activeTracking,noEvent
6382,7,26,rld,15:00:44.586,48607,3.615,-2.126,-0.152,0.000,0.000,activeTracking,noEvent
6382,7,26,rld,15:00:44.637,48608,3.666,-2.126,-0.152,0.000,0.000,activeTracking,noEvent
6382,7,26,rld,15:00:44.709,48609,3.748,-3.117,0.237,-8.200,3.300,activeTracking,noEvent
6382,7,26,rld,15:00:44.989,48610,3.965,-3.690,0.690,-1.800,2.600,activeTracking,noEvent
6382,7,27,rld,15:00:50.177,48681,0.045,0.169,0.255,0.000,0.000,activeTracking,targetAppeared
6382,7,27,rld,15:00:50.219,48682,0.084,0.169,0.255,0.000,0.000,activeTracking,noEvent
6382,7,27,rld,15:00:50.270,48683,0.134,0.169,0.255,0.000,0.000,activeTracking,noEvent
6382,7,27,rld,15:00:50.309,48684,0.179,0.169,0.255,0.000,0.000,activeTracking,noEvent
6382,7,27,rld,15:00:50.336,48685,0.212,0.169,0.255,0.000,0.000,activeTracking,noEvent
6382,7,27,rld,15:00:50.376,48686,0.252,0.169,0.255,0.000,0.000,activeTracking,noEvent
6382,7,27,rld,15:00:50.424,48687,0.299,0.169,0.255,0.000,0.000,activeTracking,noEvent
6382,7,27,rld,15:00:50.467,48688,0.343,0.169,0.255,0.000,0.000,activeTracking,noEvent
6382,7,27,rld,15:00:50.509,48689,0.383,0.169,0.255,0.000,0.000,activeTracking,noEvent
6382,7,27,rld,15:00:50.557,48690,0.433,0.169,0.255,0.000,0.000,activeTracking,noEvent
6382,7,27,rld,15:00:50.605,48691,0.479,0.169,0.255,0.000,0.000,activeTracking,noEvent
6382,7,27,rld,15:00:50.650,48692,0.519,0.169,0.255,0.000,0.000,activeTracking,noEvent
6382,7,27,rld,15:00:50.686,48693,0.559,0.169,0.255,0.000,0.000,activeTracking,noEvent
6382,7,27,rld,15:00:50.737,48694,0.612,0.169,0.255,0.000,0.000,activeTracking,noEvent
6382,7,27,rld,15:00:50.806,48695,0.659,0.169,0.255,0.000,0.000,activeTracking,noEvent
6382,7,27,rld,15:00:50.924,48696,0.743,0.169,0.255,0.000,0.000,activeTracking,noEvent
6382,7,27,rld,15:00:51.058,48697,0.914,1.624,0.614,12.800,3.100,activeTracking,noEvent
6382,7,27,rld,15:00:51.200,48698,1.050,2.288,0.744,1.400,0.000,activeTracking,noEvent
6382,7,27,rld,15:00:51.386,48699,1.234,2.792,0.867,2.300,0.600,activeTracking,noEvent
6382,7,27,rld,15:00:51.466,48700,1.319,3.086,0.912,1.000,0.000,activeTracking,noEvent
6382,7,27,rld,15:00:51.525,48701,1.395,3.223,0.929,0.300,0.000,activeTracking,noEvent
6382,7,27,rld,15:00:51.626,48702,1.482,3.282,0.887,0.100,-0.400,activeTracking,noEvent
6382,7,27,rld,15:00:51.684,48703,1.553,3.314,0.826,0.100,-0.400,activeTracking,noEvent
6382,7,27,rld,15:00:51.902,48704,1.735,3.299,0.661,-0.200,-1.200,activeTracking,noEvent
6382,7,27,rld,15:00:51.957,48705,1.826,3.219,0.557,-0.600,-0.400,activeTracking,noEvent
6382,7,27,rld,15:00:52.056,48706,1.898,3.155,0.498,-0.300,-0.200,activeTracking,noEvent
6382,7,27,rld,15:00:52.159,48707,2.021,3.072,0.406,-0.500,-0.600,activeTracking,noEvent
6382,7,27,rld,15:00:52.226,48708,2.101,3.007,0.339,-0.300,-0.300,activeTracking,noEvent
6382,7,27,rld,15:00:52.431,48709,2.303,2.924,0.270,-0.500,-0.400,onTarget,noEvent
6382,7,27,rld,15:00:52.476,48710,2.352,2.884,0.246,-0.100,0.000,onTarget,noEvent
6382,7,27,rld,15:00:52.565,48711,2.432,2.859,0.227,-0.100,-0.100,onTarget,noEvent
6382,7,27,rld,15:00:52.654,48712,2.503,2.850,0.208,0.000,-0.100,onTarget,noEvent
6382,7,27,rld,15:00:52.742,48713,2.601,2.860,0.132,0.100,-0.600,onTarget,noEvent
6382,7,27,rld,15:00:52.824,48714,2.696,2.863,0.036,0.000,-0.600,onTarget,noEvent
6382,7,27,rld,15:00:52.905,48715,2.768,2.852,-0.008,-0.100,-0.100,onTarget,noEvent
6382,7,27,rld,15:00:53.024,48716,2.895,2.787,-0.069,-0.500,-0.400,onTarget,noEvent
6382,7,27,rld,15:00:53.069,48717,2.944,2.765,-0.090,0.000,0.000,onTarget,noEvent
6382,7,27,rld,15:00:53.119,48718,2.991,2.758,-0.097,0.000,0.000,onTarget,noEvent
6382,7,27,rld,15:00:53.163,48719,3.033,2.756,-0.099,0.000,0.000,onTarget,noEvent
6382,7,27,rld,15:00:53.219,48720,3.081,2.755,-0.100,0.000,0.000,onTarget,noEvent
6382,7,27,rld,15:00:53.267,48721,3.133,2.755,-0.100,0.000,0.000,onTarget,noEvent
6382,7,27,rld,15:00:53.375,48722,3.251,2.682,0.028,-0.600,1.100,onTarget,noEvent
6382,7,27,rld,15:00:53.405,48723,3.278,2.658,0.071,0.000,0.000,onTarget,noEvent
6382,7,27,rld,15:00:53.440,48724,3.313,2.649,0.085,0.000,0.000,onTarget,noEvent
6382,7,27,rld,15:00:53.483,48725,3.352,2.647,0.090,0.000,0.000,onTarget,noEvent
6382,7,27,rld,15:00:53.529,48726,3.401,2.646,0.092,0.000,0.000,onTarget,noEvent
6382,7,27,rld,15:00:53.564,48727,3.435,2.646,0.092,0.000,0.000,onTarget,noEvent
6382,7,27,rld,15:00:53.623,48728,3.488,2.645,0.092,0.000,0.000,onTarget,noEvent
6382,7,27,rld,15:00:53.702,48729,3.564,2.645,0.092,0.000,0.000,onTarget,targetClick
6382,7,28,rld,15:00:57.083,48782,3.629,-0.151,-0.370,0.000,0.000,waitingForTarget,middleTargetClick
6382,7,28,rld,15:00:57.137,48783,3.691,-0.152,-0.370,0.000,0.000,waitingForTarget,noEvent
6382,7,28,rld,15:00:57.189,48784,3.730,-0.152,-0.370,0.000,0.000,waitingForTarget,noEvent
6382,7,28,rld,15:00:57.240,48785,3.792,-0.152,-0.370,0.000,0.000,waitingForTarget,noEvent
6382,7,28,rld,15:00:57.287,48786,3.842,-0.152,-0.370,0.000,0.000,waitingForTarget,noEvent
6382,7,28,rld,15:00:57.320,48787,3.873,-0.152,-0.370,0.000,0.000,waitingForTarget,noEvent
6382,7,28,rld,15:00:57.368,48788,3.912,-0.152,-0.370,0.000,0.000,waitingForTarget,noEvent
6382,7,28,rld,15:00:57.408,48789,3.960,-0.152,-0.370,0.000,0.000,waitingForTarget,noEvent
6382,7,28,rld,15:00:57.451,48790,3.993,-0.152,-0.370,0.000,0.000,waitingForTarget,noEvent
6382,7,28,rld,15:00:57.551,48792,0.061,-0.152,-0.370,0.000,0.000,activeTracking,targetAppeared
6382,7,28,rld,15:00:57.596,48793,0.098,-0.152,-0.370,0.000,0.000,activeTracking,noEvent
6382,7,28,rld,15:00:57.642,48794,0.153,-0.152,-0.370,0.000,0.000,activeTracking,noEvent
6382,7,28,rld,15:00:57.686,48795,0.194,-0.152,-0.370,0.000,0.000,activeTracking,noEvent
6382,7,28,rld,15:00:57.829,48796,0.317,-0.152,-0.370,0.000,0.000,activeTracking,noEvent
6382,7,28,rld,15:00:57.885,48797,0.387,-0.152,-0.370,0.000,0.000,activeTracking,noEvent
6382,7,28,rld,15:00:57.945,48798,0.448,-0.152,-0.370,0.000,0.000,activeTracking,noEvent
6382,7,28,rld,15:00:58.106,48799,0.608,0.806,-0.213,8.500,1.400,activeTracking,noEvent
6382,7,28,rld,15:00:58.238,48800,0.734,1.277,-0.126,1.300,0.300,activeTracking,noEvent
6382,7,28,rld,15:00:58.379,48801,0.877,1.887,-0.029,3.900,0.600,activeTracking,noEvent
6382,7,28,rld,15:00:58.485,48802,0.984,2.247,0.028,1.300,0.200,activeTracking,noEvent
6382,7,28,rld,15:00:58.645,48803,1.125,2.548,0.094,1.500,0.400,onTarget,noEvent
6382,7,28,rld,15:00:58.746,48804,1.229,2.770,0.129,1.000,0.100,onTarget,noEvent
6382,7,28,rld,15:00:58.825,48805,1.323,2.919,0.141,0.600,0.000,onTarget,noEvent
6382,7,28,rld,15:00:58.878,48806,1.385,2.993,0.146,0.200,0.000,onTarget,noEvent
6382,7,28,rld,15:00:58.937,48807,1.444,3.018,0.147,0.000,0.000,onTarget,noEvent
6382,7,28,rld,15:00:59.013,48808,1.516,3.014,0.136,-0.100,-0.100,onTarget,noEvent
6382,7,28,rld,15:00:59.078,48809,1.577,3.000,0.108,-0.100,-0.200,onTarget,noEvent
6382,7,28,rld,15:00:59.182,48810,1.668,2.934,0.063,-0.500,-0.300,onTarget,noEvent
6382,7,28,rld,15:00:59.257,48811,1.765,2.839,0.025,-0.600,-0.200,onTarget,noEvent
6382,7,28,rld,15:00:59.331,48812,1.838,2.783,0.012,-0.200,0.000,onTarget,noEvent
6382,7,28,rld,15:00:59.384,48813,1.886,2.764,0.007,0.000,0.000,onTarget,noEvent
6382,7,28,rld,15:00:59.426,48814,1.935,2.758,0.006,0.000,0.000,onTarget,noEvent
6382,7,28,rld,15:00:59.506,48815,2.000,2.731,0.005,-0.200,0.000,onTarget,noEvent
6382,7,28,rld,15:00:59.576,48816,2.086,2.698,0.005,-0.200,0.000,onTarget,noEvent
6382,7,28,rld,15:00:59.630,48817,2.137,2.663,-0.018,-0.200,-0.200,onTarget,noEvent
6382,7,28,rld,15:00:59.713,48818,2.220,2.615,-0.038,-0.300,-0.100,onTarget,noEvent
6382,7,28,rld,15:00:59.817,48819,2.298,2.599,-0.044,0.000,0.000,onTarget,noEvent
6382,7,28,rld,15:00:59.883,48820,2.379,2.594,-0.023,0.000,0.200,onTarget,noEvent
6382,7,28,rld,15:00:59.948,48821,2.443,2.592,-0.005,0.000,0.100,onTarget,noEvent
6382,7,28,rld,15:01:00.019,48822,2.527,2.591,0.037,0.000,0.300,onTarget,noEvent
6382,7,28,rld,15:01:00.072,48823,2.582,2.591,0.050,0.000,0.000,onTarget,noEvent
6382,7,28,rld,15:01:00.132,48824,2.636,2.603,0.067,0.100,0.100,onTarget,noEvent
6382,7,28,rld,15:01:00.190,48825,2.691,2.619,0.072,0.100,0.000,onTarget,noEvent
6382,7,28,rld,15:01:00.249,48826,2.747,2.625,0.074,0.000,0.000,onTarget,noEvent
6382,7,28,rld,15:01:00.299,48827,2.798,2.626,0.075,0.000,0.000,onTarget,noEvent
6382,7,28,rld,15:01:00.341,48828,2.845,2.627,0.075,0.000,0.000,onTarget,noEvent
6382,7,28,rld,15:01:00.406,48829,2.903,2.627,0.075,0.000,0.000,onTarget,targetClick
6382,7,29,rld,15:01:03.514,48882,2.986,0.169,-0.100,0.000,0.000,waitingForTarget,middleTargetClick
6382,7,29,rld,15:01:03.557,48883,3.034,0.169,-0.100,0.000,0.000,waitingForTarget,noEvent
6382,7,29,rld,15:01:03.609,48884,3.081,0.169,-0.100,0.000,0.000,waitingForTarget,noEvent
6382,7,29,rld,15:01:03.728,48885,3.200,0.169,-0.100,0.000,0.000,waitingForTarget,noEvent
6382,7,29,rld,15:01:03.758,48886,3.234,0.169,-0.100,0.000,0.000,waitingForTarget,noEvent
6382,7,29,rld,15:01:03.807,48887,3.280,0.169,-0.100,0.000,0.000,waitingForTarget,noEvent
6382,7,29,rld,15:01:03.853,48888,3.329,0.169,-0.100,0.000,0.000,waitingForTarget,noEvent
6382,7,29,rld,15:01:03.886,48889,3.361,0.169,-0.100,0.000,0.000,waitingForTarget,noEvent
6382,7,29,rld,15:01:03.931,48890,3.403,0.169,-0.100,0.000,0.000,waitingForTarget,noEvent
6382,7,29,rld,15:01:03.976,48891,0.042,0.169,-0.100,0.000,0.000,activeTracking,targetAppeared
6382,7,29,rld,15:01:04.014,48892,0.087,0.169,-0.100,0.000,0.000,activeTracking,noEvent
6382,7,29,rld,15:01:04.053,48893,0.121,0.169,-0.100,0.000,0.000,activeTracking,noEvent
6382,7,29,rld,15:01:04.084,48894,0.154,0.169,-0.100,0.000,0.000,activeTracking,noEvent
6382,7,29,rld,15:01:04.124,48895,0.191,0.169,-0.100,0.000,0.000,activeTracking,noEvent
6382,7,29,rld,15:01:04.166,48896,0.235,0.169,-0.100,0.000,0.000,activeTracking,noEvent
6382,7,29,rld,15:01:04.206,48897,0.273,0.169,-0.100,0.000,0.000,activeTracking,noEvent
6382,7,29,rld,15:01:04.240,48898,0.312,0.169,-0.100,0.000,0.000,activeTracking,noEvent
6382,7,29,rld,15:01:04.308,48899,0.379,0.169,-0.100,0.000,0.000,activeTracking,noEvent
6382,7,29,rld,15:01:04.351,48900,0.423,0.169,-0.100,0.000,0.000,activeTracking,noEvent
6382,7,29,rld,15:01:04.406,48901,0.479,0.169,-0.100,0.000,0.000,activeTracking,noEvent
6382,7,29,rld,15:01:04.454,48902,0.528,0.169,-0.100,0.000,0.000,activeTracking,noEvent
6382,7,29,rld,15:01:04.497,48903,0.571,0.169,-0.100,0.000,0.000,activeTracking,noEvent
6382,7,29,rld,15:01:04.540,48904,0.600,0.169,-0.100,0.000,0.000,activeTracking,noEvent
6382,7,29,rld,15:01:04.607,48905,0.680,0.169,-0.100,0.000,0.000,activeTracking,noEvent
6382,7,29,rld,15:01:04.798,48906,0.833,0.971,0.160,7.100,2.300,activeTracking,noEvent
6382,7,29,rld,15:01:04.982,48907,1.030,1.748,0.342,4.400,0.800,activeTracking,noEvent
6382,7,29,rld,15:01:05.061,48908,1.123,2.176,0.418,1.400,0.100,activeTracking,noEvent
6382,7,29,rld,15:01:05.159,48909,1.222,2.392,0.445,0.600,0.000,activeTracking,noEvent
6382,7,29,rld,15:01:05.208,48910,1.281,2.488,0.454,0.200,0.000,activeTracking,noEvent
6382,7,29,rld,15:01:05.257,48911,1.321,2.521,0.457,0.000,0.000,activeTracking,noEvent
6382,7,29,rld,15:01:05.306,48912,1.380,2.532,0.458,0.000,0.000,activeTracking,noEvent
6382,7,29,rld,15:01:05.363,48913,1.427,2.535,0.459,0.000,0.000,activeTracking,noEvent
6382,7,29,rld,15:01:05.407,48914,1.476,2.536,0.459,0.000,0.000,activeTracking,noEvent
6382,7,29,rld,15:01:05.464,48915,1.527,2.537,0.459,0.000,0.000,activeTracking,noEvent
6382,7,29,rld,15:01:05.500,48916,1.574,2.537,0.459,0.000,0.000,activeTracking,noEvent
6382,7,29,rld,15:01:05.567,48917,1.626,2.537,0.459,0.000,0.000,activeTracking,noEvent
6382,7,29,rld,15:01:05.635,48918,1.694,2.537,0.424,0.000,-0.300,activeTracking,noEvent
6382,7,29,rld,15:01:05.715,48919,1.771,2.525,0.365,-0.100,-0.400,activeTracking,noEvent
6382,7,29,rld,15:01:05.773,48920,1.830,2.521,0.323,0.000,-0.200,activeTracking,noEvent
6382,7,29,rld,15:01:05.858,48921,1.915,2.520,0.239,0.000,-0.600,onTarget,noEvent
6382,7,29,rld,15:01:05.923,48922,1.979,2.519,0.187,0.000,-0.200,onTarget,noEvent
6382,7,29,rld,15:01:05.981,48923,2.041,2.519,0.159,0.000,-0.100,onTarget,noEvent
6382,7,29,rld,15:01:06.035,48924,2.084,2.531,0.149,0.100,0.000,onTarget,noEvent
6382,7,29,rld,15:01:06.098,48925,2.161,2.547,0.158,0.100,0.100,onTarget,noEvent
6382,7,29,rld,15:01:06.165,48926,2.232,2.588,0.184,0.300,0.200,onTarget,noEvent
6382,7,29,rld,15:01:06.221,48927,2.292,2.638,0.193,0.300,0.000,onTarget,noEvent
6382,7,29,rld,15:01:06.320,48928,2.381,2.740,0.197,0.700,0.000,onTarget,noEvent
6382,7,29,rld,15:01:06.399,48929,2.461,2.823,0.198,0.400,0.000,onTarget,noEvent
6382,7,29,rld,15:01:06.454,48930,2.516,2.863,0.199,0.100,0.000,onTarget,noEvent
6382,7,29,rld,15:01:06.521,48931,2.591,2.888,0.223,0.100,0.200,onTarget,noEvent
6382,7,29,rld,15:01:06.594,48932,2.660,2.921,0.243,0.200,0.100,onTarget,noEvent
6382,7,29,rld,15:01:06.634,48933,2.702,2.932,0.250,0.000,0.000,onTarget,noEvent
6382,7,29,rld,15:01:06.687,48934,2.750,2.936,0.252,0.000,0.000,onTarget,noEvent
6382,7,29,rld,15:01:06.736,48935,2.798,2.937,0.253,0.000,0.000,onTarget,noEvent
6382,7,29,rld,15:01:06.795,48936,2.867,2.938,0.253,0.000,0.000,onTarget,noEvent
6382,7,29,rld,15:01:06.907,48937,2.958,2.913,0.217,-0.200,-0.300,onTarget,noEvent
6382,7,29,rld,15:01:06.983,48938,3.047,2.881,0.170,-0.200,-0.300,onTarget,noEvent
6382,7,29,rld,15:01:07.046,48939,3.100,2.858,0.131,-0.100,-0.200,onTarget,noEvent
6382,7,29,rld,15:01:07.099,48940,3.170,2.825,0.106,-0.200,-0.100,onTarget,noEvent
6382,7,29,rld,15:01:07.169,48941,3.239,2.790,0.074,-0.200,-0.200,onTarget,noEvent
6382,7,29,rld,15:01:07.256,48942,3.325,2.767,0.052,-0.100,-0.100,onTarget,noEvent
6382,7,29,rld,15:01:07.315,48943,3.388,2.759,0.044,0.000,0.000,onTarget,noEvent
6382,7,29,rld,15:01:07.369,48944,3.443,2.756,0.042,0.000,0.000,onTarget,noEvent
6382,7,29,rld,15:01:07.421,48945,3.481,2.755,0.041,0.000,0.000,onTarget,noEvent
6382,7,29,rld,15:01:07.467,48946,3.529,2.755,0.041,0.000,0.000,onTarget,noEvent
6382,7,29,rld,15:01:07.519,48947,3.580,2.755,0.040,0.000,0.000,onTarget,noEvent
6382,7,29,rld,15:01:07.583,48948,3.643,2.755,0.040,0.000,0.000,onTarget,noEvent
6382,7,29,rld,15:01:07.664,48949,3.734,2.767,0.052,0.100,0.100,onTarget,targetClick
6382,7,30,rld,15:01:11.246,49006,3.807,0.236,0.052,0.000,0.000,waitingForTarget,middleTargetClick
6382,7,30,rld,15:01:11.300,49007,3.873,0.236,0.052,0.000,0.000,waitingForTarget,noEvent
6382,7,30,rld,15:01:11.347,49008,3.922,0.236,0.052,0.000,0.000,waitingForTarget,noEvent
6382,7,30,rld,15:01:11.407,49009,3.982,0.236,0.052,0.000,0.000,waitingForTarget,noEvent
6382,7,30,rld,15:01:11.715,49016,0.051,0.236,0.052,0.000,0.000,activeTracking,targetAppeared
6382,7,30,rld,15:01:11.768,49017,0.111,0.236,0.052,0.000,0.000,activeTracking,noEvent
6382,7,30,rld,15:01:11.806,49018,0.149,0.236,0.052,0.000,0.000,activeTracking,noEvent
6382,7,30,rld,15:01:11.863,49019,0.197,0.236,0.052,0.000,0.000,activeTracking,noEvent
6382,7,30,rld,15:01:11.903,49020,0.236,0.236,0.052,0.000,0.000,activeTracking,noEvent
6382,7,30,rld,15:01:11.953,49021,0.283,0.236,0.052,0.000,0.000,activeTracking,noEvent
6382,7,30,rld,15:01:11.994,49022,0.329,0.236,0.052,0.000,0.000,activeTracking,noEvent
6382,7,30,rld,15:01:12.036,49023,0.379,0.236,0.052,0.000,0.000,activeTracking,noEvent
6382,7,30,rld,15:01:12.075,49024,0.411,0.236,0.052,0.000,0.000,activeTracking,noEvent
6382,7,30,rld,15:01:12.131,49025,0.459,0.236,0.052,0.000,0.000,activeTracking,noEvent
6382,7,30,rld,15:01:12.172,49026,0.504,0.236,0.052,0.000,0.000,activeTracking,noEvent
6382,7,30,rld,15:01:12.224,49027,0.552,0.236,0.052,0.000,0.000,activeTracking,noEvent
6382,7,30,rld,15:01:12.283,49028,0.612,0.236,0.052,0.000,0.000,activeTracking,noEvent
6382,7,30,rld,15:01:12.368,49029,0.679,0.259,0.052,0.200,0.000,activeTracking,noEvent
6382,7,30,rld,15:01:12.558,49030,0.863,0.876,0.098,5.400,0.400,activeTracking,noEvent
6382,7,30,rld,15:01:12.655,49031,0.968,1.392,0.137,2.700,0.200,activeTracking,noEvent
6382,7,30,rld,15:01:12.758,49032,1.087,1.670,0.151,0.900,0.000,activeTracking,noEvent
6382,7,30,rld,15:01:12.856,49033,1.180,1.891,0.156,1.100,0.000,activeTracking,noEvent
6382,7,30,rld,15:01:12.931,49034,1.267,2.059,0.135,0.800,-0.200,activeTracking,noEvent
6382,7,30,rld,15:01:12.991,49035,1.333,2.139,0.105,0.200,-0.200,activeTracking,noEvent
6382,7,30,rld,15:01:13.049,49036,1.379,2.166,0.095,0.000,0.000,activeTracking,noEvent
6382,7,30,rld,15:01:13.101,49037,1.433,2.175,0.092,0.000,0.000,activeTracking,noEvent
6382,7,30,rld,15:01:13.153,49038,1.487,2.190,0.079,0.100,-0.100,activeTracking,noEvent
6382,7,30,rld,15:01:13.223,49039,1.563,2.206,0.064,0.100,-0.100,activeTracking,noEvent
6382,7,30,rld,15:01:13.308,49040,1.651,2.271,0.024,0.500,-0.300,activeTracking,noEvent
6382,7,30,rld,15:01:13.363,49041,1.704,2.317,0.011,0.200,0.000,activeTracking,noEvent
6382,7,30,rld,15:01:13.414,49042,1.753,2.344,0.006,0.100,0.000,onTarget,noEvent
6382,7,30,rld,15:01:13.514,49043,1.832,2.401,0.005,0.400,0.000,onTarget,noEvent
6382,7,30,rld,15:01:13.575,49044,1.909,2.503,0.005,0.700,0.000,onTarget,noEvent
6382,7,30,rld,15:01:13.645,49045,1.979,2.598,0.005,0.500,0.000,onTarget,noEvent
6382,7,30,rld,15:01:13.716,49046,2.041,2.654,0.005,0.200,0.000,onTarget,noEvent
6382,7,30,rld,15:01:13.756,49047,2.093,2.685,0.005,0.100,0.000,onTarget,noEvent
6382,7,30,rld,15:01:13.819,49048,2.153,2.695,0.005,0.000,0.000,onTarget,noEvent
6382,7,30,rld,15:01:13.857,49049,2.199,2.698,0.005,0.000,0.000,onTarget,noEvent
6382,7,30,rld,15:01:13.918,49050,2.249,2.699,0.005,0.000,0.000,onTarget,noEvent
6382,7,30,rld,15:01:13.968,49051,2.297,2.700,0.005,0.000,0.000,onTarget,noEvent
6382,7,30,rld,15:01:14.021,49052,2.350,2.700,0.005,0.000,0.000,onTarget,noEvent
6382,7,30,rld,15:01:14.066,49053,2.400,2.700,0.005,0.000,0.000,onTarget,noEvent
6382,7,30,rld,15:01:14.120,49054,2.451,2.688,0.005,-0.100,0.000,onTarget,noEvent
6382,7,30,rld,15:01:14.167,49055,2.502,2.684,0.005,0.000,0.000,onTarget,noEvent
6382,7,30,rld,15:01:14.228,49056,2.559,2.682,0.005,0.000,0.000,onTarget,targetClick
6382,7,31,rld,15:01:17.488,49106,2.616,-0.132,0.104,0.000,0.000,waitingForTarget,middleTargetClick
6382,7,31,rld,15:01:17.536,49107,2.670,-0.134,0.103,0.000,0.000,waitingForTarget,noEvent
6382,7,31,rld,15:01:17.604,49108,2.722,-0.135,0.103,0.000,0.000,waitingForTarget,noEvent
6382,7,31,rld,15:01:17.655,49109,2.787,-0.135,0.103,0.000,0.000,waitingForTarget,noEvent
6382,7,31,rld,15:01:17.701,49110,2.825,-0.135,0.103,0.000,0.000,waitingForTarget,noEvent
6382,7,31,rld,15:01:17.741,49111,2.872,-0.135,0.103,0.000,0.000,waitingForTarget,noEvent
6382,7,31,rld,15:01:17.783,49112,2.910,-0.135,0.103,0.000,0.000,waitingForTarget,noEvent
6382,7,31,rld,15:01:17.832,49113,2.959,-0.135,0.103,0.000,0.000,waitingForTarget,noEvent
6382,7,31,rld,15:01:17.867,49114,2.990,-0.135,0.103,0.000,0.000,waitingForTarget,noEvent
6382,7,31,rld,15:01:17.912,49115,3.041,-0.135,0.103,0.000,0.000,waitingForTarget,noEvent
6382,7,31,rld,15:01:17.948,49116,0.034,-0.135,0.103,0.000,0.000,activeTracking,targetAppeared
6382,7,31,rld,15:01:17.990,49117,0.075,-0.135,0.103,0.000,0.000,activeTracking,noEvent
6382,7,31,rld,15:01:18.024,49118,0.116,-0.135,0.103,0.000,0.000,activeTracking,noEvent
6382,7,31,rld,15:01:18.060,49119,0.151,-0.135,0.103,0.000,0.000,activeTracking,noEvent
6382,7,31,rld,15:01:18.100,49120,0.192,-0.135,0.103,0.000,0.000,activeTracking,noEvent
6382,7,31,rld,15:01:18.154,49121,0.244,-0.135,0.103,0.000,0.000,activeTracking,noEvent
6382,7,31,rld,15:01:18.181,49122,0.272,-0.135,0.103,0.000,0.000,activeTracking,noEvent
6382,7,31,rld,15:01:18.227,49123,0.315,-0.135,0.103,0.000,0.000,activeTracking,noEvent
6382,7,31,rld,15:01:18.267,49124,0.358,-0.135,0.103,0.000,0.000,activeTracking,noEvent
6382,7,31,rld,15:01:18.334,49125,0.420,-0.135,0.103,0.000,0.000,activeTracking,noEvent
6382,7,31,rld,15:01:18.366,49126,0.457,-0.135,0.103,0.000,0.000,activeTracking,noEvent
6382,7,31,rld,15:01:18.411,49127,0.500,-0.135,0.103,0.000,0.000,activeTracking,noEvent
6382,7,31,rld,15:01:18.446,49128,0.530,-0.135,0.103,0.000,0.000,activeTracking,noEvent
6382,7,31,rld,15:01:18.495,49129,0.581,-0.135,0.103,0.000,0.000,activeTracking,noEvent
6382,7,31,rld,15:01:18.566,49130,0.644,-0.135,0.103,0.000,0.000,activeTracking,failedClick
6382,7,32,rld,15:01:23.140,49198,0.710,-0.084,-0.134,0.000,0.000,waitingForTarget,middleTargetClick
6382,7,32,rld,15:01:23.186,49199,0.761,-0.084,-0.134,0.000,0.000,waitingForTarget,noEvent
6382,7,32,rld,15:01:23.234,49200,0.812,-0.084,-0.134,0.000,0.000,waitingForTarget,noEvent
6382,7,32,rld,15:01:23.297,49201,0.870,-0.084,-0.134,0.000,0.000,waitingForTarget,noEvent
6382,7,32,rld,15:01:23.346,49202,0.928,-0.084,-0.134,0.000,0.000,waitingForTarget,noEvent
6382,7,32,rld,15:01:23.380,49203,0.964,-0.084,-0.134,0.000,0.000,waitingForTarget,noEvent
6382,7,32,rld,15:01:23.417,49204,1.002,-0.084,-0.134,0.000,0.000,waitingForTarget,noEvent
6382,7,32,rld,15:01:23.476,49205,1.040,-0.084,-0.134,0.000,0.000,waitingForTarget,noEvent
6382,7,32,rld,15:01:23.495,49206,1.078,-0.084,-0.134,0.000,0.000,waitingForTarget,noEvent
6382,7,32,rld,15:01:23.554,49207,1.128,-0.084,-0.134,0.000,0.000,waitingForTarget,noEvent
6382,7,32,rld,15:01:23.605,49208,0.045,-0.084,-0.134,0.000,0.000,activeTracking,targetAppeared
6382,7,32,rld,15:01:23.657,49209,0.110,-0.084,-0.134,0.000,0.000,activeTracking,noEvent
6382,7,32,rld,15:01:23.702,49210,0.159,-0.084,-0.134,0.000,0.000,activeTracking,noEvent
6382,7,32,rld,15:01:23.741,49211,0.196,-0.084,-0.134,0.000,0.000,activeTracking,noEvent
6382,7,32,rld,15:01:23.784,49212,0.237,-0.084,-0.134,0.000,0.000,activeTracking,noEvent
6382,7,32,rld,15:01:23.841,49213,0.290,-0.084,-0.134,0.000,0.000,activeTracking,noEvent
6382,7,32,rld,15:01:23.884,49214,0.331,-0.084,-0.134,0.000,0.000,activeTracking,noEvent
6382,7,32,rld,15:01:23.923,49215,0.381,-0.084,-0.134,0.000,0.000,activeTracking,noEvent
6382,7,32,rld,15:01:23.966,49216,0.413,-0.084,-0.134,0.000,0.000,activeTracking,noEvent
6382,7,32,rld,15:01:24.006,49217,0.450,-0.084,-0.134,0.000,0.000,activeTracking,noEvent
6382,7,32,rld,15:01:24.052,49218,0.507,-0.084,-0.134,0.000,0.000,activeTracking,noEvent
6382,7,32,rld,15:01:24.096,49219,0.550,-0.084,-0.134,0.000,0.000,activeTracking,noEvent
6382,7,32,rld,15:01:24.138,49220,0.591,-0.084,-0.134,0.000,0.000,activeTracking,noEvent
6382,7,32,rld,15:01:24.179,49221,0.634,-0.084,-0.134,0.000,0.000,activeTracking,noEvent
6382,7,32,rld,15:01:24.233,49222,0.680,-0.084,-0.134,0.000,0.000,activeTracking,noEvent
6382,7,32,rld,15:01:24.268,49223,0.721,-0.084,-0.134,0.000,0.000,activeTracking,noEvent
6382,7,32,rld,15:01:24.312,49224,0.765,-0.084,-0.134,0.000,0.000,activeTracking,noEvent
6382,7,32,rld,15:01:24.363,49225,0.814,-0.084,-0.134,0.000,0.000,activeTracking,noEvent
6382,7,32,rld,15:01:24.407,49226,0.861,-0.084,-0.134,0.000,0.000,activeTracking,noEvent
6382,7,32,rld,15:01:24.641,49227,1.090,1.526,0.025,14.200,1.400,activeTracking,noEvent
6382,7,32,rld,15:01:24.824,49228,1.276,2.529,0.175,3.800,0.800,onTarget,noEvent
6382,7,32,rld,15:01:24.923,49229,1.334,3.009,0.229,1.100,0.000,activeTracking,noEvent
6382,7,32,rld,15:01:24.999,49230,1.432,3.272,0.248,0.800,0.000,activeTracking,noEvent
6382,7,32,rld,15:01:25.065,49231,1.514,3.399,0.255,0.300,0.000,activeTracking,noEvent
6382,7,32,rld,15:01:25.112,49232,1.564,3.454,0.258,0.100,0.000,activeTracking,noEvent
6382,7,32,rld,15:01:25.152,49233,1.607,3.472,0.258,0.000,0.000,activeTracking,noEvent
6382,7,32,rld,15:01:25.216,49234,1.665,3.478,0.259,0.000,0.000,activeTracking,noEvent
6382,7,32,rld,15:01:25.280,49235,1.726,3.480,0.259,0.000,0.000,activeTracking,noEvent
6382,7,32,rld,15:01:25.332,49236,1.783,3.481,0.259,0.000,0.000,activeTracking,noEvent
6382,7,32,rld,15:01:25.373,49237,1.826,3.481,0.259,0.000,0.000,activeTracking,noEvent
6382,7,32,rld,15:01:25.425,49238,1.873,3.481,0.259,0.000,0.000,activeTracking,noEvent
6382,7,32,rld,15:01:25.517,49239,1.963,3.443,0.223,-0.300,-0.300,activeTracking,noEvent
6382,7,32,rld,15:01:25.600,49240,2.055,3.380,0.174,-0.400,-0.300,activeTracking,noEvent
6382,7,32,rld,15:01:25.671,49241,2.123,3.334,0.134,-0.200,-0.200,activeTracking,noEvent
6382,7,32,rld,15:01:25.732,49242,2.187,3.281,0.109,-0.300,-0.100,activeTracking,noEvent
6382,7,32,rld,15:01:25.781,49243,2.234,3.251,0.100,-0.100,0.000,activeTracking,noEvent
6382,7,32,rld,15:01:25.840,49244,2.282,3.228,0.097,-0.100,0.000,activeTracking,noEvent
6382,7,32,rld,15:01:25.893,49245,2.345,3.208,0.096,-0.100,0.000,activeTracking,noEvent
6382,7,32,rld,15:01:25.955,49246,2.395,3.189,0.084,-0.100,-0.100,activeTracking,noEvent
6382,7,32,rld,15:01:26.007,49247,2.456,3.170,0.080,-0.100,0.000,activeTracking,noEvent
6382,7,32,rld,15:01:26.082,49248,2.532,3.151,0.078,-0.100,0.000,activeTracking,noEvent
6382,7,32,rld,15:01:26.119,49249,2.565,3.145,0.078,0.000,0.000,activeTracking,noEvent
6382,7,32,rld,15:01:26.197,49250,2.641,3.118,0.077,-0.200,0.000,activeTracking,noEvent
6382,7,32,rld,15:01:26.284,49251,2.699,3.084,0.077,-0.200,0.000,activeTracking,noEvent
6382,7,32,rld,15:01:26.381,49252,2.813,2.950,0.076,-1.000,0.000,onTarget,noEvent
6382,7,32,rld,15:01:26.452,49253,2.903,2.844,0.088,-0.500,0.100,onTarget,noEvent
6382,7,32,rld,15:01:26.531,49254,2.982,2.784,0.115,-0.200,0.200,onTarget,noEvent
6382,7,32,rld,15:01:26.586,49255,3.036,2.752,0.135,-0.100,0.100,onTarget,noEvent
6382,7,32,rld,15:01:26.640,49256,3.086,2.730,0.142,-0.100,0.000,onTarget,noEvent
6382,7,32,rld,15:01:26.736,49257,3.174,2.698,0.156,-0.200,0.100,onTarget,noEvent
6382,7,32,rld,15:01:26.821,49258,3.264,2.675,0.184,-0.100,0.200,onTarget,noEvent
6382,7,32,rld,15:01:26.870,49259,3.325,2.667,0.193,0.000,0.000,onTarget,noEvent
6382,7,32,rld,15:01:26.935,49260,3.382,2.665,0.196,0.000,0.000,onTarget,noEvent
6382,7,32,rld,15:01:26.995,49261,3.443,2.676,0.221,0.100,0.200,onTarget,noEvent
6382,7,32,rld,15:01:27.082,49262,3.538,2.704,0.252,0.200,0.200,onTarget,noEvent
6382,7,32,rld,15:01:27.131,49263,3.588,2.713,0.263,0.000,0.000,onTarget,noEvent
6382,7,32,rld,15:01:27.195,49264,3.641,2.717,0.267,0.000,0.000,onTarget,targetClick
6382,7,33,rld,15:01:30.294,49317,3.707,-0.101,0.103,0.000,0.000,waitingForTarget,middleTargetClick
6382,7,33,rld,15:01:30.348,49318,3.772,-0.101,0.103,0.000,0.000,waitingForTarget,noEvent
6382,7,33,rld,15:01:30.386,49319,3.809,-0.101,0.103,0.000,0.000,waitingForTarget,noEvent
6382,7,33,rld,15:01:30.439,49320,3.863,-0.101,0.103,0.000,0.000,waitingForTarget,noEvent
6382,7,33,rld,15:01:30.485,49321,3.901,-0.101,0.103,0.000,0.000,waitingForTarget,noEvent
6382,7,33,rld,15:01:30.523,49322,3.941,-0.101,0.103,0.000,0.000,waitingForTarget,noEvent
6382,7,33,rld,15:01:30.554,49323,3.977,-0.101,0.103,0.000,0.000,waitingForTarget,noEvent
6382,7,33,rld,15:01:30.770,49328,0.050,-0.101,0.103,0.000,0.000,activeTracking,targetAppeared
6382,7,33,rld,15:01:30.820,49329,0.100,-0.101,0.103,0.000,0.000,activeTracking,noEvent
6382,7,33,rld,15:01:30.896,49330,0.169,-0.101,0.103,0.000,0.000,activeTracking,noEvent
6382,7,33,rld,15:01:30.951,49331,0.218,-0.101,0.103,0.000,0.000,activeTracking,noEvent
6382,7,33,rld,15:01:30.997,49332,0.277,-0.101,0.103,0.000,0.000,activeTracking,noEvent
6382,7,33,rld,15:01:31.046,49333,0.326,-0.101,0.103,0.000,0.000,activeTracking,noEvent
6382,7,33,rld,15:01:31.094,49334,0.369,-0.101,0.103,0.000,0.000,activeTracking,noEvent
6382,7,33,rld,15:01:31.146,49335,0.419,-0.101,0.103,0.000,0.000,activeTracking,noEvent
6382,7,33,rld,15:01:31.187,49336,0.462,-0.101,0.103,0.000,0.000,activeTracking,noEvent
6382,7,33,rld,15:01:31.231,49337,0.500,-0.101,0.103,0.000,0.000,activeTracking,noEvent
6382,7,33,rld,15:01:31.287,49338,0.555,-0.101,0.103,0.000,0.000,activeTracking,noEvent
6382,7,33,rld,15:01:31.346,49339,0.624,-0.101,0.103,0.000,0.000,activeTracking,noEvent
6382,7,33,rld,15:01:31.395,49340,0.665,-0.101,0.103,0.000,0.000,activeTracking,noEvent
6382,7,33,rld,15:01:31.447,49341,0.717,-0.101,0.103,0.000,0.000,activeTracking,noEvent
6382,7,33,rld,15:01:31.498,49342,0.769,-0.101,0.103,0.000,0.000,activeTracking,failedClick
6382,7,34,rld,15:01:33.477,49383,0.815,-0.101,0.103,0.000,0.000,waitingForTarget,middleTargetClick
6382,7,34,rld,15:01:33.530,49384,0.879,-0.101,0.103,0.000,0.000,waitingForTarget,noEvent
6382,7,34,rld,15:01:33.572,49385,0.915,-0.101,0.103,0.000,0.000,waitingForTarget,noEvent
6382,7,34,rld,15:01:33.597,49386,0.947,-0.101,0.103,0.000,0.000,waitingForTarget,noEvent
6382,7,34,rld,15:01:33.654,49387,0.992,-0.101,0.103,0.000,0.000,waitingForTarget,noEvent
6382,7,34,rld,15:01:33.689,49388,1.037,-0.101,0.103,0.000,0.000,waitingForTarget,noEvent
6382,7,34,rld,15:01:33.724,49389,1.072,-0.101,0.103,0.000,0.000,waitingForTarget,noEvent
6382,7,34,rld,15:01:33.774,49390,1.123,-0.101,0.103,0.000,0.000,waitingForTarget,noEvent
6382,7,34,rld,15:01:33.820,49391,1.167,-0.101,0.103,0.000,0.000,waitingForTarget,noEvent
6382,7,34,rld,15:01:33.884,49392,1.221,-0.101,0.103,0.000,0.000,waitingForTarget,noEvent
6382,7,34,rld,15:01:33.947,49393,0.060,-0.101,0.103,0.000,0.000,activeTracking,targetAppeared
6382,7,34,rld,15:01:34.002,49394,0.115,-0.101,0.103,0.000,0.000,activeTracking,noEvent
6382,7,34,rld,15:01:34.047,49395,0.166,-0.101,0.103,0.000,0.000,activeTracking,failedClick
6382,7,35,rld,15:01:37.346,49456,0.239,-0.135,0.103,0.000,0.000,waitingForTarget,middleTargetClick
6382,7,35,rld,15:01:37.420,49457,0.317,-0.135,0.103,0.000,0.000,waitingForTarget,noEvent
6382,7,35,rld,15:01:37.464,49458,0.359,-0.135,0.103,0.000,0.000,waitingForTarget,noEvent
6382,7,35,rld,15:01:37.533,49459,0.432,-0.135,0.103,0.000,0.000,waitingForTarget,noEvent
6382,7,35,rld,15:01:37.586,49460,0.487,-0.135,0.103,0.000,0.000,waitingForTarget,noEvent
6382,7,35,rld,15:01:37.631,49461,0.520,-0.135,0.103,0.000,0.000,waitingForTarget,noEvent
6382,7,35,rld,15:01:37.672,49462,0.567,-0.135,0.103,0.000,0.000,waitingForTarget,noEvent
6382,7,35,rld,15:01:37.726,49463,0.618,-0.135,0.103,0.000,0.000,waitingForTarget,noEvent
6382,7,35,rld,15:01:37.760,49464,0.657,-0.135,0.103,0.000,0.000,waitingForTarget,noEvent
6382,7,35,rld,15:01:37.821,49465,0.051,-0.135,0.103,0.000,0.000,activeTracking,targetAppeared
6382,7,35,rld,15:01:37.869,49466,0.110,-0.135,0.103,0.000,0.000,activeTracking,noEvent
6382,7,35,rld,15:01:37.907,49467,0.149,-0.135,0.103,0.000,0.000,activeTracking,noEvent
6382,7,35,rld,15:01:37.937,49468,0.181,-0.135,0.103,0.000,0.000,activeTracking,noEvent
6382,7,35,rld,15:01:37.987,49469,0.229,-0.135,0.103,0.000,0.000,activeTracking,noEvent
6382,7,35,rld,15:01:38.063,49470,0.300,-0.135,0.103,0.000,0.000,activeTracking,noEvent
6382,7,35,rld,15:01:38.124,49471,0.368,-0.135,0.103,0.000,0.000,activeTracking,noEvent
6382,7,35,rld,15:01:38.192,49472,0.428,-0.135,0.103,0.000,0.000,activeTracking,failedClick
6382,7,36,rld,15:01:39.071,49487,0.498,-0.135,0.103,0.000,0.000,waitingForTarget,middleTargetClick
6382,7,36,rld,15:01:39.145,49488,0.583,-0.135,0.103,0.000,0.000,waitingForTarget,noEvent
6382,7,36,rld,15:01:39.205,49489,0.636,-0.135,0.103,0.000,0.000,waitingForTarget,noEvent
6382,7,36,rld,15:01:39.270,49490,0.699,-0.135,0.103,0.000,0.000,waitingForTarget,noEvent
6382,7,36,rld,15:01:39.316,49491,0.745,-0.135,0.103,0.000,0.000,waitingForTarget,noEvent
6382,7,36,rld,15:01:39.367,49492,0.806,-0.135,0.103,0.000,0.000,waitingForTarget,noEvent
6382,7,36,rld,15:01:39.419,49493,0.846,-0.135,0.103,0.000,0.000,waitingForTarget,noEvent
6382,7,36,rld,15:01:39.456,49494,0.886,-0.135,0.103,0.000,0.000,waitingForTarget,noEvent
6382,7,36,rld,15:01:39.495,49495,0.927,-0.135,0.103,0.000,0.000,waitingForTarget,noEvent
6382,7,36,rld,15:01:39.539,49496,0.052,-0.135,0.103,0.000,0.000,activeTracking,targetAppeared
6382,7,36,rld,15:01:39.599,49497,0.104,-0.135,0.103,0.000,0.000,activeTracking,noEvent
6382,7,36,rld,15:01:39.617,49498,0.129,-0.135,0.103,0.000,0.000,activeTracking,noEvent
6382,7,36,rld,15:01:39.683,49499,0.179,-0.135,0.103,0.000,0.000,activeTracking,noEvent
6382,7,36,rld,15:01:39.776,49500,0.267,-0.135,0.103,0.000,0.000,activeTracking,noEvent
6382,7,36,rld,15:01:39.844,49501,0.347,-0.135,0.103,0.000,0.000,activeTracking,failedClick
6382,7,37,rld,15:01:41.581,49536,0.419,-0.135,0.103,0.000,0.000,waitingForTarget,middleTargetClick
6382,7,37,rld,15:01:41.633,49537,0.474,-0.135,0.103,0.000,0.000,waitingForTarget,noEvent
6382,7,37,rld,15:01:41.697,49538,0.540,-0.135,0.103,0.000,0.000,waitingForTarget,noEvent
6382,7,37,rld,15:01:41.764,49539,0.598,-0.135,0.103,0.000,0.000,waitingForTarget,noEvent
6382,7,37,rld,15:01:41.819,49540,0.668,-0.135,0.103,0.000,0.000,waitingForTarget,noEvent
6382,7,37,rld,15:01:41.854,49541,0.694,-0.135,0.103,0.000,0.000,waitingForTarget,noEvent
6382,7,37,rld,15:01:41.899,49542,0.742,-0.135,0.103,0.000,0.000,waitingForTarget,noEvent
6382,7,37,rld,15:01:41.935,49543,0.783,-0.135,0.103,0.000,0.000,waitingForTarget,noEvent
6382,7,37,rld,15:01:41.982,49544,0.830,-0.135,0.103,0.000,0.000,waitingForTarget,noEvent
6382,7,37,rld,15:01:42.022,49545,0.039,-0.135,0.103,0.000,0.000,activeTracking,targetAppeared
6382,7,37,rld,15:01:42.072,49546,0.081,-0.135,0.103,0.000,0.000,activeTracking,noEvent
6382,7,37,rld,15:01:42.121,49547,0.128,-0.135,0.103,0.000,0.000,activeTracking,noEvent
6382,7,37,rld,15:01:42.168,49548,0.184,-0.135,0.103,0.000,0.000,activeTracking,noEvent
6382,7,37,rld,15:01:42.221,49549,0.227,-0.135,0.103,0.000,0.000,activeTracking,noEvent
6382,7,37,rld,15:01:42.270,49550,0.277,-0.135,0.103,0.000,0.000,activeTracking,noEvent
6382,7,37,rld,15:01:42.332,49551,0.339,-0.135,0.103,0.000,0.000,activeTracking,noEvent
6382,7,37,rld,15:01:42.394,49552,0.403,-0.135,0.103,0.000,0.000,activeTracking,noEvent
6382,7,37,rld,15:01:42.448,49553,0.456,-0.135,0.103,0.000,0.000,activeTracking,failedClick
6382,7,38,rld,15:01:43.867,49579,0.510,-0.135,0.103,0.000,0.000,waitingForTarget,middleTargetClick
6382,7,38,rld,15:01:43.945,49580,0.592,-0.135,0.103,0.000,0.000,waitingForTarget,noEvent
6382,7,38,rld,15:01:44.005,49581,0.645,-0.135,0.103,0.000,0.000,waitingForTarget,noEvent
6382,7,38,rld,15:01:44.056,49582,0.710,-0.135,0.103,0.000,0.000,waitingForTarget,noEvent
6382,7,38,rld,15:01:44.107,49583,0.759,-0.135,0.103,0.000,0.000,waitingForTarget,noEvent
6382,7,38,rld,15:01:44.153,49584,0.805,-0.135,0.103,0.000,0.000,waitingForTarget,noEvent
6382,7,38,rld,15:01:44.207,49585,0.841,-0.135,0.103,0.000,0.000,waitingForTarget,noEvent
6382,7,38,rld,15:01:44.240,49586,0.894,-0.135,0.103,0.000,0.000,waitingForTarget,noEvent
6382,7,38,rld,15:01:44.303,49587,0.939,-0.135,0.103,0.000,0.000,waitingForTarget,noEvent
6382,7,38,rld,15:01:44.365,49588,0.057,-0.135,0.103,0.000,0.000,activeTracking,targetAppeared
6382,7,38,rld,15:01:44.417,49589,0.131,-0.135,0.103,0.000,0.000,activeTracking,failedClick
6382,7,39,rld,15:01:45.678,49613,0.203,-0.135,0.103,0.000,0.000,waitingForTarget,middleTargetClick
6382,7,39,rld,15:01:45.743,49614,0.265,-0.135,0.103,0.000,0.000,waitingForTarget,noEvent
6382,7,39,rld,15:01:45.779,49615,0.306,-0.135,0.103,0.000,0.000,waitingForTarget,noEvent
6382,7,39,rld,15:01:45.836,49616,0.363,-0.135,0.103,0.000,0.000,waitingForTarget,noEvent
6382,7,39,rld,15:01:45.894,49617,0.412,-0.135,0.103,0.000,0.000,waitingForTarget,noEvent
6382,7,39,rld,15:01:45.931,49618,0.459,-0.135,0.103,0.000,0.000,waitingForTarget,noEvent
6382,7,39,rld,15:01:45.986,49619,0.514,-0.135,0.103,0.000,0.000,waitingForTarget,noEvent
6382,7,39,rld,15:01:46.027,49620,0.555,-0.135,0.103,0.000,0.000,waitingForTarget,noEvent
6382,7,39,rld,15:01:46.087,49621,0.612,-0.135,0.103,0.000,0.000,waitingForTarget,noEvent
6382,7,39,rld,15:01:46.136,49622,0.050,-0.135,0.103,0.000,0.000,activeTracking,targetAppeared
6382,7,39,rld,15:01:46.194,49623,0.099,-0.135,0.103,0.000,0.000,activeTracking,noEvent
6382,7,39,rld,15:01:46.230,49624,0.142,-0.135,0.103,0.000,0.000,activeTracking,noEvent
6382,7,39,rld,15:01:46.295,49625,0.199,-0.135,0.103,0.000,0.000,activeTracking,failedClick
6382,7,40,rld,15:01:47.285,49644,0.256,-0.135,0.103,0.000,0.000,waitingForTarget,middleTargetClick
6382,7,40,rld,15:01:47.326,49645,0.305,-0.135,0.103,0.000,0.000,waitingForTarget,noEvent
6382,7,40,rld,15:01:47.386,49646,0.357,-0.135,0.103,0.000,0.000,waitingForTarget,noEvent
6382,7,40,rld,15:01:47.443,49647,0.418,-0.135,0.103,0.000,0.000,waitingForTarget,noEvent
6382,7,40,rld,15:01:47.506,49648,0.474,-0.135,0.103,0.000,0.000,waitingForTarget,noEvent
6382,7,40,rld,15:01:47.561,49649,0.530,-0.135,0.103,0.000,0.000,waitingForTarget,noEvent
6382,7,40,rld,15:01:47.614,49650,0.596,-0.135,0.103,0.000,0.000,waitingForTarget,noEvent
6382,7,40,rld,15:01:47.670,49651,0.640,-0.135,0.103,0.000,0.000,waitingForTarget,noEvent
6382,7,40,rld,15:01:47.727,49652,0.699,-0.135,0.103,0.000,0.000,waitingForTarget,noEvent
6382,7,40,rld,15:01:47.770,49653,0.050,-0.135,0.103,0.000,0.000,activeTracking,targetAppeared
6382,7,40,rld,15:01:47.815,49654,0.098,-0.135,0.103,0.000,0.000,activeTracking,noEvent
6382,7,40,rld,15:01:47.863,49655,0.141,-0.135,0.103,0.000,0.000,activeTracking,noEvent
6382,7,40,rld,15:01:47.914,49656,0.188,-0.135,0.103,0.000,0.000,activeTracking,noEvent
6382,7,40,rld,15:01:47.966,49657,0.239,-0.135,0.103,0.000,0.000,activeTracking,noEvent
6382,7,40,rld,15:01:48.032,49658,0.313,-0.135,0.103,0.000,0.000,activeTracking,failedClick
6382,7,41,rld,15:01:48.839,49673,0.434,-0.135,0.103,0.000,0.000,waitingForTarget,middleTargetClick
6382,7,41,rld,15:01:48.893,49674,0.490,-0.135,0.103,0.000,0.000,waitingForTarget,noEvent
6382,7,41,rld,15:01:48.934,49675,0.533,-0.135,0.103,0.000,0.000,waitingForTarget,noEvent
6382,7,41,rld,15:01:49.004,49676,0.597,-0.135,0.103,0.000,0.000,waitingForTarget,noEvent
6382,7,41,rld,15:01:49.044,49677,0.640,-0.135,0.103,0.000,0.000,waitingForTarget,noEvent
6382,7,41,rld,15:01:49.096,49678,0.683,-0.135,0.103,0.000,0.000,waitingForTarget,noEvent
6382,7,41,rld,15:01:49.137,49679,0.733,-0.135,0.103,0.000,0.000,waitingForTarget,noEvent
6382,7,41,rld,15:01:49.173,49680,0.768,-0.135,0.103,0.000,0.000,waitingForTarget,noEvent
6382,7,41,rld,15:01:49.216,49681,0.807,-0.135,0.103,0.000,0.000,waitingForTarget,noEvent
6382,7,41,rld,15:01:49.266,49682,0.857,-0.135,0.103,0.000,0.000,waitingForTarget,noEvent
6382,7,41,rld,15:01:49.318,49683,0.056,-0.135,0.103,0.000,0.000,activeTracking,targetAppeared
6382,7,41,rld,15:01:49.370,49684,0.100,-0.135,0.103,0.000,0.000,activeTracking,noEvent
6382,7,41,rld,15:01:49.430,49685,0.157,-0.135,0.103,0.000,0.000,activeTracking,noEvent
6382,7,41,rld,15:01:49.482,49686,0.222,-0.135,0.103,0.000,0.000,activeTracking,failedClick
6382,7,42,rld,15:01:50.130,49698,0.288,-0.135,0.103,0.000,0.000,waitingForTarget,middleTargetClick
6382,7,42,rld,15:01:50.173,49699,0.336,-0.135,0.103,0.000,0.000,waitingForTarget,noEvent
6382,7,42,rld,15:01:50.235,49700,0.389,-0.135,0.103,0.000,0.000,waitingForTarget,noEvent
6382,7,42,rld,15:01:50.304,49701,0.463,-0.135,0.103,0.000,0.000,waitingForTarget,noEvent
6382,7,42,rld,15:01:50.339,49702,0.503,-0.135,0.103,0.000,0.000,waitingForTarget,noEvent
6382,7,42,rld,15:01:50.395,49703,0.555,-0.135,0.103,0.000,0.000,waitingForTarget,noEvent
6382,7,42,rld,15:01:50.422,49704,0.583,-0.135,0.103,0.000,0.000,waitingForTarget,noEvent
6382,7,42,rld,15:01:50.478,49705,0.629,-0.135,0.103,0.000,0.000,waitingForTarget,noEvent
6382,7,42,rld,15:01:50.515,49706,0.673,-0.135,0.103,0.000,0.000,waitingForTarget,noEvent
6382,7,42,rld,15:01:50.555,49707,0.713,-0.135,0.103,0.000,0.000,waitingForTarget,noEvent
6382,7,42,rld,15:01:50.601,49708,0.037,-0.135,0.103,0.000,0.000,activeTracking,targetAppeared
6382,7,42,rld,15:01:50.657,49709,0.099,-0.135,0.103,0.000,0.000,activeTracking,noEvent
6382,7,42,rld,15:01:50.719,49710,0.156,-0.135,0.103,0.000,0.000,activeTracking,noEvent
6382,7,42,rld,15:01:50.796,49711,0.246,-0.135,0.103,0.000,0.000,activeTracking,failedClick
6382,7,43,rld,15:01:51.931,49732,0.318,-0.135,0.103,0.000,0.000,waitingForTarget,middleTargetClick
6382,7,43,rld,15:01:52.018,49733,0.417,-0.135,0.103,0.000,0.000,waitingForTarget,noEvent
6382,7,43,rld,15:01:52.054,49734,0.454,-0.135,0.103,0.000,0.000,waitingForTarget,noEvent
6382,7,43,rld,15:01:52.188,49735,0.589,-0.135,0.103,0.000,0.000,waitingForTarget,noEvent
6382,7,43,rld,15:01:52.243,49736,0.640,-0.135,0.103,0.000,0.000,waitingForTarget,noEvent
6382,7,43,rld,15:01:52.335,49737,0.689,-0.135,0.103,0.000,0.000,waitingForTarget,noEvent
6382,7,43,rld,15:01:52.397,49738,0.791,-0.135,0.103,0.000,0.000,waitingForTarget,noEvent
6382,7,43,rld,15:01:52.480,49739,0.088,-0.135,0.103,0.000,0.000,activeTracking,targetAppeared
6382,7,43,rld,15:01:52.551,49740,0.149,-0.135,0.103,0.000,0.000,activeTracking,noEvent
6382,7,43,rld,15:01:52.603,49741,0.210,-0.135,0.103,0.000,0.000,activeTracking,noEvent
6382,7,43,rld,15:01:52.660,49742,0.268,-0.135,0.103,0.000,0.000,activeTracking,noEvent
6382,7,43,rld,15:01:52.716,49743,0.315,-0.135,0.103,0.000,0.000,activeTracking,noEvent
6382,7,43,rld,15:01:52.823,49744,0.415,-0.135,0.103,0.000,0.000,activeTracking,failedClick
6382,7,44,rld,15:01:53.469,49755,0.473,-0.135,0.103,0.000,0.000,waitingForTarget,middleTargetClick
6382,7,44,rld,15:01:53.516,49756,0.524,-0.135,0.103,0.000,0.000,waitingForTarget,noEvent
6382,7,44,rld,15:01:53.625,49757,0.636,-0.135,0.103,0.000,0.000,waitingForTarget,noEvent
6382,7,44,rld,15:01:53.670,49758,0.687,-0.135,0.103,0.000,0.000,waitingForTarget,noEvent
6382,7,44,rld,15:01:53.725,49759,0.740,-0.135,0.103,0.000,0.000,waitingForTarget,noEvent
6382,7,44,rld,15:01:53.766,49760,0.783,-0.135,0.103,0.000,0.000,waitingForTarget,noEvent
6382,7,44,rld,15:01:53.821,49761,0.826,-0.135,0.103,0.000,0.000,waitingForTarget,noEvent
6382,7,44,rld,15:01:53.862,49762,0.875,-0.135,0.103,0.000,0.000,waitingForTarget,noEvent
6382,7,44,rld,15:01:53.913,49763,0.057,-0.135,0.103,0.000,0.000,activeTracking,targetAppeared
6382,7,44,rld,15:01:54.003,49764,0.141,-0.135,0.103,0.000,0.000,activeTracking,failedClick
6382,7,45,rld,15:01:54.906,49781,0.208,-0.135,0.103,0.000,0.000,waitingForTarget,middleTargetClick
6382,7,45,rld,15:01:54.964,49782,0.268,-0.135,0.103,0.000,0.000,waitingForTarget,noEvent
6382,7,45,rld,15:01:55.004,49783,0.308,-0.135,0.103,0.000,0.000,waitingForTarget,noEvent
6382,7,45,rld,15:01:55.063,49784,0.362,-0.135,0.103,0.000,0.000,waitingForTarget,noEvent
6382,7,45,rld,15:01:55.100,49785,0.403,-0.135,0.103,0.000,0.000,waitingForTarget,noEvent
6382,7,45,rld,15:01:55.145,49786,0.438,-0.135,0.103,0.000,0.000,waitingForTarget,noEvent
6382,7,45,rld,15:01:55.183,49787,0.472,-0.135,0.103,0.000,0.000,waitingForTarget,noEvent
6382,7,45,rld,15:01:55.225,49788,0.529,-0.135,0.103,0.000,0.000,waitingForTarget,noEvent
6382,7,45,rld,15:01:55.255,49789,0.559,-0.135,0.103,0.000,0.000,waitingForTarget,noEvent
6382,7,45,rld,15:01:55.302,49790,0.598,-0.135,0.103,0.000,0.000,waitingForTarget,noEvent
6382,7,45,rld,15:01:55.334,49791,0.628,-0.135,0.103,0.000,0.000,waitingForTarget,noEvent
6382,7,45,rld,15:01:55.360,49792,0.036,-0.135,0.103,0.000,0.000,activeTracking,targetAppeared
6382,7,45,rld,15:01:55.411,49793,0.076,-0.135,0.103,0.000,0.000,activeTracking,noEvent
6382,7,45,rld,15:01:55.476,49794,0.146,-0.135,0.103,0.000,0.000,activeTracking,noEvent
6382,7,45,rld,15:01:55.522,49795,0.193,-0.135,0.103,0.000,0.000,activeTracking,noEvent
6382,7,45,rld,15:01:55.602,49796,0.275,-0.135,0.103,0.000,0.000,activeTracking,failedClick
6382,7,46,rld,15:01:57.097,49824,0.465,-0.135,0.103,0.000,0.000,waitingForTarget,middleTargetClick
6382,7,46,rld,15:01:57.171,49825,0.532,-0.135,0.103,0.000,0.000,waitingForTarget,noEvent
6382,7,46,rld,15:01:57.271,49826,0.644,-0.135,0.103,0.000,0.000,waitingForTarget,noEvent
6382,7,46,rld,15:01:57.315,49827,0.691,-0.135,0.103,0.000,0.000,waitingForTarget,noEvent
6382,7,46,rld,15:01:57.337,49828,0.714,-0.135,0.103,0.000,0.000,waitingForTarget,noEvent
6382,7,46,rld,15:01:57.515,49829,0.884,-0.135,0.103,0.000,0.000,waitingForTarget,noEvent
6382,7,46,rld,15:01:57.571,49830,0.059,-0.135,0.103,0.000,0.000,activeTracking,targetAppeared
6382,7,46,rld,15:01:57.634,49831,0.121,-0.135,0.103,0.000,0.000,activeTracking,noEvent
6382,7,46,rld,15:01:57.858,49832,0.328,-0.135,0.103,0.000,0.000,activeTracking,failedClick
6382,7,47,rld,15:01:59.347,49858,0.392,-0.135,0.103,0.000,0.000,waitingForTarget,middleTargetClick
6382,7,47,rld,15:01:59.413,49859,0.452,-0.135,0.103,0.000,0.000,waitingForTarget,noEvent
6382,7,47,rld,15:01:59.476,49860,0.520,-0.135,0.103,0.000,0.000,waitingForTarget,noEvent
6382,7,47,rld,15:01:59.533,49861,0.582,-0.135,0.103,0.000,0.000,waitingForTarget,noEvent
6382,7,47,rld,15:01:59.589,49862,0.643,-0.135,0.103,0.000,0.000,waitingForTarget,noEvent
6382,7,47,rld,15:01:59.631,49863,0.681,-0.135,0.103,0.000,0.000,waitingForTarget,noEvent
6382,7,47,rld,15:01:59.668,49864,0.721,-0.135,0.103,0.000,0.000,waitingForTarget,noEvent
6382,7,47,rld,15:01:59.739,49865,0.790,-0.135,0.103,0.000,0.000,waitingForTarget,noEvent
6382,7,47,rld,15:01:59.867,49866,0.919,-0.135,0.103,0.000,0.000,waitingForTarget,noEvent
6382,7,47,rld,15:01:59.984,49867,0.109,-0.135,0.103,0.000,0.000,activeTracking,targetAppeared
6382,7,47,rld,15:02:00.024,49868,0.157,-0.135,0.103,0.000,0.000,activeTracking,failedClick
6382,7,48,rld,15:02:00.649,49878,0.216,-0.135,0.103,0.000,0.000,waitingForTarget,middleTargetClick
6382,7,48,rld,15:02:00.717,49879,0.299,-0.135,0.103,0.000,0.000,waitingForTarget,noEvent
6382,7,48,rld,15:02:00.777,49880,0.351,-0.135,0.103,0.000,0.000,waitingForTarget,noEvent
6382,7,48,rld,15:02:00.820,49881,0.399,-0.135,0.103,0.000,0.000,waitingForTarget,noEvent
6382,7,48,rld,15:02:00.871,49882,0.450,-0.135,0.103,0.000,0.000,waitingForTarget,noEvent
6382,7,48,rld,15:02:00.935,49883,0.506,-0.135,0.103,0.000,0.000,waitingForTarget,noEvent
6382,7,48,rld,15:02:00.975,49884,0.548,-0.135,0.103,0.000,0.000,waitingForTarget,noEvent
6382,7,48,rld,15:02:01.006,49885,0.584,-0.135,0.103,0.000,0.000,waitingForTarget,noEvent
6382,7,48,rld,15:02:01.042,49886,0.621,-0.135,0.103,0.000,0.000,waitingForTarget,noEvent
6382,7,48,rld,15:02:01.088,49887,0.046,-0.135,0.103,0.000,0.000,activeTracking,targetAppeared
6382,7,48,rld,15:02:01.120,49888,0.082,-0.135,0.103,0.000,0.000,activeTracking,noEvent
6382,7,48,rld,15:02:01.198,49889,0.141,-0.135,0.103,0.000,0.000,activeTracking,noEvent
6382,7,48,rld,15:02:01.262,49890,0.210,-0.135,0.103,0.000,0.000,activeTracking,noEvent
6382,7,48,rld,15:02:01.302,49891,0.260,-0.135,0.103,0.000,0.000,activeTracking,noEvent
6382,7,48,rld,15:02:01.367,49892,0.309,-0.135,0.103,0.000,0.000,activeTracking,failedClick
6382,7,49,rld,15:02:02.160,49908,0.379,-0.135,0.103,0.000,0.000,waitingForTarget,middleTargetClick
6382,7,49,rld,15:02:02.214,49909,0.427,-0.135,0.103,0.000,0.000,waitingForTarget,noEvent
6382,7,49,rld,15:02:02.254,49910,0.476,-0.135,0.103,0.000,0.000,waitingForTarget,noEvent
6382,7,49,rld,15:02:02.325,49911,0.548,-0.135,0.103,0.000,0.000,waitingForTarget,noEvent
6382,7,49,rld,15:02:02.366,49912,0.591,-0.135,0.103,0.000,0.000,waitingForTarget,noEvent
6382,7,49,rld,15:02:02.415,49913,0.629,-0.135,0.103,0.000,0.000,waitingForTarget,noEvent
6382,7,49,rld,15:02:02.463,49914,0.687,-0.135,0.103,0.000,0.000,waitingForTarget,noEvent
6382,7,49,rld,15:02:02.494,49915,0.713,-0.135,0.103,0.000,0.000,waitingForTarget,noEvent
6382,7,49,rld,15:02:02.533,49916,0.754,-0.135,0.103,0.000,0.000,waitingForTarget,noEvent
6382,7,49,rld,15:02:02.592,49917,0.801,-0.135,0.103,0.000,0.000,waitingForTarget,noEvent
6382,7,49,rld,15:02:02.651,49918,0.059,-0.135,0.103,0.000,0.000,activeTracking,targetAppeared
6382,7,49,rld,15:02:02.692,49919,0.113,-0.135,0.103,0.000,0.000,activeTracking,noEvent
6382,7,49,rld,15:02:02.764,49920,0.175,-0.135,0.103,0.000,0.000,activeTracking,failedClick
6382,7,50,rld,15:02:04.171,49947,0.245,-0.135,0.103,0.000,0.000,waitingForTarget,middleTargetClick
6382,7,50,rld,15:02:04.227,49948,0.310,-0.135,0.103,0.000,0.000,waitingForTarget,noEvent
6382,7,50,rld,15:02:04.266,49949,0.352,-0.135,0.103,0.000,0.000,waitingForTarget,noEvent
6382,7,50,rld,15:02:04.331,49950,0.410,-0.135,0.103,0.000,0.000,waitingForTarget,noEvent
6382,7,50,rld,15:02:04.385,49951,0.471,-0.135,0.103,0.000,0.000,waitingForTarget,noEvent
6382,7,50,rld,15:02:04.456,49952,0.543,-0.135,0.103,0.000,0.000,waitingForTarget,noEvent
6382,7,50,rld,15:02:04.506,49953,0.584,-0.135,0.103,0.000,0.000,waitingForTarget,noEvent
6382,7,50,rld,15:02:04.555,49954,0.639,-0.135,0.103,0.000,0.000,waitingForTarget,noEvent
6382,7,50,rld,15:02:04.609,49955,0.685,-0.135,0.103,0.000,0.000,waitingForTarget,noEvent
6382,7,50,rld,15:02:04.666,49956,0.065,-0.135,0.103,0.000,0.000,activeTracking,targetAppeared
6382,7,50,rld,15:02:04.730,49957,0.119,-0.135,0.103,0.000,0.000,activeTracking,noEvent
6382,7,50,rld,15:02:04.803,49958,0.188,-0.135,0.103,0.000,0.000,activeTracking,noEvent
6382,7,50,rld,15:02:04.860,49959,0.250,-0.135,0.103,0.000,0.000,activeTracking,failedClick
6382,7,51,rld,15:02:05.465,49971,0.327,-0.135,0.103,0.000,0.000,waitingForTarget,middleTargetClick
6382,7,51,rld,15:02:05.533,49972,0.393,-0.135,0.103,0.000,0.000,waitingForTarget,noEvent
6382,7,51,rld,15:02:05.602,49973,0.452,-0.135,0.103,0.000,0.000,waitingForTarget,noEvent
6382,7,51,rld,15:02:05.653,49974,0.514,-0.135,0.103,0.000,0.000,waitingForTarget,noEvent
6382,7,51,rld,15:02:05.732,49975,0.583,-0.135,0.103,0.000,0.000,waitingForTarget,noEvent
6382,7,51,rld,15:02:05.802,49976,0.662,-0.135,0.103,0.000,0.000,waitingForTarget,noEvent
6382,7,51,rld,15:02:05.851,49977,0.710,-0.135,0.103,0.000,0.000,waitingForTarget,noEvent
6382,7,51,rld,15:02:05.888,49978,0.753,-0.135,0.103,0.000,0.000,waitingForTarget,noEvent
6382,7,51,rld,15:02:05.947,49979,0.060,-0.135,0.103,0.000,0.000,activeTracking,targetAppeared
6382,7,51,rld,15:02:06.001,49980,0.113,-0.135,0.103,0.000,0.000,activeTracking,noEvent
6382,7,51,rld,15:02:06.087,49981,0.185,-0.135,0.103,0.000,0.000,activeTracking,noEvent
6382,7,51,rld,15:02:06.163,49982,0.264,-0.135,0.103,0.000,0.000,activeTracking,failedClick
6382,7,52,rld,15:02:07.445,50006,0.329,-0.135,0.103,0.000,0.000,waitingForTarget,middleTargetClick
6382,7,52,rld,15:02:07.501,50007,0.389,-0.135,0.103,0.000,0.000,waitingForTarget,noEvent
6382,7,52,rld,15:02:07.537,50008,0.426,-0.135,0.103,0.000,0.000,waitingForTarget,noEvent
6382,7,52,rld,15:02:07.602,50009,0.480,-0.135,0.103,0.000,0.000,waitingForTarget,noEvent
6382,7,52,rld,15:02:07.651,50010,0.539,-0.135,0.103,0.000,0.000,waitingForTarget,noEvent
6382,7,52,rld,15:02:07.712,50011,0.602,-0.135,0.103,0.000,0.000,waitingForTarget,noEvent
6382,7,52,rld,15:02:07.743,50012,0.629,-0.135,0.103,0.000,0.000,waitingForTarget,noEvent
6382,7,52,rld,15:02:07.804,50013,0.694,-0.135,0.103,0.000,0.000,waitingForTarget,noEvent
6382,7,52,rld,15:02:07.877,50014,0.761,-0.135,0.103,0.000,0.000,waitingForTarget,noEvent
6382,7,52,rld,15:02:07.926,50015,0.047,-0.135,0.103,0.000,0.000,activeTracking,targetAppeared
6382,7,52,rld,15:02:07.996,50016,0.107,-0.135,0.103,0.000,0.000,activeTracking,noEvent
6382,7,52,rld,15:02:08.049,50017,0.167,-0.135,0.103,0.000,0.000,activeTracking,failedClick
6382,7,53,rld,15:02:09.201,50037,0.249,-0.135,0.103,0.000,0.000,waitingForTarget,middleTargetClick
6382,7,53,rld,15:02:09.259,50038,0.316,-0.135,0.103,0.000,0.000,waitingForTarget,noEvent
6382,7,53,rld,15:02:09.295,50039,0.349,-0.135,0.103,0.000,0.000,waitingForTarget,noEvent
6382,7,53,rld,15:02:09.361,50040,0.408,-0.135,0.103,0.000,0.000,waitingForTarget,noEvent
6382,7,53,rld,15:02:09.414,50041,0.475,-0.135,0.103,0.000,0.000,waitingForTarget,noEvent
6382,7,53,rld,15:02:09.450,50042,0.507,-0.135,0.103,0.000,0.000,waitingForTarget,noEvent
6382,7,53,rld,15:02:09.492,50043,0.549,-0.135,0.103,0.000,0.000,waitingForTarget,noEvent
6382,7,53,rld,15:02:09.535,50044,0.587,-0.135,0.103,0.000,0.000,waitingForTarget,noEvent
6382,7,53,rld,15:02:09.579,50045,0.634,-0.135,0.103,0.000,0.000,waitingForTarget,noEvent
6382,7,53,rld,15:02:09.618,50046,0.675,-0.135,0.103,0.000,0.000,waitingForTarget,noEvent
6382,7,53,rld,15:02:09.669,50047,0.051,-0.135,0.103,0.000,0.000,activeTracking,targetAppeared
6382,7,53,rld,15:02:09.721,50048,0.105,-0.135,0.103,0.000,0.000,activeTracking,noEvent
6382,7,53,rld,15:02:09.844,50049,0.203,-0.135,0.103,0.000,0.000,activeTracking,failedClick
6382,7,54,rld,15:02:10.422,50060,0.253,-0.135,0.103,0.000,0.000,waitingForTarget,middleTargetClick
6382,7,54,rld,15:02:10.486,50061,0.323,-0.135,0.103,0.000,0.000,waitingForTarget,noEvent
6382,7,54,rld,15:02:10.585,50062,0.422,-0.135,0.103,0.000,0.000,waitingForTarget,noEvent
6382,7,54,rld,15:02:10.637,50063,0.471,-0.135,0.103,0.000,0.000,waitingForTarget,noEvent
6382,7,54,rld,15:02:10.667,50064,0.501,-0.135,0.103,0.000,0.000,waitingForTarget,noEvent
6382,7,54,rld,15:02:10.720,50065,0.550,-0.135,0.103,0.000,0.000,waitingForTarget,noEvent
6382,7,54,rld,15:02:10.763,50066,0.592,-0.135,0.103,0.000,0.000,waitingForTarget,noEvent
6382,7,54,rld,15:02:10.846,50067,0.683,-0.135,0.103,0.000,0.000,waitingForTarget,noEvent
6382,7,54,rld,15:02:10.911,50068,0.747,-0.135,0.103,0.000,0.000,activeTracking,failedClick
6382,7,55,rld,15:02:12.532,50100,0.821,-0.135,0.103,0.000,0.000,waitingForTarget,middleTargetClick
6382,7,55,rld,15:02:12.578,50101,0.864,-0.135,0.103,0.000,0.000,waitingForTarget,noEvent
6382,7,55,rld,15:02:12.631,50102,0.911,-0.135,0.103,0.000,0.000,waitingForTarget,noEvent
6382,7,55,rld,15:02:12.679,50103,0.960,-0.135,0.103,0.000,0.000,waitingForTarget,noEvent
6382,7,55,rld,15:02:12.747,50104,1.040,-0.135,0.103,0.000,0.000,waitingForTarget,noEvent
6382,7,55,rld,15:02:12.795,50105,1.090,-0.135,0.103,0.000,0.000,waitingForTarget,noEvent
6382,7,55,rld,15:02:12.829,50106,1.122,-0.135,0.103,0.000,0.000,waitingForTarget,noEvent
6382,7,55,rld,15:02:12.901,50107,1.181,-0.135,0.103,0.000,0.000,waitingForTarget,noEvent
6382,7,55,rld,15:02:12.954,50108,1.230,-0.135,0.103,0.000,0.000,waitingForTarget,noEvent
6382,7,55,rld,15:02:12.994,50109,0.052,-0.135,0.103,0.000,0.000,activeTracking,targetAppeared
6382,7,55,rld,15:02:13.062,50110,0.112,-0.135,0.103,0.000,0.000,activeTracking,noEvent
6382,7,55,rld,15:02:13.115,50111,0.178,-0.135,0.103,0.000,0.000,activeTracking,failedClick
6382,7,56,rld,15:02:14.300,50132,0.249,-0.135,0.103,0.000,0.000,waitingForTarget,middleTargetClick
6382,7,56,rld,15:02:14.350,50133,0.299,-0.135,0.103,0.000,0.000,waitingForTarget,noEvent
6382,7,56,rld,15:02:14.409,50134,0.349,-0.135,0.103,0.000,0.000,waitingForTarget,noEvent
6382,7,56,rld,15:02:14.465,50135,0.406,-0.135,0.103,0.000,0.000,waitingForTarget,noEvent
6382,7,56,rld,15:02:14.514,50136,0.456,-0.135,0.103,0.000,0.000,waitingForTarget,noEvent
6382,7,56,rld,15:02:14.562,50137,0.507,-0.135,0.103,0.000,0.000,waitingForTarget,noEvent
6382,7,56,rld,15:02:14.596,50138,0.548,-0.135,0.103,0.000,0.000,waitingForTarget,noEvent
6382,7,56,rld,15:02:14.669,50139,0.618,-0.135,0.103,0.000,0.000,waitingForTarget,noEvent
6382,7,56,rld,15:02:14.708,50140,0.658,-0.135,0.103,0.000,0.000,waitingForTarget,noEvent
6382,7,56,rld,15:02:14.758,50141,0.045,-0.135,0.103,0.000,0.000,activeTracking,targetAppeared
6382,7,56,rld,15:02:14.821,50142,0.112,-0.135,0.103,0.000,0.000,activeTracking,failedClick
6382,7,57,rld,15:02:16.390,50171,0.166,-0.135,0.103,0.000,0.000,waitingForTarget,middleTargetClick
6382,7,57,rld,15:02:16.435,50172,0.226,-0.135,0.103,0.000,0.000,waitingForTarget,noEvent
6382,7,57,rld,15:02:16.479,50173,0.273,-0.135,0.103,0.000,0.000,waitingForTarget,noEvent
6382,7,57,rld,15:02:16.535,50174,0.319,-0.135,0.103,0.000,0.000,waitingForTarget,noEvent
6382,7,57,rld,15:02:16.591,50175,0.366,-0.135,0.103,0.000,0.000,waitingForTarget,noEvent
6382,7,57,rld,15:02:16.647,50176,0.444,-0.135,0.103,0.000,0.000,waitingForTarget,noEvent
6382,7,57,rld,15:02:16.682,50177,0.479,-0.135,0.103,0.000,0.000,waitingForTarget,noEvent
6382,7,57,rld,15:02:16.730,50178,0.515,-0.135,0.103,0.000,0.000,waitingForTarget,noEvent
6382,7,57,rld,15:02:16.779,50179,0.557,-0.135,0.103,0.000,0.000,waitingForTarget,noEvent
6382,7,57,rld,15:02:16.838,50180,0.624,-0.135,0.103,0.000,0.000,waitingForTarget,noEvent
6382,7,57,rld,15:02:16.889,50181,0.057,-0.135,0.103,0.000,0.000,activeTracking,targetAppeared
6382,7,57,rld,15:02:16.950,50182,0.118,-0.135,0.103,0.000,0.000,activeTracking,failedClick
6382,7,58,rld,15:02:17.592,50190,0.176,-0.135,0.103,0.000,0.000,waitingForTarget,middleTargetClick
6382,7,58,rld,15:02:17.654,50191,0.240,-0.135,0.103,0.000,0.000,waitingForTarget,noEvent
6382,7,58,rld,15:02:17.714,50192,0.290,-0.135,0.103,0.000,0.000,waitingForTarget,noEvent
6382,7,58,rld,15:02:17.780,50193,0.362,-0.135,0.103,0.000,0.000,waitingForTarget,noEvent
6382,7,58,rld,15:02:17.835,50194,0.425,-0.135,0.103,0.000,0.000,waitingForTarget,noEvent
6382,7,58,rld,15:02:17.878,50195,0.455,-0.135,0.103,0.000,0.000,waitingForTarget,noEvent
6382,7,58,rld,15:02:17.913,50196,0.491,-0.135,0.103,0.000,0.000,waitingForTarget,noEvent
6382,7,58,rld,15:02:17.960,50197,0.538,-0.135,0.103,0.000,0.000,waitingForTarget,noEvent
6382,7,58,rld,15:02:18.005,50198,0.586,-0.135,0.103,0.000,0.000,waitingForTarget,noEvent
6382,7,58,rld,15:02:18.084,50199,0.072,-0.135,0.103,0.000,0.000,activeTracking,targetAppeared
6382,7,58,rld,15:02:18.153,50200,0.142,-0.135,0.103,0.000,0.000,activeTracking,failedClick
6382,7,59,rld,15:02:19.335,50219,0.203,-0.135,0.103,0.000,0.000,waitingForTarget,middleTargetClick
6382,7,59,rld,15:02:19.386,50220,0.250,-0.135,0.103,0.000,0.000,waitingForTarget,noEvent
6382,7,59,rld,15:02:19.436,50221,0.309,-0.135,0.103,0.000,0.000,waitingForTarget,noEvent
6382,7,59,rld,15:02:19.481,50222,0.360,-0.135,0.103,0.000,0.000,waitingForTarget,noEvent
6382,7,59,rld,15:02:19.543,50223,0.413,-0.135,0.103,0.000,0.000,waitingForTarget,noEvent
6382,7,59,rld,15:02:19.586,50224,0.462,-0.135,0.103,0.000,0.000,waitingForTarget,noEvent
6382,7,59,rld,15:02:19.628,50225,0.496,-0.135,0.103,0.000,0.000,waitingForTarget,noEvent
6382,7,59,rld,15:02:19.666,50226,0.544,-0.135,0.103,0.000,0.000,waitingForTarget,noEvent
6382,7,59,rld,15:02:19.722,50227,0.595,-0.135,0.103,0.000,0.000,waitingForTarget,noEvent
6382,7,59,rld,15:02:19.826,50228,0.687,-0.135,0.103,0.000,0.000,waitingForTarget,noEvent
6382,7,59,rld,15:02:19.876,50229,0.065,-0.135,0.103,0.000,0.000,activeTracking,targetAppeared
6382,7,59,rld,15:02:19.927,50230,0.119,-0.135,0.103,0.000,0.000,activeTracking,noEvent
6382,7,59,rld,15:02:19.982,50231,0.172,-0.135,0.103,0.000,0.000,activeTracking,noEvent
6382,7,59,rld,15:02:20.034,50232,0.213,-0.135,0.103,0.000,0.000,activeTracking,noEvent
6382,7,59,rld,15:02:20.095,50233,0.269,-0.135,0.103,0.000,0.000,activeTracking,noEvent
6382,7,59,rld,15:02:20.153,50234,0.343,-0.135,0.103,0.000,0.000,activeTracking,noEvent
6382,7,59,rld,15:02:20.232,50235,0.415,-0.135,0.103,0.000,0.000,activeTracking,noEvent
6382,7,59,rld,15:02:20.274,50236,0.460,-0.135,0.103,0.000,0.000,activeTracking,noEvent
6382,7,59,rld,15:02:20.338,50237,0.520,-0.135,0.103,0.000,0.000,activeTracking,noEvent
6382,7,59,rld,15:02:20.386,50238,0.579,-0.135,0.103,0.000,0.000,activeTracking,noEvent
6382,7,59,rld,15:02:20.447,50239,0.631,-0.135,0.103,0.000,0.000,activeTracking,failedClick
6382,7,60,rld,15:02:21.807,50264,0.702,-0.135,0.103,0.000,0.000,waitingForTarget,middleTargetClick
6382,7,60,rld,15:02:21.868,50265,0.763,-0.135,0.103,0.000,0.000,waitingForTarget,noEvent
6382,7,60,rld,15:02:21.916,50266,0.809,-0.135,0.103,0.000,0.000,waitingForTarget,noEvent
6382,7,60,rld,15:02:21.970,50267,0.859,-0.135,0.103,0.000,0.000,waitingForTarget,noEvent
6382,7,60,rld,15:02:22.037,50268,0.937,-0.135,0.103,0.000,0.000,waitingForTarget,noEvent
6382,7,60,rld,15:02:22.073,50269,0.975,-0.135,0.103,0.000,0.000,waitingForTarget,noEvent
6382,7,60,rld,15:02:22.110,50270,1.006,-0.135,0.103,0.000,0.000,waitingForTarget,noEvent
6382,7,60,rld,15:02:22.181,50271,1.076,-0.135,0.103,0.000,0.000,waitingForTarget,noEvent
6382,7,60,rld,15:02:22.226,50272,1.121,-0.135,0.103,0.000,0.000,waitingForTarget,noEvent
6382,7,60,rld,15:02:22.279,50273,0.051,-0.135,0.103,0.000,0.000,activeTracking,targetAppeared
6382,7,60,rld,15:02:22.316,50274,0.096,-0.135,0.103,0.000,0.000,activeTracking,noEvent
6382,7,60,rld,15:02:22.398,50275,0.179,-0.135,0.103,0.000,0.000,activeTracking,failedClick;
6382,8,1,rld,15:02:54.944,50949,0.225,-0.135,0.103,0.000,0.000,waitingForTarget,middleTargetClick
6382,8,1,rld,15:02:54.995,50950,0.278,-0.135,0.103,0.000,0.000,waitingForTarget,noEvent
6382,8,1,rld,15:02:55.034,50951,0.322,-0.135,0.103,0.000,0.000,waitingForTarget,noEvent
6382,8,1,rld,15:02:55.083,50952,0.375,-0.135,0.103,0.000,0.000,waitingForTarget,noEvent
6382,8,1,rld,15:02:55.174,50953,0.459,-0.135,0.103,0.000,0.000,waitingForTarget,noEvent
6382,8,1,rld,15:02:55.244,50954,0.526,-0.135,0.103,0.000,0.000,waitingForTarget,noEvent
6382,8,1,rld,15:02:55.292,50955,0.578,-0.135,0.103,0.000,0.000,waitingForTarget,noEvent
6382,8,1,rld,15:02:55.351,50956,0.629,-0.135,0.103,0.000,0.000,waitingForTarget,noEvent
6382,8,1,rld,15:02:55.424,50957,0.049,-0.135,0.103,0.000,0.000,activeTracking,targetAppeared
6382,8,1,rld,15:02:55.472,50958,0.128,-0.135,0.103,0.000,0.000,activeTracking,noEvent
6382,8,1,rld,15:02:55.531,50959,0.174,-0.135,0.103,0.000,0.000,activeTracking,noEvent
6382,8,1,rld,15:02:55.599,50960,0.258,-0.135,0.103,0.000,0.000,activeTracking,noEvent
6382,8,1,rld,15:02:55.649,50961,0.306,-0.135,0.103,0.000,0.000,activeTracking,noEvent
6382,8,1,rld,15:02:55.712,50962,0.350,-0.135,0.103,0.000,0.000,activeTracking,noEvent
6382,8,1,rld,15:02:55.769,50963,0.417,-0.135,0.103,0.000,0.000,activeTracking,failedClick
6382,8,2,rld,15:02:56.511,50976,0.525,-0.135,0.103,0.000,0.000,waitingForTarget,middleTargetClick
6382,8,2,rld,15:02:56.550,50977,0.570,-0.135,0.103,0.000,0.000,waitingForTarget,noEvent
6382,8,2,rld,15:02:56.595,50978,0.609,-0.135,0.103,0.000,0.000,waitingForTarget,noEvent
6382,8,2,rld,15:02:56.643,50979,0.664,-0.135,0.103,0.000,0.000,waitingForTarget,noEvent
6382,8,2,rld,15:02:56.707,50980,0.710,-0.135,0.103,0.000,0.000,waitingForTarget,noEvent
6382,8,2,rld,15:02:56.761,50981,0.777,-0.135,0.103,0.000,0.000,waitingForTarget,noEvent
6382,8,2,rld,15:02:56.805,50982,0.823,-0.135,0.103,0.000,0.000,waitingForTarget,noEvent
6382,8,2,rld,15:02:56.866,50983,0.876,-0.135,0.103,0.000,0.000,waitingForTarget,noEvent
6382,8,2,rld,15:02:56.905,50984,0.926,-0.135,0.103,0.000,0.000,waitingForTarget,noEvent
6382,8,2,rld,15:02:56.966,50985,0.052,-0.135,0.103,0.000,0.000,activeTracking,targetAppeared
6382,8,2,rld,15:02:57.017,50986,0.106,-0.135,0.103,0.000,0.000,activeTracking,noEvent
6382,8,2,rld,15:02:57.074,50987,0.166,-0.135,0.103,0.000,0.000,activeTracking,noEvent
6382,8,2,rld,15:02:57.117,50988,0.210,-0.135,0.103,0.000,0.000,activeTracking,noEvent
6382,8,2,rld,15:02:57.178,50989,0.264,-0.135,0.103,0.000,0.000,activeTracking,failedClick
6382,8,3,rld,15:02:58.781,51019,0.332,-0.135,0.103,0.000,0.000,waitingForTarget,middleTargetClick
6382,8,3,rld,15:02:58.843,51020,0.391,-0.135,0.103,0.000,0.000,waitingForTarget,noEvent
6382,8,3,rld,15:02:58.890,51021,0.442,-0.135,0.103,0.000,0.000,waitingForTarget,noEvent
6382,8,3,rld,15:02:58.962,51022,0.511,-0.135,0.103,0.000,0.000,waitingForTarget,noEvent
6382,8,3,rld,15:02:59.014,51023,0.566,-0.135,0.103,0.000,0.000,waitingForTarget,noEvent
6382,8,3,rld,15:02:59.056,51024,0.611,-0.135,0.103,0.000,0.000,waitingForTarget,noEvent
6382,8,3,rld,15:02:59.116,51025,0.662,-0.135,0.103,0.000,0.000,waitingForTarget,noEvent
6382,8,3,rld,15:02:59.165,51026,0.710,-0.135,0.103,0.000,0.000,waitingForTarget,noEvent
6382,8,3,rld,15:02:59.214,51027,0.765,-0.135,0.103,0.000,0.000,waitingForTarget,noEvent
6382,8,3,rld,15:02:59.266,51028,0.047,-0.135,0.103,0.000,0.000,activeTracking,targetAppeared
6382,8,3,rld,15:02:59.325,51029,0.105,-0.135,0.103,0.000,0.000,activeTracking,noEvent
6382,8,3,rld,15:02:59.367,51030,0.158,-0.135,0.103,0.000,0.000,activeTracking,noEvent
6382,8,3,rld,15:02:59.424,51031,0.206,-0.135,0.103,0.000,0.000,activeTracking,noEvent
6382,8,3,rld,15:02:59.467,51032,0.255,-0.135,0.103,0.000,0.000,activeTracking,noEvent
6382,8,3,rld,15:02:59.511,51033,0.303,-0.135,0.103,0.000,0.000,activeTracking,noEvent
6382,8,3,rld,15:02:59.567,51034,0.354,-0.135,0.103,0.000,0.000,activeTracking,noEvent
6382,8,3,rld,15:02:59.609,51035,0.402,-0.135,0.103,0.000,0.000,activeTracking,noEvent
6382,8,3,rld,15:02:59.657,51036,0.446,-0.135,0.103,0.000,0.000,activeTracking,noEvent
6382,8,3,rld,15:02:59.730,51037,0.508,-0.135,0.103,0.000,0.000,activeTracking,failedClick
6382,8,4,rld,15:03:01.084,51058,0.567,-0.135,0.103,0.000,0.000,waitingForTarget,middleTargetClick
6382,8,4,rld,15:03:01.135,51059,0.621,-0.135,0.103,0.000,0.000,waitingForTarget,noEvent
6382,8,4,rld,15:03:01.206,51060,0.673,-0.135,0.103,0.000,0.000,waitingForTarget,noEvent
6382,8,4,rld,15:03:01.290,51061,0.774,-0.135,0.103,0.000,0.000,waitingForTarget,noEvent
6382,8,4,rld,15:03:01.338,51062,0.823,-0.135,0.103,0.000,0.000,waitingForTarget,noEvent
6382,8,4,rld,15:03:01.385,51063,0.867,-0.135,0.103,0.000,0.000,waitingForTarget,noEvent
6382,8,4,rld,15:03:01.450,51064,0.936,-0.135,0.103,0.000,0.000,waitingForTarget,noEvent
6382,8,4,rld,15:03:01.496,51065,0.972,-0.135,0.103,0.000,0.000,waitingForTarget,noEvent
6382,8,4,rld,15:03:01.566,51066,0.063,-0.135,0.103,0.000,0.000,activeTracking,targetAppeared
6382,8,4,rld,15:03:01.626,51067,0.135,-0.135,0.103,0.000,0.000,activeTracking,failedClick
6382,8,5,rld,15:03:03.229,51098,0.200,-0.135,0.103,0.000,0.000,waitingForTarget,middleTargetClick
6382,8,5,rld,15:03:03.281,51099,0.253,-0.135,0.103,0.000,0.000,waitingForTarget,noEvent
6382,8,5,rld,15:03:03.323,51100,0.292,-0.135,0.103,0.000,0.000,waitingForTarget,noEvent
6382,8,5,rld,15:03:03.385,51101,0.359,-0.135,0.103,0.000,0.000,waitingForTarget,noEvent
6382,8,5,rld,15:03:03.427,51102,0.399,-0.135,0.103,0.000,0.000,waitingForTarget,noEvent
6382,8,5,rld,15:03:03.483,51103,0.442,-0.135,0.103,0.000,0.000,waitingForTarget,noEvent
6382,8,5,rld,15:03:03.534,51104,0.506,-0.135,0.103,0.000,0.000,waitingForTarget,noEvent
6382,8,5,rld,15:03:03.576,51105,0.543,-0.135,0.103,0.000,0.000,waitingForTarget,noEvent
6382,8,5,rld,15:03:03.648,51106,0.618,-0.135,0.103,0.000,0.000,waitingForTarget,noEvent
6382,8,5,rld,15:03:03.697,51107,0.052,-0.135,0.103,0.000,0.000,activeTracking,targetAppeared
6382,8,5,rld,15:03:03.751,51108,0.101,-0.135,0.103,0.000,0.000,activeTracking,noEvent
6382,8,5,rld,15:03:03.799,51109,0.142,-0.135,0.103,0.000,0.000,activeTracking,noEvent
6382,8,5,rld,15:03:03.859,51110,0.211,-0.135,0.103,0.000,0.000,activeTracking,failedClick
6382,8,6,rld,15:03:04.669,51126,0.276,-0.135,0.103,0.000,0.000,waitingForTarget,middleTargetClick
6382,8,6,rld,15:03:04.726,51127,0.338,-0.135,0.103,0.000,0.000,waitingForTarget,noEvent
6382,8,6,rld,15:03:04.766,51128,0.377,-0.135,0.103,0.000,0.000,waitingForTarget,noEvent
6382,8,6,rld,15:03:04.840,51129,0.439,-0.135,0.103,0.000,0.000,waitingForTarget,noEvent
6382,8,6,rld,15:03:04.901,51130,0.512,-0.135,0.103,0.000,0.000,waitingForTarget,noEvent
6382,8,6,rld,15:03:04.946,51131,0.550,-0.135,0.103,0.000,0.000,waitingForTarget,noEvent
6382,8,6,rld,15:03:04.996,51132,0.597,-0.135,0.103,0.000,0.000,waitingForTarget,noEvent
6382,8,6,rld,15:03:05.045,51133,0.657,-0.135,0.103,0.000,0.000,waitingForTarget,noEvent
6382,8,6,rld,15:03:05.092,51134,0.698,-0.135,0.103,0.000,0.000,waitingForTarget,noEvent
6382,8,6,rld,15:03:05.148,51135,0.049,-0.135,0.103,0.000,0.000,activeTracking,targetAppeared
6382,8,6,rld,15:03:05.202,51136,0.113,-0.135,0.103,0.000,0.000,activeTracking,noEvent
6382,8,6,rld,15:03:05.255,51137,0.152,-0.135,0.103,0.000,0.000,activeTracking,noEvent
6382,8,6,rld,15:03:05.305,51138,0.202,-0.135,0.103,0.000,0.000,activeTracking,noEvent
6382,8,6,rld,15:03:05.363,51139,0.252,-0.135,0.103,0.000,0.000,activeTracking,noEvent
6382,8,6,rld,15:03:05.417,51140,0.316,-0.135,0.103,0.000,0.000,activeTracking,failedClick
6382,8,7,rld,15:03:06.199,51154,0.395,-0.135,0.103,0.000,0.000,waitingForTarget,middleTargetClick
6382,8,7,rld,15:03:06.259,51155,0.437,-0.135,0.103,0.000,0.000,waitingForTarget,noEvent
6382,8,7,rld,15:03:06.305,51156,0.487,-0.135,0.103,0.000,0.000,waitingForTarget,noEvent
6382,8,7,rld,15:03:06.342,51157,0.539,-0.135,0.103,0.000,0.000,waitingForTarget,noEvent
6382,8,7,rld,15:03:06.390,51158,0.580,-0.135,0.103,0.000,0.000,waitingForTarget,noEvent
6382,8,7,rld,15:03:06.459,51159,0.657,-0.135,0.103,0.000,0.000,waitingForTarget,noEvent
6382,8,7,rld,15:03:06.502,51160,0.698,-0.135,0.103,0.000,0.000,waitingForTarget,noEvent
6382,8,7,rld,15:03:06.564,51161,0.749,-0.135,0.103,0.000,0.000,waitingForTarget,noEvent
6382,8,7,rld,15:03:06.610,51162,0.796,-0.135,0.103,0.000,0.000,waitingForTarget,noEvent
6382,8,7,rld,15:03:06.663,51163,0.050,-0.135,0.103,0.000,0.000,activeTracking,targetAppeared
6382,8,7,rld,15:03:06.707,51164,0.107,-0.135,0.103,0.000,0.000,activeTracking,noEvent
6382,8,7,rld,15:03:06.758,51165,0.152,-0.135,0.103,0.000,0.000,activeTracking,noEvent
6382,8,7,rld,15:03:06.817,51166,0.221,-0.135,0.103,0.000,0.000,activeTracking,noEvent
6382,8,7,rld,15:03:06.879,51167,0.271,-0.135,0.103,0.000,0.000,activeTracking,noEvent
6382,8,7,rld,15:03:06.931,51168,0.333,-0.135,0.103,0.000,0.000,activeTracking,failedClick
6382,8,8,rld,15:03:08.314,51193,0.405,-0.084,0.288,0.000,0.000,waitingForTarget,middleTargetClick
6382,8,8,rld,15:03:08.407,51194,0.487,-0.084,0.288,0.000,0.000,waitingForTarget,noEvent
6382,8,8,rld,15:03:08.464,51195,0.560,-0.084,0.288,0.000,0.000,waitingForTarget,noEvent
6382,8,8,rld,15:03:08.509,51196,0.601,-0.084,0.288,0.000,0.000,waitingForTarget,noEvent
6382,8,8,rld,15:03:08.550,51197,0.648,-0.084,0.288,0.000,0.000,waitingForTarget,noEvent
6382,8,8,rld,15:03:08.610,51198,0.707,-0.084,0.288,0.000,0.000,waitingForTarget,noEvent
6382,8,8,rld,15:03:08.655,51199,0.754,-0.084,0.288,0.000,0.000,waitingForTarget,noEvent
6382,8,8,rld,15:03:08.714,51200,0.805,-0.084,0.288,0.000,0.000,waitingForTarget,noEvent
6382,8,8,rld,15:03:08.755,51201,0.047,-0.084,0.288,0.000,0.000,activeTracking,targetAppeared
6382,8,8,rld,15:03:08.831,51202,0.114,-0.084,0.288,0.000,0.000,activeTracking,noEvent
6382,8,8,rld,15:03:08.875,51203,0.152,-0.084,0.288,0.000,0.000,activeTracking,noEvent
6382,8,8,rld,15:03:08.926,51204,0.207,-0.084,0.288,0.000,0.000,activeTracking,noEvent
6382,8,8,rld,15:03:08.983,51205,0.262,-0.084,0.288,0.000,0.000,activeTracking,failedClick
6382,8,9,rld,15:03:10.264,51228,0.333,-0.084,0.288,0.000,0.000,waitingForTarget,middleTargetClick
6382,8,9,rld,15:03:10.308,51229,0.377,-0.084,0.288,0.000,0.000,waitingForTarget,noEvent
6382,8,9,rld,15:03:10.358,51230,0.425,-0.084,0.288,0.000,0.000,waitingForTarget,noEvent
6382,8,9,rld,15:03:10.429,51231,0.501,-0.084,0.288,0.000,0.000,waitingForTarget,noEvent
6382,8,9,rld,15:03:10.479,51232,0.553,-0.084,0.288,0.000,0.000,waitingForTarget,noEvent
6382,8,9,rld,15:03:10.526,51233,0.588,-0.084,0.288,0.000,0.000,waitingForTarget,noEvent
6382,8,9,rld,15:03:10.581,51234,0.651,-0.084,0.288,0.000,0.000,waitingForTarget,noEvent
6382,8,9,rld,15:03:10.626,51235,0.688,-0.084,0.288,0.000,0.000,waitingForTarget,noEvent
6382,8,9,rld,15:03:10.685,51236,0.749,-0.084,0.288,0.000,0.000,waitingForTarget,noEvent
6382,8,9,rld,15:03:10.759,51237,0.072,-0.084,0.288,0.000,0.000,activeTracking,targetAppeared
6382,8,9,rld,15:03:10.815,51238,0.124,-0.084,0.288,0.000,0.000,activeTracking,noEvent
6382,8,9,rld,15:03:10.865,51239,0.178,-0.084,0.288,0.000,0.000,activeTracking,noEvent
6382,8,9,rld,15:03:10.913,51240,0.226,-0.084,0.288,0.000,0.000,activeTracking,noEvent
6382,8,9,rld,15:03:10.982,51241,0.301,-0.084,0.288,0.000,0.000,activeTracking,failedClick
6382,8,10,rld,15:03:11.659,51254,0.370,-0.084,0.288,0.000,0.000,waitingForTarget,middleTargetClick
6382,8,10,rld,15:03:11.702,51255,0.412,-0.084,0.288,0.000,0.000,waitingForTarget,noEvent
6382,8,10,rld,15:03:11.750,51256,0.459,-0.084,0.288,0.000,0.000,waitingForTarget,noEvent
6382,8,10,rld,15:03:11.795,51257,0.509,-0.084,0.288,0.000,0.000,waitingForTarget,noEvent
6382,8,10,rld,15:03:11.867,51258,0.572,-0.084,0.288,0.000,0.000,waitingForTarget,noEvent
6382,8,10,rld,15:03:11.912,51259,0.617,-0.084,0.288,0.000,0.000,waitingForTarget,noEvent
6382,8,10,rld,15:03:11.950,51260,0.664,-0.084,0.288,0.000,0.000,waitingForTarget,noEvent
6382,8,10,rld,15:03:12.010,51261,0.714,-0.084,0.288,0.000,0.000,waitingForTarget,noEvent
6382,8,10,rld,15:03:12.067,51262,0.768,-0.084,0.288,0.000,0.000,waitingForTarget,noEvent
6382,8,10,rld,15:03:12.120,51263,0.821,-0.084,0.288,0.000,0.000,waitingForTarget,noEvent
6382,8,10,rld,15:03:12.165,51264,0.053,-0.084,0.288,0.000,0.000,activeTracking,targetAppeared
6382,8,10,rld,15:03:12.217,51265,0.101,-0.084,0.288,0.000,0.000,activeTracking,noEvent
6382,8,10,rld,15:03:12.257,51266,0.149,-0.084,0.288,0.000,0.000,activeTracking,noEvent
6382,8,10,rld,15:03:12.318,51267,0.200,-0.084,0.288,0.000,0.000,activeTracking,noEvent
6382,8,10,rld,15:03:12.377,51268,0.269,-0.084,0.288,0.000,0.000,activeTracking,failedClick
6382,8,11,rld,15:03:13.842,51295,0.347,-0.084,0.288,0.000,0.000,waitingForTarget,middleTargetClick
6382,8,11,rld,15:03:13.899,51296,0.407,-0.084,0.288,0.000,0.000,waitingForTarget,noEvent
6382,8,11,rld,15:03:13.931,51297,0.438,-0.084,0.288,0.000,0.000,waitingForTarget,noEvent
6382,8,11,rld,15:03:13.998,51298,0.496,-0.084,0.288,0.000,0.000,waitingForTarget,noEvent
6382,8,11,rld,15:03:14.047,51299,0.557,-0.084,0.288,0.000,0.000,waitingForTarget,noEvent
6382,8,11,rld,15:03:14.104,51300,0.608,-0.084,0.288,0.000,0.000,waitingForTarget,noEvent
6382,8,11,rld,15:03:14.145,51301,0.647,-0.084,0.288,0.000,0.000,waitingForTarget,noEvent
6382,8,11,rld,15:03:14.201,51302,0.696,-0.084,0.288,0.000,0.000,waitingForTarget,noEvent
6382,8,11,rld,15:03:14.246,51303,0.744,-0.084,0.288,0.000,0.000,waitingForTarget,noEvent
6382,8,11,rld,15:03:14.317,51304,0.827,-0.084,0.288,0.000,0.000,waitingForTarget,noEvent
6382,8,11,rld,15:03:14.406,51305,0.086,-0.084,0.288,0.000,0.000,activeTracking,targetAppeared
6382,8,11,rld,15:03:14.450,51306,0.129,-0.084,0.288,0.000,0.000,activeTracking,noEvent
6382,8,11,rld,15:03:14.499,51307,0.179,-0.084,0.288,0.000,0.000,activeTracking,noEvent
6382,8,11,rld,15:03:14.564,51308,0.234,-0.084,0.288,0.000,0.000,activeTracking,failedClick
6382,8,12,rld,15:03:15.234,51320,0.292,-0.084,0.288,0.000,0.000,waitingForTarget,middleTargetClick
6382,8,12,rld,15:03:15.295,51321,0.358,-0.084,0.288,0.000,0.000,waitingForTarget,noEvent
6382,8,12,rld,15:03:15.348,51322,0.412,-0.084,0.288,0.000,0.000,waitingForTarget,noEvent
6382,8,12,rld,15:03:15.407,51323,0.484,-0.084,0.288,0.000,0.000,waitingForTarget,noEvent
6382,8,12,rld,15:03:15.448,51324,0.522,-0.084,0.288,0.000,0.000,waitingForTarget,noEvent
6382,8,12,rld,15:03:15.517,51325,0.586,-0.084,0.288,0.000,0.000,waitingForTarget,noEvent
6382,8,12,rld,15:03:15.577,51326,0.635,-0.084,0.288,0.000,0.000,waitingForTarget,noEvent
6382,8,12,rld,15:03:15.632,51327,0.695,-0.084,0.288,0.000,0.000,waitingForTarget,noEvent
6382,8,12,rld,15:03:15.677,51328,0.057,-0.084,0.288,0.000,0.000,activeTracking,targetAppeared
6382,8,12,rld,15:03:15.732,51329,0.100,-0.084,0.288,0.000,0.000,activeTracking,noEvent
6382,8,12,rld,15:03:15.796,51330,0.159,-0.084,0.288,0.000,0.000,activeTracking,noEvent
6382,8,12,rld,15:03:15.846,51331,0.217,-0.084,0.288,0.000,0.000,activeTracking,noEvent
6382,8,12,rld,15:03:15.888,51332,0.264,-0.084,0.288,0.000,0.000,activeTracking,noEvent
6382,8,12,rld,15:03:15.951,51333,0.312,-0.084,0.288,0.000,0.000,activeTracking,noEvent
6382,8,12,rld,15:03:16.018,51334,0.389,-0.084,0.288,0.000,0.000,activeTracking,failedClick
6382,8,13,rld,15:03:16.674,51347,0.459,-0.084,0.288,0.000,0.000,waitingForTarget,middleTargetClick
6382,8,13,rld,15:03:16.710,51348,0.502,-0.084,0.288,0.000,0.000,waitingForTarget,noEvent
6382,8,13,rld,15:03:16.753,51349,0.543,-0.084,0.288,0.000,0.000,waitingForTarget,noEvent
6382,8,13,rld,15:03:16.810,51350,0.602,-0.084,0.288,0.000,0.000,waitingForTarget,noEvent
6382,8,13,rld,15:03:16.874,51351,0.667,-0.084,0.288,0.000,0.000,waitingForTarget,noEvent
6382,8,13,rld,15:03:16.928,51352,0.717,-0.084,0.288,0.000,0.000,waitingForTarget,noEvent
6382,8,13,rld,15:03:16.974,51353,0.759,-0.084,0.288,0.000,0.000,waitingForTarget,noEvent
6382,8,13,rld,15:03:17.027,51354,0.809,-0.084,0.288,0.000,0.000,waitingForTarget,noEvent
6382,8,13,rld,15:03:17.087,51355,0.860,-0.084,0.288,0.000,0.000,waitingForTarget,noEvent
6382,8,13,rld,15:03:17.147,51356,0.066,-0.084,0.288,0.000,0.000,activeTracking,targetAppeared
6382,8,13,rld,15:03:17.199,51357,0.118,-0.084,0.288,0.000,0.000,activeTracking,noEvent
6382,8,13,rld,15:03:17.262,51358,0.179,-0.084,0.288,0.000,0.000,activeTracking,failedClick
6382,8,14,rld,15:03:17.906,51370,0.240,-0.084,0.288,0.000,0.000,waitingForTarget,middleTargetClick
6382,8,14,rld,15:03:17.958,51371,0.295,-0.084,0.288,0.000,0.000,waitingForTarget,noEvent
6382,8,14,rld,15:03:18.006,51372,0.346,-0.084,0.288,0.000,0.000,waitingForTarget,noEvent
6382,8,14,rld,15:03:18.047,51373,0.389,-0.084,0.288,0.000,0.000,waitingForTarget,noEvent
6382,8,14,rld,15:03:18.113,51374,0.456,-0.084,0.288,0.000,0.000,waitingForTarget,noEvent
6382,8,14,rld,15:03:18.156,51375,0.499,-0.084,0.288,0.000,0.000,waitingForTarget,noEvent
6382,8,14,rld,15:03:18.216,51376,0.547,-0.084,0.288,0.000,0.000,waitingForTarget,noEvent
6382,8,14,rld,15:03:18.255,51377,0.598,-0.084,0.288,0.000,0.000,waitingForTarget,noEvent
6382,8,14,rld,15:03:18.312,51378,0.641,-0.084,0.288,0.000,0.000,waitingForTarget,noEvent
6382,8,14,rld,15:03:18.363,51379,0.051,-0.084,0.288,0.000,0.000,activeTracking,targetAppeared
6382,8,14,rld,15:03:18.415,51380,0.112,-0.084,0.288,0.000,0.000,activeTracking,noEvent
6382,8,14,rld,15:03:18.467,51381,0.168,-0.084,0.288,0.000,0.000,activeTracking,noEvent
6382,8,14,rld,15:03:18.514,51382,0.214,-0.084,0.288,0.000,0.000,activeTracking,noEvent
6382,8,14,rld,15:03:18.592,51383,0.290,-0.084,0.288,0.000,0.000,activeTracking,failedClick
6382,8,15,rld,15:03:19.243,51395,0.355,-0.084,0.288,0.000,0.000,waitingForTarget,middleTargetClick
6382,8,15,rld,15:03:19.293,51396,0.412,-0.084,0.288,0.000,0.000,waitingForTarget,noEvent
6382,8,15,rld,15:03:19.331,51397,0.458,-0.084,0.288,0.000,0.000,waitingForTarget,noEvent
6382,8,15,rld,15:03:19.415,51398,0.537,-0.084,0.288,0.000,0.000,waitingForTarget,noEvent
6382,8,15,rld,15:03:19.473,51399,0.594,-0.084,0.288,0.000,0.000,waitingForTarget,noEvent
6382,8,15,rld,15:03:19.516,51400,0.644,-0.084,0.288,0.000,0.000,waitingForTarget,noEvent
6382,8,15,rld,15:03:19.566,51401,0.686,-0.084,0.288,0.000,0.000,waitingForTarget,noEvent
6382,8,15,rld,15:03:19.624,51402,0.739,-0.084,0.288,0.000,0.000,waitingForTarget,noEvent
6382,8,15,rld,15:03:19.675,51403,0.785,-0.084,0.288,0.000,0.000,waitingForTarget,noEvent
6382,8,15,rld,15:03:19.726,51404,0.062,-0.084,0.288,0.000,0.000,activeTracking,targetAppeared
6382,8,15,rld,15:03:19.764,51405,0.107,-0.084,0.288,0.000,0.000,activeTracking,noEvent
6382,8,15,rld,15:03:19.834,51406,0.170,-0.084,0.288,0.000,0.000,activeTracking,noEvent
6382,8,15,rld,15:03:19.924,51407,0.246,-0.084,0.288,0.000,0.000,activeTracking,noEvent
6382,8,15,rld,15:03:19.975,51408,0.307,-0.084,0.288,0.000,0.000,activeTracking,failedClick
6382,8,16,rld,15:03:21.280,51431,0.362,-0.084,0.288,0.000,0.000,waitingForTarget,middleTargetClick
6382,8,16,rld,15:03:21.336,51432,0.431,-0.084,0.288,0.000,0.000,waitingForTarget,noEvent
6382,8,16,rld,15:03:21.392,51433,0.488,-0.084,0.288,0.000,0.000,waitingForTarget,noEvent
6382,8,16,rld,15:03:21.445,51434,0.541,-0.084,0.288,0.000,0.000,waitingForTarget,noEvent
6382,8,16,rld,15:03:21.485,51435,0.575,-0.084,0.288,0.000,0.000,waitingForTarget,noEvent
6382,8,16,rld,15:03:21.527,51436,0.621,-0.084,0.288,0.000,0.000,waitingForTarget,noEvent
6382,8,16,rld,15:03:21.582,51437,0.660,-0.084,0.288,0.000,0.000,waitingForTarget,noEvent
6382,8,16,rld,15:03:21.637,51438,0.725,-0.084,0.288,0.000,0.000,waitingForTarget,noEvent
6382,8,16,rld,15:03:21.684,51439,0.766,-0.084,0.288,0.000,0.000,waitingForTarget,noEvent
6382,8,16,rld,15:03:21.743,51440,0.063,-0.084,0.288,0.000,0.000,activeTracking,targetAppeared
6382,8,16,rld,15:03:21.780,51441,0.111,-0.084,0.288,0.000,0.000,activeTracking,noEvent
6382,8,16,rld,15:03:21.861,51442,0.184,-0.084,0.288,0.000,0.000,activeTracking,failedClick
6382,8,17,rld,15:03:22.499,51454,0.242,-0.084,0.288,0.000,0.000,waitingForTarget,middleTargetClick
6382,8,17,rld,15:03:22.535,51455,0.291,-0.084,0.288,0.000,0.000,waitingForTarget,noEvent
6382,8,17,rld,15:03:22.591,51456,0.346,-0.084,0.288,0.000,0.000,waitingForTarget,noEvent
6382,8,17,rld,15:03:22.659,51457,0.414,-0.084,0.288,0.000,0.000,waitingForTarget,noEvent
6382,8,17,rld,15:03:22.709,51458,0.464,-0.084,0.288,0.000,0.000,waitingForTarget,noEvent
6382,8,17,rld,15:03:22.746,51459,0.501,-0.084,0.288,0.000,0.000,waitingForTarget,noEvent
6382,8,17,rld,15:03:22.796,51460,0.553,-0.084,0.288,0.000,0.000,waitingForTarget,noEvent
6382,8,17,rld,15:03:22.851,51461,0.600,-0.084,0.288,0.000,0.000,waitingForTarget,noEvent
6382,8,17,rld,15:03:22.897,51462,0.650,-0.084,0.288,0.000,0.000,waitingForTarget,noEvent
6382,8,17,rld,15:03:22.944,51463,0.039,-0.084,0.288,0.000,0.000,activeTracking,targetAppeared
6382,8,17,rld,15:03:22.998,51464,0.091,-0.084,0.288,0.000,0.000,activeTracking,noEvent
6382,8,17,rld,15:03:23.056,51465,0.151,-0.084,0.288,0.000,0.000,activeTracking,noEvent
6382,8,17,rld,15:03:23.118,51466,0.212,-0.084,0.288,0.000,0.000,activeTracking,failedClick
6382,8,18,rld,15:03:24.456,51491,0.263,-0.084,0.288,0.000,0.000,waitingForTarget,middleTargetClick
6382,8,18,rld,15:03:24.509,51492,0.323,-0.084,0.288,0.000,0.000,waitingForTarget,noEvent
6382,8,18,rld,15:03:24.547,51493,0.362,-0.084,0.288,0.000,0.000,waitingForTarget,noEvent
6382,8,18,rld,15:03:24.611,51494,0.413,-0.084,0.288,0.000,0.000,waitingForTarget,noEvent
6382,8,18,rld,15:03:24.659,51495,0.475,-0.084,0.288,0.000,0.000,waitingForTarget,noEvent
6382,8,18,rld,15:03:24.709,51496,0.520,-0.084,0.288,0.000,0.000,waitingForTarget,noEvent
6382,8,18,rld,15:03:24.757,51497,0.562,-0.084,0.288,0.000,0.000,waitingForTarget,noEvent
6382,8,18,rld,15:03:24.798,51498,0.615,-0.084,0.288,0.000,0.000,waitingForTarget,noEvent
6382,8,18,rld,15:03:24.863,51499,0.664,-0.084,0.288,0.000,0.000,waitingForTarget,noEvent
6382,8,18,rld,15:03:24.922,51500,0.060,-0.084,0.288,0.000,0.000,activeTracking,targetAppeared
6382,8,18,rld,15:03:24.997,51501,0.139,-0.084,0.288,0.000,0.000,activeTracking,noEvent
6382,8,18,rld,15:03:25.042,51502,0.186,-0.084,0.288,0.000,0.000,activeTracking,noEvent
6382,8,18,rld,15:03:25.084,51503,0.229,-0.084,0.288,0.000,0.000,activeTracking,noEvent
6382,8,18,rld,15:03:25.154,51504,0.296,-0.084,0.288,0.000,0.000,activeTracking,failedClick
6382,8,19,rld,15:03:25.839,51517,0.369,-0.084,0.288,0.000,0.000,waitingForTarget,middleTargetClick
6382,8,19,rld,15:03:25.889,51518,0.424,-0.084,0.288,0.000,0.000,waitingForTarget,noEvent
6382,8,19,rld,15:03:25.947,51519,0.483,-0.084,0.288,0.000,0.000,waitingForTarget,noEvent
6382,8,19,rld,15:03:26.005,51520,0.526,-0.084,0.288,0.000,0.000,waitingForTarget,noEvent
6382,8,19,rld,15:03:26.075,51521,0.615,-0.084,0.288,0.000,0.000,waitingForTarget,noEvent
6382,8,19,rld,15:03:26.122,51522,0.653,-0.084,0.288,0.000,0.000,waitingForTarget,noEvent
6382,8,19,rld,15:03:26.187,51523,0.725,-0.084,0.288,0.000,0.000,waitingForTarget,noEvent
6382,8,19,rld,15:03:26.237,51524,0.769,-0.084,0.288,0.000,0.000,waitingForTarget,noEvent
6382,8,19,rld,15:03:26.287,51525,0.816,-0.084,0.288,0.000,0.000,waitingForTarget,noEvent
6382,8,19,rld,15:03:26.335,51526,0.053,-0.084,0.288,0.000,0.000,activeTracking,targetAppeared
6382,8,19,rld,15:03:26.384,51527,0.100,-0.084,0.288,0.000,0.000,activeTracking,noEvent
6382,8,19,rld,15:03:26.451,51528,0.171,-0.084,0.288,0.000,0.000,activeTracking,failedClick
6382,8,20,rld,15:03:27.067,51540,0.233,-0.084,0.288,0.000,0.000,waitingForTarget,middleTargetClick
6382,8,20,rld,15:03:27.111,51541,0.281,-0.084,0.288,0.000,0.000,waitingForTarget,noEvent
6382,8,20,rld,15:03:27.156,51542,0.327,-0.084,0.288,0.000,0.000,waitingForTarget,noEvent
6382,8,20,rld,15:03:27.215,51543,0.383,-0.084,0.288,0.000,0.000,waitingForTarget,noEvent
6382,8,20,rld,15:03:27.271,51544,0.432,-0.084,0.288,0.000,0.000,waitingForTarget,noEvent
6382,8,20,rld,15:03:27.314,51545,0.487,-0.084,0.288,0.000,0.000,waitingForTarget,noEvent
6382,8,20,rld,15:03:27.375,51546,0.549,-0.084,0.288,0.000,0.000,waitingForTarget,noEvent
6382,8,20,rld,15:03:27.441,51547,0.602,-0.084,0.288,0.000,0.000,waitingForTarget,noEvent
6382,8,20,rld,15:03:27.481,51548,0.654,-0.084,0.288,0.000,0.000,waitingForTarget,noEvent
6382,8,20,rld,15:03:27.542,51549,0.049,-0.084,0.288,0.000,0.000,activeTracking,targetAppeared
6382,8,20,rld,15:03:27.594,51550,0.103,-0.084,0.288,0.000,0.000,activeTracking,noEvent
6382,8,20,rld,15:03:27.642,51551,0.153,-0.084,0.288,0.000,0.000,activeTracking,noEvent
6382,8,20,rld,15:03:27.696,51552,0.205,-0.084,0.288,0.000,0.000,activeTracking,failedClick
6382,8,21,rld,15:03:28.941,51575,0.275,-0.084,0.288,0.000,0.000,waitingForTarget,middleTargetClick
6382,8,21,rld,15:03:28.992,51576,0.332,-0.084,0.288,0.000,0.000,waitingForTarget,noEvent
6382,8,21,rld,15:03:29.031,51577,0.374,-0.084,0.288,0.000,0.000,waitingForTarget,noEvent
6382,8,21,rld,15:03:29.088,51578,0.415,-0.084,0.288,0.000,0.000,waitingForTarget,noEvent
6382,8,21,rld,15:03:29.137,51579,0.481,-0.084,0.288,0.000,0.000,waitingForTarget,noEvent
6382,8,21,rld,15:03:29.197,51580,0.531,-0.084,0.288,0.000,0.000,waitingForTarget,noEvent
6382,8,21,rld,15:03:29.242,51581,0.575,-0.084,0.288,0.000,0.000,waitingForTarget,noEvent
6382,8,21,rld,15:03:29.296,51582,0.631,-0.084,0.288,0.000,0.000,waitingForTarget,noEvent
6382,8,21,rld,15:03:29.333,51583,0.674,-0.084,0.288,0.000,0.000,waitingForTarget,noEvent
6382,8,21,rld,15:03:29.381,51584,0.724,-0.084,0.288,0.000,0.000,waitingForTarget,noEvent
6382,8,21,rld,15:03:29.455,51585,0.057,-0.084,0.288,0.000,0.000,activeTracking,targetAppeared
6382,8,21,rld,15:03:29.514,51586,0.121,-0.084,0.288,0.000,0.000,activeTracking,failedClick
6382,8,22,rld,15:03:31.038,51613,0.187,-0.084,0.288,0.000,0.000,waitingForTarget,middleTargetClick
6382,8,22,rld,15:03:31.096,51614,0.245,-0.084,0.288,0.000,0.000,waitingForTarget,noEvent
6382,8,22,rld,15:03:31.157,51615,0.300,-0.084,0.288,0.000,0.000,waitingForTarget,noEvent
6382,8,22,rld,15:03:31.207,51616,0.358,-0.084,0.288,0.000,0.000,waitingForTarget,noEvent
6382,8,22,rld,15:03:31.274,51617,0.427,-0.084,0.288,0.000,0.000,waitingForTarget,noEvent
6382,8,22,rld,15:03:31.334,51618,0.471,-0.084,0.288,0.000,0.000,waitingForTarget,noEvent
6382,8,22,rld,15:03:31.387,51619,0.534,-0.084,0.288,0.000,0.000,waitingForTarget,noEvent
6382,8,22,rld,15:03:31.424,51620,0.565,-0.084,0.288,0.000,0.000,waitingForTarget,noEvent
6382,8,22,rld,15:03:31.506,51621,0.640,-0.084,0.288,0.000,0.000,waitingForTarget,noEvent
6382,8,22,rld,15:03:31.562,51622,0.072,-0.084,0.288,0.000,0.000,activeTracking,targetAppeared
6382,8,22,rld,15:03:31.615,51623,0.127,-0.084,0.288,0.000,0.000,activeTracking,noEvent
6382,8,22,rld,15:03:31.691,51624,0.198,-0.084,0.288,0.000,0.000,activeTracking,noEvent
6382,8,22,rld,15:03:31.738,51625,0.249,-0.084,0.288,0.000,0.000,activeTracking,noEvent
6382,8,22,rld,15:03:31.796,51626,0.291,-0.084,0.288,0.000,0.000,activeTracking,noEvent
6382,8,22,rld,15:03:31.854,51627,0.356,-0.084,0.288,0.000,0.000,activeTracking,noEvent
6382,8,22,rld,15:03:31.901,51628,0.410,-0.084,0.288,0.000,0.000,activeTracking,noEvent
6382,8,22,rld,15:03:31.966,51629,0.469,-0.084,0.288,0.000,0.000,activeTracking,failedClick
6382,8,23,rld,15:03:33.456,51656,0.535,-0.084,0.288,0.000,0.000,waitingForTarget,middleTargetClick
6382,8,23,rld,15:03:33.499,51657,0.589,-0.084,0.288,0.000,0.000,waitingForTarget,noEvent
6382,8,23,rld,15:03:33.546,51658,0.633,-0.084,0.288,0.000,0.000,waitingForTarget,noEvent
6382,8,23,rld,15:03:33.608,51659,0.690,-0.084,0.288,0.000,0.000,waitingForTarget,noEvent
6382,8,23,rld,15:03:33.671,51660,0.747,-0.084,0.288,0.000,0.000,waitingForTarget,noEvent
6382,8,23,rld,15:03:33.716,51661,0.805,-0.084,0.288,0.000,0.000,waitingForTarget,noEvent
6382,8,23,rld,15:03:33.762,51662,0.852,-0.084,0.288,0.000,0.000,waitingForTarget,noEvent
6382,8,23,rld,15:03:33.828,51663,0.908,-0.084,0.288,0.000,0.000,waitingForTarget,noEvent
6382,8,23,rld,15:03:33.876,51664,0.957,-0.084,0.288,0.000,0.000,waitingForTarget,noEvent
6382,8,23,rld,15:03:33.916,51665,0.050,-0.084,0.288,0.000,0.000,activeTracking,targetAppeared
6382,8,23,rld,15:03:33.987,51666,0.111,-0.084,0.288,0.000,0.000,activeTracking,noEvent
6382,8,23,rld,15:03:34.033,51667,0.163,-0.084,0.288,0.000,0.000,activeTracking,noEvent
6382,8,23,rld,15:03:34.092,51668,0.211,-0.084,0.288,0.000,0.000,activeTracking,noEvent
6382,8,23,rld,15:03:34.134,51669,0.267,-0.084,0.288,0.000,0.000,activeTracking,noEvent
6382,8,23,rld,15:03:34.206,51670,0.332,-0.084,0.288,0.000,0.000,activeTracking,noEvent
6382,8,23,rld,15:03:34.270,51671,0.392,-0.084,0.288,0.000,0.000,activeTracking,failedClick
6382,8,24,rld,15:03:35.591,51696,0.458,-0.084,0.288,0.000,0.000,waitingForTarget,middleTargetClick
6382,8,24,rld,15:03:35.633,51697,0.505,-0.084,0.288,0.000,0.000,waitingForTarget,noEvent
6382,8,24,rld,15:03:35.717,51698,0.583,-0.084,0.288,0.000,0.000,waitingForTarget,noEvent
6382,8,24,rld,15:03:35.764,51699,0.636,-0.084,0.288,0.000,0.000,waitingForTarget,noEvent
6382,8,24,rld,15:03:35.833,51700,0.704,-0.084,0.288,0.000,0.000,waitingForTarget,noEvent
6382,8,24,rld,15:03:35.873,51701,0.740,-0.084,0.288,0.000,0.000,waitingForTarget,noEvent
6382,8,24,rld,15:03:35.933,51702,0.793,-0.084,0.288,0.000,0.000,waitingForTarget,noEvent
6382,8,24,rld,15:03:35.966,51703,0.837,-0.084,0.288,0.000,0.000,waitingForTarget,noEvent
6382,8,24,rld,15:03:36.032,51704,0.888,-0.084,0.288,0.000,0.000,waitingForTarget,noEvent
6382,8,24,rld,15:03:36.094,51705,0.071,-0.084,0.288,0.000,0.000,activeTracking,targetAppeared
6382,8,24,rld,15:03:36.134,51706,0.113,-0.084,0.288,0.000,0.000,activeTracking,noEvent
6382,8,24,rld,15:03:36.195,51707,0.170,-0.084,0.288,0.000,0.000,activeTracking,failedClick
6382,8,25,rld,15:03:37.362,51728,0.232,-0.084,0.288,0.000,0.000,waitingForTarget,middleTargetClick
6382,8,25,rld,15:03:37.415,51729,0.290,-0.084,0.288,0.000,0.000,waitingForTarget,noEvent
6382,8,25,rld,15:03:37.462,51730,0.338,-0.084,0.288,0.000,0.000,waitingForTarget,noEvent
6382,8,25,rld,15:03:37.525,51731,0.384,-0.084,0.288,0.000,0.000,waitingForTarget,noEvent
6382,8,25,rld,15:03:37.579,51732,0.454,-0.084,0.288,0.000,0.000,waitingForTarget,noEvent
6382,8,25,rld,15:03:37.626,51733,0.500,-0.084,0.288,0.000,0.000,waitingForTarget,noEvent
6382,8,25,rld,15:03:37.674,51734,0.539,-0.084,0.288,0.000,0.000,waitingForTarget,noEvent
6382,8,25,rld,15:03:37.727,51735,0.591,-0.084,0.288,0.000,0.000,waitingForTarget,noEvent
6382,8,25,rld,15:03:37.776,51736,0.636,-0.084,0.288,0.000,0.000,waitingForTarget,noEvent
6382,8,25,rld,15:03:37.832,51737,0.056,-0.084,0.288,0.000,0.000,activeTracking,targetAppeared
6382,8,25,rld,15:03:37.896,51738,0.134,-0.084,0.288,0.000,0.000,activeTracking,failedClick
6382,8,26,rld,15:03:39.043,51759,0.208,-0.084,0.288,0.000,0.000,waitingForTarget,middleTargetClick
6382,8,26,rld,15:03:39.104,51760,0.272,-0.084,0.288,0.000,0.000,waitingForTarget,noEvent
6382,8,26,rld,15:03:39.148,51761,0.310,-0.084,0.288,0.000,0.000,waitingForTarget,noEvent
6382,8,26,rld,15:03:39.206,51762,0.373,-0.084,0.288,0.000,0.000,waitingForTarget,noEvent
6382,8,26,rld,15:03:39.303,51763,0.461,-0.084,0.288,0.000,0.000,waitingForTarget,noEvent
6382,8,26,rld,15:03:39.357,51764,0.519,-0.084,0.288,0.000,0.000,waitingForTarget,noEvent
6382,8,26,rld,15:03:39.406,51765,0.570,-0.084,0.288,0.000,0.000,waitingForTarget,noEvent
6382,8,26,rld,15:03:39.455,51766,0.609,-0.084,0.288,0.000,0.000,waitingForTarget,noEvent
6382,8,26,rld,15:03:39.511,51767,0.680,-0.084,0.288,0.000,0.000,activeTracking,failedClick
6382,8,27,rld,15:03:40.585,51787,0.725,-0.084,0.288,0.000,0.000,waitingForTarget,middleTargetClick
6382,8,27,rld,15:03:40.629,51788,0.767,-0.084,0.288,0.000,0.000,waitingForTarget,noEvent
6382,8,27,rld,15:03:40.687,51789,0.836,-0.084,0.288,0.000,0.000,waitingForTarget,noEvent
6382,8,27,rld,15:03:40.749,51790,0.889,-0.084,0.288,0.000,0.000,waitingForTarget,noEvent
6382,8,27,rld,15:03:40.827,51791,0.966,-0.084,0.288,0.000,0.000,waitingForTarget,noEvent
6382,8,27,rld,15:03:40.878,51792,1.027,-0.084,0.288,0.000,0.000,waitingForTarget,noEvent
6382,8,27,rld,15:03:40.922,51793,1.067,-0.084,0.288,0.000,0.000,waitingForTarget,noEvent
6382,8,27,rld,15:03:40.977,51794,1.126,-0.084,0.288,0.000,0.000,waitingForTarget,noEvent
6382,8,27,rld,15:03:41.052,51795,0.059,-0.084,0.288,0.000,0.000,activeTracking,targetAppeared
6382,8,27,rld,15:03:41.127,51796,0.143,-0.084,0.288,0.000,0.000,activeTracking,failedClick
6382,8,28,rld,15:03:42.363,51816,0.215,-0.084,0.288,0.000,0.000,waitingForTarget,middleTargetClick
6382,8,28,rld,15:03:42.426,51817,0.279,-0.084,0.288,0.000,0.000,waitingForTarget,noEvent
6382,8,28,rld,15:03:42.461,51818,0.321,-0.084,0.288,0.000,0.000,waitingForTarget,noEvent
6382,8,28,rld,15:03:42.526,51819,0.385,-0.084,0.288,0.000,0.000,waitingForTarget,noEvent
6382,8,28,rld,15:03:42.576,51820,0.425,-0.084,0.288,0.000,0.000,waitingForTarget,noEvent
6382,8,28,rld,15:03:42.617,51821,0.474,-0.084,0.288,0.000,0.000,waitingForTarget,noEvent
6382,8,28,rld,15:03:42.674,51822,0.524,-0.084,0.288,0.000,0.000,waitingForTarget,noEvent
6382,8,28,rld,15:03:42.725,51823,0.567,-0.084,0.288,0.000,0.000,waitingForTarget,noEvent
6382,8,28,rld,15:03:42.761,51824,0.619,-0.084,0.288,0.000,0.000,waitingForTarget,noEvent
6382,8,28,rld,15:03:42.889,51825,0.732,-0.084,0.288,0.000,0.000,activeTracking,failedClick
6382,8,29,rld,15:03:43.557,51838,0.782,-0.084,0.288,0.000,0.000,waitingForTarget,middleTargetClick
6382,8,29,rld,15:03:43.618,51839,0.847,-0.084,0.288,0.000,0.000,waitingForTarget,noEvent
6382,8,29,rld,15:03:43.660,51840,0.898,-0.084,0.288,0.000,0.000,waitingForTarget,noEvent
6382,8,29,rld,15:03:43.717,51841,0.950,-0.084,0.288,0.000,0.000,waitingForTarget,noEvent
6382,8,29,rld,15:03:43.786,51842,1.016,-0.084,0.288,0.000,0.000,waitingForTarget,noEvent
6382,8,29,rld,15:03:43.830,51843,1.067,-0.084,0.288,0.000,0.000,waitingForTarget,noEvent
6382,8,29,rld,15:03:43.881,51844,1.119,-0.084,0.288,0.000,0.000,waitingForTarget,noEvent
6382,8,29,rld,15:03:43.924,51845,1.159,-0.084,0.288,0.000,0.000,waitingForTarget,noEvent
6382,8,29,rld,15:03:43.999,51846,1.238,-0.084,0.288,0.000,0.000,waitingForTarget,noEvent
6382,8,29,rld,15:03:44.043,51847,0.043,-0.084,0.288,0.000,0.000,activeTracking,targetAppeared
6382,8,29,rld,15:03:44.094,51848,0.096,-0.084,0.288,0.000,0.000,activeTracking,noEvent
6382,8,29,rld,15:03:44.170,51849,0.169,-0.084,0.288,0.000,0.000,activeTracking,noEvent
6382,8,29,rld,15:03:44.217,51850,0.218,-0.084,0.288,0.000,0.000,activeTracking,noEvent
6382,8,29,rld,15:03:44.278,51851,0.278,-0.084,0.288,0.000,0.000,activeTracking,noEvent
6382,8,29,rld,15:03:44.313,51852,0.315,-0.084,0.288,0.000,0.000,activeTracking,noEvent
6382,8,29,rld,15:03:44.355,51853,0.352,-0.084,0.288,0.000,0.000,activeTracking,noEvent
6382,8,29,rld,15:03:44.398,51854,0.392,-0.084,0.288,0.000,0.000,activeTracking,noEvent
6382,8,29,rld,15:03:44.466,51855,0.451,-0.084,0.288,0.000,0.000,activeTracking,noEvent
6382,8,29,rld,15:03:44.509,51856,0.511,-0.084,0.288,0.000,0.000,activeTracking,noEvent
6382,8,29,rld,15:03:44.575,51857,0.566,-0.084,0.288,0.000,0.000,activeTracking,failedClick
6382,8,30,rld,15:03:45.160,51868,0.650,-0.084,0.288,0.000,0.000,waitingForTarget,middleTargetClick
6382,8,30,rld,15:03:45.212,51869,0.705,-0.084,0.288,0.000,0.000,waitingForTarget,noEvent
6382,8,30,rld,15:03:45.248,51870,0.744,-0.084,0.288,0.000,0.000,waitingForTarget,noEvent
6382,8,30,rld,15:03:45.307,51871,0.793,-0.084,0.288,0.000,0.000,waitingForTarget,noEvent
6382,8,30,rld,15:03:45.355,51872,0.840,-0.084,0.288,0.000,0.000,waitingForTarget,noEvent
6382,8,30,rld,15:03:45.409,51873,0.900,-0.084,0.288,0.000,0.000,waitingForTarget,noEvent
6382,8,30,rld,15:03:45.459,51874,0.945,-0.084,0.288,0.000,0.000,waitingForTarget,noEvent
6382,8,30,rld,15:03:45.496,51875,0.990,-0.084,0.288,0.000,0.000,waitingForTarget,noEvent
6382,8,30,rld,15:03:45.545,51876,1.043,-0.084,0.288,0.000,0.000,waitingForTarget,noEvent
6382,8,30,rld,15:03:45.591,51877,1.087,-0.084,0.288,0.000,0.000,waitingForTarget,noEvent
6382,8,30,rld,15:03:45.648,51878,0.051,-0.084,0.288,0.000,0.000,activeTracking,targetAppeared
6382,8,30,rld,15:03:45.706,51879,0.105,-0.084,0.288,0.000,0.000,activeTracking,failedClick
6382,8,31,rld,15:03:46.278,51890,0.176,-0.084,0.288,0.000,0.000,waitingForTarget,middleTargetClick
6382,8,31,rld,15:03:46.327,51891,0.217,-0.084,0.288,0.000,0.000,waitingForTarget,noEvent
6382,8,31,rld,15:03:46.402,51892,0.289,-0.084,0.288,0.000,0.000,waitingForTarget,noEvent
6382,8,31,rld,15:03:46.455,51893,0.346,-0.084,0.288,0.000,0.000,waitingForTarget,noEvent
6382,8,31,rld,15:03:46.495,51894,0.393,-0.084,0.288,0.000,0.000,waitingForTarget,noEvent
6382,8,31,rld,15:03:46.555,51895,0.444,-0.084,0.288,0.000,0.000,waitingForTarget,noEvent
6382,8,31,rld,15:03:46.597,51896,0.493,-0.084,0.288,0.000,0.000,waitingForTarget,noEvent
6382,8,31,rld,15:03:46.647,51897,0.533,-0.084,0.288,0.000,0.000,waitingForTarget,noEvent
6382,8,31,rld,15:03:46.694,51898,0.584,-0.084,0.288,0.000,0.000,waitingForTarget,noEvent
6382,8,31,rld,15:03:46.755,51899,0.643,-0.084,0.288,0.000,0.000,activeTracking,failedClick
6382,8,32,rld,15:03:48.000,51920,0.706,-0.084,0.288,0.000,0.000,waitingForTarget,middleTargetClick
6382,8,32,rld,15:03:48.045,51921,0.756,-0.084,0.288,0.000,0.000,waitingForTarget,noEvent
6382,8,32,rld,15:03:48.085,51922,0.798,-0.084,0.288,0.000,0.000,waitingForTarget,noEvent
6382,8,32,rld,15:03:48.141,51923,0.852,-0.084,0.288,0.000,0.000,waitingForTarget,noEvent
6382,8,32,rld,15:03:48.208,51924,0.925,-0.084,0.288,0.000,0.000,waitingForTarget,noEvent
6382,8,32,rld,15:03:48.245,51925,0.962,-0.084,0.288,0.000,0.000,waitingForTarget,noEvent
6382,8,32,rld,15:03:48.295,51926,1.005,-0.084,0.288,0.000,0.000,waitingForTarget,noEvent
6382,8,32,rld,15:03:48.339,51927,1.055,-0.084,0.288,0.000,0.000,waitingForTarget,noEvent
6382,8,32,rld,15:03:48.395,51928,1.095,-0.084,0.288,0.000,0.000,waitingForTarget,noEvent
6382,8,32,rld,15:03:48.448,51929,1.155,-0.084,0.288,0.000,0.000,waitingForTarget,noEvent
6382,8,32,rld,15:03:48.509,51930,0.071,-0.084,0.288,0.000,0.000,activeTracking,targetAppeared
6382,8,32,rld,15:03:48.559,51931,0.121,-0.084,0.288,0.000,0.000,activeTracking,noEvent
6382,8,32,rld,15:03:48.609,51932,0.154,-0.084,0.288,0.000,0.000,activeTracking,noEvent
6382,8,32,rld,15:03:48.663,51933,0.221,-0.084,0.288,0.000,0.000,activeTracking,failedClick
6382,8,33,rld,15:03:49.204,51943,0.292,-0.084,0.288,0.000,0.000,waitingForTarget,middleTargetClick
6382,8,33,rld,15:03:49.239,51944,0.331,-0.084,0.288,0.000,0.000,waitingForTarget,noEvent
6382,8,33,rld,15:03:49.292,51945,0.373,-0.084,0.288,0.000,0.000,waitingForTarget,noEvent
6382,8,33,rld,15:03:49.346,51946,0.427,-0.084,0.288,0.000,0.000,waitingForTarget,noEvent
6382,8,33,rld,15:03:49.394,51947,0.472,-0.084,0.288,0.000,0.000,waitingForTarget,noEvent
6382,8,33,rld,15:03:49.446,51948,0.527,-0.084,0.288,0.000,0.000,waitingForTarget,noEvent
6382,8,33,rld,15:03:49.495,51949,0.581,-0.084,0.288,0.000,0.000,waitingForTarget,noEvent
6382,8,33,rld,15:03:49.545,51950,0.627,-0.084,0.288,0.000,0.000,waitingForTarget,noEvent
6382,8,33,rld,15:03:49.600,51951,0.689,-0.084,0.288,0.000,0.000,waitingForTarget,noEvent
6382,8,33,rld,15:03:49.657,51952,0.740,-0.084,0.288,0.000,0.000,waitingForTarget,noEvent
6382,8,33,rld,15:03:49.706,51953,0.048,-0.084,0.288,0.000,0.000,activeTracking,targetAppeared
6382,8,33,rld,15:03:49.760,51954,0.101,-0.084,0.288,0.000,0.000,activeTracking,noEvent
6382,8,33,rld,15:03:49.824,51955,0.171,-0.084,0.288,0.000,0.000,activeTracking,failedClick
6382,8,34,rld,15:03:50.920,51975,0.235,-0.084,0.288,0.000,0.000,waitingForTarget,middleTargetClick
6382,8,34,rld,15:03:50.972,51976,0.285,-0.084,0.288,0.000,0.000,waitingForTarget,noEvent
6382,8,34,rld,15:03:51.019,51977,0.340,-0.084,0.288,0.000,0.000,waitingForTarget,noEvent
6382,8,34,rld,15:03:51.054,51978,0.374,-0.084,0.288,0.000,0.000,waitingForTarget,noEvent
6382,8,34,rld,15:03:51.153,51979,0.476,-0.084,0.288,0.000,0.000,waitingForTarget,noEvent
6382,8,34,rld,15:03:51.204,51980,0.525,-0.084,0.288,0.000,0.000,waitingForTarget,noEvent
6382,8,34,rld,15:03:51.247,51981,0.567,-0.084,0.288,0.000,0.000,waitingForTarget,noEvent
6382,8,34,rld,15:03:51.300,51982,0.618,-0.084,0.288,0.000,0.000,waitingForTarget,noEvent
6382,8,34,rld,15:03:51.346,51983,0.668,-0.084,0.288,0.000,0.000,waitingForTarget,noEvent
6382,8,34,rld,15:03:51.395,51984,0.047,-0.084,0.288,0.000,0.000,activeTracking,targetAppeared
6382,8,34,rld,15:03:51.455,51985,0.102,-0.084,0.288,0.000,0.000,activeTracking,noEvent
6382,8,34,rld,15:03:51.513,51986,0.163,-0.084,0.288,0.000,0.000,activeTracking,failedClick
6382,8,35,rld,15:03:52.152,51998,0.220,-0.084,0.288,0.000,0.000,waitingForTarget,middleTargetClick
6382,8,35,rld,15:03:52.199,51999,0.283,-0.084,0.288,0.000,0.000,waitingForTarget,noEvent
6382,8,35,rld,15:03:52.253,52000,0.334,-0.084,0.288,0.000,0.000,waitingForTarget,noEvent
6382,8,35,rld,15:03:52.328,52001,0.403,-0.084,0.288,0.000,0.000,waitingForTarget,noEvent
6382,8,35,rld,15:03:52.379,52002,0.465,-0.084,0.288,0.000,0.000,waitingForTarget,noEvent
6382,8,35,rld,15:03:52.423,52003,0.509,-0.084,0.288,0.000,0.000,waitingForTarget,noEvent
6382,8,35,rld,15:03:52.477,52004,0.552,-0.084,0.288,0.000,0.000,waitingForTarget,noEvent
6382,8,35,rld,15:03:52.529,52005,0.611,-0.084,0.288,0.000,0.000,waitingForTarget,noEvent
6382,8,35,rld,15:03:52.586,52006,0.663,-0.084,0.288,0.000,0.000,waitingForTarget,noEvent
6382,8,35,rld,15:03:52.620,52007,0.045,-0.084,0.288,0.000,0.000,activeTracking,targetAppeared
6382,8,35,rld,15:03:52.691,52008,0.109,-0.084,0.288,0.000,0.000,activeTracking,failedClick
6382,8,36,rld,15:03:53.329,52020,0.178,-0.084,0.288,0.000,0.000,waitingForTarget,middleTargetClick
6382,8,36,rld,15:03:53.376,52021,0.219,-0.084,0.288,0.000,0.000,waitingForTarget,noEvent
6382,8,36,rld,15:03:53.429,52022,0.277,-0.084,0.288,0.000,0.000,waitingForTarget,noEvent
6382,8,36,rld,15:03:53.506,52023,0.357,-0.084,0.288,0.000,0.000,waitingForTarget,noEvent
6382,8,36,rld,15:03:53.571,52024,0.417,-0.084,0.288,0.000,0.000,waitingForTarget,noEvent
6382,8,36,rld,15:03:53.614,52025,0.460,-0.084,0.288,0.000,0.000,waitingForTarget,noEvent
6382,8,36,rld,15:03:53.677,52026,0.529,-0.084,0.288,0.000,0.000,waitingForTarget,noEvent
6382,8,36,rld,15:03:53.733,52027,0.579,-0.084,0.288,0.000,0.000,waitingForTarget,noEvent
6382,8,36,rld,15:03:53.787,52028,0.060,-0.084,0.288,0.000,0.000,activeTracking,targetAppeared
6382,8,36,rld,15:03:53.853,52029,0.118,-0.084,0.288,0.000,0.000,activeTracking,noEvent
6382,8,36,rld,15:03:53.894,52030,0.161,-0.084,0.288,0.000,0.000,activeTracking,noEvent
6382,8,36,rld,15:03:53.949,52031,0.205,-0.084,0.288,0.000,0.000,activeTracking,noEvent
6382,8,36,rld,15:03:54.006,52032,0.265,-0.084,0.288,0.000,0.000,activeTracking,failedClick
6382,8,37,rld,15:03:54.714,52045,0.333,-0.084,0.288,0.000,0.000,waitingForTarget,middleTargetClick
6382,8,37,rld,15:03:54.756,52046,0.390,-0.084,0.288,0.000,0.000,waitingForTarget,noEvent
6382,8,37,rld,15:03:54.823,52047,0.456,-0.084,0.288,0.000,0.000,waitingForTarget,noEvent
6382,8,37,rld,15:03:54.893,52048,0.520,-0.084,0.288,0.000,0.000,waitingForTarget,noEvent
6382,8,37,rld,15:03:54.937,52049,0.567,-0.084,0.288,0.000,0.000,waitingForTarget,noEvent
6382,8,37,rld,15:03:54.991,52050,0.628,-0.084,0.288,0.000,0.000,waitingForTarget,noEvent
6382,8,37,rld,15:03:55.029,52051,0.668,-0.084,0.288,0.000,0.000,waitingForTarget,noEvent
6382,8,37,rld,15:03:55.091,52052,0.720,-0.084,0.288,0.000,0.000,waitingForTarget,noEvent
6382,8,37,rld,15:03:55.139,52053,0.765,-0.084,0.288,0.000,0.000,waitingForTarget,noEvent
6382,8,37,rld,15:03:55.177,52054,0.053,-0.084,0.288,0.000,0.000,activeTracking,targetAppeared
6382,8,37,rld,15:03:55.233,52055,0.103,-0.084,0.288,0.000,0.000,activeTracking,noEvent
6382,8,37,rld,15:03:55.293,52056,0.157,-0.084,0.288,0.000,0.000,activeTracking,noEvent
6382,8,37,rld,15:03:55.347,52057,0.219,-0.084,0.288,0.000,0.000,activeTracking,noEvent
6382,8,37,rld,15:03:55.411,52058,0.275,-0.084,0.288,0.000,0.000,activeTracking,failedClick
6382,8,38,rld,15:03:56.655,52081,0.323,-0.084,0.288,0.000,0.000,waitingForTarget,middleTargetClick
6382,8,38,rld,15:03:56.714,52082,0.390,-0.084,0.288,0.000,0.000,waitingForTarget,noEvent
6382,8,38,rld,15:03:56.757,52083,0.427,-0.084,0.288,0.000,0.000,waitingForTarget,noEvent
6382,8,38,rld,15:03:56.821,52084,0.498,-0.084,0.288,0.000,0.000,waitingForTarget,noEvent
6382,8,38,rld,15:03:56.877,52085,0.554,-0.084,0.288,0.000,0.000,waitingForTarget,noEvent
6382,8,38,rld,15:03:56.940,52086,0.610,-0.084,0.288,0.000,0.000,waitingForTarget,noEvent
6382,8,38,rld,15:03:56.976,52087,0.657,-0.084,0.288,0.000,0.000,waitingForTarget,noEvent
6382,8,38,rld,15:03:57.054,52088,0.729,-0.084,0.288,0.000,0.000,waitingForTarget,noEvent
6382,8,38,rld,15:03:57.101,52089,0.050,-0.084,0.288,0.000,0.000,activeTracking,targetAppeared
6382,8,38,rld,15:03:57.158,52090,0.100,-0.084,0.288,0.000,0.000,activeTracking,failedClick
6382,8,39,rld,15:03:57.848,52103,0.175,-0.084,0.288,0.000,0.000,waitingForTarget,middleTargetClick
6382,8,39,rld,15:03:57.905,52104,0.231,-0.084,0.288,0.000,0.000,waitingForTarget,noEvent
6382,8,39,rld,15:03:57.965,52105,0.282,-0.084,0.288,0.000,0.000,waitingForTarget,noEvent
6382,8,39,rld,15:03:58.023,52106,0.341,-0.084,0.288,0.000,0.000,waitingForTarget,noEvent
6382,8,39,rld,15:03:58.081,52107,0.410,-0.084,0.288,0.000,0.000,waitingForTarget,noEvent
6382,8,39,rld,15:03:58.125,52108,0.447,-0.084,0.288,0.000,0.000,waitingForTarget,noEvent
6382,8,39,rld,15:03:58.187,52109,0.509,-0.084,0.288,0.000,0.000,waitingForTarget,noEvent
6382,8,39,rld,15:03:58.237,52110,0.562,-0.084,0.288,0.000,0.000,waitingForTarget,noEvent
6382,8,39,rld,15:03:58.278,52111,0.606,-0.084,0.288,0.000,0.000,waitingForTarget,noEvent
6382,8,39,rld,15:03:58.327,52112,0.044,-0.084,0.288,0.000,0.000,activeTracking,targetAppeared
6382,8,39,rld,15:03:58.398,52113,0.111,-0.084,0.288,0.000,0.000,activeTracking,noEvent
6382,8,39,rld,15:03:58.447,52114,0.168,-0.084,0.288,0.000,0.000,activeTracking,failedClick
6382,8,40,rld,15:03:59.048,52125,0.226,-0.084,0.288,0.000,0.000,waitingForTarget,middleTargetClick
6382,8,40,rld,15:03:59.098,52126,0.281,-0.084,0.288,0.000,0.000,waitingForTarget,noEvent
6382,8,40,rld,15:03:59.148,52127,0.327,-0.084,0.288,0.000,0.000,waitingForTarget,noEvent
6382,8,40,rld,15:03:59.198,52128,0.376,-0.084,0.288,0.000,0.000,waitingForTarget,noEvent
6382,8,40,rld,15:03:59.245,52129,0.433,-0.084,0.288,0.000,0.000,waitingForTarget,noEvent
6382,8,40,rld,15:03:59.311,52130,0.491,-0.084,0.288,0.000,0.000,waitingForTarget,noEvent
6382,8,40,rld,15:03:59.375,52131,0.554,-0.084,0.288,0.000,0.000,waitingForTarget,noEvent
6382,8,40,rld,15:03:59.476,52132,0.651,-0.084,0.288,0.000,0.000,waitingForTarget,noEvent
6382,8,40,rld,15:03:59.538,52133,0.063,-0.084,0.288,0.000,0.000,activeTracking,targetAppeared
6382,8,40,rld,15:03:59.597,52134,0.124,-0.084,0.288,0.000,0.000,activeTracking,noEvent
6382,8,40,rld,15:03:59.643,52135,0.170,-0.084,0.288,0.000,0.000,activeTracking,noEvent
6382,8,40,rld,15:03:59.710,52136,0.235,-0.084,0.288,0.000,0.000,activeTracking,failedClick
6382,8,41,rld,15:04:01.004,52159,0.286,-0.084,0.288,0.000,0.000,waitingForTarget,middleTargetClick
6382,8,41,rld,15:04:01.048,52160,0.346,-0.084,0.288,0.000,0.000,waitingForTarget,noEvent
6382,8,41,rld,15:04:01.118,52161,0.410,-0.084,0.288,0.000,0.000,waitingForTarget,noEvent
6382,8,41,rld,15:04:01.168,52162,0.468,-0.084,0.288,0.000,0.000,waitingForTarget,noEvent
6382,8,41,rld,15:04:01.227,52163,0.525,-0.084,0.288,0.000,0.000,waitingForTarget,noEvent
6382,8,41,rld,15:04:01.282,52164,0.570,-0.084,0.288,0.000,0.000,waitingForTarget,noEvent
6382,8,41,rld,15:04:01.331,52165,0.620,-0.084,0.288,0.000,0.000,waitingForTarget,noEvent
6382,8,41,rld,15:04:01.388,52166,0.680,-0.084,0.288,0.000,0.000,waitingForTarget,noEvent
6382,8,41,rld,15:04:01.436,52167,0.726,-0.084,0.288,0.000,0.000,waitingForTarget,noEvent
6382,8,41,rld,15:04:01.488,52168,0.057,-0.084,0.288,0.000,0.000,activeTracking,targetAppeared
6382,8,41,rld,15:04:01.558,52169,0.131,-0.084,0.288,0.000,0.000,activeTracking,failedClick
6382,8,42,rld,15:04:02.874,52193,0.212,-0.084,0.288,0.000,0.000,waitingForTarget,middleTargetClick
6382,8,42,rld,15:04:02.948,52194,0.283,-0.084,0.288,0.000,0.000,waitingForTarget,noEvent
6382,8,42,rld,15:04:02.987,52195,0.328,-0.084,0.288,0.000,0.000,waitingForTarget,noEvent
6382,8,42,rld,15:04:03.047,52196,0.380,-0.084,0.288,0.000,0.000,waitingForTarget,noEvent
6382,8,42,rld,15:04:03.104,52197,0.450,-0.084,0.288,0.000,0.000,waitingForTarget,noEvent
6382,8,42,rld,15:04:03.146,52198,0.492,-0.084,0.288,0.000,0.000,waitingForTarget,noEvent
6382,8,42,rld,15:04:03.194,52199,0.536,-0.084,0.288,0.000,0.000,waitingForTarget,noEvent
6382,8,42,rld,15:04:03.262,52200,0.605,-0.084,0.288,0.000,0.000,waitingForTarget,noEvent
6382,8,42,rld,15:04:03.314,52201,0.655,-0.084,0.288,0.000,0.000,waitingForTarget,noEvent
6382,8,42,rld,15:04:03.362,52202,0.050,-0.084,0.288,0.000,0.000,activeTracking,targetAppeared
6382,8,42,rld,15:04:03.407,52203,0.091,-0.084,0.288,0.000,0.000,activeTracking,noEvent
6382,8,42,rld,15:04:03.477,52204,0.155,-0.084,0.288,0.000,0.000,activeTracking,noEvent
6382,8,42,rld,15:04:03.528,52205,0.220,-0.084,0.288,0.000,0.000,activeTracking,noEvent
6382,8,42,rld,15:04:03.578,52206,0.270,-0.084,0.288,0.000,0.000,activeTracking,noEvent
6382,8,42,rld,15:04:03.648,52207,0.326,-0.084,0.288,0.000,0.000,activeTracking,noEvent
6382,8,42,rld,15:04:03.708,52208,0.385,-0.084,0.288,0.000,0.000,activeTracking,failedClick
6382,8,43,rld,15:04:04.432,52220,0.441,-0.084,0.288,0.000,0.000,waitingForTarget,middleTargetClick
6382,8,43,rld,15:04:04.487,52221,0.499,-0.084,0.288,0.000,0.000,waitingForTarget,noEvent
6382,8,43,rld,15:04:04.530,52222,0.540,-0.084,0.288,0.000,0.000,waitingForTarget,noEvent
6382,8,43,rld,15:04:04.576,52223,0.579,-0.084,0.288,0.000,0.000,waitingForTarget,noEvent
6382,8,43,rld,15:04:04.637,52224,0.647,-0.084,0.288,0.000,0.000,waitingForTarget,noEvent
6382,8,43,rld,15:04:04.694,52225,0.704,-0.084,0.288,0.000,0.000,waitingForTarget,noEvent
6382,8,43,rld,15:04:04.739,52226,0.738,-0.084,0.288,0.000,0.000,waitingForTarget,noEvent
6382,8,43,rld,15:04:04.796,52227,0.797,-0.084,0.288,0.000,0.000,waitingForTarget,noEvent
6382,8,43,rld,15:04:04.847,52228,0.859,-0.084,0.288,0.000,0.000,waitingForTarget,noEvent
6382,8,43,rld,15:04:04.898,52229,0.049,-0.084,0.288,0.000,0.000,activeTracking,targetAppeared
6382,8,43,rld,15:04:04.948,52230,0.100,-0.084,0.288,0.000,0.000,activeTracking,noEvent
6382,8,43,rld,15:04:04.997,52231,0.146,-0.084,0.288,0.000,0.000,activeTracking,noEvent
6382,8,43,rld,15:04:05.047,52232,0.191,-0.084,0.288,0.000,0.000,activeTracking,noEvent
6382,8,43,rld,15:04:05.119,52233,0.262,-0.084,0.288,0.000,0.000,activeTracking,failedClick
6382,8,44,rld,15:04:06.427,52256,0.334,-0.084,0.288,0.000,0.000,waitingForTarget,middleTargetClick
6382,8,44,rld,15:04:06.476,52257,0.388,-0.084,0.288,0.000,0.000,waitingForTarget,noEvent
6382,8,44,rld,15:04:06.542,52258,0.431,-0.084,0.288,0.000,0.000,waitingForTarget,noEvent
6382,8,44,rld,15:04:06.604,52259,0.512,-0.084,0.288,0.000,0.000,waitingForTarget,noEvent
6382,8,44,rld,15:04:06.643,52260,0.557,-0.084,0.288,0.000,0.000,waitingForTarget,noEvent
6382,8,44,rld,15:04:06.694,52261,0.607,-0.084,0.288,0.000,0.000,waitingForTarget,noEvent
6382,8,44,rld,15:04:06.735,52262,0.641,-0.084,0.288,0.000,0.000,waitingForTarget,noEvent
6382,8,44,rld,15:04:06.798,52263,0.697,-0.084,0.288,0.000,0.000,waitingForTarget,noEvent
6382,8,44,rld,15:04:06.843,52264,0.756,-0.084,0.288,0.000,0.000,waitingForTarget,noEvent
6382,8,44,rld,15:04:06.910,52265,0.057,-0.084,0.288,0.000,0.000,activeTracking,targetAppeared
6382,8,44,rld,15:04:06.967,52266,0.116,-0.084,0.288,0.000,0.000,activeTracking,noEvent
6382,8,44,rld,15:04:07.019,52267,0.169,-0.084,0.288,0.000,0.000,activeTracking,noEvent
6382,8,44,rld,15:04:07.065,52268,0.214,-0.084,0.288,0.000,0.000,activeTracking,noEvent
6382,8,44,rld,15:04:07.117,52269,0.269,-0.084,0.288,0.000,0.000,activeTracking,noEvent
6382,8,44,rld,15:04:07.176,52270,0.321,-0.084,0.288,0.000,0.000,activeTracking,failedClick
6382,8,45,rld,15:04:08.607,52298,0.387,-0.084,0.288,0.000,0.000,waitingForTarget,middleTargetClick
6382,8,45,rld,15:04:08.653,52299,0.436,-0.084,0.288,0.000,0.000,waitingForTarget,noEvent
6382,8,45,rld,15:04:08.706,52300,0.485,-0.084,0.288,0.000,0.000,waitingForTarget,noEvent
6382,8,45,rld,15:04:08.759,52301,0.547,-0.084,0.288,0.000,0.000,waitingForTarget,noEvent
6382,8,45,rld,15:04:08.811,52302,0.599,-0.084,0.288,0.000,0.000,waitingForTarget,noEvent
6382,8,45,rld,15:04:08.860,52303,0.649,-0.084,0.288,0.000,0.000,waitingForTarget,noEvent
6382,8,45,rld,15:04:08.924,52304,0.712,-0.084,0.288,0.000,0.000,waitingForTarget,noEvent
6382,8,45,rld,15:04:08.990,52305,0.777,-0.084,0.288,0.000,0.000,waitingForTarget,noEvent
6382,8,45,rld,15:04:09.038,52306,0.822,-0.084,0.288,0.000,0.000,waitingForTarget,noEvent
6382,8,45,rld,15:04:09.085,52307,0.041,-0.084,0.288,0.000,0.000,activeTracking,targetAppeared
6382,8,45,rld,15:04:09.142,52308,0.103,-0.084,0.288,0.000,0.000,activeTracking,noEvent
6382,8,45,rld,15:04:09.194,52309,0.152,-0.084,0.288,0.000,0.000,activeTracking,noEvent
6382,8,45,rld,15:04:09.240,52310,0.199,-0.084,0.288,0.000,0.000,activeTracking,noEvent
6382,8,45,rld,15:04:09.298,52311,0.262,-0.084,0.288,0.000,0.000,activeTracking,failedClick
6382,8,46,rld,15:04:10.770,52336,0.339,-0.084,0.288,0.000,0.000,waitingForTarget,middleTargetClick
6382,8,46,rld,15:04:10.837,52337,0.406,-0.084,0.288,0.000,0.000,waitingForTarget,noEvent
6382,8,46,rld,15:04:10.882,52338,0.457,-0.084,0.288,0.000,0.000,waitingForTarget,noEvent
6382,8,46,rld,15:04:10.937,52339,0.509,-0.084,0.288,0.000,0.000,waitingForTarget,noEvent
6382,8,46,rld,15:04:10.992,52340,0.570,-0.084,0.288,0.000,0.000,waitingForTarget,noEvent
6382,8,46,rld,15:04:11.035,52341,0.608,-0.084,0.288,0.000,0.000,waitingForTarget,noEvent
6382,8,46,rld,15:04:11.092,52342,0.670,-0.084,0.288,0.000,0.000,waitingForTarget,noEvent
6382,8,46,rld,15:04:11.128,52343,0.705,-0.084,0.288,0.000,0.000,waitingForTarget,noEvent
6382,8,46,rld,15:04:11.196,52344,0.759,-0.084,0.288,0.000,0.000,waitingForTarget,noEvent
6382,8,46,rld,15:04:11.259,52345,0.075,-0.084,0.288,0.000,0.000,activeTracking,targetAppeared
6382,8,46,rld,15:04:11.355,52346,0.163,-0.084,0.288,0.000,0.000,activeTracking,noEvent
6382,8,46,rld,15:04:11.393,52347,0.211,-0.084,0.288,0.000,0.000,activeTracking,noEvent
6382,8,46,rld,15:04:11.461,52348,0.275,-0.084,0.288,0.000,0.000,activeTracking,failedClick
6382,8,47,rld,15:04:12.623,52370,0.337,-0.084,0.288,0.000,0.000,waitingForTarget,middleTargetClick
6382,8,47,rld,15:04:12.684,52371,0.407,-0.084,0.288,0.000,0.000,waitingForTarget,noEvent
6382,8,47,rld,15:04:12.740,52372,0.464,-0.084,0.288,0.000,0.000,waitingForTarget,noEvent
6382,8,47,rld,15:04:12.796,52373,0.526,-0.084,0.288,0.000,0.000,waitingForTarget,noEvent
6382,8,47,rld,15:04:12.839,52374,0.564,-0.084,0.288,0.000,0.000,waitingForTarget,noEvent
6382,8,47,rld,15:04:12.896,52375,0.608,-0.084,0.288,0.000,0.000,waitingForTarget,noEvent
6382,8,47,rld,15:04:12.953,52376,0.677,-0.084,0.288,0.000,0.000,waitingForTarget,noEvent
6382,8,47,rld,15:04:12.997,52377,0.718,-0.084,0.288,0.000,0.000,waitingForTarget,noEvent
6382,8,47,rld,15:04:13.052,52378,0.774,-0.084,0.288,0.000,0.000,waitingForTarget,noEvent
6382,8,47,rld,15:04:13.096,52379,0.052,-0.084,0.288,0.000,0.000,activeTracking,targetAppeared
6382,8,47,rld,15:04:13.147,52380,0.102,-0.084,0.288,0.000,0.000,activeTracking,noEvent
6382,8,47,rld,15:04:13.195,52381,0.149,-0.084,0.288,0.000,0.000,activeTracking,noEvent
6382,8,47,rld,15:04:13.274,52382,0.221,-0.084,0.288,0.000,0.000,activeTracking,failedClick
6382,8,48,rld,15:04:14.652,52408,0.288,-0.084,0.288,0.000,0.000,waitingForTarget,middleTargetClick
6382,8,48,rld,15:04:14.695,52409,0.340,-0.084,0.288,0.000,0.000,waitingForTarget,noEvent
6382,8,48,rld,15:04:14.758,52410,0.401,-0.084,0.288,0.000,0.000,waitingForTarget,noEvent
6382,8,48,rld,15:04:14.804,52411,0.443,-0.084,0.288,0.000,0.000,waitingForTarget,noEvent
6382,8,48,rld,15:04:14.894,52412,0.532,-0.084,0.288,0.000,0.000,waitingForTarget,noEvent
6382,8,48,rld,15:04:14.931,52413,0.570,-0.084,0.288,0.000,0.000,waitingForTarget,noEvent
6382,8,48,rld,15:04:15.011,52414,0.653,-0.084,0.288,0.000,0.000,waitingForTarget,noEvent
6382,8,48,rld,15:04:15.060,52415,0.700,-0.084,0.288,0.000,0.000,waitingForTarget,noEvent
6382,8,48,rld,15:04:15.105,52416,0.043,-0.084,0.288,0.000,0.000,activeTracking,targetAppeared
6382,8,48,rld,15:04:15.172,52417,0.103,-0.084,0.288,0.000,0.000,activeTracking,noEvent
6382,8,48,rld,15:04:15.219,52418,0.163,-0.084,0.288,0.000,0.000,activeTracking,noEvent
6382,8,48,rld,15:04:15.275,52419,0.208,-0.084,0.288,0.000,0.000,activeTracking,noEvent
6382,8,48,rld,15:04:15.353,52420,0.291,-0.084,0.288,0.000,0.000,activeTracking,failedClick
6382,8,49,rld,15:04:16.191,52435,0.363,-0.084,0.288,0.000,0.000,waitingForTarget,middleTargetClick
6382,8,49,rld,15:04:16.248,52436,0.428,-0.084,0.288,0.000,0.000,waitingForTarget,noEvent
6382,8,49,rld,15:04:16.389,52437,0.561,-0.084,0.288,0.000,0.000,waitingForTarget,noEvent
6382,8,49,rld,15:04:16.426,52438,0.611,-0.084,0.288,0.000,0.000,waitingForTarget,noEvent
6382,8,49,rld,15:04:16.478,52439,0.659,-0.084,0.288,0.000,0.000,waitingForTarget,noEvent
6382,8,49,rld,15:04:16.538,52440,0.718,-0.084,0.288,0.000,0.000,waitingForTarget,noEvent
6382,8,49,rld,15:04:16.607,52441,0.782,-0.084,0.288,0.000,0.000,waitingForTarget,noEvent
6382,8,49,rld,15:04:16.652,52442,0.052,-0.084,0.288,0.000,0.000,activeTracking,targetAppeared
6382,8,49,rld,15:04:16.706,52443,0.109,-0.084,0.288,0.000,0.000,activeTracking,noEvent
6382,8,49,rld,15:04:16.757,52444,0.160,-0.084,0.288,0.000,0.000,activeTracking,noEvent
6382,8,49,rld,15:04:16.812,52445,0.209,-0.084,0.288,0.000,0.000,activeTracking,noEvent
6382,8,49,rld,15:04:16.855,52446,0.251,-0.084,0.288,0.000,0.000,activeTracking,noEvent
6382,8,49,rld,15:04:16.913,52447,0.309,-0.084,0.288,0.000,0.000,activeTracking,noEvent
6382,8,49,rld,15:04:16.962,52448,0.351,-0.084,0.288,0.000,0.000,activeTracking,noEvent
6382,8,49,rld,15:04:17.021,52449,0.417,-0.084,0.288,0.000,0.000,activeTracking,failedClick
6382,8,50,rld,15:04:17.590,52460,0.477,-0.084,0.288,0.000,0.000,waitingForTarget,middleTargetClick
6382,8,50,rld,15:04:17.654,52461,0.549,-0.084,0.288,0.000,0.000,waitingForTarget,noEvent
6382,8,50,rld,15:04:17.703,52462,0.595,-0.084,0.288,0.000,0.000,waitingForTarget,noEvent
6382,8,50,rld,15:04:17.768,52463,0.659,-0.084,0.288,0.000,0.000,waitingForTarget,noEvent
6382,8,50,rld,15:04:17.821,52464,0.720,-0.084,0.288,0.000,0.000,waitingForTarget,noEvent
6382,8,50,rld,15:04:17.856,52465,0.755,-0.084,0.288,0.000,0.000,waitingForTarget,noEvent
6382,8,50,rld,15:04:17.917,52466,0.806,-0.084,0.288,0.000,0.000,waitingForTarget,noEvent
6382,8,50,rld,15:04:17.960,52467,0.858,-0.084,0.288,0.000,0.000,waitingForTarget,noEvent
6382,8,50,rld,15:04:18.026,52468,0.908,-0.084,0.288,0.000,0.000,waitingForTarget,noEvent
6382,8,50,rld,15:04:18.081,52469,0.970,-0.084,0.288,0.000,0.000,activeTracking,failedClick
6382,8,51,rld,15:04:18.854,52483,1.054,-0.084,0.288,0.000,0.000,waitingForTarget,middleTargetClick
6382,8,51,rld,15:04:18.909,52484,1.119,-0.084,0.288,0.000,0.000,waitingForTarget,noEvent
6382,8,51,rld,15:04:18.965,52485,1.164,-0.084,0.288,0.000,0.000,waitingForTarget,noEvent
6382,8,51,rld,15:04:19.014,52486,1.224,-0.084,0.288,0.000,0.000,waitingForTarget,noEvent
6382,8,51,rld,15:04:19.061,52487,1.270,-0.084,0.288,0.000,0.000,waitingForTarget,noEvent
6382,8,51,rld,15:04:19.113,52488,1.313,-0.084,0.288,0.000,0.000,waitingForTarget,noEvent
6382,8,51,rld,15:04:19.164,52489,1.359,-0.084,0.288,0.000,0.000,waitingForTarget,noEvent
6382,8,51,rld,15:04:19.228,52490,1.437,-0.084,0.288,0.000,0.000,waitingForTarget,noEvent
6382,8,51,rld,15:04:19.286,52491,1.483,-0.084,0.288,0.000,0.000,waitingForTarget,noEvent
6382,8,51,rld,15:04:19.331,52492,0.055,-0.084,0.288,0.000,0.000,activeTracking,targetAppeared
6382,8,51,rld,15:04:19.385,52493,0.102,-0.084,0.288,0.000,0.000,activeTracking,noEvent
6382,8,51,rld,15:04:19.444,52494,0.159,-0.084,0.288,0.000,0.000,activeTracking,noEvent
6382,8,51,rld,15:04:19.493,52495,0.205,-0.084,0.288,0.000,0.000,activeTracking,noEvent
6382,8,51,rld,15:04:19.547,52496,0.261,-0.084,0.288,0.000,0.000,activeTracking,noEvent
6382,8,51,rld,15:04:19.664,52497,0.383,-0.084,0.288,0.000,0.000,activeTracking,failedClick
6382,8,52,rld,15:04:20.847,52518,0.479,-0.084,0.288,0.000,0.000,waitingForTarget,middleTargetClick
6382,8,52,rld,15:04:20.900,52519,0.548,-0.084,0.288,0.000,0.000,waitingForTarget,noEvent
6382,8,52,rld,15:04:20.957,52520,0.597,-0.084,0.288,0.000,0.000,waitingForTarget,noEvent
6382,8,52,rld,15:04:20.996,52521,0.646,-0.084,0.288,0.000,0.000,waitingForTarget,noEvent
6382,8,52,rld,15:04:21.053,52522,0.691,-0.084,0.288,0.000,0.000,waitingForTarget,noEvent
6382,8,52,rld,15:04:21.095,52523,0.744,-0.084,0.288,0.000,0.000,waitingForTarget,noEvent
6382,8,52,rld,15:04:21.156,52524,0.794,-0.084,0.288,0.000,0.000,waitingForTarget,noEvent
6382,8,52,rld,15:04:21.198,52525,0.844,-0.084,0.288,0.000,0.000,waitingForTarget,noEvent
6382,8,52,rld,15:04:21.239,52526,0.890,-0.084,0.288,0.000,0.000,waitingForTarget,noEvent
6382,8,52,rld,15:04:21.297,52527,0.052,-0.084,0.288,0.000,0.000,activeTracking,targetAppeared
6382,8,52,rld,15:04:21.354,52528,0.099,-0.084,0.288,0.000,0.000,activeTracking,noEvent
6382,8,52,rld,15:04:21.422,52529,0.176,-0.084,0.288,0.000,0.000,activeTracking,failedClick
6382,8,53,rld,15:04:22.874,52554,0.262,-0.084,0.288,0.000,0.000,waitingForTarget,middleTargetClick
6382,8,53,rld,15:04:22.917,52555,0.315,-0.084,0.288,0.000,0.000,waitingForTarget,noEvent
6382,8,53,rld,15:04:22.967,52556,0.356,-0.084,0.288,0.000,0.000,waitingForTarget,noEvent
6382,8,53,rld,15:04:23.042,52557,0.432,-0.084,0.288,0.000,0.000,waitingForTarget,noEvent
6382,8,53,rld,15:04:23.093,52558,0.489,-0.084,0.288,0.000,0.000,waitingForTarget,noEvent
6382,8,53,rld,15:04:23.129,52559,0.527,-0.084,0.288,0.000,0.000,waitingForTarget,noEvent
6382,8,53,rld,15:04:23.179,52560,0.576,-0.084,0.288,0.000,0.000,waitingForTarget,noEvent
6382,8,53,rld,15:04:23.242,52561,0.627,-0.084,0.288,0.000,0.000,waitingForTarget,noEvent
6382,8,53,rld,15:04:23.278,52562,0.677,-0.084,0.288,0.000,0.000,waitingForTarget,noEvent
6382,8,53,rld,15:04:23.336,52563,0.044,-0.084,0.288,0.000,0.000,activeTracking,targetAppeared
6382,8,53,rld,15:04:23.392,52564,0.101,-0.084,0.288,0.000,0.000,activeTracking,noEvent
6382,8,53,rld,15:04:23.446,52565,0.150,-0.084,0.288,0.000,0.000,activeTracking,noEvent
6382,8,53,rld,15:04:23.498,52566,0.209,-0.084,0.288,0.000,0.000,activeTracking,failedClick
6382,8,54,rld,15:04:24.448,52583,0.323,-0.084,0.288,0.000,0.000,waitingForTarget,middleTargetClick
6382,8,54,rld,15:04:24.512,52584,0.398,-0.084,0.288,0.000,0.000,waitingForTarget,noEvent
6382,8,54,rld,15:04:24.575,52585,0.457,-0.084,0.288,0.000,0.000,waitingForTarget,noEvent
6382,8,54,rld,15:04:24.631,52586,0.515,-0.084,0.288,0.000,0.000,waitingForTarget,noEvent
6382,8,54,rld,15:04:24.685,52587,0.563,-0.084,0.288,0.000,0.000,waitingForTarget,noEvent
6382,8,54,rld,15:04:24.729,52588,0.607,-0.084,0.288,0.000,0.000,waitingForTarget,noEvent
6382,8,54,rld,15:04:24.786,52589,0.666,-0.084,0.288,0.000,0.000,waitingForTarget,noEvent
6382,8,54,rld,15:04:24.842,52590,0.719,-0.084,0.288,0.000,0.000,waitingForTarget,noEvent
6382,8,54,rld,15:04:24.887,52591,0.773,-0.084,0.288,0.000,0.000,waitingForTarget,noEvent
6382,8,54,rld,15:04:24.934,52592,0.039,-0.084,0.288,0.000,0.000,activeTracking,targetAppeared
6382,8,54,rld,15:04:24.985,52593,0.091,-0.084,0.288,0.000,0.000,activeTracking,noEvent
6382,8,54,rld,15:04:25.037,52594,0.151,-0.084,0.288,0.000,0.000,activeTracking,noEvent
6382,8,54,rld,15:04:25.096,52595,0.207,-0.084,0.288,0.000,0.000,activeTracking,failedClick
6382,8,55,rld,15:04:26.522,52622,0.278,-0.084,0.288,0.000,0.000,waitingForTarget,middleTargetClick
6382,8,55,rld,15:04:26.576,52623,0.345,-0.084,0.288,0.000,0.000,waitingForTarget,noEvent
6382,8,55,rld,15:04:26.627,52624,0.385,-0.084,0.288,0.000,0.000,waitingForTarget,noEvent
6382,8,55,rld,15:04:26.684,52625,0.449,-0.084,0.288,0.000,0.000,waitingForTarget,noEvent
6382,8,55,rld,15:04:26.736,52626,0.503,-0.084,0.288,0.000,0.000,waitingForTarget,noEvent
6382,8,55,rld,15:04:26.802,52627,0.549,-0.084,0.288,0.000,0.000,waitingForTarget,noEvent
6382,8,55,rld,15:04:26.847,52628,0.615,-0.084,0.288,0.000,0.000,waitingForTarget,noEvent
6382,8,55,rld,15:04:26.896,52629,0.660,-0.084,0.288,0.000,0.000,waitingForTarget,noEvent
6382,8,55,rld,15:04:26.942,52630,0.711,-0.084,0.288,0.000,0.000,waitingForTarget,noEvent
6382,8,55,rld,15:04:26.989,52631,0.047,-0.084,0.288,0.000,0.000,activeTracking,targetAppeared
6382,8,55,rld,15:04:27.045,52632,0.098,-0.084,0.288,0.000,0.000,activeTracking,noEvent
6382,8,55,rld,15:04:27.095,52633,0.148,-0.084,0.288,0.000,0.000,activeTracking,noEvent
6382,8,55,rld,15:04:27.151,52634,0.198,-0.084,0.288,0.000,0.000,activeTracking,noEvent
6382,8,55,rld,15:04:27.217,52635,0.267,-0.084,0.288,0.000,0.000,activeTracking,failedClick
6382,8,56,rld,15:04:28.385,52657,0.324,-0.084,0.288,0.000,0.000,waitingForTarget,middleTargetClick
6382,8,56,rld,15:04:28.444,52658,0.399,-0.084,0.288,0.000,0.000,waitingForTarget,noEvent
6382,8,56,rld,15:04:28.492,52659,0.436,-0.084,0.288,0.000,0.000,waitingForTarget,noEvent
6382,8,56,rld,15:04:28.527,52660,0.485,-0.084,0.288,0.000,0.000,waitingForTarget,noEvent
6382,8,56,rld,15:04:28.577,52661,0.535,-0.084,0.288,0.000,0.000,waitingForTarget,noEvent
6382,8,56,rld,15:04:28.644,52662,0.599,-0.084,0.288,0.000,0.000,waitingForTarget,noEvent
6382,8,56,rld,15:04:28.685,52663,0.641,-0.084,0.288,0.000,0.000,waitingForTarget,noEvent
6382,8,56,rld,15:04:28.731,52664,0.687,-0.084,0.288,0.000,0.000,waitingForTarget,noEvent
6382,8,56,rld,15:04:28.792,52665,0.734,-0.084,0.288,0.000,0.000,waitingForTarget,noEvent
6382,8,56,rld,15:04:28.843,52666,0.056,-0.084,0.288,0.000,0.000,activeTracking,targetAppeared
6382,8,56,rld,15:04:28.913,52667,0.134,-0.084,0.288,0.000,0.000,activeTracking,failedClick
6382,8,57,rld,15:04:30.087,52688,0.209,-0.084,0.288,0.000,0.000,waitingForTarget,middleTargetClick
6382,8,57,rld,15:04:30.139,52689,0.263,-0.084,0.288,0.000,0.000,waitingForTarget,noEvent
6382,8,57,rld,15:04:30.194,52690,0.318,-0.084,0.288,0.000,0.000,waitingForTarget,noEvent
6382,8,57,rld,15:04:30.251,52691,0.382,-0.084,0.288,0.000,0.000,waitingForTarget,noEvent
6382,8,57,rld,15:04:30.310,52692,0.443,-0.084,0.288,0.000,0.000,waitingForTarget,noEvent
6382,8,57,rld,15:04:30.376,52693,0.500,-0.084,0.288,0.000,0.000,waitingForTarget,noEvent
6382,8,57,rld,15:04:30.416,52694,0.549,-0.084,0.288,0.000,0.000,waitingForTarget,noEvent
6382,8,57,rld,15:04:30.474,52695,0.591,-0.084,0.288,0.000,0.000,waitingForTarget,noEvent
6382,8,57,rld,15:04:30.523,52696,0.641,-0.084,0.288,0.000,0.000,waitingForTarget,noEvent
6382,8,57,rld,15:04:30.559,52697,0.054,-0.084,0.288,0.000,0.000,activeTracking,targetAppeared
6382,8,57,rld,15:04:30.634,52698,0.117,-0.084,0.288,0.000,0.000,activeTracking,failedClick
6382,8,58,rld,15:04:31.164,52708,0.175,-0.084,0.288,0.000,0.000,waitingForTarget,middleTargetClick
6382,8,58,rld,15:04:31.209,52709,0.228,-0.084,0.288,0.000,0.000,waitingForTarget,noEvent
6382,8,58,rld,15:04:31.254,52710,0.268,-0.084,0.288,0.000,0.000,waitingForTarget,noEvent
6382,8,58,rld,15:04:31.294,52711,0.310,-0.084,0.288,0.000,0.000,waitingForTarget,noEvent
6382,8,58,rld,15:04:31.366,52712,0.380,-0.084,0.288,0.000,0.000,waitingForTarget,noEvent
6382,8,58,rld,15:04:31.422,52713,0.443,-0.084,0.288,0.000,0.000,waitingForTarget,noEvent
6382,8,58,rld,15:04:31.477,52714,0.486,-0.084,0.288,0.000,0.000,waitingForTarget,noEvent
6382,8,58,rld,15:04:31.527,52715,0.536,-0.084,0.288,0.000,0.000,waitingForTarget,noEvent
6382,8,58,rld,15:04:31.587,52716,0.595,-0.084,0.288,0.000,0.000,waitingForTarget,noEvent
6382,8,58,rld,15:04:31.630,52717,0.049,-0.084,0.288,0.000,0.000,activeTracking,targetAppeared
6382,8,58,rld,15:04:31.695,52718,0.114,-0.084,0.288,0.000,0.000,activeTracking,failedClick
6382,8,59,rld,15:04:32.215,52728,0.167,-0.084,0.288,0.000,0.000,waitingForTarget,middleTargetClick
6382,8,59,rld,15:04:32.267,52729,0.225,-0.084,0.288,0.000,0.000,waitingForTarget,noEvent
6382,8,59,rld,15:04:32.314,52730,0.265,-0.084,0.288,0.000,0.000,waitingForTarget,noEvent
6382,8,59,rld,15:04:32.364,52731,0.325,-0.084,0.288,0.000,0.000,waitingForTarget,noEvent
6382,8,59,rld,15:04:32.420,52732,0.382,-0.084,0.288,0.000,0.000,waitingForTarget,noEvent
6382,8,59,rld,15:04:32.469,52733,0.434,-0.084,0.288,0.000,0.000,waitingForTarget,noEvent
6382,8,59,rld,15:04:32.507,52734,0.474,-0.084,0.288,0.000,0.000,waitingForTarget,noEvent
6382,8,59,rld,15:04:32.572,52735,0.526,-0.084,0.288,0.000,0.000,waitingForTarget,noEvent
6382,8,59,rld,15:04:32.612,52736,0.567,-0.084,0.288,0.000,0.000,waitingForTarget,noEvent
6382,8,59,rld,15:04:32.657,52737,0.622,-0.084,0.288,0.000,0.000,waitingForTarget,noEvent
6382,8,59,rld,15:04:32.706,52738,0.037,-0.084,0.288,0.000,0.000,activeTracking,targetAppeared
6382,8,59,rld,15:04:32.772,52739,0.110,-0.084,0.288,0.000,0.000,activeTracking,failedClick
6382,8,60,rld,15:04:33.760,52758,0.187,-0.084,0.288,0.000,0.000,waitingForTarget,middleTargetClick
6382,8,60,rld,15:04:33.817,52759,0.249,-0.084,0.288,0.000,0.000,waitingForTarget,noEvent
6382,8,60,rld,15:04:33.871,52760,0.297,-0.084,0.288,0.000,0.000,waitingForTarget,noEvent
6382,8,60,rld,15:04:33.946,52761,0.369,-0.084,0.288,0.000,0.000,waitingForTarget,noEvent
6382,8,60,rld,15:04:34.003,52762,0.430,-0.084,0.288,0.000,0.000,waitingForTarget,noEvent
6382,8,60,rld,15:04:34.041,52763,0.472,-0.084,0.288,0.000,0.000,waitingForTarget,noEvent
6382,8,60,rld,15:04:34.085,52764,0.511,-0.084,0.288,0.000,0.000,waitingForTarget,noEvent
6382,8,60,rld,15:04:34.144,52765,0.561,-0.084,0.288,0.000,0.000,waitingForTarget,noEvent
6382,8,60,rld,15:04:34.186,52766,0.617,-0.084,0.288,0.000,0.000,waitingForTarget,noEvent
6382,8,60,rld,15:04:34.244,52767,0.051,-0.084,0.288,0.000,0.000,activeTracking,targetAppeared
6382,8,60,rld,15:04:34.290,52768,0.104,-0.084,0.288,0.000,0.000,activeTracking,noEvent
6382,8,60,rld,15:04:34.345,52769,0.152,-0.084,0.288,0.000,0.000,activeTracking,noEvent
6382,8,60,rld,15:04:34.402,52770,0.202,-0.084,0.288,0.000,0.000,activeTracking,noEvent
6382,8,60,rld,15:04:34.445,52771,0.254,-0.084,0.288,0.000,0.000,activeTracking,noEvent
6382,8,60,rld,15:04:34.497,52772,0.302,-0.084,0.288,0.000,0.000,activeTracking,noEvent
6382,8,60,rld,15:04:34.540,52773,0.355,-0.084,0.288,0.000,0.000,activeTracking,noEvent
6382,8,60,rld,15:04:34.594,52774,0.402,-0.084,0.288,0.000,0.000,activeTracking,noEvent
6382,8,60,rld,15:04:34.646,52775,0.454,-0.084,0.288,0.000,0.000,activeTracking,noEvent
6382,8,60,rld,15:04:34.686,52776,0.500,-0.084,0.288,0.000,0.000,activeTracking,noEvent
6382,8,60,rld,15:04:34.757,52777,0.560,-0.084,0.288,0.000,0.000,activeTracking,failedClick;
6382,9,1,rld,15:05:14.162,53604,0.606,-0.084,0.288,0.000,0.000,waitingForTarget,middleTargetClick
6382,9,1,rld,15:05:14.210,53605,0.658,-0.084,0.288,0.000,0.000,waitingForTarget,noEvent
6382,9,1,rld,15:05:14.266,53606,0.708,-0.084,0.288,0.000,0.000,waitingForTarget,noEvent
6382,9,1,rld,15:05:14.298,53607,0.747,-0.084,0.288,0.000,0.000,waitingForTarget,noEvent
6382,9,1,rld,15:05:14.339,53608,0.790,-0.084,0.288,0.000,0.000,waitingForTarget,noEvent
6382,9,1,rld,15:05:14.389,53609,0.840,-0.084,0.288,0.000,0.000,waitingForTarget,noEvent
6382,9,1,rld,15:05:14.445,53610,0.896,-0.084,0.288,0.000,0.000,waitingForTarget,noEvent
6382,9,1,rld,15:05:14.489,53611,0.940,-0.084,0.288,0.000,0.000,waitingForTarget,noEvent
6382,9,1,rld,15:05:14.545,53612,0.994,-0.084,0.288,0.000,0.000,waitingForTarget,noEvent
6382,9,1,rld,15:05:14.575,53613,1.026,-0.084,0.288,0.000,0.000,waitingForTarget,noEvent
6382,9,1,rld,15:05:14.631,53614,0.049,-0.084,0.288,0.000,0.000,activeTracking,targetAppeared
6382,9,1,rld,15:05:14.670,53615,0.094,-0.084,0.288,0.000,0.000,activeTracking,noEvent
6382,9,1,rld,15:05:14.712,53616,0.134,-0.084,0.288,0.000,0.000,activeTracking,noEvent
6382,9,1,rld,15:05:14.757,53617,0.181,-0.084,0.288,0.000,0.000,activeTracking,noEvent
6382,9,1,rld,15:05:14.819,53618,0.238,-0.084,0.288,0.000,0.000,activeTracking,noEvent
6382,9,1,rld,15:05:14.870,53619,0.291,-0.084,0.288,0.000,0.000,activeTracking,noEvent
6382,9,1,rld,15:05:14.944,53620,0.365,-0.084,0.288,0.000,0.000,activeTracking,noEvent
6382,9,1,rld,15:05:14.990,53621,0.410,-0.084,0.288,0.000,0.000,activeTracking,noEvent
6382,9,1,rld,15:05:15.039,53622,0.455,-0.084,0.288,0.000,0.000,activeTracking,noEvent
6382,9,1,rld,15:05:15.082,53623,0.501,-0.084,0.288,0.000,0.000,activeTracking,noEvent
6382,9,1,rld,15:05:15.124,53624,0.546,-0.084,0.288,0.000,0.000,activeTracking,noEvent
6382,9,1,rld,15:05:15.174,53625,0.596,-0.084,0.288,0.000,0.000,activeTracking,noEvent
6382,9,1,rld,15:05:15.210,53626,0.631,-0.084,0.288,0.000,0.000,activeTracking,noEvent
6382,9,1,rld,15:05:15.253,53627,0.669,-0.084,0.288,0.000,0.000,activeTracking,noEvent
6382,9,1,rld,15:05:15.298,53628,0.720,-0.084,0.288,0.000,0.000,activeTracking,noEvent
6382,9,1,rld,15:05:15.325,53629,0.750,-0.084,0.288,0.000,0.000,activeTracking,noEvent
6382,9,1,rld,15:05:15.376,53630,0.799,-0.084,0.288,0.000,0.000,activeTracking,noEvent
6382,9,1,rld,15:05:15.437,53631,0.861,-0.084,0.288,0.000,0.000,activeTracking,noEvent
6382,9,1,rld,15:05:15.503,53632,0.920,-0.084,0.288,0.000,0.000,activeTracking,noEvent
6382,9,1,rld,15:05:15.542,53633,0.965,-0.084,0.288,0.000,0.000,activeTracking,noEvent
6382,9,1,rld,15:05:15.589,53634,1.008,-0.084,0.288,0.000,0.000,activeTracking,noEvent
6382,9,1,rld,15:05:15.637,53635,1.055,-0.084,0.288,0.000,0.000,activeTracking,noEvent
6382,9,1,rld,15:05:15.694,53636,1.119,-0.084,0.288,0.000,0.000,activeTracking,noEvent
6382,9,1,rld,15:05:15.887,53637,1.303,1.216,0.416,11.500,1.100,activeTracking,noEvent
6382,9,1,rld,15:05:16.005,53638,1.391,1.808,0.429,1.300,-0.300,activeTracking,noEvent
6382,9,1,rld,15:05:16.156,53639,1.544,2.220,0.401,1.800,-0.300,activeTracking,noEvent
6382,9,1,rld,15:05:16.233,53640,1.649,2.635,0.337,2.300,-0.500,onTarget,noEvent
6382,9,1,rld,15:05:16.305,53641,1.702,2.836,0.305,0.500,-0.100,onTarget,noEvent
6382,9,1,rld,15:05:16.378,53642,1.788,2.953,0.271,0.400,-0.200,activeTracking,noEvent
6382,9,1,rld,15:05:16.454,53643,1.856,3.005,0.224,0.100,-0.300,activeTracking,noEvent
6382,9,1,rld,15:05:16.538,53644,1.935,3.071,0.091,0.400,-1.000,activeTracking,noEvent
6382,9,1,rld,15:05:16.651,53645,2.060,3.168,-0.190,0.600,-2.000,activeTracking,noEvent
6382,9,1,rld,15:05:16.720,53646,2.138,3.201,-0.367,0.000,-0.700,activeTracking,noEvent
6382,9,1,rld,15:05:16.785,53647,2.202,3.211,-0.450,0.000,-0.200,activeTracking,noEvent
6382,9,1,rld,15:05:16.855,53648,2.267,3.178,-0.477,-0.300,0.000,activeTracking,noEvent
6382,9,1,rld,15:05:16.917,53649,2.330,3.129,-0.486,-0.300,0.000,activeTracking,noEvent
6382,9,1,rld,15:05:16.959,53650,2.384,3.100,-0.489,-0.100,0.000,activeTracking,noEvent
6382,9,1,rld,15:05:17.024,53651,2.435,3.091,-0.478,0.000,0.100,activeTracking,noEvent
6382,9,1,rld,15:05:17.069,53652,2.485,3.075,-0.462,-0.100,0.100,activeTracking,noEvent
6382,9,1,rld,15:05:17.152,53653,2.558,3.045,-0.433,-0.200,0.200,activeTracking,noEvent
6382,9,1,rld,15:05:17.205,53654,2.621,3.011,-0.376,-0.200,0.400,activeTracking,noEvent
6382,9,1,rld,15:05:17.309,53655,2.718,2.962,-0.274,-0.300,0.700,activeTracking,noEvent
6382,9,1,rld,15:05:17.392,53656,2.777,2.934,-0.193,-0.100,0.400,onTarget,noEvent
6382,9,1,rld,15:05:17.451,53657,2.867,2.912,-0.096,-0.100,0.600,onTarget,noEvent
6382,9,1,rld,15:05:17.500,53658,2.917,2.905,-0.040,0.000,0.200,onTarget,noEvent
6382,9,1,rld,15:05:17.535,53659,2.951,2.902,-0.021,0.000,0.000,onTarget,noEvent
6382,9,1,rld,15:05:17.621,53660,3.034,2.889,-0.003,-0.100,0.100,onTarget,noEvent
6382,9,1,rld,15:05:17.670,53661,3.083,2.873,0.003,-0.100,0.000,onTarget,noEvent
6382,9,1,rld,15:05:17.734,53662,3.153,2.843,0.005,-0.200,0.000,onTarget,noEvent
6382,9,1,rld,15:05:17.856,53663,3.270,2.821,0.005,-0.100,0.000,onTarget,noEvent
6382,9,1,rld,15:05:17.893,53664,3.316,2.813,0.005,0.000,0.000,onTarget,noEvent
6382,9,1,rld,15:05:17.940,53665,3.359,2.811,0.005,0.000,0.000,onTarget,noEvent
6382,9,1,rld,15:05:17.984,53666,3.406,2.810,0.005,0.000,0.000,onTarget,noEvent
6382,9,1,rld,15:05:18.027,53667,3.447,2.810,0.005,0.000,0.000,onTarget,noEvent
6382,9,1,rld,15:05:18.059,53668,3.483,2.809,0.005,0.000,0.000,onTarget,noEvent
6382,9,1,rld,15:05:18.090,53669,3.514,2.809,0.005,0.000,0.000,onTarget,noEvent
6382,9,1,rld,15:05:18.134,53670,3.550,2.809,0.005,0.000,0.000,onTarget,noEvent
6382,9,1,rld,15:05:18.189,53671,3.604,2.809,0.005,0.000,0.000,onTarget,noEvent
6382,9,1,rld,15:05:18.232,53672,3.653,2.809,0.005,0.000,0.000,onTarget,noEvent
6382,9,1,rld,15:05:18.270,53673,3.695,2.809,0.005,0.000,0.000,onTarget,noEvent
6382,9,1,rld,15:05:18.321,53674,3.733,2.809,0.005,0.000,0.000,onTarget,noEvent
6382,9,1,rld,15:05:18.361,53675,3.780,2.809,0.005,0.000,0.000,onTarget,noEvent
6382,9,1,rld,15:05:18.420,53676,3.838,2.809,0.005,0.000,0.000,onTarget,noEvent
6382,9,1,rld,15:05:18.502,53677,3.901,2.809,0.005,0.000,0.000,onTarget,noEvent
6382,9,1,rld,15:05:18.560,53678,3.980,2.809,0.005,0.000,0.000,onTarget,targetClick
6382,9,2,rld,15:05:22.733,53741,0.066,0.168,-0.065,0.000,0.000,activeTracking,targetAppeared
6382,9,2,rld,15:05:22.789,53742,0.130,0.169,-0.066,0.000,0.000,activeTracking,noEvent
6382,9,2,rld,15:05:22.847,53743,0.182,0.169,-0.066,0.000,0.000,activeTracking,noEvent
6382,9,2,rld,15:05:22.922,53744,0.246,0.169,-0.066,0.000,0.000,activeTracking,failedClick
6382,9,3,rld,15:05:24.234,53768,0.307,0.169,-0.066,0.000,0.000,waitingForTarget,middleTargetClick
6382,9,3,rld,15:05:24.283,53769,0.366,0.169,-0.066,0.000,0.000,waitingForTarget,noEvent
6382,9,3,rld,15:05:24.321,53770,0.400,0.169,-0.066,0.000,0.000,waitingForTarget,noEvent
6382,9,3,rld,15:05:24.375,53771,0.462,0.169,-0.066,0.000,0.000,waitingForTarget,noEvent
6382,9,3,rld,15:05:24.440,53772,0.523,0.169,-0.066,0.000,0.000,waitingForTarget,noEvent
6382,9,3,rld,15:05:24.497,53773,0.582,0.169,-0.066,0.000,0.000,waitingForTarget,noEvent
6382,9,3,rld,15:05:24.552,53774,0.631,0.169,-0.066,0.000,0.000,waitingForTarget,noEvent
6382,9,3,rld,15:05:24.606,53775,0.676,0.169,-0.066,0.000,0.000,waitingForTarget,noEvent
6382,9,3,rld,15:05:24.657,53776,0.742,0.169,-0.066,0.000,0.000,waitingForTarget,noEvent
6382,9,3,rld,15:05:24.716,53777,0.050,0.169,-0.066,0.000,0.000,activeTracking,targetAppeared
6382,9,3,rld,15:05:24.765,53778,0.103,0.169,-0.066,0.000,0.000,activeTracking,noEvent
6382,9,3,rld,15:05:24.834,53779,0.174,0.169,-0.066,0.000,0.000,activeTracking,noEvent
6382,9,3,rld,15:05:24.890,53780,0.223,0.169,-0.066,0.000,0.000,activeTracking,noEvent
6382,9,3,rld,15:05:24.950,53781,0.291,0.169,-0.066,0.000,0.000,activeTracking,noEvent
6382,9,3,rld,15:05:25.005,53782,0.351,0.169,-0.066,0.000,0.000,activeTracking,noEvent
6382,9,3,rld,15:05:25.056,53783,0.398,0.169,-0.066,0.000,0.000,activeTracking,noEvent
6382,9,3,rld,15:05:25.120,53784,0.458,0.169,-0.066,0.000,0.000,activeTracking,failedClick
6382,9,4,rld,15:05:25.643,53794,0.516,0.169,-0.066,0.000,0.000,waitingForTarget,middleTargetClick
6382,9,4,rld,15:05:25.683,53795,0.557,0.169,-0.066,0.000,0.000,waitingForTarget,noEvent
6382,9,4,rld,15:05:25.748,53796,0.608,0.169,-0.066,0.000,0.000,waitingForTarget,noEvent
6382,9,4,rld,15:05:25.782,53797,0.657,0.169,-0.066,0.000,0.000,waitingForTarget,noEvent
6382,9,4,rld,15:05:25.874,53798,0.737,0.169,-0.066,0.000,0.000,waitingForTarget,noEvent
6382,9,4,rld,15:05:25.925,53799,0.793,0.169,-0.066,0.000,0.000,waitingForTarget,noEvent
6382,9,4,rld,15:05:25.961,53800,0.838,0.169,-0.066,0.000,0.000,waitingForTarget,noEvent
6382,9,4,rld,15:05:26.006,53801,0.879,0.169,-0.066,0.000,0.000,waitingForTarget,noEvent
6382,9,4,rld,15:05:26.074,53802,0.940,0.169,-0.066,0.000,0.000,waitingForTarget,noEvent
6382,9,4,rld,15:05:26.124,53803,0.050,0.169,-0.066,0.000,0.000,activeTracking,targetAppeared
6382,9,4,rld,15:05:26.177,53804,0.109,0.169,-0.066,0.000,0.000,activeTracking,noEvent
6382,9,4,rld,15:05:26.232,53805,0.158,0.169,-0.066,0.000,0.000,activeTracking,noEvent
6382,9,4,rld,15:05:26.281,53806,0.209,0.169,-0.066,0.000,0.000,activeTracking,noEvent
6382,9,4,rld,15:05:26.337,53807,0.266,0.169,-0.066,0.000,0.000,activeTracking,noEvent
6382,9,4,rld,15:05:26.386,53808,0.316,0.169,-0.066,0.000,0.000,activeTracking,noEvent
6382,9,4,rld,15:05:26.437,53809,0.368,0.169,-0.066,0.000,0.000,activeTracking,noEvent
6382,9,4,rld,15:05:26.485,53810,0.416,0.169,-0.066,0.000,0.000,activeTracking,noEvent
6382,9,4,rld,15:05:26.547,53811,0.475,0.169,-0.066,0.000,0.000,activeTracking,failedClick
6382,9,5,rld,15:05:27.875,53834,0.566,0.169,-0.066,0.000,0.000,waitingForTarget,middleTargetClick
6382,9,5,rld,15:05:27.930,53835,0.625,0.169,-0.066,0.000,0.000,waitingForTarget,noEvent
6382,9,5,rld,15:05:27.966,53836,0.661,0.169,-0.066,0.000,0.000,waitingForTarget,noEvent
6382,9,5,rld,15:05:28.030,53837,0.716,0.169,-0.066,0.000,0.000,waitingForTarget,noEvent
6382,9,5,rld,15:05:28.078,53838,0.767,0.169,-0.066,0.000,0.000,waitingForTarget,noEvent
6382,9,5,rld,15:05:28.120,53839,0.818,0.169,-0.066,0.000,0.000,waitingForTarget,noEvent
6382,9,5,rld,15:05:28.173,53840,0.865,0.169,-0.066,0.000,0.000,waitingForTarget,noEvent
6382,9,5,rld,15:05:28.220,53841,0.919,0.169,-0.066,0.000,0.000,waitingForTarget,noEvent
6382,9,5,rld,15:05:28.294,53842,0.993,0.169,-0.066,0.000,0.000,waitingForTarget,noEvent
6382,9,5,rld,15:05:28.343,53843,0.043,0.169,-0.066,0.000,0.000,activeTracking,targetAppeared
6382,9,5,rld,15:05:28.404,53844,0.099,0.169,-0.066,0.000,0.000,activeTracking,noEvent
6382,9,5,rld,15:05:28.439,53845,0.143,0.169,-0.066,0.000,0.000,activeTracking,noEvent
6382,9,5,rld,15:05:28.509,53846,0.203,0.169,-0.066,0.000,0.000,activeTracking,noEvent
6382,9,5,rld,15:05:28.560,53847,0.253,0.169,-0.066,0.000,0.000,activeTracking,noEvent
6382,9,5,rld,15:05:28.626,53848,0.326,0.169,-0.066,0.000,0.000,activeTracking,noEvent
6382,9,5,rld,15:05:28.719,53849,0.394,0.552,-0.235,3.400,-1.500,activeTracking,noEvent
6382,9,5,rld,15:05:28.804,53850,0.489,0.714,-0.247,0.300,0.400,activeTracking,noEvent
6382,9,5,rld,15:05:28.859,53851,0.565,0.768,-0.228,0.000,0.200,activeTracking,noEvent
6382,9,5,rld,15:05:28.940,53852,0.633,0.786,-0.199,0.000,0.200,activeTracking,failedClick
6382,9,6,rld,15:05:33.414,53938,0.697,-0.371,-0.049,0.000,0.000,waitingForTarget,middleTargetClick
6382,9,6,rld,15:05:33.476,53939,0.775,-0.360,-0.049,0.100,0.000,waitingForTarget,noEvent
6382,9,6,rld,15:05:33.546,53940,0.847,-0.345,-0.049,0.100,0.000,waitingForTarget,noEvent
6382,9,6,rld,15:05:33.589,53941,0.889,-0.340,-0.049,0.000,0.000,waitingForTarget,noEvent
6382,9,6,rld,15:05:33.619,53942,0.921,-0.338,-0.049,0.000,0.000,waitingForTarget,noEvent
6382,9,6,rld,15:05:33.664,53943,0.960,-0.338,-0.049,0.000,0.000,waitingForTarget,noEvent
6382,9,6,rld,15:05:33.698,53944,0.999,-0.338,-0.049,0.000,0.000,waitingForTarget,noEvent
6382,9,6,rld,15:05:33.735,53945,1.033,-0.338,-0.049,0.000,0.000,waitingForTarget,noEvent
6382,9,6,rld,15:05:33.773,53946,1.076,-0.338,-0.049,0.000,0.000,waitingForTarget,noEvent
6382,9,6,rld,15:05:33.844,53947,1.146,-0.338,-0.049,0.000,0.000,waitingForTarget,noEvent
6382,9,6,rld,15:05:33.897,53948,0.042,-0.338,-0.049,0.000,0.000,activeTracking,targetAppeared
6382,9,6,rld,15:05:33.944,53949,0.094,-0.338,-0.049,0.000,0.000,activeTracking,noEvent
6382,9,6,rld,15:05:33.985,53950,0.136,-0.338,-0.049,0.000,0.000,activeTracking,noEvent
6382,9,6,rld,15:05:34.025,53951,0.176,-0.338,-0.049,0.000,0.000,activeTracking,noEvent
6382,9,6,rld,15:05:34.085,53952,0.229,-0.338,-0.049,0.000,0.000,activeTracking,noEvent
6382,9,6,rld,15:05:34.137,53953,0.281,-0.338,-0.049,0.000,0.000,activeTracking,noEvent
6382,9,6,rld,15:05:34.279,53954,0.417,-0.801,-0.027,-4.100,0.200,activeTracking,noEvent
6382,9,6,rld,15:05:34.347,53955,0.501,-1.001,-0.008,-0.400,0.100,activeTracking,noEvent
6382,9,6,rld,15:05:34.454,53956,0.581,-1.068,0.010,0.000,0.100,activeTracking,noEvent
6382,9,6,rld,15:05:34.572,53957,0.706,-0.130,-0.030,8.500,-0.400,activeTracking,noEvent
6382,9,6,rld,15:05:34.675,53958,0.820,0.497,-0.065,2.800,-0.200,activeTracking,noEvent
6382,9,6,rld,15:05:34.750,53959,0.883,0.741,-0.077,0.300,0.000,activeTracking,noEvent
6382,9,6,rld,15:05:34.947,53960,1.096,1.049,-0.126,2.000,-0.400,activeTracking,noEvent
6382,9,6,rld,15:05:35.026,53961,1.181,1.244,-0.166,0.800,-0.200,activeTracking,noEvent
6382,9,6,rld,15:05:35.073,53962,1.229,1.332,-0.179,0.200,0.000,activeTracking,noEvent
6382,9,6,rld,15:05:35.146,53963,1.301,1.385,-0.183,0.200,0.000,activeTracking,noEvent
6382,9,6,rld,15:05:35.231,53964,1.362,1.413,-0.196,0.100,-0.100,activeTracking,noEvent
6382,9,6,rld,15:05:35.302,53965,1.451,1.504,-0.223,0.700,-0.200,activeTracking,noEvent
6382,9,6,rld,15:05:35.359,53966,1.512,1.557,-0.232,0.200,0.000,activeTracking,noEvent
6382,9,6,rld,15:05:35.417,53967,1.574,1.598,-0.235,0.200,0.000,activeTracking,noEvent
6382,9,6,rld,15:05:35.566,53968,1.713,1.855,-0.054,2.100,1.600,activeTracking,noEvent
6382,9,6,rld,15:05:35.636,53969,1.793,2.000,0.030,0.500,0.200,activeTracking,noEvent
6382,9,6,rld,15:05:35.687,53970,1.844,2.072,0.059,0.200,0.000,activeTracking,noEvent
6382,9,6,rld,15:05:35.741,53971,1.896,2.108,0.068,0.100,0.000,activeTracking,noEvent
6382,9,6,rld,15:05:35.793,53972,1.946,2.132,0.071,0.100,0.000,activeTracking,noEvent
6382,9,6,rld,15:05:35.872,53973,2.023,2.140,0.072,0.000,0.000,activeTracking,noEvent
6382,9,6,rld,15:05:35.905,53974,2.062,2.143,0.073,0.000,0.000,activeTracking,noEvent
6382,9,6,rld,15:05:35.940,53975,2.096,2.143,0.073,0.000,0.000,activeTracking,noEvent
6382,9,6,rld,15:05:35.980,53976,2.134,2.144,0.073,0.000,0.000,activeTracking,noEvent
6382,9,6,rld,15:05:36.024,53977,2.165,2.144,0.073,0.000,0.000,activeTracking,noEvent
6382,9,6,rld,15:05:36.066,53978,2.216,2.144,0.073,0.000,0.000,activeTracking,noEvent
6382,9,6,rld,15:05:36.114,53979,2.266,2.144,0.073,0.000,0.000,activeTracking,noEvent
6382,9,6,rld,15:05:36.151,53980,2.303,2.144,0.073,0.000,0.000,activeTracking,noEvent
6382,9,6,rld,15:05:36.275,53981,2.413,2.561,-0.216,3.500,-2.500,onTarget,noEvent
6382,9,6,rld,15:05:36.465,53982,2.576,3.094,-0.447,3.200,-1.100,activeTracking,noEvent
6382,9,6,rld,15:05:36.571,53983,2.714,3.491,-0.540,1.700,-0.100,activeTracking,noEvent
6382,9,6,rld,15:05:36.636,53984,2.776,3.689,-0.573,0.500,0.000,activeTracking,noEvent
6382,9,6,rld,15:05:36.692,53985,2.845,3.795,-0.585,0.300,0.000,activeTracking,noEvent
6382,9,6,rld,15:05:36.741,53986,2.894,3.830,-0.589,0.000,0.000,activeTracking,noEvent
6382,9,6,rld,15:05:36.899,53987,3.049,3.803,-0.541,-0.300,0.400,activeTracking,noEvent
6382,9,6,rld,15:05:37.140,53988,3.253,3.284,-0.114,-4.000,3.400,activeTracking,noEvent
6382,9,6,rld,15:05:37.232,53989,3.380,2.795,0.188,-2.600,1.400,onTarget,noEvent
6382,9,6,rld,15:05:37.356,53990,3.486,2.502,0.356,-1.100,0.600,activeTracking,noEvent
6382,9,6,rld,15:05:37.437,53991,3.579,2.346,0.422,-0.500,0.100,activeTracking,noEvent
6382,9,6,rld,15:05:37.501,53992,3.646,2.270,0.456,-0.200,0.100,activeTracking,noEvent
6382,9,6,rld,15:05:37.597,53993,3.732,2.186,0.501,-0.500,0.300,activeTracking,noEvent
6382,9,6,rld,15:05:37.656,53994,3.811,2.134,0.527,-0.200,0.100,activeTracking,noEvent
6382,9,6,rld,15:05:37.727,53995,3.880,2.117,0.536,0.000,0.000,activeTracking,noEvent
6382,9,7,rld,15:05:41.767,54058,0.042,-0.203,0.119,0.000,0.000,activeTracking,targetAppeared
6382,9,7,rld,15:05:41.857,54059,0.132,-0.203,0.119,0.000,0.000,activeTracking,noEvent
6382,9,7,rld,15:05:42.015,54060,0.205,-0.203,0.119,0.000,0.000,activeTracking,noEvent
6382,9,7,rld,15:05:42.227,54061,0.494,1.868,-0.060,18.200,-1.600,activeTracking,noEvent
6382,9,7,rld,15:05:42.350,54062,0.603,2.769,-0.121,1.500,0.000,onTarget,noEvent
6382,9,7,rld,15:05:42.395,54063,0.666,3.116,-0.143,0.300,0.000,activeTracking,noEvent
6382,9,7,rld,15:05:42.438,54064,0.712,3.246,-0.150,0.100,0.000,activeTracking,noEvent
6382,9,7,rld,15:05:42.504,54065,0.778,3.302,-0.164,0.100,-0.100,activeTracking,noEvent
6382,9,7,rld,15:05:42.584,54066,0.837,3.320,-0.169,0.000,0.000,activeTracking,noEvent
6382,9,7,rld,15:05:42.657,54067,0.930,3.364,-0.195,0.300,-0.200,activeTracking,noEvent
6382,9,7,rld,15:05:42.756,54068,0.969,3.379,-0.203,0.000,0.000,activeTracking,noEvent
6382,9,7,rld,15:05:42.839,54069,1.096,3.371,-0.206,-0.100,0.000,activeTracking,noEvent
6382,9,7,rld,15:05:42.937,54070,1.176,3.318,-0.195,-0.400,0.100,activeTracking,noEvent
6382,9,7,rld,15:05:43.039,54071,1.291,3.176,-0.155,-1.000,0.300,activeTracking,noEvent
6382,9,7,rld,15:05:43.103,54072,1.365,3.079,-0.130,-0.400,0.100,activeTracking,noEvent
6382,9,7,rld,15:05:43.177,54073,1.443,2.972,-0.098,-0.600,0.200,onTarget,noEvent
6382,9,7,rld,15:05:43.247,54074,1.513,2.913,-0.076,-0.200,0.100,onTarget,noEvent
6382,9,7,rld,15:05:43.291,54075,1.563,2.880,-0.057,-0.100,0.100,onTarget,noEvent
6382,9,7,rld,15:05:43.336,54076,1.605,2.870,-0.050,0.000,0.000,onTarget,noEvent
6382,9,7,rld,15:05:43.405,54077,1.664,2.866,-0.037,0.000,0.100,onTarget,noEvent
6382,9,7,rld,15:05:43.456,54078,1.730,2.865,-0.032,0.000,0.000,onTarget,noEvent
6382,9,7,rld,15:05:43.533,54079,1.805,2.889,-0.030,0.200,0.000,onTarget,noEvent
6382,9,7,rld,15:05:43.593,54080,1.860,2.897,-0.030,0.000,0.000,onTarget,targetClick
6382,9,8,rld,15:05:46.970,54136,1.930,0.422,-0.083,0.000,0.000,waitingForTarget,middleTargetClick
6382,9,8,rld,15:05:47.046,54137,2.010,0.422,-0.083,0.000,0.000,waitingForTarget,noEvent
6382,9,8,rld,15:05:47.091,54138,2.056,0.422,-0.083,0.000,0.000,waitingForTarget,noEvent
6382,9,8,rld,15:05:47.124,54139,2.096,0.422,-0.083,0.000,0.000,waitingForTarget,noEvent
6382,9,8,rld,15:05:47.168,54140,2.129,0.422,-0.083,0.000,0.000,waitingForTarget,noEvent
6382,9,8,rld,15:05:47.210,54141,2.179,0.422,-0.083,0.000,0.000,waitingForTarget,noEvent
6382,9,8,rld,15:05:47.255,54142,2.218,0.422,-0.083,0.000,0.000,waitingForTarget,noEvent
6382,9,8,rld,15:05:47.290,54143,2.263,0.422,-0.083,0.000,0.000,waitingForTarget,noEvent
6382,9,8,rld,15:05:47.338,54144,2.305,0.422,-0.083,0.000,0.000,waitingForTarget,noEvent
6382,9,8,rld,15:05:47.377,54145,2.348,0.422,-0.083,0.000,0.000,waitingForTarget,noEvent
6382,9,8,rld,15:05:47.406,54146,0.029,0.422,-0.083,0.000,0.000,activeTracking,targetAppeared
6382,9,8,rld,15:05:47.449,54147,0.069,0.422,-0.083,0.000,0.000,activeTracking,noEvent
6382,9,8,rld,15:05:47.567,54148,0.184,0.422,-0.083,0.000,0.000,activeTracking,noEvent
6382,9,8,rld,15:05:47.624,54149,0.229,0.422,-0.083,0.000,0.000,activeTracking,noEvent
6382,9,8,rld,15:05:47.759,54150,0.381,0.977,-0.060,4.900,0.200,activeTracking,noEvent
6382,9,8,rld,15:05:47.875,54151,0.483,1.277,-0.053,1.000,0.000,activeTracking,noEvent
6382,9,8,rld,15:05:47.935,54152,0.552,1.412,-0.050,0.300,0.000,activeTracking,noEvent
6382,9,8,rld,15:05:47.991,54153,0.594,1.457,-0.049,0.000,0.000,activeTracking,noEvent
6382,9,8,rld,15:05:48.120,54154,0.717,0.573,0.052,-7.900,0.900,activeTracking,noEvent
6382,9,8,rld,15:05:48.305,54155,0.911,-0.564,0.108,-7.500,0.200,activeTracking,noEvent
6382,9,8,rld,15:05:48.373,54156,0.991,-1.447,0.084,-4.400,-0.400,activeTracking,noEvent
6382,9,8,rld,15:05:48.457,54157,1.068,-1.793,0.076,-0.400,0.000,activeTracking,noEvent
6382,9,8,rld,15:05:48.593,54158,1.194,-2.109,0.063,-1.700,-0.100,activeTracking,noEvent
6382,9,8,rld,15:05:48.671,54159,1.284,-2.286,0.059,-0.600,0.000,activeTracking,noEvent
6382,9,8,rld,15:05:48.735,54160,1.346,-2.369,0.057,-0.200,0.000,onTarget,noEvent
6382,9,8,rld,15:05:48.821,54161,1.433,-2.373,0.068,0.200,0.100,onTarget,noEvent
6382,9,8,rld,15:05:48.913,54162,1.533,-2.327,0.095,0.400,0.200,activeTracking,noEvent
6382,9,8,rld,15:05:48.973,54163,1.590,-2.264,0.104,0.400,0.000,activeTracking,noEvent
6382,9,8,rld,15:05:49.031,54164,1.651,-2.231,0.095,0.100,-0.100,activeTracking,noEvent
6382,9,8,rld,15:05:49.066,54165,1.684,-2.220,0.069,0.000,-0.200,activeTracking,noEvent
6382,9,8,rld,15:05:49.168,54166,1.778,-2.276,0.060,-0.500,0.000,activeTracking,noEvent
6382,9,8,rld,15:05:49.276,54167,1.850,-2.330,0.081,-0.300,0.200,activeTracking,noEvent
6382,9,8,rld,15:05:49.387,54168,1.983,-2.516,0.123,-1.400,0.300,onTarget,noEvent
6382,9,8,rld,15:05:49.474,54169,2.091,-2.638,0.115,-0.500,-0.200,onTarget,noEvent
6382,9,8,rld,15:05:49.555,54170,2.163,-2.740,0.089,-0.500,-0.200,onTarget,noEvent
6382,9,8,rld,15:05:49.615,54171,2.234,-2.811,0.080,-0.300,0.000,onTarget,noEvent
6382,9,8,rld,15:05:49.672,54172,2.284,-2.846,0.077,-0.100,0.000,onTarget,noEvent
6382,9,8,rld,15:05:49.733,54173,2.353,-2.883,0.088,-0.200,0.100,onTarget,noEvent
6382,9,8,rld,15:05:49.784,54174,2.398,-2.895,0.092,0.000,0.000,onTarget,noEvent
6382,9,8,rld,15:05:49.883,54175,2.503,-2.875,0.093,0.200,0.000,onTarget,noEvent
6382,9,8,rld,15:05:49.951,54176,2.550,-2.868,0.093,0.000,0.000,onTarget,noEvent
6382,9,8,rld,15:05:50.005,54177,2.620,-2.865,0.094,0.000,0.000,onTarget,noEvent
6382,9,8,rld,15:05:50.079,54178,2.681,-2.865,0.094,0.000,0.000,onTarget,noEvent
6382,9,8,rld,15:05:50.142,54179,2.762,-2.864,0.094,0.000,0.000,onTarget,noEvent
6382,9,8,rld,15:05:50.207,54180,2.816,-2.864,0.094,0.000,0.000,onTarget,targetClick
6382,9,9,rld,15:05:52.669,54211,2.892,0.152,0.051,0.000,0.000,waitingForTarget,middleTargetClick
6382,9,9,rld,15:05:52.745,54212,2.980,0.208,0.074,0.500,0.200,waitingForTarget,noEvent
6382,9,9,rld,15:05:52.815,54213,3.049,0.227,0.082,0.000,0.000,waitingForTarget,noEvent
6382,9,9,rld,15:05:52.861,54214,3.098,0.233,0.084,0.000,0.000,waitingForTarget,noEvent
6382,9,9,rld,15:05:52.900,54215,3.135,0.235,0.085,0.000,0.000,waitingForTarget,noEvent
6382,9,9,rld,15:05:52.953,54216,3.191,0.236,0.086,0.000,0.000,waitingForTarget,noEvent
6382,9,9,rld,15:05:52.984,54217,3.221,0.236,0.086,0.000,0.000,waitingForTarget,noEvent
6382,9,9,rld,15:05:53.037,54218,3.264,0.236,0.086,0.000,0.000,waitingForTarget,noEvent
6382,9,9,rld,15:05:53.086,54219,3.326,0.236,0.086,0.000,0.000,waitingForTarget,noEvent
6382,9,9,rld,15:05:53.126,54220,0.035,0.236,0.086,0.000,0.000,activeTracking,targetAppeared
6382,9,9,rld,15:05:53.184,54221,0.090,0.236,0.086,0.000,0.000,activeTracking,noEvent
6382,9,9,rld,15:05:53.215,54222,0.123,0.236,0.086,0.000,0.000,activeTracking,noEvent
6382,9,9,rld,15:05:53.266,54223,0.167,0.236,0.086,0.000,0.000,activeTracking,noEvent
6382,9,9,rld,15:05:53.304,54224,0.217,0.236,0.086,0.000,0.000,activeTracking,noEvent
6382,9,9,rld,15:05:53.336,54225,0.249,0.236,0.086,0.000,0.000,activeTracking,noEvent
6382,9,9,rld,15:05:53.380,54226,0.294,0.236,0.086,0.000,0.000,activeTracking,noEvent
6382,9,9,rld,15:05:53.473,54227,0.383,0.236,0.086,0.000,0.000,activeTracking,noEvent
6382,9,9,rld,15:05:53.541,54228,0.450,0.236,0.086,0.000,0.000,activeTracking,failedClick
6382,9,10,rld,15:05:56.496,54273,0.516,-0.152,0.035,0.000,0.000,waitingForTarget,middleTargetClick
6382,9,10,rld,15:05:56.555,54274,0.588,-0.152,0.035,0.000,0.000,waitingForTarget,noEvent
6382,9,10,rld,15:05:56.607,54275,0.639,-0.152,0.035,0.000,0.000,waitingForTarget,noEvent
6382,9,10,rld,15:05:56.662,54276,0.693,-0.152,0.035,0.000,0.000,waitingForTarget,noEvent
6382,9,10,rld,15:05:56.708,54277,0.738,-0.152,0.035,0.000,0.000,waitingForTarget,noEvent
6382,9,10,rld,15:05:56.753,54278,0.776,-0.152,0.035,0.000,0.000,waitingForTarget,noEvent
6382,9,10,rld,15:05:56.791,54279,0.811,-0.152,0.035,0.000,0.000,waitingForTarget,noEvent
6382,9,10,rld,15:05:56.867,54280,0.897,-0.152,0.035,0.000,0.000,waitingForTarget,noEvent
6382,9,10,rld,15:05:56.905,54281,0.934,-0.152,0.035,0.000,0.000,waitingForTarget,noEvent
6382,9,10,rld,15:05:56.949,54282,0.038,-0.152,0.035,0.000,0.000,activeTracking,targetAppeared
6382,9,10,rld,15:05:57.009,54283,0.107,-0.152,0.035,0.000,0.000,activeTracking,noEvent
6382,9,10,rld,15:05:57.052,54284,0.146,-0.152,0.035,0.000,0.000,activeTracking,noEvent
6382,9,10,rld,15:05:57.102,54285,0.186,-0.152,0.035,0.000,0.000,activeTracking,noEvent
6382,9,10,rld,15:05:57.148,54286,0.234,-0.152,0.035,0.000,0.000,activeTracking,noEvent
6382,9,10,rld,15:05:57.187,54287,0.274,-0.152,0.035,0.000,0.000,activeTracking,noEvent
6382,9,10,rld,15:05:57.233,54288,0.322,-0.152,0.035,0.000,0.000,activeTracking,noEvent
6382,9,10,rld,15:05:57.274,54289,0.367,-0.152,0.035,0.000,0.000,activeTracking,noEvent
6382,9,10,rld,15:05:57.324,54290,0.423,-0.152,0.035,0.000,0.000,activeTracking,noEvent
6382,9,10,rld,15:05:57.366,54291,0.464,-0.152,0.035,0.000,0.000,activeTracking,noEvent
6382,9,10,rld,15:05:57.415,54292,0.507,-0.152,0.035,0.000,0.000,activeTracking,noEvent
6382,9,10,rld,15:05:57.456,54293,0.555,-0.152,0.035,0.000,0.000,activeTracking,noEvent
6382,9,10,rld,15:05:57.495,54294,0.584,-0.152,0.035,0.000,0.000,activeTracking,noEvent
6382,9,10,rld,15:05:57.536,54295,0.634,-0.152,0.035,0.000,0.000,activeTracking,noEvent
6382,9,10,rld,15:05:57.576,54296,0.667,-0.152,0.035,0.000,0.000,activeTracking,noEvent
6382,9,10,rld,15:05:57.607,54297,0.706,-0.152,0.035,0.000,0.000,activeTracking,noEvent
6382,9,10,rld,15:05:57.647,54298,0.737,-0.152,0.035,0.000,0.000,activeTracking,noEvent
6382,9,10,rld,15:05:57.696,54299,0.791,-0.152,0.035,0.000,0.000,activeTracking,noEvent
6382,9,10,rld,15:05:57.754,54300,0.848,-0.152,0.035,0.000,0.000,activeTracking,noEvent
6382,9,10,rld,15:05:57.930,54301,0.997,-1.388,0.184,-10.900,1.300,activeTracking,noEvent
6382,9,10,rld,15:05:58.074,54302,1.136,-2.065,0.261,-2.200,0.200,activeTracking,noEvent
6382,9,10,rld,15:05:58.129,54303,1.223,-2.414,0.288,-1.000,0.000,activeTracking,noEvent
6382,9,10,rld,15:05:58.276,54304,1.357,-2.677,0.299,-1.200,0.000,onTarget,noEvent
6382,9,10,rld,15:05:58.355,54305,1.449,-2.838,0.303,-0.600,0.000,onTarget,noEvent
6382,9,10,rld,15:05:58.417,54306,1.511,-2.905,0.305,-0.100,0.000,activeTracking,noEvent
6382,9,10,rld,15:05:58.476,54307,1.572,-2.927,0.306,0.000,0.000,activeTracking,noEvent
6382,9,10,rld,15:05:58.526,54308,1.616,-2.934,0.306,0.000,0.000,activeTracking,noEvent
6382,9,10,rld,15:05:58.583,54309,1.667,-2.937,0.306,0.000,0.000,activeTracking,noEvent
6382,9,10,rld,15:05:58.646,54310,1.739,-2.913,0.282,0.200,-0.200,onTarget,noEvent
6382,9,10,rld,15:05:58.686,54311,1.779,-2.893,0.274,0.100,0.000,onTarget,noEvent
6382,9,10,rld,15:05:58.749,54312,1.839,-2.862,0.271,0.200,0.000,onTarget,noEvent
6382,9,10,rld,15:05:58.839,54313,1.931,-2.827,0.270,0.200,0.000,onTarget,noEvent
6382,9,10,rld,15:05:58.884,54314,1.982,-2.803,0.269,0.100,0.000,onTarget,noEvent
6382,9,10,rld,15:05:58.948,54315,2.038,-2.783,0.269,0.100,0.000,onTarget,noEvent
6382,9,10,rld,15:05:59.005,54316,2.098,-2.764,0.257,0.100,-0.100,onTarget,noEvent
6382,9,10,rld,15:05:59.057,54317,2.154,-2.758,0.253,0.000,0.000,onTarget,noEvent
6382,9,10,rld,15:05:59.098,54318,2.196,-2.756,0.252,0.000,0.000,onTarget,noEvent
6382,9,10,rld,15:05:59.170,54319,2.256,-2.755,0.240,0.000,-0.100,onTarget,noEvent
6382,9,10,rld,15:05:59.216,54320,2.313,-2.755,0.224,0.000,-0.100,onTarget,noEvent
6382,9,10,rld,15:05:59.266,54321,2.363,-2.755,0.207,0.000,-0.100,onTarget,noEvent
6382,9,10,rld,15:05:59.323,54322,2.422,-2.755,0.201,0.000,0.000,onTarget,noEvent
6382,9,10,rld,15:05:59.359,54323,2.456,-2.755,0.199,0.000,0.000,onTarget,noEvent
6382,9,10,rld,15:05:59.416,54324,2.509,-2.755,0.199,0.000,0.000,onTarget,noEvent
6382,9,10,rld,15:05:59.481,54325,2.567,-2.755,0.199,0.000,0.000,onTarget,targetClick
6382,9,11,rld,15:06:01.315,54352,2.645,-0.304,-0.016,0.000,0.000,waitingForTarget,middleTargetClick
6382,9,11,rld,15:06:01.357,54353,2.691,-0.304,-0.016,0.000,0.000,waitingForTarget,noEvent
6382,9,11,rld,15:06:01.421,54354,2.747,-0.304,-0.016,0.000,0.000,waitingForTarget,noEvent
6382,9,11,rld,15:06:01.470,54355,2.799,-0.304,-0.016,0.000,0.000,waitingForTarget,noEvent
6382,9,11,rld,15:06:01.513,54356,2.847,-0.304,-0.016,0.000,0.000,waitingForTarget,noEvent
6382,9,11,rld,15:06:01.535,54357,2.875,-0.304,-0.016,0.000,0.000,waitingForTarget,noEvent
6382,9,11,rld,15:06:01.586,54358,2.915,-0.304,-0.016,0.000,0.000,waitingForTarget,noEvent
6382,9,11,rld,15:06:01.636,54359,2.966,-0.304,-0.016,0.000,0.000,waitingForTarget,noEvent
6382,9,11,rld,15:06:01.669,54360,3.005,-0.304,-0.016,0.000,0.000,waitingForTarget,noEvent
6382,9,11,rld,15:06:01.721,54361,3.048,-0.304,-0.016,0.000,0.000,waitingForTarget,noEvent
6382,9,11,rld,15:06:01.772,54362,0.056,-0.304,-0.016,0.000,0.000,activeTracking,targetAppeared
6382,9,11,rld,15:06:01.837,54363,0.128,-0.304,-0.016,0.000,0.000,activeTracking,noEvent
6382,9,11,rld,15:06:01.885,54364,0.165,-0.304,-0.016,0.000,0.000,activeTracking,noEvent
6382,9,11,rld,15:06:01.921,54365,0.211,-0.304,-0.016,0.000,0.000,activeTracking,noEvent
6382,9,11,rld,15:06:01.969,54366,0.261,-0.304,-0.016,0.000,0.000,activeTracking,noEvent
6382,9,11,rld,15:06:02.016,54367,0.296,-0.304,-0.016,0.000,0.000,activeTracking,noEvent
6382,9,11,rld,15:06:02.053,54368,0.345,-0.304,-0.016,0.000,0.000,activeTracking,noEvent
6382,9,11,rld,15:06:02.136,54369,0.419,-0.304,-0.016,0.000,0.000,activeTracking,noEvent
6382,9,11,rld,15:06:02.156,54370,0.448,-0.304,-0.016,0.000,0.000,activeTracking,noEvent
6382,9,11,rld,15:06:02.204,54371,0.493,-0.304,-0.016,0.000,0.000,activeTracking,noEvent
6382,9,11,rld,15:06:02.246,54372,0.535,-0.304,-0.016,0.000,0.000,activeTracking,noEvent
6382,9,11,rld,15:06:02.295,54373,0.579,-0.304,-0.016,0.000,0.000,activeTracking,noEvent
6382,9,11,rld,15:06:02.369,54374,0.660,-0.304,-0.016,0.000,0.000,activeTracking,noEvent
6382,9,11,rld,15:06:02.505,54375,0.784,-1.130,0.008,-7.300,0.200,activeTracking,noEvent
6382,9,11,rld,15:06:02.639,54376,0.927,-1.721,0.016,-2.700,0.000,activeTracking,noEvent
6382,9,11,rld,15:06:02.732,54377,1.019,-2.072,0.020,-1.300,0.000,activeTracking,noEvent
6382,9,11,rld,15:06:02.795,54378,1.076,-2.286,0.021,-0.800,0.000,activeTracking,noEvent
6382,9,11,rld,15:06:02.987,54379,1.179,-2.465,0.045,-0.900,0.200,onTarget,noEvent
6382,9,11,rld,15:06:03.052,54380,1.329,-2.549,0.076,-0.200,0.200,onTarget,noEvent
6382,9,11,rld,15:06:03.095,54381,1.386,-2.577,0.099,0.000,0.100,onTarget,noEvent
6382,9,11,rld,15:06:03.145,54382,1.430,-2.586,0.106,0.000,0.000,onTarget,noEvent
6382,9,11,rld,15:06:03.205,54383,1.479,-2.602,0.109,-0.100,0.000,onTarget,noEvent
6382,9,11,rld,15:06:03.285,54384,1.576,-2.643,0.110,-0.300,0.000,onTarget,noEvent
6382,9,11,rld,15:06:03.333,54385,1.619,-2.657,0.110,0.000,0.000,onTarget,noEvent
6382,9,11,rld,15:06:03.413,54386,1.692,-2.673,0.122,-0.100,0.100,onTarget,noEvent
6382,9,11,rld,15:06:03.456,54387,1.748,-2.679,0.126,0.000,0.000,onTarget,noEvent
6382,9,11,rld,15:06:03.527,54388,1.818,-2.681,0.127,0.000,0.000,onTarget,noEvent
6382,9,11,rld,15:06:03.576,54389,1.867,-2.669,0.127,0.100,0.000,onTarget,noEvent
6382,9,11,rld,15:06:03.656,54390,1.945,-2.665,0.128,0.000,0.000,onTarget,targetClick
6382,9,12,rld,15:06:06.075,54428,1.999,0.169,0.202,0.000,0.000,waitingForTarget,middleTargetClick
6382,9,12,rld,15:06:06.133,54429,2.059,0.169,0.203,0.000,0.000,waitingForTarget,noEvent
6382,9,12,rld,15:06:06.188,54430,2.125,0.169,0.204,0.000,0.000,waitingForTarget,noEvent
6382,9,12,rld,15:06:06.221,54431,2.157,0.169,0.204,0.000,0.000,waitingForTarget,noEvent
6382,9,12,rld,15:06:06.257,54432,2.195,0.169,0.204,0.000,0.000,waitingForTarget,noEvent
6382,9,12,rld,15:06:06.302,54433,2.235,0.169,0.204,0.000,0.000,waitingForTarget,noEvent
6382,9,12,rld,15:06:06.346,54434,2.277,0.169,0.204,0.000,0.000,waitingForTarget,noEvent
6382,9,12,rld,15:06:06.383,54435,2.315,0.169,0.204,0.000,0.000,waitingForTarget,noEvent
6382,9,12,rld,15:06:06.417,54436,2.347,0.169,0.204,0.000,0.000,waitingForTarget,noEvent
6382,9,12,rld,15:06:06.445,54437,2.383,0.169,0.204,0.000,0.000,waitingForTarget,noEvent
6382,9,12,rld,15:06:06.515,54438,2.447,0.169,0.204,0.000,0.000,waitingForTarget,noEvent
6382,9,12,rld,15:06:06.556,54439,0.038,0.169,0.204,0.000,0.000,activeTracking,targetAppeared
6382,9,12,rld,15:06:06.595,54440,0.087,0.169,0.204,0.000,0.000,activeTracking,noEvent
6382,9,12,rld,15:06:06.635,54441,0.129,0.169,0.204,0.000,0.000,activeTracking,noEvent
6382,9,12,rld,15:06:06.667,54442,0.157,0.169,0.204,0.000,0.000,activeTracking,noEvent
6382,9,12,rld,15:06:06.705,54443,0.191,0.169,0.204,0.000,0.000,activeTracking,noEvent
6382,9,12,rld,15:06:06.741,54444,0.233,0.169,0.204,0.000,0.000,activeTracking,noEvent
6382,9,12,rld,15:06:06.775,54445,0.268,0.169,0.204,0.000,0.000,activeTracking,noEvent
6382,9,12,rld,15:06:06.867,54446,0.351,0.169,0.204,0.000,0.000,activeTracking,noEvent
6382,9,12,rld,15:06:06.907,54447,0.397,0.169,0.204,0.000,0.000,activeTracking,noEvent
6382,9,12,rld,15:06:06.949,54448,0.442,0.169,0.204,0.000,0.000,activeTracking,noEvent
6382,9,12,rld,15:06:07.002,54449,0.481,0.169,0.204,0.000,0.000,activeTracking,noEvent
6382,9,12,rld,15:06:07.035,54450,0.529,0.169,0.204,0.000,0.000,activeTracking,noEvent
6382,9,12,rld,15:06:07.074,54451,0.567,0.169,0.204,0.000,0.000,activeTracking,noEvent
6382,9,12,rld,15:06:07.145,54452,0.631,0.169,0.204,0.000,0.000,activeTracking,noEvent
6382,9,12,rld,15:06:07.328,54453,0.790,-1.416,0.561,-14.000,3.100,activeTracking,noEvent
6382,9,12,rld,15:06:07.474,54454,0.954,-2.158,0.655,-1.700,-0.300,activeTracking,noEvent
6382,9,12,rld,15:06:07.550,54455,1.028,-2.686,0.634,-2.300,-0.500,activeTracking,noEvent
6382,9,12,rld,15:06:07.606,54456,1.096,-2.903,0.617,-0.300,-0.100,activeTracking,noEvent
6382,9,12,rld,15:06:07.699,54457,1.191,-2.975,0.611,0.000,0.000,activeTracking,noEvent
6382,9,12,rld,15:06:07.746,54458,1.233,-3.000,0.597,0.000,-0.100,activeTracking,noEvent
6382,9,12,rld,15:06:07.786,54459,1.270,-3.008,0.593,0.000,0.000,activeTracking,noEvent
6382,9,12,rld,15:06:07.904,54460,1.387,-2.986,0.543,0.200,-0.400,activeTracking,noEvent
6382,9,12,rld,15:06:07.988,54461,1.471,-2.942,0.491,0.300,-0.300,activeTracking,noEvent
6382,9,12,rld,15:06:08.054,54462,1.547,-2.878,0.449,0.400,-0.200,activeTracking,noEvent
6382,9,12,rld,15:06:08.206,54463,1.677,-2.723,0.340,1.100,-0.800,onTarget,noEvent
6382,9,12,rld,15:06:08.274,54464,1.751,-2.599,0.256,0.600,-0.400,onTarget,noEvent
6382,9,12,rld,15:06:08.337,54465,1.820,-2.533,0.216,0.200,-0.100,onTarget,noEvent
6382,9,12,rld,15:06:08.390,54466,1.879,-2.512,0.180,0.000,-0.200,onTarget,noEvent
6382,9,12,rld,15:06:08.448,54467,1.940,-2.516,0.156,-0.100,-0.100,onTarget,noEvent
6382,9,12,rld,15:06:08.497,54468,1.988,-2.518,0.125,0.000,-0.200,onTarget,noEvent
6382,9,12,rld,15:06:08.554,54469,2.044,-2.531,0.103,-0.100,-0.100,onTarget,noEvent
6382,9,12,rld,15:06:08.628,54470,2.109,-2.547,0.084,-0.100,-0.100,onTarget,noEvent
6382,9,12,rld,15:06:08.715,54471,2.191,-2.576,0.043,-0.200,-0.300,onTarget,noEvent
6382,9,12,rld,15:06:08.766,54472,2.250,-2.610,0.029,-0.200,0.000,onTarget,noEvent
6382,9,12,rld,15:06:08.880,54473,2.361,-2.634,0.025,-0.100,0.000,onTarget,noEvent
6382,9,12,rld,15:06:08.978,54474,2.460,-2.641,0.023,0.000,0.000,onTarget,targetClick
6382,9,13,rld,15:06:11.105,54505,2.521,0.268,0.068,0.000,0.000,waitingForTarget,middleTargetClick
6382,9,13,rld,15:06:11.183,54506,2.604,0.292,0.069,0.200,0.000,waitingForTarget,noEvent
6382,9,13,rld,15:06:11.230,54507,2.654,0.300,0.069,0.000,0.000,waitingForTarget,noEvent
6382,9,13,rld,15:06:11.256,54508,2.685,0.303,0.069,0.000,0.000,waitingForTarget,noEvent
6382,9,13,rld,15:06:11.305,54509,2.729,0.303,0.069,0.000,0.000,waitingForTarget,noEvent
6382,9,13,rld,15:06:11.353,54510,2.778,0.304,0.069,0.000,0.000,waitingForTarget,noEvent
6382,9,13,rld,15:06:11.384,54511,2.812,0.304,0.069,0.000,0.000,waitingForTarget,noEvent
6382,9,13,rld,15:06:11.436,54512,2.854,0.304,0.069,0.000,0.000,waitingForTarget,noEvent
6382,9,13,rld,15:06:11.482,54513,2.903,0.304,0.069,0.000,0.000,waitingForTarget,noEvent
6382,9,13,rld,15:06:11.516,54514,2.945,0.304,0.069,0.000,0.000,waitingForTarget,noEvent
6382,9,13,rld,15:06:11.564,54515,0.043,0.304,0.069,0.000,0.000,activeTracking,targetAppeared
6382,9,13,rld,15:06:11.595,54516,0.076,0.304,0.069,0.000,0.000,activeTracking,noEvent
6382,9,13,rld,15:06:11.651,54517,0.133,0.304,0.069,0.000,0.000,activeTracking,noEvent
6382,9,13,rld,15:06:11.689,54518,0.171,0.304,0.069,0.000,0.000,activeTracking,noEvent
6382,9,13,rld,15:06:11.746,54519,0.222,0.304,0.069,0.000,0.000,activeTracking,noEvent
6382,9,13,rld,15:06:11.775,54520,0.260,0.304,0.069,0.000,0.000,activeTracking,noEvent
6382,9,13,rld,15:06:11.869,54521,0.349,0.304,0.069,0.000,0.000,activeTracking,noEvent
6382,9,13,rld,15:06:11.904,54522,0.387,0.304,0.069,0.000,0.000,activeTracking,noEvent
6382,9,13,rld,15:06:11.945,54523,0.422,0.304,0.069,0.000,0.000,activeTracking,noEvent
6382,9,13,rld,15:06:11.988,54524,0.462,0.304,0.069,0.000,0.000,activeTracking,noEvent
6382,9,13,rld,15:06:12.031,54525,0.506,0.304,0.069,0.000,0.000,activeTracking,noEvent
6382,9,13,rld,15:06:12.079,54526,0.553,0.304,0.069,0.000,0.000,activeTracking,noEvent
6382,9,13,rld,15:06:12.117,54527,0.592,0.304,0.069,0.000,0.000,activeTracking,noEvent
6382,9,13,rld,15:06:12.164,54528,0.638,0.304,0.069,0.000,0.000,activeTracking,noEvent
6382,9,13,rld,15:06:12.203,54529,0.673,0.304,0.069,0.000,0.000,activeTracking,noEvent
6382,9,13,rld,15:06:12.264,54530,0.742,0.304,0.069,0.000,0.000,activeTracking,noEvent
6382,9,13,rld,15:06:12.324,54531,0.801,0.304,0.069,0.000,0.000,activeTracking,noEvent
6382,9,13,rld,15:06:12.486,54532,0.942,1.740,0.266,12.600,1.700,activeTracking,noEvent
6382,9,13,rld,15:06:12.615,54533,1.078,2.387,0.383,1.300,0.400,activeTracking,noEvent
6382,9,13,rld,15:06:12.711,54534,1.192,2.765,0.449,1.300,0.200,activeTracking,noEvent
6382,9,13,rld,15:06:12.785,54535,1.269,2.929,0.472,0.300,0.000,activeTracking,noEvent
6382,9,13,rld,15:06:12.907,54536,1.391,3.096,0.529,0.900,0.400,activeTracking,noEvent
6382,9,13,rld,15:06:12.951,54537,1.434,3.164,0.549,0.100,0.000,activeTracking,noEvent
6382,9,13,rld,15:06:13.004,54538,1.488,3.187,0.555,0.000,0.000,activeTracking,noEvent
6382,9,13,rld,15:06:13.056,54539,1.539,3.194,0.546,0.000,-0.100,activeTracking,noEvent
6382,9,13,rld,15:06:13.137,54540,1.603,3.159,0.506,-0.300,-0.300,activeTracking,noEvent
6382,9,13,rld,15:06:13.232,54541,1.692,3.098,0.445,-0.400,-0.400,activeTracking,noEvent
6382,9,13,rld,15:06:13.301,54542,1.785,3.053,0.376,-0.200,-0.400,activeTracking,noEvent
6382,9,13,rld,15:06:13.351,54543,1.835,3.038,0.342,0.000,-0.100,activeTracking,noEvent
6382,9,13,rld,15:06:13.413,54544,1.892,3.033,0.307,0.000,-0.200,activeTracking,noEvent
6382,9,13,rld,15:06:13.487,54545,1.956,3.019,0.283,-0.100,-0.100,activeTracking,noEvent
6382,9,13,rld,15:06:13.548,54546,2.022,3.014,0.252,0.000,-0.200,activeTracking,noEvent
6382,9,13,rld,15:06:13.635,54547,2.116,3.013,0.241,0.000,0.000,activeTracking,noEvent
6382,9,13,rld,15:06:13.674,54548,2.154,3.012,0.238,0.000,0.000,activeTracking,noEvent
6382,9,13,rld,15:06:13.724,54549,2.203,3.012,0.237,0.000,0.000,activeTracking,noEvent
6382,9,13,rld,15:06:13.865,54550,2.334,3.012,0.213,0.000,-0.200,activeTracking,noEvent
6382,9,13,rld,15:06:13.916,54551,2.398,3.012,0.193,0.000,-0.100,activeTracking,noEvent
6382,9,13,rld,15:06:13.964,54552,2.437,3.012,0.186,0.000,0.000,onTarget,noEvent
6382,9,13,rld,15:06:14.018,54553,2.489,3.012,0.184,0.000,0.000,onTarget,noEvent
6382,9,13,rld,15:06:14.090,54554,2.559,3.000,0.183,-0.100,0.000,onTarget,noEvent
6382,9,13,rld,15:06:14.155,54555,2.638,2.983,0.183,-0.100,0.000,onTarget,noEvent
6382,9,13,rld,15:06:14.227,54556,2.709,2.953,0.171,-0.200,-0.100,onTarget,noEvent
6382,9,13,rld,15:06:14.286,54557,2.757,2.931,0.167,-0.100,0.000,onTarget,noEvent
6382,9,13,rld,15:06:14.331,54558,2.811,2.923,0.165,0.000,0.000,onTarget,noEvent
6382,9,13,rld,15:06:14.397,54559,2.857,2.921,0.165,0.000,0.000,onTarget,noEvent
6382,9,13,rld,15:06:14.441,54560,2.920,2.908,0.153,-0.100,-0.100,onTarget,noEvent
6382,9,13,rld,15:06:14.498,54561,2.969,2.903,0.149,0.000,0.000,onTarget,noEvent
6382,9,13,rld,15:06:14.548,54562,3.020,2.902,0.147,0.000,0.000,onTarget,noEvent
6382,9,13,rld,15:06:14.623,54563,3.092,2.901,0.147,0.000,0.000,onTarget,noEvent
6382,9,13,rld,15:06:14.696,54564,3.169,2.901,0.147,0.000,0.000,onTarget,noEvent
6382,9,13,rld,15:06:14.757,54565,3.232,2.901,0.147,0.000,0.000,onTarget,targetClick
6382,9,14,rld,15:06:18.147,54623,3.290,0.154,0.103,0.000,0.000,waitingForTarget,middleTargetClick
6382,9,14,rld,15:06:18.215,54624,3.360,0.153,0.103,0.000,0.000,waitingForTarget,noEvent
6382,9,14,rld,15:06:18.267,54625,3.424,0.152,0.103,0.000,0.000,waitingForTarget,noEvent
6382,9,14,rld,15:06:18.306,54626,3.457,0.152,0.103,0.000,0.000,waitingForTarget,noEvent
6382,9,14,rld,15:06:18.351,54627,3.496,0.152,0.103,0.000,0.000,waitingForTarget,noEvent
6382,9,14,rld,15:06:18.392,54628,3.543,0.152,0.103,0.000,0.000,waitingForTarget,noEvent
6382,9,14,rld,15:06:18.455,54629,3.612,0.152,0.103,0.000,0.000,waitingForTarget,noEvent
6382,9,14,rld,15:06:18.494,54630,3.651,0.152,0.103,0.000,0.000,waitingForTarget,noEvent
6382,9,14,rld,15:06:18.571,54631,3.726,0.152,0.103,0.000,0.000,waitingForTarget,noEvent
6382,9,14,rld,15:06:18.615,54632,0.041,0.152,0.103,0.000,0.000,activeTracking,targetAppeared
6382,9,14,rld,15:06:18.666,54633,0.086,0.152,0.103,0.000,0.000,activeTracking,noEvent
6382,9,14,rld,15:06:18.705,54634,0.136,0.152,0.103,0.000,0.000,activeTracking,noEvent
6382,9,14,rld,15:06:18.737,54635,0.168,0.152,0.103,0.000,0.000,activeTracking,noEvent
6382,9,14,rld,15:06:18.787,54636,0.208,0.152,0.103,0.000,0.000,activeTracking,noEvent
6382,9,14,rld,15:06:18.833,54637,0.263,0.152,0.103,0.000,0.000,activeTracking,noEvent
6382,9,14,rld,15:06:18.884,54638,0.302,0.152,0.103,0.000,0.000,activeTracking,noEvent
6382,9,14,rld,15:06:18.925,54639,0.349,0.152,0.103,0.000,0.000,activeTracking,noEvent
6382,9,14,rld,15:06:18.972,54640,0.396,0.152,0.103,0.000,0.000,activeTracking,noEvent
6382,9,14,rld,15:06:19.013,54641,0.437,0.152,0.103,0.000,0.000,activeTracking,noEvent
6382,9,14,rld,15:06:19.039,54642,0.471,0.152,0.103,0.000,0.000,activeTracking,noEvent
6382,9,14,rld,15:06:19.087,54643,0.509,0.152,0.103,0.000,0.000,activeTracking,noEvent
6382,9,14,rld,15:06:19.132,54644,0.558,0.152,0.103,0.000,0.000,activeTracking,noEvent
6382,9,14,rld,15:06:19.165,54645,0.598,0.152,0.103,0.000,0.000,activeTracking,noEvent
6382,9,14,rld,15:06:19.214,54646,0.641,0.152,0.103,0.000,0.000,activeTracking,noEvent
6382,9,14,rld,15:06:19.256,54647,0.687,0.152,0.103,0.000,0.000,activeTracking,noEvent
6382,9,14,rld,15:06:19.304,54648,0.734,0.152,0.103,0.000,0.000,activeTracking,noEvent
6382,9,14,rld,15:06:19.354,54649,0.776,0.152,0.103,0.000,0.000,activeTracking,noEvent
6382,9,14,rld,15:06:19.412,54650,0.824,0.152,0.103,0.000,0.000,activeTracking,noEvent
6382,9,14,rld,15:06:19.664,54651,1.041,-1.353,0.105,-13.300,0.000,activeTracking,noEvent
6382,9,14,rld,15:06:19.844,54652,1.256,-2.314,0.155,-3.800,0.400,activeTracking,noEvent
6382,9,14,rld,15:06:19.923,54653,1.340,-2.764,0.173,-1.000,0.000,onTarget,noEvent
6382,9,14,rld,15:06:20.015,54654,1.420,-2.978,0.192,-0.500,0.100,onTarget,noEvent
6382,9,14,rld,15:06:20.157,54655,1.557,-3.149,0.199,-0.800,0.000,activeTracking,noEvent
6382,9,14,rld,15:06:20.221,54656,1.640,-3.207,0.225,0.000,0.200,activeTracking,noEvent
6382,9,14,rld,15:06:20.257,54657,1.687,-3.226,0.234,0.000,0.000,activeTracking,noEvent
6382,9,14,rld,15:06:20.313,54658,1.737,-3.232,0.237,0.000,0.000,activeTracking,noEvent
6382,9,14,rld,15:06:20.384,54659,1.803,-3.222,0.238,0.100,0.000,activeTracking,noEvent
6382,9,14,rld,15:06:20.505,54660,1.920,-3.119,0.213,0.800,-0.200,activeTracking,noEvent
6382,9,14,rld,15:06:20.572,54661,1.998,-2.961,0.122,1.000,-0.700,onTarget,noEvent
6382,9,14,rld,15:06:20.631,54662,2.056,-2.884,0.068,0.200,-0.200,onTarget,noEvent
6382,9,14,rld,15:06:20.734,54663,2.163,-2.834,0.014,0.200,-0.300,onTarget,noEvent
6382,9,14,rld,15:06:20.816,54664,2.230,-2.781,-0.015,0.300,-0.100,onTarget,noEvent
6382,9,14,rld,15:06:20.913,54665,2.334,-2.751,-0.037,0.100,-0.100,onTarget,noEvent
6382,9,14,rld,15:06:20.968,54666,2.390,-2.729,-0.044,0.100,0.000,onTarget,noEvent
6382,9,14,rld,15:06:21.020,54667,2.440,-2.722,-0.046,0.000,0.000,onTarget,noEvent
6382,9,14,rld,15:06:21.071,54668,2.489,-2.719,-0.047,0.000,0.000,onTarget,noEvent
6382,9,14,rld,15:06:21.134,54669,2.554,-2.718,-0.059,0.000,-0.100,onTarget,noEvent
6382,9,14,rld,15:06:21.198,54670,2.616,-2.730,-0.075,-0.100,-0.100,onTarget,noEvent
6382,9,14,rld,15:06:21.257,54671,2.688,-2.734,-0.080,0.000,0.000,onTarget,targetClick
6382,9,15,rld,15:06:24.149,54715,2.767,0.017,0.052,0.000,0.000,waitingForTarget,middleTargetClick
6382,9,15,rld,15:06:24.187,54716,2.817,0.017,0.052,0.000,0.000,waitingForTarget,noEvent
6382,9,15,rld,15:06:24.256,54717,2.873,0.017,0.052,0.000,0.000,waitingForTarget,noEvent
6382,9,15,rld,15:06:24.363,54718,2.984,0.017,0.052,0.000,0.000,waitingForTarget,noEvent
6382,9,15,rld,15:06:24.389,54719,3.016,0.017,0.052,0.000,0.000,waitingForTarget,noEvent
6382,9,15,rld,15:06:24.437,54720,3.056,0.017,0.052,0.000,0.000,waitingForTarget,noEvent
6382,9,15,rld,15:06:24.473,54721,3.103,0.017,0.052,0.000,0.000,waitingForTarget,noEvent
6382,9,15,rld,15:06:24.533,54722,3.147,0.017,0.052,0.000,0.000,waitingForTarget,noEvent
6382,9,15,rld,15:06:24.570,54723,3.188,0.017,0.052,0.000,0.000,waitingForTarget,noEvent
6382,9,15,rld,15:06:24.621,54724,0.058,0.017,0.052,0.000,0.000,activeTracking,targetAppeared
6382,9,15,rld,15:06:24.673,54725,0.110,0.017,0.052,0.000,0.000,activeTracking,noEvent
6382,9,15,rld,15:06:24.714,54726,0.156,0.017,0.052,0.000,0.000,activeTracking,noEvent
6382,9,15,rld,15:06:24.766,54727,0.196,0.017,0.052,0.000,0.000,activeTracking,noEvent
6382,9,15,rld,15:06:24.825,54728,0.267,0.017,0.052,0.000,0.000,activeTracking,noEvent
6382,9,15,rld,15:06:24.873,54729,0.311,0.017,0.052,0.000,0.000,activeTracking,noEvent
6382,9,15,rld,15:06:24.913,54730,0.348,0.017,0.052,0.000,0.000,activeTracking,noEvent
6382,9,15,rld,15:06:24.966,54731,0.408,0.017,0.052,0.000,0.000,activeTracking,noEvent
6382,9,15,rld,15:06:25.014,54732,0.451,0.017,0.052,0.000,0.000,activeTracking,noEvent
6382,9,15,rld,15:06:25.064,54733,0.495,0.017,0.052,0.000,0.000,activeTracking,noEvent
6382,9,15,rld,15:06:25.104,54734,0.530,0.017,0.052,0.000,0.000,activeTracking,noEvent
6382,9,15,rld,15:06:25.157,54735,0.588,0.017,0.052,0.000,0.000,activeTracking,noEvent
6382,9,15,rld,15:06:25.213,54736,0.649,0.017,0.052,0.000,0.000,activeTracking,noEvent
6382,9,15,rld,15:06:25.368,54737,0.775,1.011,0.064,8.800,0.100,activeTracking,noEvent
6382,9,15,rld,15:06:25.472,54738,0.900,1.495,0.046,1.300,-0.200,activeTracking,noEvent
6382,9,15,rld,15:06:25.567,54739,1.000,1.879,0.018,1.900,-0.200,activeTracking,noEvent
6382,9,15,rld,15:06:25.731,54740,1.141,2.232,0.009,1.900,0.000,activeTracking,noEvent
6382,9,15,rld,15:06:25.867,54741,1.282,2.555,0.006,1.700,0.000,onTarget,noEvent
6382,9,15,rld,15:06:25.949,54742,1.387,2.700,-0.006,0.300,-0.100,onTarget,noEvent
6382,9,15,rld,15:06:26.004,54743,1.441,2.761,-0.022,0.100,-0.100,onTarget,noEvent
6382,9,15,rld,15:06:26.071,54744,1.499,2.793,-0.027,0.100,0.000,onTarget,noEvent
6382,9,15,rld,15:06:26.145,54745,1.578,2.853,-0.029,0.400,0.000,onTarget,noEvent
6382,9,15,rld,15:06:26.206,54746,1.641,2.910,-0.029,0.300,0.000,onTarget,noEvent
6382,9,15,rld,15:06:26.306,54747,1.747,3.015,-0.029,0.700,0.000,onTarget,noEvent
6382,9,15,rld,15:06:26.354,54748,1.795,3.062,-0.029,0.100,0.000,onTarget,noEvent
6382,9,15,rld,15:06:26.401,54749,1.840,3.078,-0.029,0.000,0.000,activeTracking,noEvent
6382,9,15,rld,15:06:26.443,54750,1.881,3.083,-0.029,0.000,0.000,activeTracking,noEvent
6382,9,15,rld,15:06:26.501,54751,1.931,3.073,-0.029,-0.100,0.000,activeTracking,noEvent
6382,9,15,rld,15:06:26.566,54752,2.004,3.032,-0.029,-0.300,0.000,onTarget,noEvent
6382,9,15,rld,15:06:26.724,54753,2.139,2.982,-0.029,-0.300,0.000,onTarget,noEvent
6382,9,15,rld,15:06:26.808,54754,2.250,2.879,-0.041,-0.700,-0.100,onTarget,noEvent
6382,9,15,rld,15:06:26.901,54755,2.315,2.820,-0.045,-0.200,0.000,onTarget,noEvent
6382,9,15,rld,15:06:26.979,54756,2.405,2.764,-0.047,-0.300,0.000,onTarget,noEvent
6382,9,15,rld,15:06:27.041,54757,2.471,2.721,-0.047,-0.200,0.000,onTarget,noEvent
6382,9,15,rld,15:06:27.103,54758,2.542,2.695,-0.047,-0.100,0.000,onTarget,noEvent
6382,9,15,rld,15:06:27.184,54759,2.619,2.686,-0.047,0.000,0.000,onTarget,noEvent
6382,9,15,rld,15:06:27.251,54760,2.680,2.683,-0.047,0.000,0.000,onTarget,noEvent
6382,9,15,rld,15:06:27.324,54761,2.759,2.682,-0.047,0.000,0.000,onTarget,targetClick
6382,9,16,rld,15:06:30.183,54804,2.867,-0.028,0.039,-0.100,0.000,waitingForTarget,middleTargetClick
6382,9,16,rld,15:06:30.328,54805,3.016,-0.032,0.036,0.000,0.000,waitingForTarget,noEvent
6382,9,16,rld,15:06:30.357,54806,3.057,-0.033,0.036,0.000,0.000,waitingForTarget,noEvent
6382,9,16,rld,15:06:30.404,54807,3.105,-0.034,0.035,0.000,0.000,waitingForTarget,noEvent
6382,9,16,rld,15:06:30.448,54808,3.148,-0.034,0.035,0.000,0.000,waitingForTarget,noEvent
6382,9,16,rld,15:06:30.484,54809,3.183,-0.034,0.035,0.000,0.000,waitingForTarget,noEvent
6382,9,16,rld,15:06:30.540,54810,3.228,-0.034,0.035,0.000,0.000,waitingForTarget,noEvent
6382,9,16,rld,15:06:30.586,54811,3.282,-0.034,0.035,0.000,0.000,waitingForTarget,noEvent
6382,9,16,rld,15:06:30.644,54812,0.054,-0.034,0.035,0.000,0.000,activeTracking,targetAppeared
6382,9,16,rld,15:06:30.683,54813,0.095,-0.034,0.035,0.000,0.000,activeTracking,noEvent
6382,9,16,rld,15:06:30.731,54814,0.138,-0.034,0.035,0.000,0.000,activeTracking,noEvent
6382,9,16,rld,15:06:30.765,54815,0.177,-0.034,0.035,0.000,0.000,activeTracking,noEvent
6382,9,16,rld,15:06:30.846,54816,0.265,-0.034,0.035,0.000,0.000,activeTracking,noEvent
6382,9,16,rld,15:06:30.906,54817,0.317,-0.034,0.035,0.000,0.000,activeTracking,noEvent
6382,9,16,rld,15:06:30.966,54818,0.384,-0.034,0.035,0.000,0.000,activeTracking,noEvent
6382,9,16,rld,15:06:31.006,54819,0.426,-0.034,0.035,0.000,0.000,activeTracking,noEvent
6382,9,16,rld,15:06:31.057,54820,0.468,-0.034,0.035,0.000,0.000,activeTracking,noEvent
6382,9,16,rld,15:06:31.098,54821,0.512,-0.034,0.035,0.000,0.000,activeTracking,noEvent
6382,9,16,rld,15:06:31.149,54822,0.558,-0.034,0.035,0.000,0.000,activeTracking,noEvent
6382,9,16,rld,15:06:31.184,54823,0.602,-0.034,0.035,0.000,0.000,activeTracking,noEvent
6382,9,16,rld,15:06:31.224,54824,0.639,-0.034,0.035,0.000,0.000,activeTracking,noEvent
6382,9,16,rld,15:06:31.256,54825,0.675,-0.034,0.035,0.000,0.000,activeTracking,noEvent
6382,9,16,rld,15:06:31.303,54826,0.717,-0.034,0.035,0.000,0.000,activeTracking,noEvent
6382,9,16,rld,15:06:31.366,54827,0.776,-0.034,0.035,0.000,0.000,activeTracking,noEvent
6382,9,16,rld,15:06:31.417,54828,0.836,-0.034,0.035,0.000,0.000,activeTracking,noEvent
6382,9,16,rld,15:06:31.571,54829,0.957,1.962,0.648,17.500,5.300,activeTracking,noEvent
6382,9,16,rld,15:06:31.654,54830,1.052,2.740,0.870,0.700,0.000,activeTracking,noEvent
6382,9,16,rld,15:06:31.730,54831,1.134,3.069,0.925,0.500,-0.200,activeTracking,noEvent
6382,9,16,rld,15:06:31.872,54832,1.272,3.355,0.950,1.400,0.000,activeTracking,noEvent
6382,9,16,rld,15:06:31.926,54833,1.341,3.516,0.961,0.500,0.000,activeTracking,noEvent
6382,9,16,rld,15:06:32.005,54834,1.403,3.582,0.965,0.100,0.000,activeTracking,noEvent
6382,9,16,rld,15:06:32.049,54835,1.467,3.604,0.942,0.000,-0.200,activeTracking,noEvent
6382,9,16,rld,15:06:32.114,54836,1.524,3.612,0.910,0.000,-0.200,activeTracking,noEvent
6382,9,16,rld,15:06:32.172,54837,1.578,3.601,0.875,-0.100,-0.200,activeTracking,noEvent
6382,9,16,rld,15:06:32.279,54838,1.669,3.560,0.801,-0.300,-0.500,activeTracking,noEvent
6382,9,16,rld,15:06:32.402,54839,1.808,3.495,0.691,-0.400,-0.700,activeTracking,noEvent
6382,9,16,rld,15:06:32.465,54840,1.876,3.435,0.618,-0.300,-0.300,activeTracking,noEvent
6382,9,16,rld,15:06:32.556,54841,1.953,3.403,0.569,-0.100,-0.200,activeTracking,noEvent
6382,9,16,rld,15:06:32.684,54842,2.085,3.354,0.468,-0.300,-0.700,activeTracking,noEvent
6382,9,16,rld,15:06:32.774,54843,2.178,3.313,0.387,-0.200,-0.400,activeTracking,noEvent
6382,9,16,rld,15:06:32.894,54844,2.298,3.274,0.276,-0.200,-0.700,activeTracking,noEvent
6382,9,16,rld,15:06:32.938,54845,2.356,3.248,0.215,-0.100,-0.200,activeTracking,noEvent
6382,9,16,rld,15:06:32.991,54846,2.405,3.240,0.195,0.000,0.000,activeTracking,noEvent
6382,9,16,rld,15:06:33.046,54847,2.461,3.237,0.176,0.000,-0.100,activeTracking,noEvent
6382,9,16,rld,15:06:33.206,54848,2.597,3.186,0.075,-0.400,-0.800,activeTracking,noEvent
6382,9,16,rld,15:06:33.261,54849,2.678,3.132,0.006,-0.300,-0.300,activeTracking,noEvent
6382,9,16,rld,15:06:33.334,54850,2.741,3.101,-0.018,-0.100,0.000,activeTracking,failedClick
6382,9,17,rld,15:06:36.432,54892,2.805,-0.106,-0.068,0.000,0.000,waitingForTarget,middleTargetClick
6382,9,17,rld,15:06:36.485,54893,2.868,-0.103,-0.067,0.000,0.000,waitingForTarget,noEvent
6382,9,17,rld,15:06:36.546,54894,2.929,-0.102,-0.066,0.000,0.000,waitingForTarget,noEvent
6382,9,17,rld,15:06:36.607,54895,2.988,-0.101,-0.066,0.000,0.000,waitingForTarget,noEvent
6382,9,17,rld,15:06:36.651,54896,3.027,-0.101,-0.066,0.000,0.000,waitingForTarget,noEvent
6382,9,17,rld,15:06:36.701,54897,3.073,-0.101,-0.066,0.000,0.000,waitingForTarget,noEvent
6382,9,17,rld,15:06:36.736,54898,3.120,-0.101,-0.066,0.000,0.000,waitingForTarget,noEvent
6382,9,17,rld,15:06:36.845,54899,3.225,-0.101,-0.066,0.000,0.000,waitingForTarget,noEvent
6382,9,17,rld,15:06:36.892,54900,0.050,-0.101,-0.066,0.000,0.000,activeTracking,targetAppeared
6382,9,17,rld,15:06:36.952,54901,0.110,-0.101,-0.066,0.000,0.000,activeTracking,noEvent
6382,9,17,rld,15:06:36.992,54902,0.150,-0.101,-0.066,0.000,0.000,activeTracking,noEvent
6382,9,17,rld,15:06:37.036,54903,0.189,-0.101,-0.066,0.000,0.000,activeTracking,noEvent
6382,9,17,rld,15:06:37.055,54904,0.213,-0.101,-0.066,0.000,0.000,activeTracking,noEvent
6382,9,17,rld,15:06:37.127,54905,0.287,-0.101,-0.066,0.000,0.000,activeTracking,noEvent
6382,9,17,rld,15:06:37.181,54906,0.327,-0.101,-0.066,0.000,0.000,activeTracking,noEvent
6382,9,17,rld,15:06:37.227,54907,0.384,-0.101,-0.066,0.000,0.000,activeTracking,noEvent
6382,9,17,rld,15:06:37.272,54908,0.428,-0.101,-0.066,0.000,0.000,activeTracking,noEvent
6382,9,17,rld,15:06:37.312,54909,0.465,-0.101,-0.066,0.000,0.000,activeTracking,noEvent
6382,9,17,rld,15:06:37.416,54910,0.575,-0.101,-0.066,0.000,0.000,activeTracking,noEvent
6382,9,17,rld,15:06:37.456,54911,0.613,-0.101,-0.066,0.000,0.000,activeTracking,noEvent
6382,9,17,rld,15:06:37.503,54912,0.644,-0.101,-0.066,0.000,0.000,activeTracking,noEvent
6382,9,17,rld,15:06:37.547,54913,0.692,-0.101,-0.066,0.000,0.000,activeTracking,noEvent
6382,9,17,rld,15:06:37.600,54914,0.739,-0.101,-0.066,0.000,0.000,activeTracking,noEvent
6382,9,17,rld,15:06:37.650,54915,0.797,-0.101,-0.066,0.000,0.000,activeTracking,noEvent
6382,9,17,rld,15:06:37.763,54916,0.898,-0.665,-0.111,-5.000,-0.400,activeTracking,noEvent
6382,9,17,rld,15:06:37.943,54917,1.065,-1.298,-0.161,-3.900,-0.300,activeTracking,noEvent
6382,9,17,rld,15:06:38.045,54918,1.185,-1.696,-0.212,-1.600,-0.300,activeTracking,noEvent
6382,9,17,rld,15:06:38.119,54919,1.274,-1.888,-0.229,-0.500,0.000,activeTracking,noEvent
6382,9,17,rld,15:06:38.204,54920,1.335,-2.000,-0.235,-0.400,0.000,activeTracking,noEvent
6382,9,17,rld,15:06:38.275,54921,1.428,-2.072,-0.237,-0.300,0.000,activeTracking,noEvent
6382,9,17,rld,15:06:38.350,54922,1.507,-2.096,-0.215,0.000,0.200,activeTracking,noEvent
6382,9,17,rld,15:06:38.414,54923,1.568,-2.104,-0.184,0.000,0.200,activeTracking,noEvent
6382,9,17,rld,15:06:38.487,54924,1.644,-2.107,-0.151,0.000,0.200,activeTracking,noEvent
6382,9,17,rld,15:06:38.555,54925,1.706,-2.108,-0.129,0.000,0.100,activeTracking,noEvent
6382,9,17,rld,15:06:38.603,54926,1.760,-2.120,-0.110,-0.100,0.100,activeTracking,noEvent
6382,9,17,rld,15:06:38.682,54927,1.818,-2.159,-0.103,-0.300,0.000,activeTracking,noEvent
6382,9,17,rld,15:06:38.778,54928,1.917,-2.256,-0.101,-0.700,0.000,activeTracking,noEvent
6382,9,17,rld,15:06:38.885,54929,2.028,-2.395,-0.100,-0.900,0.000,onTarget,noEvent
6382,9,17,rld,15:06:38.972,54930,2.115,-2.525,-0.100,-0.700,0.000,onTarget,noEvent
6382,9,17,rld,15:06:39.022,54931,2.176,-2.605,-0.100,-0.300,0.000,onTarget,noEvent
6382,9,17,rld,15:06:39.083,54932,2.229,-2.644,-0.100,-0.100,0.000,onTarget,noEvent
6382,9,17,rld,15:06:39.150,54933,2.307,-2.706,-0.135,-0.400,-0.300,onTarget,noEvent
6382,9,17,rld,15:06:39.215,54934,2.375,-2.750,-0.158,-0.200,-0.100,onTarget,noEvent
6382,9,17,rld,15:06:39.256,54935,2.415,-2.765,-0.166,0.000,0.000,onTarget,noEvent
6382,9,17,rld,15:06:39.315,54936,2.462,-2.770,-0.169,0.000,0.000,onTarget,noEvent
6382,9,17,rld,15:06:39.383,54937,2.538,-2.772,-0.158,0.000,0.100,onTarget,noEvent
6382,9,17,rld,15:06:39.434,54938,2.582,-2.773,-0.143,0.000,0.100,onTarget,noEvent
6382,9,17,rld,15:06:39.493,54939,2.632,-2.773,-0.138,0.000,0.000,onTarget,noEvent
6382,9,17,rld,15:06:39.546,54940,2.695,-2.773,-0.136,0.000,0.000,onTarget,targetClick
6382,9,18,rld,15:06:41.776,54971,2.762,-0.067,0.171,0.000,0.000,waitingForTarget,middleTargetClick
6382,9,18,rld,15:06:41.851,54972,2.835,-0.067,0.170,0.000,0.000,waitingForTarget,noEvent
6382,9,18,rld,15:06:41.911,54973,2.887,-0.067,0.170,0.000,0.000,waitingForTarget,noEvent
6382,9,18,rld,15:06:41.973,54974,2.948,-0.067,0.170,0.000,0.000,waitingForTarget,noEvent
6382,9,18,rld,15:06:42.032,54975,3.019,-0.067,0.170,0.000,0.000,waitingForTarget,noEvent
6382,9,18,rld,15:06:42.074,54976,3.053,-0.067,0.170,0.000,0.000,waitingForTarget,noEvent
6382,9,18,rld,15:06:42.117,54977,3.098,-0.067,0.170,0.000,0.000,waitingForTarget,noEvent
6382,9,18,rld,15:06:42.155,54978,3.137,-0.067,0.170,0.000,0.000,waitingForTarget,noEvent
6382,9,18,rld,15:06:42.198,54979,3.177,-0.067,0.170,0.000,0.000,waitingForTarget,noEvent
6382,9,18,rld,15:06:42.236,54980,0.047,-0.067,0.170,0.000,0.000,activeTracking,targetAppeared
6382,9,18,rld,15:06:42.300,54981,0.100,-0.067,0.170,0.000,0.000,activeTracking,noEvent
6382,9,18,rld,15:06:42.339,54982,0.152,-0.067,0.170,0.000,0.000,activeTracking,noEvent
6382,9,18,rld,15:06:42.405,54983,0.198,-0.067,0.170,0.000,0.000,activeTracking,noEvent
6382,9,18,rld,15:06:42.517,54984,0.292,-0.067,0.170,0.000,0.000,activeTracking,noEvent
6382,9,18,rld,15:06:42.655,54985,0.457,0.891,0.250,8.500,0.700,activeTracking,noEvent
6382,9,18,rld,15:06:42.721,54986,0.520,1.283,0.279,0.600,0.000,activeTracking,noEvent
6382,9,18,rld,15:06:42.784,54987,0.583,1.425,0.288,0.100,0.000,activeTracking,noEvent
6382,9,18,rld,15:06:42.850,54988,0.662,1.496,0.292,0.200,0.000,activeTracking,noEvent
6382,9,18,rld,15:06:42.937,54989,0.749,1.474,0.292,-0.400,0.000,activeTracking,noEvent
6382,9,18,rld,15:06:43.134,54990,0.920,1.088,0.302,-3.300,0.100,activeTracking,noEvent
6382,9,18,rld,15:06:43.225,54991,1.029,0.497,0.214,-4.100,-0.800,activeTracking,noEvent
6382,9,18,rld,15:06:43.395,54992,1.188,0.098,0.162,-1.800,-0.200,activeTracking,noEvent
6382,9,18,rld,15:06:43.494,54993,1.280,-0.361,0.077,-2.900,-0.600,activeTracking,noEvent
6382,9,18,rld,15:06:43.626,54994,1.429,-0.695,0.027,-1.600,-0.200,activeTracking,noEvent
6382,9,18,rld,15:06:43.686,54995,1.488,-0.852,0.010,-0.400,0.000,activeTracking,noEvent
6382,9,18,rld,15:06:43.736,54996,1.549,-0.928,0.005,-0.200,0.000,activeTracking,noEvent
6382,9,18,rld,15:06:43.807,54997,1.598,-0.975,0.014,-0.200,0.100,activeTracking,noEvent
6382,9,18,rld,15:06:43.998,54998,1.789,-1.242,0.052,-2.200,0.300,activeTracking,noEvent
6382,9,18,rld,15:06:44.140,54999,1.934,-1.481,0.042,-1.300,-0.200,activeTracking,noEvent
6382,9,18,rld,15:06:44.245,55000,2.047,-1.700,0.027,-1.200,-0.100,activeTracking,noEvent
6382,9,18,rld,15:06:44.325,55001,2.121,-1.808,0.068,-0.300,0.400,activeTracking,noEvent
6382,9,18,rld,15:06:44.416,55002,2.216,-1.914,0.117,-0.600,0.300,activeTracking,noEvent
6382,9,18,rld,15:06:44.466,55003,2.279,-1.961,0.133,-0.100,0.000,activeTracking,noEvent
6382,9,18,rld,15:06:44.529,55004,2.341,-2.001,0.139,-0.200,0.000,activeTracking,noEvent
6382,9,18,rld,15:06:44.622,55005,2.420,-2.049,0.129,-0.300,-0.100,activeTracking,noEvent
6382,9,18,rld,15:06:44.712,55006,2.515,-2.218,0.127,-1.300,0.000,activeTracking,noEvent
6382,9,18,rld,15:06:44.840,55007,2.642,-2.335,0.126,-0.500,0.000,activeTracking,noEvent
6382,9,18,rld,15:06:44.885,55008,2.688,-2.397,0.126,-0.200,0.000,onTarget,noEvent
6382,9,18,rld,15:06:44.933,55009,2.736,-2.418,0.115,0.000,-0.100,onTarget,noEvent
6382,9,18,rld,15:06:45.001,55010,2.812,-2.425,0.088,0.000,-0.200,onTarget,noEvent
6382,9,18,rld,15:06:45.051,55011,2.860,-2.440,0.067,-0.100,-0.100,onTarget,noEvent
6382,9,18,rld,15:06:45.106,55012,2.912,-2.456,0.060,-0.100,0.000,onTarget,noEvent
6382,9,18,rld,15:06:45.177,55013,2.984,-2.510,0.058,-0.400,0.000,onTarget,noEvent
6382,9,18,rld,15:06:45.237,55014,3.042,-2.540,0.057,-0.100,0.000,onTarget,noEvent
6382,9,18,rld,15:06:45.284,55015,3.088,-2.550,0.057,0.000,0.000,onTarget,noEvent
6382,9,18,rld,15:06:45.340,55016,3.150,-2.553,0.057,0.000,0.000,onTarget,noEvent
6382,9,18,rld,15:06:45.376,55017,3.190,-2.554,0.057,0.000,0.000,onTarget,noEvent
6382,9,18,rld,15:06:45.423,55018,3.229,-2.555,0.057,0.000,0.000,onTarget,noEvent
6382,9,18,rld,15:06:45.484,55019,3.289,-2.555,0.057,0.000,0.000,onTarget,noEvent
6382,9,18,rld,15:06:45.538,55020,3.337,-2.555,0.057,0.000,0.000,onTarget,noEvent
6382,9,18,rld,15:06:45.586,55021,3.395,-2.555,0.057,0.000,0.000,onTarget,noEvent
6382,9,18,rld,15:06:45.632,55022,3.432,-2.555,0.057,0.000,0.000,onTarget,noEvent
6382,9,18,rld,15:06:45.744,55023,3.540,-2.555,0.057,0.000,0.000,onTarget,noEvent
6382,9,18,rld,15:06:45.787,55024,3.596,-2.555,0.057,0.000,0.000,onTarget,noEvent
6382,9,18,rld,15:06:45.865,55025,3.671,-2.555,0.057,0.000,0.000,onTarget,noEvent
6382,9,18,rld,15:06:45.929,55026,3.731,-2.555,0.057,0.000,0.000,onTarget,targetClick
6382,9,19,rld,15:06:48.155,55059,3.815,0.202,0.001,0.000,0.000,waitingForTarget,middleTargetClick
6382,9,19,rld,15:06:48.203,55060,3.863,0.202,0.001,0.000,0.000,waitingForTarget,noEvent
6382,9,19,rld,15:06:48.254,55061,3.914,0.214,0.001,0.100,0.000,waitingForTarget,noEvent
6382,9,19,rld,15:06:48.314,55062,3.973,0.218,0.001,0.000,0.000,waitingForTarget,noEvent
6382,9,19,rld,15:06:48.603,55069,0.043,0.219,0.001,0.000,0.000,activeTracking,targetAppeared
6382,9,19,rld,15:06:48.654,55070,0.087,0.219,0.001,0.000,0.000,activeTracking,noEvent
6382,9,19,rld,15:06:48.695,55071,0.137,0.219,0.001,0.000,0.000,activeTracking,noEvent
6382,9,19,rld,15:06:48.749,55072,0.182,0.219,0.001,0.000,0.000,activeTracking,noEvent
6382,9,19,rld,15:06:48.805,55073,0.227,0.219,0.001,0.000,0.000,activeTracking,noEvent
6382,9,19,rld,15:06:48.854,55074,0.288,0.219,0.001,0.000,0.000,activeTracking,noEvent
6382,9,19,rld,15:06:48.897,55075,0.328,0.219,0.001,0.000,0.000,activeTracking,noEvent
6382,9,19,rld,15:06:48.933,55076,0.376,0.219,0.001,0.000,0.000,activeTracking,noEvent
6382,9,19,rld,15:06:48.969,55077,0.411,0.219,0.001,0.000,0.000,activeTracking,noEvent
6382,9,19,rld,15:06:49.014,55078,0.455,0.219,0.001,0.000,0.000,activeTracking,noEvent
6382,9,19,rld,15:06:49.054,55079,0.496,0.219,0.001,0.000,0.000,activeTracking,noEvent
6382,9,19,rld,15:06:49.080,55080,0.522,0.219,0.001,0.000,0.000,activeTracking,noEvent
6382,9,19,rld,15:06:49.131,55081,0.562,0.219,0.001,0.000,0.000,activeTracking,noEvent
6382,9,19,rld,15:06:49.165,55082,0.605,0.219,0.001,0.000,0.000,activeTracking,noEvent
6382,9,19,rld,15:06:49.225,55083,0.660,0.219,0.001,0.000,0.000,activeTracking,noEvent
6382,9,19,rld,15:06:49.292,55084,0.732,0.219,0.001,0.000,0.000,activeTracking,noEvent
6382,9,19,rld,15:06:49.363,55085,0.788,0.219,0.001,0.000,0.000,activeTracking,noEvent
6382,9,19,rld,15:06:49.504,55086,0.929,-0.840,0.002,-9.400,0.000,activeTracking,noEvent
6382,9,19,rld,15:06:49.622,55087,1.063,-2.266,0.004,-9.200,0.000,activeTracking,noEvent
6382,9,19,rld,15:06:49.738,55088,1.167,-2.894,-0.006,-1.100,-0.100,onTarget,noEvent
6382,9,19,rld,15:06:49.916,55089,1.300,-3.485,-0.044,-3.000,-0.300,activeTracking,noEvent
6382,9,19,rld,15:06:50.005,55090,1.440,-3.908,-0.093,-1.700,-0.300,activeTracking,noEvent
6382,9,19,rld,15:06:50.050,55091,1.488,-4.079,-0.110,-0.200,0.000,activeTracking,noEvent
6382,9,19,rld,15:06:50.111,55092,1.553,-4.136,-0.116,0.000,0.000,activeTracking,noEvent
6382,9,19,rld,15:06:50.187,55093,1.617,-4.155,-0.117,0.000,0.000,activeTracking,noEvent
6382,9,19,rld,15:06:50.264,55094,1.691,-4.148,-0.094,0.100,0.200,activeTracking,noEvent
6382,9,19,rld,15:06:50.466,55095,1.810,-4.026,-0.061,0.900,0.200,activeTracking,noEvent
6382,9,19,rld,15:06:50.539,55096,1.967,-3.648,-0.051,2.600,0.000,activeTracking,noEvent
6382,9,19,rld,15:06:50.669,55097,2.081,-3.347,-0.036,1.400,0.100,activeTracking,noEvent
6382,9,19,rld,15:06:50.776,55098,2.199,-3.110,-0.020,1.100,0.100,activeTracking,noEvent
6382,9,19,rld,15:06:50.848,55099,2.283,-2.983,-0.014,0.400,0.000,onTarget,noEvent
6382,9,19,rld,15:06:50.931,55100,2.373,-2.891,-0.013,0.400,0.000,onTarget,noEvent
6382,9,19,rld,15:06:50.981,55101,2.417,-2.837,-0.012,0.200,0.000,onTarget,noEvent
6382,9,19,rld,15:06:51.044,55102,2.482,-2.818,-0.024,0.000,-0.100,onTarget,noEvent
6382,9,19,rld,15:06:51.086,55103,2.527,-2.812,-0.028,0.000,0.000,onTarget,noEvent
6382,9,19,rld,15:06:51.136,55104,2.578,-2.810,-0.029,0.000,0.000,onTarget,noEvent
6382,9,19,rld,15:06:51.183,55105,2.625,-2.810,-0.029,0.000,0.000,onTarget,noEvent
6382,9,19,rld,15:06:51.246,55106,2.688,-2.809,-0.030,0.000,0.000,onTarget,noEvent
6382,9,19,rld,15:06:51.286,55107,2.727,-2.809,-0.030,0.000,0.000,onTarget,noEvent
6382,9,19,rld,15:06:51.336,55108,2.774,-2.809,-0.030,0.000,0.000,onTarget,noEvent
6382,9,19,rld,15:06:51.389,55109,2.828,-2.809,-0.030,0.000,0.000,onTarget,noEvent
6382,9,19,rld,15:06:51.436,55110,2.866,-2.809,-0.030,0.000,0.000,onTarget,noEvent
6382,9,19,rld,15:06:51.483,55111,2.915,-2.809,-0.030,0.000,0.000,onTarget,noEvent
6382,9,19,rld,15:06:51.537,55112,2.975,-2.809,-0.030,0.000,0.000,onTarget,targetClick
6382,9,20,rld,15:06:53.865,55151,3.057,-0.016,0.035,0.000,0.000,waitingForTarget,middleTargetClick
6382,9,20,rld,15:06:53.906,55152,3.101,-0.017,0.035,0.000,0.000,waitingForTarget,noEvent
6382,9,20,rld,15:06:53.971,55153,3.158,-0.017,0.035,0.000,0.000,waitingForTarget,noEvent
6382,9,20,rld,15:06:54.028,55154,3.219,-0.017,0.035,0.000,0.000,waitingForTarget,noEvent
6382,9,20,rld,15:06:54.068,55155,3.265,-0.017,0.035,0.000,0.000,waitingForTarget,noEvent
6382,9,20,rld,15:06:54.099,55156,3.297,-0.017,0.035,0.000,0.000,waitingForTarget,noEvent
6382,9,20,rld,15:06:54.146,55157,3.338,-0.017,0.035,0.000,0.000,waitingForTarget,noEvent
6382,9,20,rld,15:06:54.187,55158,3.386,-0.017,0.035,0.000,0.000,waitingForTarget,noEvent
6382,9,20,rld,15:06:54.232,55159,3.427,-0.017,0.035,0.000,0.000,waitingForTarget,noEvent
6382,9,20,rld,15:06:54.278,55160,3.478,-0.017,0.035,0.000,0.000,waitingForTarget,noEvent
6382,9,20,rld,15:06:54.315,55161,0.029,-0.017,0.035,0.000,0.000,activeTracking,targetAppeared
6382,9,20,rld,15:06:54.364,55162,0.078,-0.017,0.035,0.000,0.000,activeTracking,noEvent
6382,9,20,rld,15:06:54.413,55163,0.129,-0.017,0.035,0.000,0.000,activeTracking,noEvent
6382,9,20,rld,15:06:54.451,55164,0.166,-0.017,0.035,0.000,0.000,activeTracking,noEvent
6382,9,20,rld,15:06:54.488,55165,0.208,-0.017,0.035,0.000,0.000,activeTracking,noEvent
6382,9,20,rld,15:06:54.517,55166,0.237,-0.017,0.035,0.000,0.000,activeTracking,noEvent
6382,9,20,rld,15:06:54.569,55167,0.289,-0.017,0.035,0.000,0.000,activeTracking,noEvent
6382,9,20,rld,15:06:54.616,55168,0.336,-0.017,0.035,0.000,0.000,activeTracking,noEvent
6382,9,20,rld,15:06:54.669,55169,0.388,-0.017,0.035,0.000,0.000,activeTracking,noEvent
6382,9,20,rld,15:06:54.720,55170,0.428,-0.017,0.035,0.000,0.000,activeTracking,noEvent
6382,9,20,rld,15:06:54.755,55171,0.475,-0.017,0.035,0.000,0.000,activeTracking,noEvent
6382,9,20,rld,15:06:54.841,55172,0.559,-0.017,0.035,0.000,0.000,activeTracking,noEvent
6382,9,20,rld,15:06:54.984,55173,0.674,1.182,0.195,10.600,1.400,activeTracking,noEvent
6382,9,20,rld,15:06:55.069,55174,0.773,2.433,0.407,7.200,1.300,activeTracking,noEvent
6382,9,20,rld,15:06:55.210,55175,0.860,2.939,0.483,0.600,0.000,activeTracking,noEvent
6382,9,20,rld,15:06:55.303,55176,1.013,3.249,0.512,1.100,0.000,activeTracking,noEvent
6382,9,20,rld,15:06:55.362,55177,1.082,3.403,0.523,0.400,0.000,activeTracking,noEvent
6382,9,20,rld,15:06:55.434,55178,1.153,3.481,0.527,0.200,0.000,activeTracking,noEvent
6382,9,20,rld,15:06:55.470,55179,1.189,3.507,0.529,0.000,0.000,activeTracking,noEvent
6382,9,20,rld,15:06:55.535,55180,1.246,3.515,0.529,0.000,0.000,activeTracking,noEvent
6382,9,20,rld,15:06:55.616,55181,1.330,3.518,0.517,0.000,-0.100,activeTracking,noEvent
6382,9,20,rld,15:06:55.701,55182,1.401,3.456,0.452,-0.500,-0.500,activeTracking,noEvent
6382,9,20,rld,15:06:55.790,55183,1.486,3.384,0.382,-0.400,-0.400,activeTracking,noEvent
6382,9,20,rld,15:06:55.871,55184,1.589,3.285,0.322,-0.600,-0.300,activeTracking,noEvent
6382,9,20,rld,15:06:55.967,55185,1.683,3.165,0.265,-0.700,-0.300,activeTracking,noEvent
6382,9,20,rld,15:06:56.035,55186,1.749,3.112,0.222,-0.100,-0.200,activeTracking,noEvent
6382,9,20,rld,15:06:56.081,55187,1.801,3.095,0.197,0.000,-0.100,activeTracking,noEvent
6382,9,20,rld,15:06:56.217,55188,1.925,3.040,0.117,-0.400,-0.600,onTarget,noEvent
6382,9,20,rld,15:06:56.283,55189,1.983,2.947,0.019,-0.600,-0.600,onTarget,noEvent
6382,9,20,rld,15:06:56.351,55190,2.059,2.880,-0.037,-0.300,-0.200,onTarget,noEvent
6382,9,20,rld,15:06:56.401,55191,2.117,2.845,-0.056,-0.100,0.000,onTarget,noEvent
6382,9,20,rld,15:06:56.465,55192,2.178,2.821,-0.050,-0.100,0.100,onTarget,noEvent
6382,9,20,rld,15:06:56.513,55193,2.228,2.813,-0.048,0.000,0.000,onTarget,noEvent
6382,9,20,rld,15:06:56.564,55194,2.278,2.811,-0.048,0.000,0.000,onTarget,noEvent
6382,9,20,rld,15:06:56.623,55195,2.330,2.810,-0.047,0.000,0.000,onTarget,noEvent
6382,9,20,rld,15:06:56.698,55196,2.410,2.797,-0.047,-0.100,0.000,onTarget,noEvent
6382,9,20,rld,15:06:56.748,55197,2.466,2.793,-0.047,0.000,0.000,onTarget,noEvent
6382,9,20,rld,15:06:56.864,55198,2.577,2.792,-0.024,0.000,0.200,onTarget,targetClick
6382,9,21,rld,15:06:59.926,55245,2.635,-0.172,0.120,0.000,0.000,waitingForTarget,middleTargetClick
6382,9,21,rld,15:06:59.981,55246,2.701,-0.170,0.120,0.000,0.000,waitingForTarget,noEvent
6382,9,21,rld,15:07:00.021,55247,2.748,-0.169,0.119,0.000,0.000,waitingForTarget,noEvent
6382,9,21,rld,15:07:00.086,55248,2.800,-0.169,0.119,0.000,0.000,waitingForTarget,noEvent
6382,9,21,rld,15:07:00.158,55249,2.874,-0.169,0.119,0.000,0.000,waitingForTarget,noEvent
6382,9,21,rld,15:07:00.187,55250,2.915,-0.169,0.119,0.000,0.000,waitingForTarget,noEvent
6382,9,21,rld,15:07:00.246,55251,2.963,-0.169,0.119,0.000,0.000,waitingForTarget,noEvent
6382,9,21,rld,15:07:00.281,55252,3.008,-0.169,0.119,0.000,0.000,waitingForTarget,noEvent
6382,9,21,rld,15:07:00.329,55253,3.046,-0.169,0.119,0.000,0.000,waitingForTarget,noEvent
6382,9,21,rld,15:07:00.376,55254,0.046,-0.169,0.119,0.000,0.000,activeTracking,targetAppeared
6382,9,21,rld,15:07:00.421,55255,0.103,-0.169,0.119,0.000,0.000,activeTracking,noEvent
6382,9,21,rld,15:07:00.462,55256,0.138,-0.169,0.119,0.000,0.000,activeTracking,noEvent
6382,9,21,rld,15:07:00.529,55257,0.210,-0.169,0.119,0.000,0.000,activeTracking,noEvent
6382,9,21,rld,15:07:00.563,55258,0.243,-0.169,0.119,0.000,0.000,activeTracking,noEvent
6382,9,21,rld,15:07:00.611,55259,0.288,-0.169,0.119,0.000,0.000,activeTracking,noEvent
6382,9,21,rld,15:07:00.654,55260,0.330,-0.169,0.119,0.000,0.000,activeTracking,noEvent
6382,9,21,rld,15:07:00.704,55261,0.379,-0.169,0.119,0.000,0.000,activeTracking,noEvent
6382,9,21,rld,15:07:00.746,55262,0.420,-0.169,0.119,0.000,0.000,activeTracking,noEvent
6382,9,21,rld,15:07:00.784,55263,0.465,-0.169,0.119,0.000,0.000,activeTracking,noEvent
6382,9,21,rld,15:07:00.879,55264,0.559,-0.169,0.119,0.000,0.000,activeTracking,noEvent
6382,9,21,rld,15:07:00.964,55265,0.640,0.994,0.324,10.300,1.800,activeTracking,noEvent
6382,9,21,rld,15:07:01.146,55266,0.761,2.320,0.520,8.000,1.000,activeTracking,noEvent
6382,9,21,rld,15:07:01.211,55267,0.888,2.852,0.579,0.600,-0.100,activeTracking,noEvent
6382,9,21,rld,15:07:01.303,55268,0.981,3.082,0.589,0.400,-0.100,activeTracking,noEvent
6382,9,21,rld,15:07:01.379,55269,1.058,3.209,0.582,0.400,-0.100,activeTracking,noEvent
6382,9,21,rld,15:07:01.435,55270,1.115,3.252,0.579,0.000,0.000,activeTracking,noEvent
6382,9,21,rld,15:07:01.493,55271,1.170,3.279,0.567,0.100,-0.100,activeTracking,noEvent
6382,9,21,rld,15:07:01.594,55272,1.269,3.350,0.528,0.500,-0.300,activeTracking,noEvent
6382,9,21,rld,15:07:01.648,55273,1.325,3.412,0.492,0.300,-0.200,activeTracking,noEvent
6382,9,21,rld,15:07:01.717,55274,1.388,3.446,0.456,0.100,-0.200,activeTracking,noEvent
6382,9,21,rld,15:07:01.784,55275,1.458,3.457,0.396,0.000,-0.400,activeTracking,noEvent
6382,9,21,rld,15:07:01.871,55276,1.548,3.448,0.328,-0.100,-0.400,activeTracking,noEvent
6382,9,21,rld,15:07:01.927,55277,1.604,3.432,0.294,-0.100,-0.100,activeTracking,noEvent
6382,9,21,rld,15:07:01.998,55278,1.667,3.402,0.258,-0.200,-0.200,activeTracking,noEvent
6382,9,21,rld,15:07:02.074,55279,1.749,3.366,0.210,-0.200,-0.300,activeTracking,noEvent
6382,9,21,rld,15:07:02.136,55280,1.810,3.329,0.182,-0.200,-0.100,activeTracking,noEvent
6382,9,21,rld,15:07:02.201,55281,1.878,3.292,0.160,-0.200,-0.100,activeTracking,noEvent
6382,9,21,rld,15:07:02.243,55282,1.922,3.254,0.153,-0.200,0.000,activeTracking,noEvent
6382,9,21,rld,15:07:02.350,55283,2.028,3.204,0.150,-0.300,0.000,activeTracking,noEvent
6382,9,21,rld,15:07:02.451,55284,2.122,3.076,0.148,-0.900,0.000,activeTracking,noEvent
6382,9,21,rld,15:07:02.527,55285,2.204,2.984,0.147,-0.400,0.000,onTarget,noEvent
6382,9,21,rld,15:07:02.635,55286,2.286,2.867,0.147,-0.700,0.000,onTarget,noEvent
6382,9,21,rld,15:07:02.701,55287,2.378,2.756,0.146,-0.600,0.000,onTarget,noEvent
6382,9,21,rld,15:07:02.760,55288,2.437,2.682,0.145,-0.300,0.000,onTarget,noEvent
6382,9,21,rld,15:07:02.895,55289,2.548,2.609,0.145,-0.400,0.000,onTarget,noEvent
6382,9,21,rld,15:07:02.933,55290,2.613,2.573,0.145,-0.100,0.000,onTarget,noEvent
6382,9,21,rld,15:07:03.010,55291,2.686,2.561,0.168,0.000,0.200,onTarget,noEvent
6382,9,21,rld,15:07:03.094,55292,2.771,2.569,0.199,0.100,0.200,onTarget,targetClick
6382,9,22,rld,15:07:06.899,55343,2.852,-0.118,0.413,0.000,-0.100,waitingForTarget,middleTargetClick
6382,9,22,rld,15:07:06.964,55344,2.927,-0.118,0.409,0.000,0.000,waitingForTarget,noEvent
6382,9,22,rld,15:07:07.083,55345,2.982,-0.118,0.408,0.000,0.000,waitingForTarget,noEvent
6382,9,22,rld,15:07:07.130,55346,3.090,-0.118,0.407,0.000,0.000,waitingForTarget,noEvent
6382,9,22,rld,15:07:07.169,55347,3.134,-0.118,0.407,0.000,0.000,waitingForTarget,noEvent
6382,9,22,rld,15:07:07.196,55348,3.162,-0.118,0.407,0.000,0.000,waitingForTarget,noEvent
6382,9,22,rld,15:07:07.237,55349,3.201,-0.118,0.407,0.000,0.000,waitingForTarget,noEvent
6382,9,22,rld,15:07:07.272,55350,3.233,-0.118,0.407,0.000,0.000,waitingForTarget,noEvent
6382,9,22,rld,15:07:07.317,55351,3.280,-0.118,0.407,0.000,0.000,waitingForTarget,noEvent
6382,9,22,rld,15:07:07.401,55352,0.074,-0.118,0.407,0.000,0.000,activeTracking,targetAppeared
6382,9,22,rld,15:07:07.454,55353,0.131,-0.118,0.407,0.000,0.000,activeTracking,noEvent
6382,9,22,rld,15:07:07.495,55354,0.174,-0.118,0.407,0.000,0.000,activeTracking,noEvent
6382,9,22,rld,15:07:07.521,55355,0.202,-0.118,0.407,0.000,0.000,activeTracking,noEvent
6382,9,22,rld,15:07:07.565,55356,0.250,-0.118,0.407,0.000,0.000,activeTracking,noEvent
6382,9,22,rld,15:07:07.600,55357,0.285,-0.118,0.407,0.000,0.000,activeTracking,noEvent
6382,9,22,rld,15:07:07.634,55358,0.313,-0.118,0.407,0.000,0.000,activeTracking,noEvent
6382,9,22,rld,15:07:07.672,55359,0.351,-0.118,0.407,0.000,0.000,activeTracking,noEvent
6382,9,22,rld,15:07:07.729,55360,0.412,-0.118,0.407,0.000,0.000,activeTracking,noEvent
6382,9,22,rld,15:07:07.766,55361,0.448,-0.118,0.407,0.000,0.000,activeTracking,noEvent
6382,9,22,rld,15:07:07.865,55362,0.531,-0.118,0.407,0.000,0.000,activeTracking,noEvent
6382,9,22,rld,15:07:07.945,55363,0.590,-0.118,0.407,0.000,0.000,activeTracking,noEvent
6382,9,22,rld,15:07:08.131,55364,0.791,1.618,0.838,15.300,3.700,activeTracking,noEvent
6382,9,22,rld,15:07:08.229,55365,0.888,2.453,0.988,2.000,-0.100,activeTracking,noEvent
6382,9,22,rld,15:07:08.280,55366,0.959,2.824,1.019,0.700,-0.200,activeTracking,noEvent
6382,9,22,rld,15:07:08.345,55367,1.022,2.961,1.019,0.100,-0.100,activeTracking,noEvent
6382,9,22,rld,15:07:08.449,55368,1.119,3.069,0.985,0.500,-0.300,activeTracking,noEvent
6382,9,22,rld,15:07:08.504,55369,1.182,3.155,0.951,0.400,-0.200,activeTracking,noEvent
6382,9,22,rld,15:07:08.584,55370,1.263,3.209,0.917,0.200,-0.200,activeTracking,noEvent
6382,9,22,rld,15:07:08.635,55371,1.313,3.239,0.882,0.100,-0.200,activeTracking,noEvent
6382,9,22,rld,15:07:08.726,55372,1.397,3.249,0.834,0.000,-0.300,activeTracking,noEvent
6382,9,22,rld,15:07:08.836,55373,1.469,3.203,0.757,-0.400,-0.500,activeTracking,noEvent
6382,9,22,rld,15:07:08.951,55374,1.612,3.026,0.538,-1.300,-1.600,activeTracking,noEvent
6382,9,22,rld,15:07:09.043,55375,1.720,2.881,0.394,-0.700,-0.600,activeTracking,noEvent
6382,9,22,rld,15:07:09.114,55376,1.787,2.809,0.322,-0.200,-0.200,onTarget,noEvent
6382,9,22,rld,15:07:09.236,55377,1.895,2.663,0.157,-1.000,-1.200,onTarget,noEvent
6382,9,22,rld,15:07:09.301,55378,1.981,2.579,0.055,-0.300,-0.400,onTarget,noEvent
6382,9,22,rld,15:07:09.346,55379,2.028,2.551,0.022,0.000,0.000,onTarget,noEvent
6382,9,22,rld,15:07:09.404,55380,2.072,2.542,0.010,0.000,0.000,onTarget,noEvent
6382,9,22,rld,15:07:09.459,55381,2.133,2.538,0.007,0.000,0.000,onTarget,noEvent
6382,9,22,rld,15:07:09.517,55382,2.195,2.537,0.017,0.000,0.100,onTarget,noEvent
6382,9,22,rld,15:07:09.581,55383,2.259,2.549,0.032,0.100,0.100,onTarget,noEvent
6382,9,22,rld,15:07:09.653,55384,2.324,2.553,0.037,0.000,0.000,onTarget,targetClick
6382,9,23,rld,15:07:13.413,55439,2.374,-0.034,0.153,0.000,0.000,waitingForTarget,middleTargetClick
6382,9,23,rld,15:07:13.466,55440,2.437,-0.034,0.153,0.000,0.000,waitingForTarget,noEvent
6382,9,23,rld,15:07:13.505,55441,2.476,-0.034,0.153,0.000,0.000,waitingForTarget,noEvent
6382,9,23,rld,15:07:13.571,55442,2.539,-0.034,0.153,0.000,0.000,waitingForTarget,noEvent
6382,9,23,rld,15:07:13.621,55443,2.587,-0.034,0.153,0.000,0.000,waitingForTarget,noEvent
6382,9,23,rld,15:07:13.665,55444,2.639,-0.034,0.153,0.000,0.000,waitingForTarget,noEvent
6382,9,23,rld,15:07:13.694,55445,2.663,-0.034,0.153,0.000,0.000,waitingForTarget,noEvent
6382,9,23,rld,15:07:13.734,55446,2.702,-0.034,0.153,0.000,0.000,waitingForTarget,noEvent
6382,9,23,rld,15:07:13.772,55447,2.745,-0.034,0.153,0.000,0.000,waitingForTarget,noEvent
6382,9,23,rld,15:07:13.835,55448,2.808,-0.034,0.153,0.000,0.000,waitingForTarget,noEvent
6382,9,23,rld,15:07:13.887,55449,0.038,-0.034,0.153,0.000,0.000,activeTracking,targetAppeared
6382,9,23,rld,15:07:13.932,55450,0.094,-0.034,0.153,0.000,0.000,activeTracking,noEvent
6382,9,23,rld,15:07:13.975,55451,0.135,-0.034,0.153,0.000,0.000,activeTracking,noEvent
6382,9,23,rld,15:07:14.010,55452,0.169,-0.034,0.153,0.000,0.000,activeTracking,noEvent
6382,9,23,rld,15:07:14.045,55453,0.204,-0.034,0.153,0.000,0.000,activeTracking,noEvent
6382,9,23,rld,15:07:14.095,55454,0.260,-0.034,0.153,0.000,0.000,activeTracking,noEvent
6382,9,23,rld,15:07:14.135,55455,0.297,-0.034,0.153,0.000,0.000,activeTracking,noEvent
6382,9,23,rld,15:07:14.184,55456,0.346,-0.034,0.153,0.000,0.000,activeTracking,noEvent
6382,9,23,rld,15:07:14.220,55457,0.373,-0.034,0.153,0.000,0.000,activeTracking,noEvent
6382,9,23,rld,15:07:14.257,55458,0.422,-0.034,0.153,0.000,0.000,activeTracking,noEvent
6382,9,23,rld,15:07:14.304,55459,0.470,-0.034,0.153,0.000,0.000,activeTracking,noEvent
6382,9,23,rld,15:07:14.355,55460,0.513,-0.034,0.153,0.000,0.000,activeTracking,noEvent
6382,9,23,rld,15:07:14.433,55461,0.570,-0.034,0.153,0.000,0.000,activeTracking,noEvent
6382,9,23,rld,15:07:14.545,55462,0.694,1.555,0.088,14.000,-0.600,activeTracking,noEvent
6382,9,23,rld,15:07:14.612,55463,0.764,2.122,0.067,0.200,0.000,activeTracking,noEvent
6382,9,23,rld,15:07:14.729,55464,0.860,2.458,0.049,1.200,-0.100,onTarget,noEvent
6382,9,23,rld,15:07:14.828,55465,0.973,2.667,0.043,0.800,0.000,onTarget,noEvent
6382,9,23,rld,15:07:14.897,55466,1.054,2.786,0.030,0.400,-0.100,onTarget,noEvent
6382,9,23,rld,15:07:14.953,55467,1.111,2.838,0.025,0.100,0.000,onTarget,noEvent
6382,9,23,rld,15:07:14.995,55468,1.160,2.856,0.024,0.000,0.000,onTarget,noEvent
6382,9,23,rld,15:07:15.033,55469,1.192,2.862,0.023,0.000,0.000,onTarget,noEvent
6382,9,23,rld,15:07:15.099,55470,1.265,2.863,0.023,0.000,0.000,onTarget,noEvent
6382,9,23,rld,15:07:15.169,55471,1.322,2.864,0.023,0.000,0.000,onTarget,noEvent
6382,9,23,rld,15:07:15.217,55472,1.370,2.864,0.023,0.000,0.000,onTarget,noEvent
6382,9,23,rld,15:07:15.269,55473,1.422,2.864,0.023,0.000,0.000,onTarget,noEvent
6382,9,23,rld,15:07:15.336,55474,1.473,2.864,0.023,0.000,0.000,onTarget,noEvent
6382,9,23,rld,15:07:15.415,55475,1.570,2.840,0.023,-0.200,0.000,onTarget,noEvent
6382,9,23,rld,15:07:15.475,55476,1.633,2.832,0.023,0.000,0.000,onTarget,noEvent
6382,9,23,rld,15:07:15.529,55477,1.692,2.829,0.023,0.000,0.000,onTarget,targetClick
6382,9,24,rld,15:07:18.134,55515,1.797,-0.051,0.140,0.000,-0.100,waitingForTarget,middleTargetClick
6382,9,24,rld,15:07:18.187,55516,1.865,-0.051,0.137,0.000,0.000,waitingForTarget,noEvent
6382,9,24,rld,15:07:18.233,55517,1.910,-0.051,0.137,0.000,0.000,waitingForTarget,noEvent
6382,9,24,rld,15:07:18.297,55518,1.966,-0.051,0.136,0.000,0.000,waitingForTarget,noEvent
6382,9,24,rld,15:07:18.343,55519,2.015,-0.051,0.136,0.000,0.000,waitingForTarget,noEvent
6382,9,24,rld,15:07:18.377,55520,2.051,-0.051,0.136,0.000,0.000,waitingForTarget,noEvent
6382,9,24,rld,15:07:18.427,55521,2.096,-0.051,0.136,0.000,0.000,waitingForTarget,noEvent
6382,9,24,rld,15:07:18.480,55522,2.141,-0.051,0.136,0.000,0.000,waitingForTarget,noEvent
6382,9,24,rld,15:07:18.515,55523,2.193,-0.051,0.136,0.000,0.000,waitingForTarget,noEvent
6382,9,24,rld,15:07:18.562,55524,2.228,-0.051,0.136,0.000,0.000,waitingForTarget,noEvent
6382,9,24,rld,15:07:18.581,55525,0.030,-0.051,0.136,0.000,0.000,activeTracking,targetAppeared
6382,9,24,rld,15:07:18.624,55526,0.068,-0.051,0.136,0.000,0.000,activeTracking,noEvent
6382,9,24,rld,15:07:18.675,55527,0.119,-0.051,0.136,0.000,0.000,activeTracking,noEvent
6382,9,24,rld,15:07:18.699,55528,0.148,-0.051,0.136,0.000,0.000,activeTracking,noEvent
6382,9,24,rld,15:07:18.753,55529,0.196,-0.051,0.136,0.000,0.000,activeTracking,noEvent
6382,9,24,rld,15:07:18.817,55530,0.266,-0.051,0.136,0.000,0.000,activeTracking,noEvent
6382,9,24,rld,15:07:18.875,55531,0.315,-0.051,0.136,0.000,0.000,activeTracking,noEvent
6382,9,24,rld,15:07:18.912,55532,0.356,-0.051,0.136,0.000,0.000,activeTracking,noEvent
6382,9,24,rld,15:07:18.947,55533,0.389,-0.051,0.136,0.000,0.000,activeTracking,noEvent
6382,9,24,rld,15:07:19.001,55534,0.443,-0.051,0.136,0.000,0.000,activeTracking,noEvent
6382,9,24,rld,15:07:19.035,55535,0.485,-0.051,0.136,0.000,0.000,activeTracking,noEvent
6382,9,24,rld,15:07:19.094,55536,0.543,-0.051,0.136,0.000,0.000,activeTracking,noEvent
6382,9,24,rld,15:07:19.163,55537,0.600,-0.051,0.136,0.000,0.000,activeTracking,noEvent
6382,9,24,rld,15:07:19.281,55538,0.701,1.227,0.252,11.300,1.000,activeTracking,noEvent
6382,9,24,rld,15:07:19.360,55539,0.787,1.707,0.292,0.400,0.000,activeTracking,noEvent
6382,9,24,rld,15:07:19.449,55540,0.887,2.033,0.319,1.400,0.100,activeTracking,noEvent
6382,9,24,rld,15:07:19.518,55541,0.962,2.213,0.329,0.600,0.000,activeTracking,noEvent
6382,9,24,rld,15:07:19.584,55542,1.032,2.309,0.333,0.300,0.000,activeTracking,noEvent
6382,9,24,rld,15:07:19.653,55543,1.083,2.365,0.334,0.200,0.000,activeTracking,noEvent
6382,9,24,rld,15:07:19.709,55544,1.156,2.420,0.335,0.300,0.000,activeTracking,noEvent
6382,9,24,rld,15:07:19.778,55545,1.216,2.438,0.324,0.000,-0.100,activeTracking,noEvent
6382,9,24,rld,15:07:19.864,55546,1.304,2.444,0.308,0.000,-0.100,activeTracking,noEvent
6382,9,24,rld,15:07:19.930,55547,1.371,2.446,0.280,0.000,-0.200,activeTracking,noEvent
6382,9,24,rld,15:07:19.970,55548,1.418,2.447,0.259,0.000,-0.100,activeTracking,noEvent
6382,9,24,rld,15:07:20.034,55549,1.474,2.459,0.229,0.100,-0.200,onTarget,noEvent
6382,9,24,rld,15:07:20.103,55550,1.550,2.511,0.172,0.400,-0.400,onTarget,noEvent
6382,9,24,rld,15:07:20.184,55551,1.630,2.540,0.142,0.100,-0.100,onTarget,noEvent
6382,9,24,rld,15:07:20.241,55552,1.686,2.550,0.132,0.000,0.000,onTarget,noEvent
6382,9,24,rld,15:07:20.311,55553,1.757,2.553,0.129,0.000,0.000,onTarget,noEvent
6382,9,24,rld,15:07:20.354,55554,1.803,2.554,0.128,0.000,0.000,onTarget,noEvent
6382,9,24,rld,15:07:20.418,55555,1.864,2.555,0.127,0.000,0.000,onTarget,noEvent
6382,9,24,rld,15:07:20.484,55556,1.924,2.555,0.127,0.000,0.000,onTarget,targetClick
6382,9,25,rld,15:07:22.754,55588,1.981,0.033,0.083,0.000,0.000,waitingForTarget,middleTargetClick
6382,9,25,rld,15:07:22.844,55589,2.057,0.034,0.085,0.000,0.000,waitingForTarget,noEvent
6382,9,25,rld,15:07:22.896,55590,2.114,0.034,0.085,0.000,0.000,waitingForTarget,noEvent
6382,9,25,rld,15:07:22.964,55591,2.186,0.034,0.086,0.000,0.000,waitingForTarget,noEvent
6382,9,25,rld,15:07:22.995,55592,2.222,0.034,0.086,0.000,0.000,waitingForTarget,noEvent
6382,9,25,rld,15:07:23.043,55593,2.264,0.034,0.086,0.000,0.000,waitingForTarget,noEvent
6382,9,25,rld,15:07:23.079,55594,2.309,0.034,0.086,0.000,0.000,waitingForTarget,noEvent
6382,9,25,rld,15:07:23.121,55595,2.344,0.034,0.086,0.000,0.000,waitingForTarget,noEvent
6382,9,25,rld,15:07:23.166,55596,2.395,0.034,0.086,0.000,0.000,waitingForTarget,noEvent
6382,9,25,rld,15:07:23.213,55597,0.044,0.034,0.086,0.000,0.000,activeTracking,targetAppeared
6382,9,25,rld,15:07:23.254,55598,0.089,0.034,0.086,0.000,0.000,activeTracking,noEvent
6382,9,25,rld,15:07:23.297,55599,0.124,0.034,0.086,0.000,0.000,activeTracking,noEvent
6382,9,25,rld,15:07:23.335,55600,0.169,0.034,0.086,0.000,0.000,activeTracking,noEvent
6382,9,25,rld,15:07:23.363,55601,0.191,0.034,0.086,0.000,0.000,activeTracking,noEvent
6382,9,25,rld,15:07:23.419,55602,0.253,0.034,0.086,0.000,0.000,activeTracking,noEvent
6382,9,25,rld,15:07:23.485,55603,0.305,0.034,0.086,0.000,0.000,activeTracking,noEvent
6382,9,25,rld,15:07:23.614,55604,0.421,0.056,0.086,0.200,0.000,activeTracking,noEvent
6382,9,25,rld,15:07:23.762,55605,0.572,0.718,0.052,5.800,-0.300,activeTracking,noEvent
6382,9,25,rld,15:07:23.894,55606,0.716,1.178,0.030,2.100,-0.100,activeTracking,noEvent
6382,9,25,rld,15:07:23.950,55607,0.771,1.368,0.023,0.300,0.000,activeTracking,noEvent
6382,9,25,rld,15:07:24.046,55608,0.869,1.488,-0.013,0.500,-0.300,activeTracking,noEvent
6382,9,25,rld,15:07:24.099,55609,0.932,1.563,-0.037,0.300,-0.100,activeTracking,noEvent
6382,9,25,rld,15:07:24.175,55610,0.999,1.623,-0.068,0.300,-0.200,activeTracking,noEvent
6382,9,25,rld,15:07:24.238,55611,1.066,1.689,-0.078,0.400,0.000,activeTracking,noEvent
6382,9,25,rld,15:07:24.304,55612,1.122,1.735,-0.081,0.200,0.000,activeTracking,noEvent
6382,9,25,rld,15:07:24.358,55613,1.191,1.750,-0.082,0.000,0.000,activeTracking,noEvent
6382,9,25,rld,15:07:24.481,55614,1.291,1.977,-0.083,1.900,0.000,activeTracking,noEvent
6382,9,25,rld,15:07:24.551,55615,1.384,2.147,-0.083,0.800,0.000,activeTracking,noEvent
6382,9,25,rld,15:07:24.633,55616,1.457,2.275,-0.071,0.600,0.100,activeTracking,noEvent
6382,9,25,rld,15:07:24.731,55617,1.549,2.461,-0.021,1.200,0.400,onTarget,noEvent
6382,9,25,rld,15:07:24.815,55618,1.640,2.548,0.008,0.200,0.100,onTarget,noEvent
6382,9,25,rld,15:07:24.980,55619,1.790,2.795,0.053,1.800,0.300,onTarget,noEvent
6382,9,25,rld,15:07:25.086,55620,1.903,3.187,0.212,2.500,1.200,activeTracking,noEvent
6382,9,25,rld,15:07:25.137,55621,1.971,3.332,0.267,0.100,0.000,activeTracking,noEvent
6382,9,25,rld,15:07:25.184,55622,2.013,3.381,0.285,0.000,0.000,activeTracking,noEvent
6382,9,25,rld,15:07:25.229,55623,2.064,3.397,0.291,0.000,0.000,activeTracking,noEvent
6382,9,25,rld,15:07:25.286,55624,2.115,3.390,0.293,-0.100,0.000,activeTracking,noEvent
6382,9,25,rld,15:07:25.363,55625,2.191,3.350,0.269,-0.300,-0.200,activeTracking,noEvent
6382,9,25,rld,15:07:25.425,55626,2.254,3.336,0.249,0.000,-0.100,activeTracking,noEvent
6382,9,25,rld,15:07:25.467,55627,2.299,3.332,0.243,0.000,0.000,activeTracking,noEvent
6382,9,25,rld,15:07:25.530,55628,2.353,3.330,0.240,0.000,0.000,activeTracking,noEvent
6382,9,25,rld,15:07:25.583,55629,2.403,3.330,0.240,0.000,0.000,activeTracking,noEvent
6382,9,25,rld,15:07:25.646,55630,2.469,3.330,0.239,0.000,0.000,activeTracking,noEvent
6382,9,25,rld,15:07:25.754,55631,2.551,3.292,0.227,-0.300,-0.100,activeTracking,noEvent
6382,9,25,rld,15:07:25.864,55632,2.692,3.217,0.151,-0.500,-0.600,activeTracking,noEvent
6382,9,25,rld,15:07:25.937,55633,2.772,3.179,0.102,-0.100,-0.200,activeTracking,noEvent
6382,9,25,rld,15:07:26.014,55634,2.836,3.142,0.062,-0.200,-0.200,activeTracking,noEvent
6382,9,25,rld,15:07:26.097,55635,2.922,3.105,0.025,-0.200,-0.200,activeTracking,noEvent
6382,9,25,rld,15:07:26.169,55636,3.001,3.068,-0.023,-0.200,-0.300,activeTracking,noEvent
6382,9,25,rld,15:07:26.233,55637,3.063,3.030,-0.039,-0.200,0.000,onTarget,noEvent
6382,9,25,rld,15:07:26.290,55638,3.119,3.006,-0.044,-0.100,0.000,onTarget,noEvent
6382,9,25,rld,15:07:26.353,55639,3.185,2.985,-0.046,-0.100,0.000,onTarget,noEvent
6382,9,25,rld,15:07:26.420,55640,3.253,2.941,-0.047,-0.300,0.000,onTarget,noEvent
6382,9,25,rld,15:07:26.516,55641,3.321,2.890,-0.047,-0.300,0.000,onTarget,noEvent
6382,9,25,rld,15:07:26.607,55642,3.438,2.800,-0.024,-0.600,0.200,onTarget,noEvent
6382,9,25,rld,15:07:26.661,55643,3.495,2.770,0.007,0.000,0.200,onTarget,noEvent
6382,9,25,rld,15:07:26.786,55644,3.606,2.760,0.064,0.000,0.400,onTarget,targetClick
6382,9,26,rld,15:07:31.303,55710,3.681,0.051,0.085,0.000,0.000,waitingForTarget,middleTargetClick
6382,9,26,rld,15:07:31.361,55711,3.742,0.051,0.086,0.000,0.000,waitingForTarget,noEvent
6382,9,26,rld,15:07:31.426,55712,3.811,0.051,0.086,0.000,0.000,waitingForTarget,noEvent
6382,9,26,rld,15:07:31.469,55713,3.855,0.051,0.086,0.000,0.000,waitingForTarget,noEvent
6382,9,26,rld,15:07:31.515,55714,3.890,0.051,0.086,0.000,0.000,waitingForTarget,noEvent
6382,9,26,rld,15:07:31.554,55715,3.931,0.051,0.086,0.000,0.000,waitingForTarget,noEvent
6382,9,26,rld,15:07:31.598,55716,3.982,0.051,0.086,0.000,0.000,waitingForTarget,noEvent
6382,9,26,rld,15:07:31.760,55720,0.037,0.051,0.086,0.000,0.000,activeTracking,targetAppeared
6382,9,26,rld,15:07:31.815,55721,0.098,0.051,0.086,0.000,0.000,activeTracking,noEvent
6382,9,26,rld,15:07:31.877,55722,0.148,0.051,0.086,0.000,0.000,activeTracking,noEvent
6382,9,26,rld,15:07:31.927,55723,0.198,0.051,0.086,0.000,0.000,activeTracking,noEvent
6382,9,26,rld,15:07:31.983,55724,0.248,0.051,0.086,0.000,0.000,activeTracking,noEvent
6382,9,26,rld,15:07:32.033,55725,0.311,0.051,0.086,0.000,0.000,activeTracking,noEvent
6382,9,26,rld,15:07:32.200,55726,0.471,0.535,0.075,4.300,-0.100,activeTracking,noEvent
6382,9,26,rld,15:07:32.260,55727,0.531,0.765,0.071,0.600,0.000,activeTracking,noEvent
6382,9,26,rld,15:07:32.315,55728,0.588,0.842,0.070,0.000,0.000,activeTracking,noEvent
6382,9,26,rld,15:07:32.397,55729,0.662,0.799,0.070,-0.600,0.000,activeTracking,noEvent
6382,9,26,rld,15:07:32.502,55730,0.753,0.243,0.080,-4.800,0.100,activeTracking,noEvent
6382,9,26,rld,15:07:32.663,55731,0.911,-0.561,0.095,-5.500,0.100,activeTracking,noEvent
6382,9,26,rld,15:07:32.830,55732,1.058,-1.091,0.101,-2.300,0.000,activeTracking,noEvent
6382,9,26,rld,15:07:32.971,55733,1.192,-1.511,0.104,-2.100,0.000,activeTracking,noEvent
6382,9,26,rld,15:07:33.049,55734,1.319,-1.826,0.106,-1.500,0.000,activeTracking,noEvent
6382,9,26,rld,15:07:33.146,55735,1.418,-1.979,0.130,-0.400,0.200,activeTracking,noEvent
6382,9,26,rld,15:07:33.275,55736,1.553,-2.195,0.173,-1.400,0.300,activeTracking,noEvent
6382,9,26,rld,15:07:33.344,55737,1.621,-2.291,0.188,-0.200,0.000,activeTracking,noEvent
6382,9,26,rld,15:07:33.403,55738,1.672,-2.347,0.193,-0.200,0.000,activeTracking,noEvent
6382,9,26,rld,15:07:33.453,55739,1.731,-2.378,0.195,-0.100,0.000,activeTracking,noEvent
6382,9,26,rld,15:07:33.534,55740,1.800,-2.424,0.207,-0.300,0.100,onTarget,noEvent
6382,9,26,rld,15:07:33.606,55741,1.872,-2.487,0.235,-0.400,0.200,onTarget,noEvent
6382,9,26,rld,15:07:33.664,55742,1.946,-2.532,0.245,-0.200,0.000,onTarget,noEvent
6382,9,26,rld,15:07:33.711,55743,1.994,-2.559,0.248,-0.100,0.000,onTarget,noEvent
6382,9,26,rld,15:07:33.762,55744,2.046,-2.568,0.249,0.000,0.000,onTarget,noEvent
6382,9,26,rld,15:07:33.835,55745,2.113,-2.571,0.249,0.000,0.000,onTarget,noEvent
6382,9,26,rld,15:07:33.884,55746,2.168,-2.572,0.249,0.000,0.000,onTarget,noEvent
6382,9,26,rld,15:07:33.977,55747,2.247,-2.573,0.203,0.000,-0.400,onTarget,noEvent
6382,9,26,rld,15:07:34.033,55748,2.315,-2.573,0.164,0.000,-0.200,onTarget,noEvent
6382,9,26,rld,15:07:34.074,55749,2.354,-2.561,0.151,0.100,0.000,onTarget,noEvent
6382,9,26,rld,15:07:34.132,55750,2.404,-2.557,0.147,0.000,0.000,onTarget,noEvent
6382,9,26,rld,15:07:34.184,55751,2.462,-2.544,0.145,0.100,0.000,onTarget,noEvent
6382,9,26,rld,15:07:34.243,55752,2.517,-2.527,0.145,0.100,0.000,onTarget,noEvent
6382,9,26,rld,15:07:34.300,55753,2.577,-2.522,0.144,0.000,0.000,onTarget,targetClick
6382,9,27,rld,15:07:36.807,55790,2.645,0.118,0.103,0.000,0.000,waitingForTarget,middleTargetClick
6382,9,27,rld,15:07:36.882,55791,2.712,0.118,0.103,0.000,0.000,waitingForTarget,noEvent
6382,9,27,rld,15:07:36.943,55792,2.781,0.118,0.103,0.000,0.000,waitingForTarget,noEvent
6382,9,27,rld,15:07:36.996,55793,2.836,0.118,0.103,0.000,0.000,waitingForTarget,noEvent
6382,9,27,rld,15:07:37.036,55794,2.881,0.118,0.103,0.000,0.000,waitingForTarget,noEvent
6382,9,27,rld,15:07:37.076,55795,2.919,0.118,0.103,0.000,0.000,waitingForTarget,noEvent
6382,9,27,rld,15:07:37.122,55796,2.964,0.118,0.103,0.000,0.000,waitingForTarget,noEvent
6382,9,27,rld,15:07:37.157,55797,2.998,0.118,0.103,0.000,0.000,waitingForTarget,noEvent
6382,9,27,rld,15:07:37.188,55798,3.033,0.118,0.103,0.000,0.000,waitingForTarget,noEvent
6382,9,27,rld,15:07:37.233,55799,3.069,0.118,0.103,0.000,0.000,waitingForTarget,noEvent
6382,9,27,rld,15:07:37.269,55800,0.047,0.118,0.103,0.000,0.000,activeTracking,targetAppeared
6382,9,27,rld,15:07:37.315,55801,0.093,0.118,0.103,0.000,0.000,activeTracking,noEvent
6382,9,27,rld,15:07:37.360,55802,0.134,0.118,0.103,0.000,0.000,activeTracking,noEvent
6382,9,27,rld,15:07:37.404,55803,0.176,0.118,0.103,0.000,0.000,activeTracking,noEvent
6382,9,27,rld,15:07:37.453,55804,0.225,0.118,0.103,0.000,0.000,activeTracking,noEvent
6382,9,27,rld,15:07:37.516,55805,0.293,0.118,0.103,0.000,0.000,activeTracking,noEvent
6382,9,27,rld,15:07:37.582,55806,0.345,0.118,0.103,0.000,0.000,activeTracking,noEvent
6382,9,27,rld,15:07:37.636,55807,0.407,0.118,0.103,0.000,0.000,activeTracking,noEvent
6382,9,27,rld,15:07:37.935,55808,0.623,0.795,0.024,6.000,-0.700,activeTracking,noEvent
6382,9,27,rld,15:07:38.050,55809,0.807,1.376,-0.013,3.100,-0.100,activeTracking,noEvent
6382,9,27,rld,15:07:38.131,55810,0.884,1.618,-0.037,0.400,-0.100,activeTracking,noEvent
6382,9,27,rld,15:07:38.246,55811,1.007,1.804,-0.090,0.900,-0.400,activeTracking,noEvent
6382,9,27,rld,15:07:38.300,55812,1.076,1.889,-0.108,0.200,0.000,activeTracking,noEvent
6382,9,27,rld,15:07:38.401,55813,1.167,1.953,-0.114,0.300,0.000,activeTracking,noEvent
6382,9,27,rld,15:07:38.454,55814,1.217,1.974,-0.116,0.000,0.000,activeTracking,noEvent
6382,9,27,rld,15:07:38.537,55815,1.296,2.005,-0.094,0.200,0.200,activeTracking,noEvent
6382,9,27,rld,15:07:38.650,55816,1.427,2.192,-0.029,1.500,0.500,activeTracking,noEvent
6382,9,27,rld,15:07:38.720,55817,1.494,2.278,-0.007,0.200,0.000,activeTracking,noEvent
6382,9,27,rld,15:07:38.779,55818,1.550,2.343,0.012,0.300,0.100,onTarget,noEvent
6382,9,27,rld,15:07:38.874,55819,1.633,2.448,0.042,0.700,0.200,onTarget,noEvent
6382,9,27,rld,15:07:38.953,55820,1.707,2.519,0.052,0.300,0.000,onTarget,noEvent
6382,9,27,rld,15:07:39.063,55821,1.821,2.640,0.091,0.800,0.300,onTarget,noEvent
6382,9,27,rld,15:07:39.187,55822,1.949,2.704,0.127,0.200,0.200,onTarget,noEvent
6382,9,27,rld,15:07:39.227,55823,2.003,2.726,0.140,0.000,0.000,onTarget,noEvent
6382,9,27,rld,15:07:39.275,55824,2.047,2.733,0.144,0.000,0.000,onTarget,noEvent
6382,9,27,rld,15:07:39.349,55825,2.116,2.747,0.122,0.100,-0.200,onTarget,noEvent
6382,9,27,rld,15:07:39.443,55826,2.215,2.813,0.091,0.500,-0.200,onTarget,noEvent
6382,9,27,rld,15:07:39.504,55827,2.273,2.860,0.081,0.200,0.000,onTarget,noEvent
6382,9,27,rld,15:07:39.544,55828,2.316,2.875,0.078,0.000,0.000,onTarget,noEvent
6382,9,27,rld,15:07:39.611,55829,2.384,2.868,0.053,-0.100,-0.200,onTarget,noEvent
6382,9,27,rld,15:07:39.685,55830,2.451,2.853,0.045,-0.100,0.000,onTarget,noEvent
6382,9,27,rld,15:07:39.748,55831,2.515,2.812,0.019,-0.300,-0.200,onTarget,noEvent
6382,9,27,rld,15:07:39.877,55832,2.648,2.749,-0.037,-0.400,-0.400,onTarget,noEvent
6382,9,27,rld,15:07:39.939,55833,2.716,2.716,-0.056,-0.100,0.000,onTarget,noEvent
6382,9,27,rld,15:07:39.985,55834,2.762,2.705,-0.062,0.000,0.000,onTarget,noEvent
6382,9,27,rld,15:07:40.031,55835,2.807,2.702,-0.064,0.000,0.000,onTarget,noEvent
6382,9,27,rld,15:07:40.080,55836,2.855,2.701,-0.065,0.000,0.000,onTarget,noEvent
6382,9,27,rld,15:07:40.172,55837,2.931,2.700,-0.065,0.000,0.000,onTarget,noEvent
6382,9,27,rld,15:07:40.233,55838,3.000,2.700,-0.065,0.000,0.000,onTarget,noEvent
6382,9,27,rld,15:07:40.326,55839,3.088,2.700,-0.065,0.000,0.000,onTarget,noEvent
6382,9,27,rld,15:07:40.401,55840,3.177,2.700,-0.065,0.000,0.000,onTarget,targetClick
6382,9,28,rld,15:07:43.145,55878,3.229,0.017,0.001,0.000,0.000,waitingForTarget,middleTargetClick
6382,9,28,rld,15:07:43.195,55879,3.284,0.017,0.001,0.000,0.000,waitingForTarget,noEvent
6382,9,28,rld,15:07:43.239,55880,3.336,0.017,0.001,0.000,0.000,waitingForTarget,noEvent
6382,9,28,rld,15:07:43.309,55881,3.395,0.017,0.001,0.000,0.000,waitingForTarget,noEvent
6382,9,28,rld,15:07:43.365,55882,3.461,0.017,0.001,0.000,0.000,waitingForTarget,noEvent
6382,9,28,rld,15:07:43.399,55883,3.498,0.017,0.001,0.000,0.000,waitingForTarget,noEvent
6382,9,28,rld,15:07:43.431,55884,3.528,0.017,0.001,0.000,0.000,waitingForTarget,noEvent
6382,9,28,rld,15:07:43.478,55885,3.569,0.017,0.001,0.000,0.000,waitingForTarget,noEvent
6382,9,28,rld,15:07:43.507,55886,3.603,0.017,0.001,0.000,0.000,waitingForTarget,noEvent
6382,9,28,rld,15:07:43.549,55887,3.642,0.017,0.001,0.000,0.000,waitingForTarget,noEvent
6382,9,28,rld,15:07:43.597,55888,0.042,0.017,0.001,0.000,0.000,activeTracking,targetAppeared
6382,9,28,rld,15:07:43.646,55889,0.089,0.017,0.001,0.000,0.000,activeTracking,noEvent
6382,9,28,rld,15:07:43.696,55890,0.151,0.017,0.001,0.000,0.000,activeTracking,noEvent
6382,9,28,rld,15:07:43.742,55891,0.192,0.017,0.001,0.000,0.000,activeTracking,noEvent
6382,9,28,rld,15:07:43.795,55892,0.234,0.017,0.001,0.000,0.000,activeTracking,noEvent
6382,9,28,rld,15:07:43.852,55893,0.304,0.017,0.001,0.000,0.000,activeTracking,noEvent
6382,9,28,rld,15:07:43.892,55894,0.343,0.017,0.001,0.000,0.000,activeTracking,noEvent
6382,9,28,rld,15:07:43.927,55895,0.383,0.017,0.001,0.000,0.000,activeTracking,noEvent
6382,9,28,rld,15:07:44.006,55896,0.459,0.017,0.001,0.000,0.000,activeTracking,noEvent
6382,9,28,rld,15:07:44.026,55897,0.482,0.017,0.001,0.000,0.000,activeTracking,noEvent
6382,9,28,rld,15:07:44.081,55898,0.535,0.017,0.001,0.000,0.000,activeTracking,noEvent
6382,9,28,rld,15:07:44.128,55899,0.583,0.017,0.001,0.000,0.000,activeTracking,noEvent
6382,9,28,rld,15:07:44.167,55900,0.623,0.017,0.001,0.000,0.000,activeTracking,noEvent
6382,9,28,rld,15:07:44.302,55901,0.739,-0.107,0.001,-1.100,0.000,activeTracking,noEvent
6382,9,28,rld,15:07:44.430,55902,0.844,-0.407,0.001,-2.300,0.000,activeTracking,noEvent
6382,9,28,rld,15:07:44.584,55903,1.028,-0.790,0.002,-2.500,0.000,activeTracking,noEvent
6382,9,28,rld,15:07:44.726,55904,1.172,-1.043,0.002,-1.100,0.000,activeTracking,noEvent
6382,9,28,rld,15:07:44.933,55905,1.331,-1.425,0.105,-2.600,0.900,activeTracking,noEvent
6382,9,28,rld,15:07:45.100,55906,1.537,-1.820,0.209,-2.300,0.600,activeTracking,noEvent
6382,9,28,rld,15:07:45.183,55907,1.624,-2.012,0.268,-0.500,0.200,activeTracking,noEvent
6382,9,28,rld,15:07:45.241,55908,1.687,-2.112,0.311,-0.300,0.200,activeTracking,noEvent
6382,9,28,rld,15:07:45.337,55909,1.792,-2.216,0.349,-0.600,0.200,activeTracking,noEvent
6382,9,28,rld,15:07:45.463,55910,1.871,-2.334,0.386,-0.700,0.200,activeTracking,noEvent
6382,9,28,rld,15:07:45.539,55911,1.986,-2.445,0.423,-0.600,0.200,activeTracking,noEvent
6382,9,28,rld,15:07:45.614,55912,2.060,-2.494,0.435,-0.100,0.000,activeTracking,noEvent
6382,9,28,rld,15:07:45.662,55913,2.114,-2.511,0.427,0.000,-0.100,activeTracking,noEvent
6382,9,28,rld,15:07:45.717,55914,2.165,-2.516,0.413,0.000,-0.100,activeTracking,noEvent
6382,9,28,rld,15:07:45.776,55915,2.226,-2.506,0.385,0.100,-0.200,activeTracking,noEvent
6382,9,28,rld,15:07:45.882,55916,2.332,-2.490,0.329,0.100,-0.400,activeTracking,noEvent
6382,9,28,rld,15:07:45.960,55917,2.394,-2.485,0.229,0.000,-0.700,onTarget,noEvent
6382,9,28,rld,15:07:46.047,55918,2.500,-2.484,0.126,0.000,-0.600,onTarget,noEvent
6382,9,28,rld,15:07:46.116,55919,2.572,-2.483,0.068,0.000,-0.200,onTarget,noEvent
6382,9,28,rld,15:07:46.165,55920,2.615,-2.483,0.049,0.000,0.000,onTarget,noEvent
6382,9,28,rld,15:07:46.235,55921,2.684,-2.483,0.031,0.000,-0.100,onTarget,noEvent
6382,9,28,rld,15:07:46.360,55922,2.808,-2.591,-0.045,-0.900,-0.600,onTarget,noEvent
6382,9,28,rld,15:07:46.409,55923,2.862,-2.664,-0.070,-0.300,0.000,onTarget,noEvent
6382,9,28,rld,15:07:46.461,55924,2.914,-2.712,-0.078,-0.200,0.000,onTarget,noEvent
6382,9,28,rld,15:07:46.512,55925,2.962,-2.728,-0.081,0.000,0.000,onTarget,noEvent
6382,9,28,rld,15:07:46.562,55926,3.010,-2.734,-0.082,0.000,0.000,onTarget,noEvent
6382,9,28,rld,15:07:46.661,55927,3.083,-2.760,-0.047,-0.200,0.300,onTarget,noEvent
6382,9,28,rld,15:07:46.729,55928,3.171,-2.805,0.011,-0.300,0.400,onTarget,noEvent
6382,9,28,rld,15:07:46.774,55929,3.223,-2.820,0.043,0.000,0.100,onTarget,noEvent
6382,9,28,rld,15:07:46.841,55930,3.292,-2.825,0.053,0.000,0.000,onTarget,noEvent
6382,9,28,rld,15:07:46.885,55931,3.339,-2.827,0.057,0.000,0.000,onTarget,noEvent
6382,9,28,rld,15:07:46.944,55932,3.386,-2.815,0.058,0.100,0.000,onTarget,noEvent
6382,9,28,rld,15:07:47.001,55933,3.457,-2.787,0.058,0.200,0.000,onTarget,noEvent
6382,9,28,rld,15:07:47.046,55934,3.498,-2.777,0.058,0.000,0.000,onTarget,noEvent
6382,9,28,rld,15:07:47.105,55935,3.544,-2.774,0.058,0.000,0.000,onTarget,noEvent
6382,9,28,rld,15:07:47.149,55936,3.601,-2.773,0.058,0.000,0.000,onTarget,noEvent
6382,9,28,rld,15:07:47.216,55937,3.661,-2.773,0.058,0.000,0.000,onTarget,targetClick
6382,9,29,rld,15:07:50.046,55982,3.759,0.084,0.001,0.000,0.000,waitingForTarget,middleTargetClick
6382,9,29,rld,15:07:50.102,55983,3.838,0.084,0.001,0.000,0.000,waitingForTarget,noEvent
6382,9,29,rld,15:07:50.177,55984,3.909,0.084,0.001,0.000,0.000,waitingForTarget,noEvent
6382,9,29,rld,15:07:50.225,55985,3.965,0.084,0.001,0.000,0.000,waitingForTarget,noEvent
6382,9,29,rld,15:07:50.249,55986,3.992,0.084,0.001,0.000,0.000,waitingForTarget,noEvent
6382,9,29,rld,15:07:50.467,55991,0.040,0.084,0.001,0.000,0.000,activeTracking,targetAppeared
6382,9,29,rld,15:07:50.502,55992,0.074,0.084,0.001,0.000,0.000,activeTracking,noEvent
6382,9,29,rld,15:07:50.549,55993,0.113,0.084,0.001,0.000,0.000,activeTracking,noEvent
6382,9,29,rld,15:07:50.594,55994,0.163,0.084,0.001,0.000,0.000,activeTracking,noEvent
6382,9,29,rld,15:07:50.635,55995,0.212,0.084,0.001,0.000,0.000,activeTracking,noEvent
6382,9,29,rld,15:07:50.684,55996,0.260,0.084,0.001,0.000,0.000,activeTracking,noEvent
6382,9,29,rld,15:07:50.731,55997,0.306,0.084,0.001,0.000,0.000,activeTracking,noEvent
6382,9,29,rld,15:07:50.769,55998,0.338,0.084,0.001,0.000,0.000,activeTracking,noEvent
6382,9,29,rld,15:07:50.864,55999,0.425,0.084,0.001,0.000,0.000,activeTracking,noEvent
6382,9,29,rld,15:07:50.920,56000,0.480,0.084,0.001,0.000,0.000,activeTracking,noEvent
6382,9,29,rld,15:07:50.967,56001,0.544,0.084,0.001,0.000,0.000,activeTracking,noEvent
6382,9,29,rld,15:07:51.151,56002,0.677,0.886,-0.066,7.100,-0.600,activeTracking,noEvent
6382,9,29,rld,15:07:51.281,56003,0.842,1.464,-0.100,2.700,-0.100,activeTracking,noEvent
6382,9,29,rld,15:07:51.335,56004,0.911,1.752,-0.123,0.800,-0.100,activeTracking,noEvent
6382,9,29,rld,15:07:51.407,56005,0.978,1.895,-0.142,0.400,-0.100,activeTracking,noEvent
6382,9,29,rld,15:07:51.475,56006,1.039,1.955,-0.148,0.100,0.000,activeTracking,noEvent
6382,9,29,rld,15:07:51.535,56007,1.105,2.010,-0.151,0.300,0.000,activeTracking,noEvent
6382,9,29,rld,15:07:51.596,56008,1.163,2.040,-0.151,0.100,0.000,activeTracking,noEvent
6382,9,29,rld,15:07:51.675,56009,1.245,2.109,-0.152,0.500,0.000,activeTracking,noEvent
6382,9,29,rld,15:07:51.816,56010,1.345,2.203,-0.140,0.600,0.100,activeTracking,noEvent
6382,9,29,rld,15:07:51.895,56011,1.444,2.365,-0.102,1.100,0.300,onTarget,noEvent
6382,9,29,rld,15:07:51.955,56012,1.525,2.456,-0.066,0.300,0.200,onTarget,noEvent
6382,9,29,rld,15:07:52.019,56013,1.592,2.510,-0.054,0.200,0.000,onTarget,noEvent
6382,9,29,rld,15:07:52.107,56014,1.679,2.612,-0.015,0.700,0.300,onTarget,noEvent
6382,9,29,rld,15:07:52.218,56015,1.768,2.695,0.022,0.400,0.200,onTarget,noEvent
6382,9,29,rld,15:07:52.292,56016,1.862,2.832,0.082,0.900,0.400,onTarget,noEvent
6382,9,29,rld,15:07:52.355,56017,1.926,2.890,0.113,0.100,0.100,onTarget,noEvent
6382,9,29,rld,15:07:52.414,56018,1.973,2.910,0.124,0.000,0.000,onTarget,noEvent
6382,9,29,rld,15:07:52.457,56019,2.031,2.916,0.127,0.000,0.000,onTarget,noEvent
6382,9,29,rld,15:07:52.517,56020,2.080,2.918,0.129,0.000,0.000,onTarget,noEvent
6382,9,29,rld,15:07:52.576,56021,2.142,2.919,0.129,0.000,0.000,onTarget,noEvent
6382,9,29,rld,15:07:52.636,56022,2.202,2.919,0.117,0.000,-0.100,onTarget,noEvent
6382,9,29,rld,15:07:52.700,56023,2.265,2.920,0.114,0.000,0.000,onTarget,noEvent
6382,9,29,rld,15:07:52.775,56024,2.335,2.920,0.112,0.000,0.000,onTarget,targetClick
6382,9,30,rld,15:07:55.992,56077,2.401,-0.017,0.255,0.000,0.000,waitingForTarget,middleTargetClick
6382,9,30,rld,15:07:56.050,56078,2.449,-0.017,0.255,0.000,0.000,waitingForTarget,noEvent
6382,9,30,rld,15:07:56.097,56079,2.503,-0.017,0.255,0.000,0.000,waitingForTarget,noEvent
6382,9,30,rld,15:07:56.149,56080,2.569,-0.017,0.255,0.000,0.000,waitingForTarget,noEvent
6382,9,30,rld,15:07:56.181,56081,2.601,-0.017,0.255,0.000,0.000,waitingForTarget,noEvent
6382,9,30,rld,15:07:56.226,56082,2.637,-0.017,0.255,0.000,0.000,waitingForTarget,noEvent
6382,9,30,rld,15:07:56.262,56083,2.675,-0.017,0.255,0.000,0.000,waitingForTarget,noEvent
6382,9,30,rld,15:07:56.299,56084,2.717,-0.017,0.255,0.000,0.000,waitingForTarget,noEvent
6382,9,30,rld,15:07:56.335,56085,2.750,-0.017,0.255,0.000,0.000,waitingForTarget,noEvent
6382,9,30,rld,15:07:56.377,56086,2.786,-0.017,0.255,0.000,0.000,waitingForTarget,noEvent
6382,9,30,rld,15:07:56.412,56087,2.824,-0.017,0.255,0.000,0.000,waitingForTarget,noEvent
6382,9,30,rld,15:07:56.445,56088,0.040,-0.017,0.255,0.000,0.000,activeTracking,targetAppeared
6382,9,30,rld,15:07:56.503,56089,0.099,-0.017,0.255,0.000,0.000,activeTracking,noEvent
6382,9,30,rld,15:07:56.550,56090,0.142,-0.017,0.255,0.000,0.000,activeTracking,noEvent
6382,9,30,rld,15:07:56.596,56091,0.192,-0.017,0.255,0.000,0.000,activeTracking,noEvent
6382,9,30,rld,15:07:56.627,56092,0.223,-0.017,0.255,0.000,0.000,activeTracking,noEvent
6382,9,30,rld,15:07:56.702,56093,0.283,-0.017,0.255,0.000,0.000,activeTracking,noEvent
6382,9,30,rld,15:07:56.751,56094,0.346,-0.017,0.255,0.000,0.000,activeTracking,noEvent
6382,9,30,rld,15:07:56.801,56095,0.396,-0.017,0.255,0.000,0.000,activeTracking,noEvent
6382,9,30,rld,15:07:56.858,56096,0.454,-0.017,0.255,0.000,0.000,activeTracking,noEvent
6382,9,30,rld,15:07:56.907,56097,0.493,-0.017,0.255,0.000,0.000,activeTracking,noEvent
6382,9,30,rld,15:07:56.939,56098,0.532,-0.017,0.255,0.000,0.000,activeTracking,noEvent
6382,9,30,rld,15:07:56.986,56099,0.574,-0.017,0.255,0.000,0.000,activeTracking,noEvent
6382,9,30,rld,15:07:57.025,56100,0.621,-0.017,0.255,0.000,0.000,activeTracking,noEvent
6382,9,30,rld,15:07:57.084,56101,0.670,-0.017,0.255,0.000,0.000,activeTracking,noEvent
6382,9,30,rld,15:07:57.144,56102,0.732,-0.017,0.255,0.000,0.000,activeTracking,noEvent
6382,9,30,rld,15:07:57.263,56103,0.858,0.840,0.426,7.600,1.500,activeTracking,noEvent
6382,9,30,rld,15:07:57.311,56104,0.901,1.174,0.496,0.400,0.100,activeTracking,noEvent
6382,9,30,rld,15:07:57.413,56105,0.990,1.343,0.520,0.500,0.000,activeTracking,noEvent
6382,9,30,rld,15:07:57.459,56106,1.051,1.434,0.528,0.300,0.000,activeTracking,noEvent
6382,9,30,rld,15:07:57.526,56107,1.121,1.499,0.532,0.300,0.000,activeTracking,noEvent
6382,9,30,rld,15:07:57.602,56108,1.193,1.578,0.522,0.500,-0.100,activeTracking,noEvent
6382,9,30,rld,15:07:57.696,56109,1.282,1.686,0.485,0.700,-0.300,activeTracking,noEvent
6382,9,30,rld,15:07:57.765,56110,1.351,1.745,0.473,0.200,0.000,activeTracking,noEvent
6382,9,30,rld,15:07:57.851,56111,1.446,1.788,0.446,0.200,-0.200,activeTracking,noEvent
6382,9,30,rld,15:07:57.927,56112,1.517,1.826,0.415,0.200,-0.200,activeTracking,noEvent
6382,9,30,rld,15:07:58.059,56113,1.632,1.979,0.325,1.200,-0.700,activeTracking,noEvent
6382,9,30,rld,15:07:58.197,56114,1.745,2.124,0.249,0.800,-0.400,activeTracking,noEvent
6382,9,30,rld,15:07:58.277,56115,1.859,2.220,0.201,0.400,-0.200,activeTracking,noEvent
6382,9,30,rld,15:07:58.365,56116,1.953,2.407,0.117,1.300,-0.600,onTarget,noEvent
6382,9,30,rld,15:07:58.456,56117,2.033,2.529,0.066,0.500,-0.200,onTarget,noEvent
6382,9,30,rld,15:07:58.578,56118,2.144,2.740,0.002,1.400,-0.400,onTarget,noEvent
6382,9,30,rld,15:07:58.630,56119,2.225,2.860,-0.019,0.400,0.000,onTarget,noEvent
6382,9,30,rld,15:07:58.682,56120,2.275,2.912,-0.026,0.100,0.000,onTarget,noEvent
6382,9,30,rld,15:07:58.734,56121,2.317,2.929,-0.028,0.000,0.000,onTarget,noEvent
6382,9,30,rld,15:07:58.797,56122,2.383,2.947,-0.029,0.100,0.000,onTarget,noEvent
6382,9,30,rld,15:07:58.873,56123,2.459,2.953,-0.029,0.000,0.000,onTarget,noEvent
6382,9,30,rld,15:07:58.906,56124,2.502,2.955,-0.029,0.000,0.000,onTarget,noEvent
6382,9,30,rld,15:07:58.950,56125,2.544,2.956,-0.029,0.000,0.000,onTarget,noEvent
6382,9,30,rld,15:07:59.006,56126,2.602,2.956,-0.029,0.000,0.000,onTarget,noEvent
6382,9,30,rld,15:07:59.064,56127,2.659,2.944,-0.029,-0.100,0.000,onTarget,noEvent
6382,9,30,rld,15:07:59.128,56128,2.713,2.915,-0.029,-0.200,0.000,onTarget,noEvent
6382,9,30,rld,15:07:59.183,56129,2.774,2.906,-0.030,0.000,0.000,onTarget,noEvent
6382,9,30,rld,15:07:59.215,56130,2.811,2.903,-0.030,0.000,0.000,onTarget,noEvent
6382,9,30,rld,15:07:59.261,56131,2.856,2.902,-0.030,0.000,0.000,onTarget,noEvent
6382,9,30,rld,15:07:59.309,56132,2.904,2.901,-0.030,0.000,0.000,onTarget,noEvent
6382,9,30,rld,15:07:59.367,56133,2.949,2.901,-0.030,0.000,0.000,onTarget,noEvent
6382,9,30,rld,15:07:59.410,56134,2.999,2.901,-0.030,0.000,0.000,onTarget,noEvent
6382,9,30,rld,15:07:59.485,56135,3.076,2.852,-0.030,-0.400,0.000,onTarget,noEvent
6382,9,30,rld,15:07:59.557,56136,3.145,2.824,-0.030,-0.100,0.000,onTarget,noEvent
6382,9,30,rld,15:07:59.603,56137,3.184,2.802,-0.030,-0.100,0.000,onTarget,noEvent
6382,9,30,rld,15:07:59.636,56138,3.232,2.795,-0.030,0.000,0.000,onTarget,noEvent
6382,9,30,rld,15:07:59.684,56139,3.272,2.792,-0.030,0.000,0.000,onTarget,noEvent
6382,9,30,rld,15:07:59.727,56140,3.313,2.792,-0.030,0.000,0.000,onTarget,noEvent
6382,9,30,rld,15:07:59.767,56141,3.357,2.791,-0.030,0.000,0.000,onTarget,noEvent
6382,9,30,rld,15:07:59.817,56142,3.409,2.791,-0.030,0.000,0.000,onTarget,noEvent
6382,9,30,rld,15:07:59.862,56143,3.458,2.791,-0.030,0.000,0.000,onTarget,noEvent
6382,9,30,rld,15:07:59.925,56144,3.509,2.791,-0.030,0.000,0.000,onTarget,noEvent
6382,9,30,rld,15:07:59.995,56145,3.589,2.791,-0.030,0.000,0.000,onTarget,targetClick
6382,9,31,rld,15:08:05.373,56220,3.658,-0.017,-0.049,0.000,0.000,waitingForTarget,middleTargetClick
6382,9,31,rld,15:08:05.425,56221,3.717,-0.017,-0.049,0.000,0.000,waitingForTarget,noEvent
6382,9,31,rld,15:08:05.472,56222,3.755,-0.017,-0.049,0.000,0.000,waitingForTarget,noEvent
6382,9,31,rld,15:08:05.521,56223,3.808,-0.017,-0.049,0.000,0.000,waitingForTarget,noEvent
6382,9,31,rld,15:08:05.564,56224,3.852,-0.017,-0.049,0.000,0.000,waitingForTarget,noEvent
6382,9,31,rld,15:08:05.609,56225,3.890,-0.017,-0.049,0.000,0.000,waitingForTarget,noEvent
6382,9,31,rld,15:08:05.644,56226,3.923,-0.017,-0.049,0.000,0.000,waitingForTarget,noEvent
6382,9,31,rld,15:08:05.686,56227,3.971,-0.017,-0.049,0.000,0.000,waitingForTarget,noEvent
6382,9,31,rld,15:08:05.834,56230,0.059,-0.017,-0.049,0.000,0.000,activeTracking,targetAppeared
6382,9,31,rld,15:08:05.884,56231,0.116,-0.017,-0.049,0.000,0.000,activeTracking,noEvent
6382,9,31,rld,15:08:05.917,56232,0.151,-0.017,-0.049,0.000,0.000,activeTracking,noEvent
6382,9,31,rld,15:08:05.960,56233,0.185,-0.017,-0.049,0.000,0.000,activeTracking,noEvent
6382,9,31,rld,15:08:06.001,56234,0.233,-0.017,-0.049,0.000,0.000,activeTracking,noEvent
6382,9,31,rld,15:08:06.026,56235,0.259,-0.017,-0.049,0.000,0.000,activeTracking,noEvent
6382,9,31,rld,15:08:06.065,56236,0.297,-0.017,-0.049,0.000,0.000,activeTracking,noEvent
6382,9,31,rld,15:08:06.115,56237,0.342,-0.017,-0.049,0.000,0.000,activeTracking,noEvent
6382,9,31,rld,15:08:06.163,56238,0.394,-0.017,-0.049,0.000,0.000,activeTracking,noEvent
6382,9,31,rld,15:08:06.200,56239,0.433,-0.017,-0.049,0.000,0.000,activeTracking,noEvent
6382,9,31,rld,15:08:06.251,56240,0.479,-0.017,-0.049,0.000,0.000,activeTracking,noEvent
6382,9,31,rld,15:08:06.295,56241,0.529,-0.017,-0.049,0.000,0.000,activeTracking,noEvent
6382,9,31,rld,15:08:06.344,56242,0.571,-0.017,-0.049,0.000,0.000,activeTracking,noEvent
6382,9,31,rld,15:08:06.376,56243,0.609,-0.017,-0.049,0.000,0.000,activeTracking,noEvent
6382,9,31,rld,15:08:06.462,56244,0.684,-0.017,-0.049,0.000,0.000,activeTracking,noEvent
6382,9,31,rld,15:08:06.534,56245,0.763,-0.017,-0.049,0.000,0.000,activeTracking,noEvent
6382,9,31,rld,15:08:06.574,56246,0.798,-0.017,-0.049,0.000,0.000,activeTracking,noEvent
6382,9,31,rld,15:08:06.641,56247,0.846,-0.017,-0.049,0.000,0.000,activeTracking,noEvent
6382,9,31,rld,15:08:06.845,56248,0.998,-0.920,0.019,-8.000,0.600,activeTracking,noEvent
6382,9,31,rld,15:08:06.975,56249,1.182,-1.695,0.111,-4.100,0.600,activeTracking,noEvent
6382,9,31,rld,15:08:07.161,56250,1.309,-2.265,0.179,-2.600,0.300,activeTracking,noEvent
6382,9,31,rld,15:08:07.263,56251,1.484,-2.772,0.228,-2.600,0.200,onTarget,noEvent
6382,9,31,rld,15:08:07.375,56252,1.599,-3.229,0.296,-2.300,0.400,activeTracking,noEvent
6382,9,31,rld,15:08:07.467,56253,1.687,-3.473,0.332,-0.700,0.100,activeTracking,noEvent
6382,9,31,rld,15:08:07.527,56254,1.760,-3.568,0.344,-0.100,0.000,activeTracking,noEvent
6382,9,31,rld,15:08:07.575,56255,1.807,-3.600,0.349,0.000,0.000,activeTracking,noEvent
6382,9,31,rld,15:08:07.660,56256,1.893,-3.636,0.350,-0.200,0.000,activeTracking,noEvent
6382,9,31,rld,15:08:07.714,56257,1.933,-3.661,0.351,-0.100,0.000,activeTracking,noEvent
6382,9,31,rld,15:08:07.817,56258,2.042,-3.643,0.351,0.200,0.000,activeTracking,noEvent
6382,9,31,rld,15:08:07.985,56259,2.202,-3.522,0.325,0.900,-0.200,activeTracking,noEvent
6382,9,31,rld,15:08:08.151,56260,2.350,-3.068,0.122,3.300,-1.600,activeTracking,noEvent
6382,9,31,rld,15:08:08.326,56261,2.549,-2.664,-0.132,2.100,-1.600,onTarget,noEvent
6382,9,31,rld,15:08:08.398,56262,2.609,-2.495,-0.238,0.300,-0.200,onTarget,noEvent
6382,9,31,rld,15:08:08.461,56263,2.682,-2.427,-0.297,0.100,-0.200,activeTracking,noEvent
6382,9,31,rld,15:08:08.526,56264,2.744,-2.404,-0.328,0.000,-0.100,activeTracking,noEvent
6382,9,31,rld,15:08:08.579,56265,2.810,-2.397,-0.338,0.000,0.000,activeTracking,noEvent
6382,9,31,rld,15:08:08.630,56266,2.849,-2.394,-0.342,0.000,0.000,activeTracking,noEvent
6382,9,31,rld,15:08:08.692,56267,2.919,-2.393,-0.354,0.000,-0.100,activeTracking,noEvent
6382,9,31,rld,15:08:08.751,56268,2.984,-2.393,-0.359,0.000,0.000,activeTracking,noEvent
6382,9,31,rld,15:08:08.868,56269,3.100,-2.393,-0.360,0.000,0.000,activeTracking,noEvent
6382,9,31,rld,15:08:08.943,56270,3.140,-2.393,-0.361,0.000,0.000,activeTracking,noEvent
6382,9,31,rld,15:08:09.047,56271,3.277,-2.477,-0.326,-0.700,0.300,activeTracking,noEvent
6382,9,31,rld,15:08:09.167,56272,3.397,-2.553,-0.245,-0.400,0.600,onTarget,noEvent
6382,9,31,rld,15:08:09.244,56273,3.469,-2.602,-0.149,-0.200,0.600,onTarget,noEvent
6382,9,31,rld,15:08:09.344,56274,3.568,-2.643,-0.023,-0.200,0.800,onTarget,noEvent
6382,9,31,rld,15:08:09.405,56275,3.629,-2.657,0.066,0.000,0.400,onTarget,noEvent
6382,9,31,rld,15:08:09.442,56276,3.670,-2.661,0.107,0.000,0.100,onTarget,noEvent
6382,9,31,rld,15:08:09.501,56277,3.734,-2.651,0.132,0.100,0.100,onTarget,noEvent
6382,9,31,rld,15:08:09.568,56278,3.799,-2.635,0.141,0.100,0.000,onTarget,noEvent
6382,9,31,rld,15:08:09.638,56279,3.865,-2.606,0.155,0.200,0.100,onTarget,noEvent
6382,9,31,rld,15:08:09.701,56280,3.932,-2.572,0.160,0.200,0.000,onTarget,noEvent
6382,9,31,rld,15:08:09.749,56281,3.983,-2.561,0.161,0.000,0.000,onTarget,noEvent
6382,9,32,rld,15:08:13.429,56334,0.049,-0.067,0.238,0.000,0.000,activeTracking,targetAppeared
6382,9,32,rld,15:08:13.465,56335,0.088,-0.067,0.238,0.000,0.000,activeTracking,noEvent
6382,9,32,rld,15:08:13.577,56336,0.199,-0.067,0.238,0.000,0.000,activeTracking,noEvent
6382,9,32,rld,15:08:13.622,56337,0.242,-0.067,0.238,0.000,0.000,activeTracking,noEvent
6382,9,32,rld,15:08:13.667,56338,0.287,-0.067,0.238,0.000,0.000,activeTracking,noEvent
6382,9,32,rld,15:08:13.724,56339,0.338,-0.067,0.238,0.000,0.000,activeTracking,noEvent
6382,9,32,rld,15:08:13.761,56340,0.383,-0.067,0.238,0.000,0.000,activeTracking,noEvent
6382,9,32,rld,15:08:13.837,56341,0.453,-0.067,0.238,0.000,0.000,activeTracking,noEvent
6382,9,32,rld,15:08:13.884,56342,0.505,-0.067,0.238,0.000,0.000,activeTracking,noEvent
6382,9,32,rld,15:08:13.915,56343,0.536,-0.067,0.238,0.000,0.000,activeTracking,noEvent
6382,9,32,rld,15:08:13.950,56344,0.569,-0.067,0.238,0.000,0.000,activeTracking,noEvent
6382,9,32,rld,15:08:13.994,56345,0.613,-0.067,0.238,0.000,0.000,activeTracking,noEvent
6382,9,32,rld,15:08:14.044,56346,0.661,-0.067,0.238,0.000,0.000,activeTracking,noEvent
6382,9,32,rld,15:08:14.080,56347,0.701,-0.067,0.238,0.000,0.000,activeTracking,noEvent
6382,9,32,rld,15:08:14.134,56348,0.752,-0.067,0.238,0.000,0.000,activeTracking,noEvent
6382,9,32,rld,15:08:14.175,56349,0.798,-0.067,0.238,0.000,0.000,activeTracking,noEvent
6382,9,32,rld,15:08:14.234,56350,0.854,-0.067,0.238,0.000,0.000,activeTracking,noEvent
6382,9,32,rld,15:08:14.306,56351,0.918,-0.067,0.238,0.000,0.000,activeTracking,noEvent
6382,9,32,rld,15:08:14.446,56352,1.055,-1.938,0.613,-16.400,3.200,activeTracking,noEvent
6382,9,32,rld,15:08:14.561,56353,1.150,-2.965,0.769,-3.100,0.100,activeTracking,noEvent
6382,9,32,rld,15:08:14.680,56354,1.289,-3.586,0.833,-2.100,0.000,activeTracking,noEvent
6382,9,32,rld,15:08:14.777,56355,1.371,-3.851,0.858,-0.400,0.000,activeTracking,noEvent
6382,9,32,rld,15:08:14.845,56356,1.463,-4.006,0.868,-0.500,0.000,activeTracking,noEvent
6382,9,32,rld,15:08:14.931,56357,1.549,-4.098,0.873,-0.300,0.000,activeTracking,noEvent
6382,9,32,rld,15:08:14.996,56358,1.618,-4.129,0.875,0.000,0.000,activeTracking,noEvent
6382,9,32,rld,15:08:15.124,56359,1.739,-4.086,0.874,0.400,0.000,activeTracking,noEvent
6382,9,32,rld,15:08:15.334,56360,1.941,-3.732,0.740,2.600,-1.000,activeTracking,noEvent
6382,9,32,rld,15:08:15.482,56361,2.049,-3.311,0.545,2.400,-1.200,activeTracking,noEvent
6382,9,32,rld,15:08:15.646,56362,2.239,-2.987,0.254,1.500,-1.900,activeTracking,noEvent
6382,9,32,rld,15:08:15.724,56363,2.331,-2.771,-0.030,0.900,-1.600,onTarget,noEvent
6382,9,32,rld,15:08:15.848,56364,2.430,-2.675,-0.205,0.200,-0.700,onTarget,noEvent
6382,9,32,rld,15:08:15.897,56365,2.514,-2.631,-0.287,0.100,-0.200,onTarget,noEvent
6382,9,32,rld,15:08:15.947,56366,2.557,-2.616,-0.314,0.000,0.000,onTarget,noEvent
6382,9,32,rld,15:08:16.009,56367,2.620,-2.612,-0.323,0.000,0.000,onTarget,noEvent
6382,9,32,rld,15:08:16.055,56368,2.668,-2.610,-0.326,0.000,0.000,onTarget,noEvent
6382,9,32,rld,15:08:16.100,56369,2.712,-2.609,-0.327,0.000,0.000,onTarget,noEvent
6382,9,32,rld,15:08:16.146,56370,2.767,-2.609,-0.327,0.000,0.000,onTarget,noEvent
6382,9,32,rld,15:08:16.194,56371,2.808,-2.609,-0.327,0.000,0.000,onTarget,noEvent
6382,9,32,rld,15:08:16.257,56372,2.875,-2.609,-0.316,0.000,0.100,onTarget,noEvent
6382,9,32,rld,15:08:16.344,56373,2.965,-2.633,-0.277,-0.200,0.300,onTarget,noEvent
6382,9,32,rld,15:08:16.435,56374,3.057,-2.702,-0.182,-0.500,0.700,onTarget,noEvent
6382,9,32,rld,15:08:16.550,56375,3.169,-2.761,-0.034,-0.300,1.000,onTarget,noEvent
6382,9,32,rld,15:08:16.621,56376,3.237,-2.818,0.098,-0.300,0.700,onTarget,noEvent
6382,9,32,rld,15:08:16.695,56377,3.287,-2.837,0.154,0.000,0.100,onTarget,noEvent
6382,9,32,rld,15:08:16.741,56378,3.363,-2.843,0.172,0.000,0.000,onTarget,noEvent
6382,9,32,rld,15:08:16.814,56379,3.406,-2.845,0.178,0.000,0.000,onTarget,noEvent
6382,9,32,rld,15:08:16.875,56380,3.491,-2.821,0.180,0.200,0.000,onTarget,noEvent
6382,9,32,rld,15:08:16.924,56381,3.540,-2.813,0.181,0.000,0.000,onTarget,noEvent
6382,9,32,rld,15:08:17.094,56382,3.704,-2.786,0.181,0.200,0.000,onTarget,noEvent
6382,9,32,rld,15:08:17.166,56383,3.780,-2.765,0.157,0.100,-0.200,onTarget,noEvent
6382,9,32,rld,15:08:17.242,56384,3.856,-2.734,0.126,0.200,-0.200,onTarget,noEvent
6382,9,32,rld,15:08:17.317,56385,3.929,-2.723,0.092,0.000,-0.200,onTarget,noEvent
6382,9,32,rld,15:08:17.356,56386,3.978,-2.720,0.081,0.000,0.000,onTarget,noEvent
6382,9,33,rld,15:08:20.522,56437,0.051,-0.118,0.221,0.000,0.000,activeTracking,targetAppeared
6382,9,33,rld,15:08:20.561,56438,0.092,-0.118,0.221,0.000,0.000,activeTracking,noEvent
6382,9,33,rld,15:08:20.609,56439,0.141,-0.118,0.221,0.000,0.000,activeTracking,noEvent
6382,9,33,rld,15:08:20.654,56440,0.188,-0.118,0.221,0.000,0.000,activeTracking,noEvent
6382,9,33,rld,15:08:20.708,56441,0.233,-0.118,0.221,0.000,0.000,activeTracking,noEvent
6382,9,33,rld,15:08:20.765,56442,0.290,-0.118,0.221,0.000,0.000,activeTracking,noEvent
6382,9,33,rld,15:08:20.817,56443,0.347,-0.118,0.221,0.000,0.000,activeTracking,noEvent
6382,9,33,rld,15:08:20.862,56444,0.392,-0.118,0.221,0.000,0.000,activeTracking,noEvent
6382,9,33,rld,15:08:20.925,56445,0.452,-0.118,0.221,0.000,0.000,activeTracking,noEvent
6382,9,33,rld,15:08:20.983,56446,0.513,-0.118,0.221,0.000,0.000,activeTracking,noEvent
6382,9,33,rld,15:08:21.038,56447,0.562,-0.118,0.221,0.000,0.000,activeTracking,noEvent
6382,9,33,rld,15:08:21.126,56448,0.641,-0.051,0.232,0.600,0.100,activeTracking,noEvent
6382,9,33,rld,15:08:21.257,56449,0.782,-0.028,0.315,0.000,0.700,activeTracking,noEvent
6382,9,33,rld,15:08:21.427,56450,0.927,-0.765,0.706,-6.600,3.200,activeTracking,noEvent
6382,9,33,rld,15:08:21.525,56451,1.042,-1.251,0.796,-2.100,-0.400,activeTracking,noEvent
6382,9,33,rld,15:08:21.684,56452,1.204,-1.565,0.817,-1.300,-0.100,activeTracking,noEvent
6382,9,33,rld,15:08:21.811,56453,1.309,-1.832,0.827,-1.400,0.000,activeTracking,noEvent
6382,9,33,rld,15:08:21.893,56454,1.423,-2.040,0.833,-1.000,0.000,activeTracking,noEvent
6382,9,33,rld,15:08:21.954,56455,1.481,-2.144,0.824,-0.300,-0.100,activeTracking,noEvent
6382,9,33,rld,15:08:22.025,56456,1.552,-2.179,0.798,0.000,-0.200,activeTracking,noEvent
6382,9,33,rld,15:08:22.084,56457,1.614,-2.167,0.766,0.200,-0.200,activeTracking,noEvent
6382,9,33,rld,15:08:22.193,56458,1.700,-2.116,0.719,0.400,-0.300,activeTracking,noEvent
6382,9,33,rld,15:08:22.260,56459,1.780,-2.064,0.668,0.300,-0.300,activeTracking,noEvent
6382,9,33,rld,15:08:22.308,56460,1.836,-2.035,0.640,0.100,-0.100,activeTracking,noEvent
6382,9,33,rld,15:08:22.364,56461,1.894,-2.025,0.607,0.000,-0.200,activeTracking,noEvent
6382,9,33,rld,15:08:22.427,56462,1.959,-2.022,0.573,0.000,-0.200,activeTracking,noEvent
6382,9,33,rld,15:08:22.516,56463,2.028,-2.021,0.504,0.000,-0.500,activeTracking,noEvent
6382,9,33,rld,15:08:22.580,56464,2.100,-2.032,0.424,-0.100,-0.500,activeTracking,noEvent
6382,9,33,rld,15:08:22.678,56465,2.194,-2.142,0.329,-0.900,-0.600,activeTracking,noEvent
6382,9,33,rld,15:08:22.727,56466,2.256,-2.309,0.263,-1.100,-0.300,activeTracking,noEvent
6382,9,33,rld,15:08:22.851,56467,2.376,-2.473,0.266,-0.900,0.200,onTarget,noEvent
6382,9,33,rld,15:08:22.912,56468,2.431,-2.564,0.278,-0.300,0.100,onTarget,noEvent
6382,9,33,rld,15:08:23.001,56469,2.532,-2.679,0.295,-0.700,0.100,onTarget,noEvent
6382,9,33,rld,15:08:23.167,56470,2.680,-2.827,0.255,-0.900,-0.400,onTarget,noEvent
6382,9,33,rld,15:08:23.226,56471,2.753,-2.901,0.230,-0.200,-0.100,onTarget,noEvent
6382,9,33,rld,15:08:23.284,56472,2.811,-2.938,0.222,-0.100,0.000,onTarget,noEvent
6382,9,33,rld,15:08:23.327,56473,2.853,-2.950,0.219,0.000,0.000,onTarget,noEvent
6382,9,33,rld,15:08:23.377,56474,2.910,-2.954,0.218,0.000,0.000,onTarget,noEvent
6382,9,33,rld,15:08:23.427,56475,2.956,-2.956,0.218,0.000,0.000,onTarget,noEvent
6382,9,33,rld,15:08:23.509,56476,3.028,-2.944,0.218,0.100,0.000,onTarget,noEvent
6382,9,33,rld,15:08:23.584,56477,3.117,-2.891,0.194,0.400,-0.200,onTarget,noEvent
6382,9,33,rld,15:08:23.665,56478,3.184,-2.824,0.174,0.400,-0.100,onTarget,noEvent
6382,9,33,rld,15:08:23.733,56479,3.250,-2.753,0.167,0.400,0.000,onTarget,noEvent
6382,9,33,rld,15:08:23.816,56480,3.344,-2.657,0.129,0.600,-0.300,onTarget,noEvent
6382,9,33,rld,15:08:23.894,56481,3.425,-2.589,0.093,0.300,-0.200,onTarget,noEvent
6382,9,33,rld,15:08:23.943,56482,3.473,-2.554,0.081,0.100,0.000,onTarget,noEvent
6382,9,33,rld,15:08:24.008,56483,3.537,-2.519,0.076,0.200,0.000,onTarget,noEvent
6382,9,33,rld,15:08:24.046,56484,3.577,-2.507,0.063,0.000,-0.100,onTarget,noEvent
6382,9,33,rld,15:08:24.113,56485,3.644,-2.503,0.036,0.000,-0.200,onTarget,noEvent
6382,9,33,rld,15:08:24.181,56486,3.701,-2.513,0.027,-0.100,0.000,onTarget,noEvent
6382,9,33,rld,15:08:24.209,56487,3.743,-2.517,0.024,0.000,0.000,onTarget,noEvent
6382,9,33,rld,15:08:24.259,56488,3.781,-2.518,0.023,0.000,0.000,onTarget,noEvent
6382,9,33,rld,15:08:24.326,56489,3.847,-2.519,0.022,0.000,0.000,onTarget,noEvent
6382,9,33,rld,15:08:24.384,56490,3.909,-2.519,0.022,0.000,0.000,onTarget,noEvent
6382,9,33,rld,15:08:24.445,56491,3.953,-2.519,0.022,0.000,0.000,onTarget,noEvent
6382,9,34,rld,15:08:27.606,56542,0.045,0.355,0.086,0.000,0.000,activeTracking,targetAppeared
6382,9,34,rld,15:08:27.657,56543,0.089,0.355,0.086,0.000,0.000,activeTracking,noEvent
6382,9,34,rld,15:08:27.708,56544,0.142,0.355,0.086,0.000,0.000,activeTracking,noEvent
6382,9,34,rld,15:08:27.744,56545,0.179,0.355,0.086,0.000,0.000,activeTracking,noEvent
6382,9,34,rld,15:08:27.823,56546,0.256,0.355,0.086,0.000,0.000,activeTracking,noEvent
6382,9,34,rld,15:08:27.864,56547,0.300,0.355,0.086,0.000,0.000,activeTracking,noEvent
6382,9,34,rld,15:08:27.916,56548,0.358,0.355,0.086,0.000,0.000,activeTracking,noEvent
6382,9,34,rld,15:08:27.947,56549,0.389,0.355,0.086,0.000,0.000,activeTracking,noEvent
6382,9,34,rld,15:08:27.994,56550,0.429,0.355,0.086,0.000,0.000,activeTracking,noEvent
6382,9,34,rld,15:08:28.042,56551,0.484,0.355,0.086,0.000,0.000,activeTracking,noEvent
6382,9,34,rld,15:08:28.086,56552,0.527,0.355,0.086,0.000,0.000,activeTracking,noEvent
6382,9,34,rld,15:08:28.115,56553,0.558,0.355,0.086,0.000,0.000,activeTracking,noEvent
6382,9,34,rld,15:08:28.164,56554,0.606,0.355,0.086,0.000,0.000,activeTracking,noEvent
6382,9,34,rld,15:08:28.211,56555,0.652,0.355,0.086,0.000,0.000,activeTracking,noEvent
6382,9,34,rld,15:08:28.240,56556,0.683,0.355,0.086,0.000,0.000,activeTracking,noEvent
6382,9,34,rld,15:08:28.296,56557,0.738,0.355,0.086,0.000,0.000,activeTracking,noEvent
6382,9,34,rld,15:08:28.352,56558,0.780,0.355,0.086,0.000,0.000,activeTracking,noEvent
6382,9,34,rld,15:08:28.434,56559,0.856,0.355,0.086,0.000,0.000,activeTracking,noEvent
6382,9,34,rld,15:08:28.563,56560,0.974,0.501,0.108,1.300,0.200,activeTracking,noEvent
6382,9,34,rld,15:08:28.621,56561,1.056,2.881,0.678,20.000,4.700,activeTracking,noEvent
6382,9,34,rld,15:08:28.671,56562,1.102,3.737,0.893,0.000,0.000,activeTracking,noEvent
6382,9,34,rld,15:08:28.705,56563,1.148,4.034,0.969,0.000,0.000,activeTracking,noEvent
6382,9,34,rld,15:08:28.761,56564,1.191,4.134,0.994,0.000,0.000,activeTracking,noEvent
6382,9,34,rld,15:08:28.829,56565,1.260,4.168,1.003,0.000,0.000,activeTracking,noEvent
6382,9,34,rld,15:08:28.875,56566,1.311,4.179,1.006,0.000,0.000,activeTracking,noEvent
6382,9,34,rld,15:08:28.923,56567,1.354,4.183,1.007,0.000,0.000,activeTracking,noEvent
6382,9,34,rld,15:08:28.973,56568,1.412,4.184,1.007,0.000,0.000,activeTracking,noEvent
6382,9,34,rld,15:08:29.033,56569,1.470,4.184,1.007,0.000,0.000,activeTracking,noEvent
6382,9,34,rld,15:08:29.084,56570,1.525,4.185,1.007,0.000,0.000,activeTracking,noEvent
6382,9,34,rld,15:08:29.196,56571,1.611,4.158,0.969,-0.200,-0.300,activeTracking,noEvent
6382,9,34,rld,15:08:29.311,56572,1.739,4.083,0.880,-0.500,-0.600,activeTracking,noEvent
6382,9,34,rld,15:08:29.391,56573,1.832,3.978,0.786,-0.600,-0.500,activeTracking,noEvent
6382,9,34,rld,15:08:29.462,56574,1.899,3.891,0.717,-0.400,-0.300,activeTracking,noEvent
6382,9,34,rld,15:08:29.557,56575,1.985,3.720,0.617,-1.100,-0.600,activeTracking,noEvent
6382,9,34,rld,15:08:29.645,56576,2.065,3.586,0.522,-0.600,-0.500,activeTracking,noEvent
6382,9,34,rld,15:08:29.739,56577,2.169,3.491,0.466,-0.400,-0.200,activeTracking,noEvent
6382,9,34,rld,15:08:29.862,56578,2.270,3.421,0.423,-0.300,-0.200,activeTracking,noEvent
6382,9,34,rld,15:08:29.973,56579,2.412,3.011,0.119,-3.100,-2.400,onTarget,noEvent
6382,9,34,rld,15:08:30.029,56580,2.472,2.852,-0.004,-0.200,-0.200,onTarget,noEvent
6382,9,34,rld,15:08:30.071,56581,2.511,2.799,-0.045,0.000,0.000,onTarget,noEvent
6382,9,34,rld,15:08:30.125,56582,2.560,2.782,-0.058,0.000,0.000,onTarget,noEvent
6382,9,34,rld,15:08:30.215,56583,2.649,2.776,-0.063,0.000,0.000,onTarget,noEvent
6382,9,34,rld,15:08:30.282,56584,2.709,2.774,-0.064,0.000,0.000,onTarget,noEvent
6382,9,34,rld,15:08:30.328,56585,2.762,2.773,-0.065,0.000,0.000,onTarget,noEvent
6382,9,34,rld,15:08:30.388,56586,2.826,2.773,-0.065,0.000,0.000,onTarget,noEvent
6382,9,34,rld,15:08:30.434,56587,2.869,2.773,-0.065,0.000,0.000,onTarget,noEvent
6382,9,34,rld,15:08:30.480,56588,2.921,2.773,-0.065,0.000,0.000,onTarget,noEvent
6382,9,34,rld,15:08:30.561,56589,2.993,2.773,-0.053,0.000,0.100,onTarget,noEvent
6382,9,34,rld,15:08:30.615,56590,3.059,2.773,-0.038,0.000,0.100,onTarget,noEvent
6382,9,34,rld,15:08:30.679,56591,3.122,2.773,-0.021,0.000,0.100,onTarget,noEvent
6382,9,34,rld,15:08:30.729,56592,3.170,2.773,-0.015,0.000,0.000,onTarget,noEvent
6382,9,34,rld,15:08:30.775,56593,3.211,2.773,-0.013,0.000,0.000,onTarget,noEvent
6382,9,34,rld,15:08:30.839,56594,3.274,2.773,-0.013,0.000,0.000,onTarget,noEvent
6382,9,34,rld,15:08:30.909,56595,3.349,2.773,-0.012,0.000,0.000,onTarget,targetClick
6382,9,35,rld,15:08:34.174,56649,3.407,-0.161,0.019,0.100,0.000,waitingForTarget,middleTargetClick
6382,9,35,rld,15:08:34.216,56650,3.441,-0.155,0.018,0.000,0.000,waitingForTarget,noEvent
6382,9,35,rld,15:08:34.277,56651,3.510,-0.153,0.018,0.000,0.000,waitingForTarget,noEvent
6382,9,35,rld,15:08:34.336,56652,3.573,-0.152,0.018,0.000,0.000,waitingForTarget,noEvent
6382,9,35,rld,15:08:34.367,56653,3.609,-0.152,0.018,0.000,0.000,waitingForTarget,noEvent
6382,9,35,rld,15:08:34.415,56654,3.649,-0.152,0.018,0.000,0.000,waitingForTarget,noEvent
6382,9,35,rld,15:08:34.455,56655,3.695,-0.152,0.018,0.000,0.000,waitingForTarget,noEvent
6382,9,35,rld,15:08:34.505,56656,3.741,-0.152,0.018,0.000,0.000,waitingForTarget,noEvent
6382,9,35,rld,15:08:34.529,56657,3.770,-0.152,0.018,0.000,0.000,waitingForTarget,noEvent
6382,9,35,rld,15:08:34.578,56658,3.819,-0.152,0.018,0.000,0.000,waitingForTarget,noEvent
6382,9,35,rld,15:08:34.616,56659,0.039,-0.152,0.018,0.000,0.000,activeTracking,targetAppeared
6382,9,35,rld,15:08:34.656,56660,0.072,-0.152,0.018,0.000,0.000,activeTracking,noEvent
6382,9,35,rld,15:08:34.698,56661,0.119,-0.152,0.018,0.000,0.000,activeTracking,noEvent
6382,9,35,rld,15:08:34.745,56662,0.167,-0.152,0.018,0.000,0.000,activeTracking,noEvent
6382,9,35,rld,15:08:34.793,56663,0.201,-0.152,0.018,0.000,0.000,activeTracking,noEvent
6382,9,35,rld,15:08:34.839,56664,0.257,-0.152,0.018,0.000,0.000,activeTracking,noEvent
6382,9,35,rld,15:08:34.875,56665,0.292,-0.152,0.018,0.000,0.000,activeTracking,noEvent
6382,9,35,rld,15:08:34.932,56666,0.349,-0.152,0.018,0.000,0.000,activeTracking,noEvent
6382,9,35,rld,15:08:34.956,56667,0.380,-0.152,0.018,0.000,0.000,activeTracking,noEvent
6382,9,35,rld,15:08:34.996,56668,0.418,-0.152,0.018,0.000,0.000,activeTracking,noEvent
6382,9,35,rld,15:08:35.037,56669,0.454,-0.152,0.018,0.000,0.000,activeTracking,noEvent
6382,9,35,rld,15:08:35.102,56670,0.524,-0.152,0.018,0.000,0.000,activeTracking,noEvent
6382,9,35,rld,15:08:35.165,56671,0.580,-0.152,0.018,0.000,0.000,activeTracking,failedClick
6382,9,36,rld,15:08:39.192,56724,0.666,0.203,-0.040,0.000,0.100,waitingForTarget,middleTargetClick
6382,9,36,rld,15:08:39.230,56725,0.708,0.203,-0.035,0.000,0.000,waitingForTarget,noEvent
6382,9,36,rld,15:08:39.287,56726,0.769,0.203,-0.033,0.000,0.000,waitingForTarget,noEvent
6382,9,36,rld,15:08:39.359,56727,0.834,0.203,-0.033,0.000,0.000,waitingForTarget,noEvent
6382,9,36,rld,15:08:39.398,56728,0.877,0.203,-0.033,0.000,0.000,waitingForTarget,noEvent
6382,9,36,rld,15:08:39.438,56729,0.916,0.203,-0.033,0.000,0.000,waitingForTarget,noEvent
6382,9,36,rld,15:08:39.461,56730,0.943,0.203,-0.032,0.000,0.000,waitingForTarget,noEvent
6382,9,36,rld,15:08:39.510,56731,0.988,0.203,-0.032,0.000,0.000,waitingForTarget,noEvent
6382,9,36,rld,15:08:39.553,56732,1.030,0.203,-0.032,0.000,0.000,waitingForTarget,noEvent
6382,9,36,rld,15:08:39.600,56733,1.074,0.203,-0.032,0.000,0.000,waitingForTarget,noEvent
6382,9,36,rld,15:08:39.629,56734,0.036,0.203,-0.032,0.000,0.000,activeTracking,targetAppeared
6382,9,36,rld,15:08:39.686,56735,0.090,0.203,-0.032,0.000,0.000,activeTracking,noEvent
6382,9,36,rld,15:08:39.725,56736,0.133,0.203,-0.032,0.000,0.000,activeTracking,noEvent
6382,9,36,rld,15:08:39.764,56737,0.172,0.203,-0.032,0.000,0.000,activeTracking,noEvent
6382,9,36,rld,15:08:39.813,56738,0.218,0.203,-0.032,0.000,0.000,activeTracking,noEvent
6382,9,36,rld,15:08:39.843,56739,0.249,0.203,-0.032,0.000,0.000,activeTracking,noEvent
6382,9,36,rld,15:08:39.893,56740,0.293,0.203,-0.032,0.000,0.000,activeTracking,noEvent
6382,9,36,rld,15:08:39.929,56741,0.335,0.203,-0.032,0.000,0.000,activeTracking,noEvent
6382,9,36,rld,15:08:39.971,56742,0.371,0.203,-0.032,0.000,0.000,activeTracking,noEvent
6382,9,36,rld,15:08:40.044,56743,0.445,0.203,-0.032,0.000,0.000,activeTracking,noEvent
6382,9,36,rld,15:08:40.081,56744,0.485,0.203,-0.032,0.000,0.000,activeTracking,noEvent
6382,9,36,rld,15:08:40.128,56745,0.534,0.203,-0.032,0.000,0.000,activeTracking,noEvent
6382,9,36,rld,15:08:40.160,56746,0.566,0.203,-0.032,0.000,0.000,activeTracking,noEvent
6382,9,36,rld,15:08:40.210,56747,0.613,0.203,-0.032,0.000,0.000,activeTracking,noEvent
6382,9,36,rld,15:08:40.280,56748,0.685,0.203,-0.032,0.000,0.000,activeTracking,noEvent
6382,9,36,rld,15:08:40.327,56749,0.725,0.203,-0.032,0.000,0.000,activeTracking,noEvent
6382,9,36,rld,15:08:40.393,56750,0.788,0.203,-0.032,0.000,0.000,activeTracking,noEvent
6382,9,36,rld,15:08:40.466,56751,0.845,0.203,-0.032,0.000,0.000,activeTracking,noEvent
6382,9,36,rld,15:08:40.556,56752,0.951,2.103,0.442,16.600,4.100,activeTracking,noEvent
6382,9,36,rld,15:08:40.605,56753,1.004,2.765,0.611,0.000,0.000,activeTracking,noEvent
6382,9,36,rld,15:08:40.649,56754,1.056,2.991,0.670,0.000,0.000,activeTracking,noEvent
6382,9,36,rld,15:08:40.707,56755,1.107,3.091,0.690,0.200,0.000,activeTracking,noEvent
6382,9,36,rld,15:08:40.908,56756,1.221,3.212,0.663,0.700,-0.300,activeTracking,noEvent
6382,9,36,rld,15:08:40.962,56757,1.355,3.341,0.632,0.700,-0.200,activeTracking,noEvent
6382,9,36,rld,15:08:41.027,56758,1.425,3.396,0.610,0.100,-0.100,activeTracking,noEvent
6382,9,36,rld,15:08:41.133,56759,1.509,3.377,0.554,-0.300,-0.400,activeTracking,noEvent
6382,9,36,rld,15:08:41.215,56760,1.608,3.320,0.475,-0.400,-0.500,activeTracking,noEvent
6382,9,36,rld,15:08:41.313,56761,1.716,3.251,0.424,-0.400,-0.200,activeTracking,noEvent
6382,9,36,rld,15:08:41.378,56762,1.772,3.191,0.371,-0.300,-0.300,activeTracking,noEvent
6382,9,36,rld,15:08:41.449,56763,1.852,3.146,0.329,-0.200,-0.200,activeTracking,noEvent
6382,9,36,rld,15:08:41.525,56764,1.920,3.094,0.291,-0.300,-0.200,activeTracking,noEvent
6382,9,36,rld,15:08:41.584,56765,1.986,3.064,0.266,-0.100,-0.100,activeTracking,noEvent
6382,9,36,rld,15:08:41.663,56766,2.057,3.029,0.246,-0.200,-0.100,activeTracking,noEvent
6382,9,36,rld,15:08:41.712,56767,2.119,3.018,0.228,0.000,-0.100,activeTracking,noEvent
6382,9,36,rld,15:08:41.775,56768,2.170,3.001,0.209,-0.100,-0.100,activeTracking,noEvent
6382,9,36,rld,15:08:41.842,56769,2.232,2.996,0.203,0.000,0.000,onTarget,noEvent
6382,9,36,rld,15:08:41.889,56770,2.295,2.982,0.190,-0.100,-0.100,onTarget,noEvent
6382,9,36,rld,15:08:41.944,56771,2.339,2.977,0.185,0.000,0.000,onTarget,noEvent
6382,9,36,rld,15:08:42.016,56772,2.408,2.951,0.171,-0.200,-0.100,onTarget,noEvent
6382,9,36,rld,15:08:42.066,56773,2.459,2.942,0.167,0.000,0.000,onTarget,noEvent
6382,9,36,rld,15:08:42.127,56774,2.532,2.927,0.154,-0.100,-0.100,onTarget,noEvent
6382,9,36,rld,15:08:42.176,56775,2.579,2.922,0.149,0.000,0.000,onTarget,noEvent
6382,9,36,rld,15:08:42.225,56776,2.623,2.920,0.148,0.000,0.000,onTarget,noEvent
6382,9,36,rld,15:08:42.303,56777,2.706,2.895,0.135,-0.200,-0.100,onTarget,noEvent
6382,9,36,rld,15:08:42.363,56778,2.759,2.862,0.131,-0.200,0.000,onTarget,noEvent
6382,9,36,rld,15:08:42.416,56779,2.821,2.839,0.129,-0.100,0.000,onTarget,noEvent
6382,9,36,rld,15:08:42.483,56780,2.876,2.807,0.129,-0.200,0.000,onTarget,noEvent
6382,9,36,rld,15:08:42.564,56781,2.956,2.784,0.128,-0.100,0.000,onTarget,targetClick
6382,9,37,rld,15:08:46.846,56851,3.042,-0.017,-0.049,0.000,0.000,waitingForTarget,middleTargetClick
6382,9,37,rld,15:08:46.881,56852,3.078,-0.017,-0.049,0.000,0.000,waitingForTarget,noEvent
6382,9,37,rld,15:08:46.925,56853,3.122,-0.017,-0.049,0.000,0.000,waitingForTarget,noEvent
6382,9,37,rld,15:08:46.945,56854,3.144,-0.017,-0.049,0.000,0.000,waitingForTarget,noEvent
6382,9,37,rld,15:08:47.009,56855,3.201,-0.017,-0.049,0.000,0.000,waitingForTarget,noEvent
6382,9,37,rld,15:08:47.092,56856,3.283,-0.017,-0.049,0.000,0.000,waitingForTarget,noEvent
6382,9,37,rld,15:08:47.143,56857,3.342,-0.017,-0.049,0.000,0.000,waitingForTarget,noEvent
6382,9,37,rld,15:08:47.194,56858,3.387,-0.017,-0.049,0.000,0.000,waitingForTarget,noEvent
6382,9,37,rld,15:08:47.244,56859,3.417,-0.017,-0.049,0.000,0.000,waitingForTarget,noEvent
6382,9,37,rld,15:08:47.296,56860,3.495,-0.017,-0.049,0.000,0.000,waitingForTarget,noEvent
6382,9,37,rld,15:08:47.336,56861,0.036,-0.017,-0.049,0.000,0.000,activeTracking,targetAppeared
6382,9,37,rld,15:08:47.375,56862,0.072,-0.017,-0.049,0.000,0.000,activeTracking,noEvent
6382,9,37,rld,15:08:47.432,56863,0.133,-0.017,-0.049,0.000,0.000,activeTracking,noEvent
6382,9,37,rld,15:08:47.467,56864,0.171,-0.017,-0.049,0.000,0.000,activeTracking,noEvent
6382,9,37,rld,15:08:47.513,56865,0.217,-0.017,-0.049,0.000,0.000,activeTracking,noEvent
6382,9,37,rld,15:08:47.553,56866,0.250,-0.017,-0.049,0.000,0.000,activeTracking,noEvent
6382,9,37,rld,15:08:47.583,56867,0.282,-0.017,-0.049,0.000,0.000,activeTracking,noEvent
6382,9,37,rld,15:08:47.622,56868,0.322,-0.017,-0.049,0.000,0.000,activeTracking,noEvent
6382,9,37,rld,15:08:47.675,56869,0.373,-0.017,-0.049,0.000,0.000,activeTracking,noEvent
6382,9,37,rld,15:08:47.709,56870,0.413,-0.017,-0.049,0.000,0.000,activeTracking,noEvent
6382,9,37,rld,15:08:47.767,56871,0.469,-0.017,-0.049,0.000,0.000,activeTracking,noEvent
6382,9,37,rld,15:08:47.824,56872,0.522,-0.017,-0.049,0.000,0.000,activeTracking,noEvent
6382,9,37,rld,15:08:47.862,56873,0.561,-0.017,-0.049,0.000,0.000,activeTracking,noEvent
6382,9,37,rld,15:08:47.912,56874,0.614,-0.017,-0.049,0.000,0.000,activeTracking,noEvent
6382,9,37,rld,15:08:47.939,56875,0.641,-0.017,-0.049,0.000,0.000,activeTracking,noEvent
6382,9,37,rld,15:08:47.973,56876,0.675,-0.017,-0.049,0.000,0.000,activeTracking,noEvent
6382,9,37,rld,15:08:48.016,56877,0.722,-0.017,-0.049,0.000,0.000,activeTracking,noEvent
6382,9,37,rld,15:08:48.064,56878,0.766,-0.017,-0.049,0.000,0.000,activeTracking,noEvent
6382,9,37,rld,15:08:48.100,56879,0.803,-0.017,-0.049,0.000,0.000,activeTracking,noEvent
6382,9,37,rld,15:08:48.157,56880,0.855,-0.017,-0.049,0.000,0.000,activeTracking,noEvent
6382,9,37,rld,15:08:48.242,56881,0.926,-0.017,-0.049,0.000,0.000,activeTracking,failedClick
6382,9,38,rld,15:08:49.478,56907,0.983,-0.017,-0.049,0.000,0.000,waitingForTarget,middleTargetClick
6382,9,38,rld,15:08:49.516,56908,1.022,-0.017,-0.049,0.000,0.000,waitingForTarget,noEvent
6382,9,38,rld,15:08:49.570,56909,1.066,-0.017,-0.049,0.000,0.000,waitingForTarget,noEvent
6382,9,38,rld,15:08:49.630,56910,1.137,-0.017,-0.049,0.000,0.000,waitingForTarget,noEvent
6382,9,38,rld,15:08:49.680,56911,1.175,-0.017,-0.049,0.000,0.000,waitingForTarget,noEvent
6382,9,38,rld,15:08:49.722,56912,1.223,-0.017,-0.049,0.000,0.000,waitingForTarget,noEvent
6382,9,38,rld,15:08:49.778,56913,1.273,-0.017,-0.049,0.000,0.000,waitingForTarget,noEvent
6382,9,38,rld,15:08:49.831,56914,1.338,-0.017,-0.049,0.000,0.000,waitingForTarget,noEvent
6382,9,38,rld,15:08:49.874,56915,1.372,-0.017,-0.049,0.000,0.000,waitingForTarget,noEvent
6382,9,38,rld,15:08:49.904,56916,1.406,-0.017,-0.049,0.000,0.000,waitingForTarget,noEvent
6382,9,38,rld,15:08:49.949,56917,0.047,-0.017,-0.049,0.000,0.000,activeTracking,targetAppeared
6382,9,38,rld,15:08:49.993,56918,0.085,-0.017,-0.049,0.000,0.000,activeTracking,noEvent
6382,9,38,rld,15:08:50.032,56919,0.129,-0.017,-0.049,0.000,0.000,activeTracking,noEvent
6382,9,38,rld,15:08:50.073,56920,0.165,-0.017,-0.049,0.000,0.000,activeTracking,noEvent
6382,9,38,rld,15:08:50.109,56921,0.210,-0.017,-0.049,0.000,0.000,activeTracking,noEvent
6382,9,38,rld,15:08:50.154,56922,0.245,-0.017,-0.049,0.000,0.000,activeTracking,noEvent
6382,9,38,rld,15:08:50.195,56923,0.292,-0.017,-0.049,0.000,0.000,activeTracking,noEvent
6382,9,38,rld,15:08:50.253,56924,0.343,-0.017,-0.049,0.000,0.000,activeTracking,noEvent
6382,9,38,rld,15:08:50.322,56925,0.418,-0.017,-0.049,0.000,0.000,activeTracking,noEvent
6382,9,38,rld,15:08:50.395,56926,0.490,-0.017,-0.049,0.000,0.000,activeTracking,noEvent
6382,9,38,rld,15:08:50.450,56927,0.548,-0.017,-0.049,0.000,0.000,activeTracking,noEvent
6382,9,38,rld,15:08:50.548,56928,0.647,-0.073,-0.049,-0.500,0.000,activeTracking,noEvent
6382,9,38,rld,15:08:50.593,56929,0.687,-0.103,-0.049,-0.100,0.000,activeTracking,noEvent
6382,9,38,rld,15:08:50.708,56930,0.795,1.152,0.110,11.200,1.400,activeTracking,noEvent
6382,9,38,rld,15:08:50.782,56931,0.873,2.126,0.328,4.700,1.400,activeTracking,noEvent
6382,9,38,rld,15:08:50.833,56932,0.934,2.459,0.404,0.000,0.000,activeTracking,noEvent
6382,9,38,rld,15:08:50.883,56933,0.979,2.547,0.429,-0.200,0.000,activeTracking,noEvent
6382,9,38,rld,15:08:50.957,56934,1.050,2.552,0.438,-0.200,0.000,activeTracking,noEvent
6382,9,38,rld,15:08:50.996,56935,1.097,2.542,0.440,-0.100,0.000,activeTracking,noEvent
6382,9,38,rld,15:08:51.038,56936,1.135,2.539,0.441,0.000,0.000,activeTracking,noEvent
6382,9,38,rld,15:08:51.073,56937,1.167,2.537,0.441,0.000,0.000,activeTracking,noEvent
6382,9,38,rld,15:08:51.123,56938,1.218,2.537,0.441,0.000,0.000,activeTracking,noEvent
6382,9,38,rld,15:08:51.161,56939,1.255,2.537,0.441,0.000,0.000,activeTracking,noEvent
6382,9,38,rld,15:08:51.204,56940,1.297,2.537,0.441,0.000,0.000,activeTracking,noEvent
6382,9,38,rld,15:08:51.248,56941,1.347,2.537,0.441,0.000,0.000,activeTracking,noEvent
6382,9,38,rld,15:08:51.287,56942,1.384,2.537,0.441,0.000,0.000,activeTracking,noEvent
6382,9,38,rld,15:08:51.363,56943,1.449,2.537,0.441,0.000,0.000,activeTracking,noEvent
6382,9,38,rld,15:08:51.413,56944,1.510,2.537,0.441,0.000,0.000,activeTracking,noEvent
6382,9,38,rld,15:08:51.459,56945,1.561,2.537,0.441,0.000,0.000,activeTracking,noEvent
6382,9,38,rld,15:08:51.525,56946,1.617,2.537,0.441,0.000,0.000,activeTracking,noEvent
6382,9,38,rld,15:08:51.584,56947,1.669,2.537,0.441,0.000,0.000,activeTracking,noEvent
6382,9,38,rld,15:08:51.639,56948,1.728,2.537,0.441,0.000,0.000,activeTracking,noEvent
6382,9,38,rld,15:08:51.703,56949,1.794,2.537,0.441,0.000,0.000,activeTracking,noEvent
6382,9,38,rld,15:08:51.756,56950,1.836,2.537,0.441,0.000,0.000,activeTracking,noEvent
6382,9,38,rld,15:08:51.841,56951,1.942,2.537,0.395,0.000,-0.400,activeTracking,noEvent
6382,9,38,rld,15:08:51.897,56952,1.998,2.549,0.379,0.100,0.000,activeTracking,noEvent
6382,9,38,rld,15:08:51.953,56953,2.047,2.577,0.375,0.200,0.000,activeTracking,noEvent
6382,9,38,rld,15:08:52.016,56954,2.116,2.611,0.373,0.200,0.000,activeTracking,noEvent
6382,9,38,rld,15:08:52.089,56955,2.186,2.658,0.350,0.300,-0.200,activeTracking,noEvent
6382,9,38,rld,15:08:52.141,56956,2.241,2.698,0.319,0.200,-0.200,onTarget,noEvent
6382,9,38,rld,15:08:52.214,56957,2.315,2.736,0.309,0.200,0.000,onTarget,noEvent
6382,9,38,rld,15:08:52.249,56958,2.348,2.748,0.306,0.000,0.000,onTarget,noEvent
6382,9,38,rld,15:08:52.306,56959,2.399,2.753,0.304,0.000,0.000,onTarget,noEvent
6382,9,38,rld,15:08:52.364,56960,2.450,2.766,0.304,0.100,0.000,onTarget,noEvent
6382,9,38,rld,15:08:52.441,56961,2.529,2.771,0.292,0.000,-0.100,onTarget,noEvent
6382,9,38,rld,15:08:52.503,56962,2.601,2.784,0.265,0.100,-0.200,onTarget,noEvent
6382,9,38,rld,15:08:52.555,56963,2.651,2.789,0.244,0.000,-0.100,onTarget,noEvent
6382,9,38,rld,15:08:52.646,56964,2.746,2.790,0.226,0.000,-0.100,onTarget,noEvent
6382,9,38,rld,15:08:52.689,56965,2.787,2.779,0.208,-0.100,-0.100,onTarget,noEvent
6382,9,38,rld,15:08:52.762,56966,2.861,2.763,0.178,-0.100,-0.200,onTarget,noEvent
6382,9,38,rld,15:08:52.849,56967,2.930,2.733,0.156,-0.200,-0.100,onTarget,noEvent
6382,9,38,rld,15:08:52.936,56968,3.034,2.711,0.126,-0.100,-0.200,onTarget,noEvent
6382,9,38,rld,15:08:52.987,56969,3.084,2.704,0.115,0.000,0.000,onTarget,noEvent
6382,9,38,rld,15:08:53.041,56970,3.140,2.701,0.112,0.000,0.000,onTarget,noEvent
6382,9,38,rld,15:08:53.105,56971,3.197,2.700,0.111,0.000,0.000,onTarget,noEvent
6382,9,38,rld,15:08:53.156,56972,3.245,2.700,0.110,0.000,0.000,onTarget,noEvent
6382,9,38,rld,15:08:53.221,56973,3.296,2.700,0.110,0.000,0.000,onTarget,noEvent
6382,9,38,rld,15:08:53.276,56974,3.369,2.700,0.110,0.000,0.000,onTarget,targetClick
6382,9,39,rld,15:08:56.069,57014,3.437,0.084,0.052,0.000,0.000,waitingForTarget,middleTargetClick
6382,9,39,rld,15:08:56.116,57015,3.480,0.084,0.052,0.000,0.000,waitingForTarget,noEvent
6382,9,39,rld,15:08:56.177,57016,3.544,0.084,0.052,0.000,0.000,waitingForTarget,noEvent
6382,9,39,rld,15:08:56.229,57017,3.595,0.084,0.052,0.000,0.000,waitingForTarget,noEvent
6382,9,39,rld,15:08:56.272,57018,3.636,0.084,0.052,0.000,0.000,waitingForTarget,noEvent
6382,9,39,rld,15:08:56.306,57019,3.676,0.084,0.052,0.000,0.000,waitingForTarget,noEvent
6382,9,39,rld,15:08:56.349,57020,3.720,0.084,0.052,0.000,0.000,waitingForTarget,noEvent
6382,9,39,rld,15:08:56.386,57021,3.747,0.084,0.052,0.000,0.000,waitingForTarget,noEvent
6382,9,39,rld,15:08:56.429,57022,3.789,0.084,0.052,0.000,0.000,waitingForTarget,noEvent
6382,9,39,rld,15:08:56.469,57023,3.837,0.084,0.052,0.000,0.000,waitingForTarget,noEvent
6382,9,39,rld,15:08:56.520,57024,0.049,0.084,0.052,0.000,0.000,activeTracking,targetAppeared
6382,9,39,rld,15:08:56.563,57025,0.090,0.084,0.052,0.000,0.000,activeTracking,noEvent
6382,9,39,rld,15:08:56.599,57026,0.130,0.084,0.052,0.000,0.000,activeTracking,noEvent
6382,9,39,rld,15:08:56.646,57027,0.167,0.084,0.052,0.000,0.000,activeTracking,noEvent
6382,9,39,rld,15:08:56.687,57028,0.212,0.084,0.052,0.000,0.000,activeTracking,noEvent
6382,9,39,rld,15:08:56.746,57029,0.277,0.084,0.052,0.000,0.000,activeTracking,noEvent
6382,9,39,rld,15:08:56.877,57030,0.398,0.174,0.052,0.800,0.000,activeTracking,noEvent
6382,9,39,rld,15:08:56.963,57031,0.477,0.340,0.052,1.200,0.000,activeTracking,noEvent
6382,9,39,rld,15:08:57.062,57032,0.581,0.530,0.052,1.200,0.000,activeTracking,noEvent
6382,9,39,rld,15:08:57.138,57033,0.665,0.695,0.052,0.900,0.000,activeTracking,noEvent
6382,9,39,rld,15:08:57.206,57034,0.735,0.773,0.052,0.200,0.000,activeTracking,noEvent
6382,9,39,rld,15:08:57.263,57035,0.779,0.799,0.052,0.000,0.000,activeTracking,noEvent
6382,9,39,rld,15:08:57.414,57036,0.928,-0.016,0.119,-7.300,0.600,activeTracking,noEvent
6382,9,39,rld,15:08:57.591,57037,1.118,-1.295,0.053,-8.900,-0.800,activeTracking,noEvent
6382,9,39,rld,15:08:57.661,57038,1.181,-1.788,0.032,-0.500,0.000,activeTracking,noEvent
6382,9,39,rld,15:08:57.805,57039,1.300,-2.320,0.083,-3.100,0.500,activeTracking,noEvent
6382,9,39,rld,15:08:57.896,57040,1.425,-2.681,0.125,-1.500,0.200,onTarget,noEvent
6382,9,39,rld,15:08:57.943,57041,1.475,-2.815,0.139,-0.100,0.000,onTarget,noEvent
6382,9,39,rld,15:08:57.989,57042,1.521,-2.860,0.144,0.000,0.000,onTarget,noEvent
6382,9,39,rld,15:08:58.061,57043,1.592,-2.863,0.146,0.100,0.000,onTarget,noEvent
6382,9,39,rld,15:08:58.163,57044,1.693,-2.815,0.181,0.400,0.300,onTarget,noEvent
6382,9,39,rld,15:08:58.253,57045,1.777,-2.750,0.216,0.400,0.200,onTarget,noEvent
6382,9,39,rld,15:08:58.414,57046,1.927,-2.608,0.273,1.000,0.400,onTarget,noEvent
6382,9,39,rld,15:08:58.497,57047,2.026,-2.524,0.292,0.300,0.000,onTarget,noEvent
6382,9,39,rld,15:08:58.570,57048,2.100,-2.485,0.263,0.100,-0.300,onTarget,noEvent
6382,9,39,rld,15:08:58.639,57049,2.161,-2.471,0.230,0.000,-0.200,onTarget,noEvent
6382,9,39,rld,15:08:58.746,57050,2.279,-2.467,0.219,0.000,0.000,onTarget,noEvent
6382,9,39,rld,15:08:58.796,57051,2.329,-2.466,0.215,0.000,0.000,onTarget,noEvent
6382,9,39,rld,15:08:58.857,57052,2.388,-2.465,0.214,0.000,0.000,onTarget,targetClick
6382,9,40,rld,15:09:01.674,57097,2.455,0.169,-0.049,0.000,0.000,waitingForTarget,middleTargetClick
6382,9,40,rld,15:09:01.728,57098,2.518,0.169,-0.049,0.000,0.000,waitingForTarget,noEvent
6382,9,40,rld,15:09:01.794,57099,2.588,0.180,-0.038,0.100,0.100,waitingForTarget,noEvent
6382,9,40,rld,15:09:01.856,57100,2.637,0.184,-0.034,0.000,0.000,waitingForTarget,noEvent
6382,9,40,rld,15:09:01.890,57101,2.680,0.185,-0.033,0.000,0.000,waitingForTarget,noEvent
6382,9,40,rld,15:09:01.929,57102,2.719,0.186,-0.033,0.000,0.000,waitingForTarget,noEvent
6382,9,40,rld,15:09:01.973,57103,2.756,0.186,-0.033,0.000,0.000,waitingForTarget,noEvent
6382,9,40,rld,15:09:02.020,57104,2.802,0.186,-0.033,0.000,0.000,waitingForTarget,noEvent
6382,9,40,rld,15:09:02.055,57105,2.840,0.186,-0.032,0.000,0.000,waitingForTarget,noEvent
6382,9,40,rld,15:09:02.106,57106,2.888,0.186,-0.032,0.000,0.000,waitingForTarget,noEvent
6382,9,40,rld,15:09:02.142,57107,0.045,0.186,-0.032,0.000,0.000,activeTracking,targetAppeared
6382,9,40,rld,15:09:02.193,57108,0.088,0.186,-0.032,0.000,0.000,activeTracking,noEvent
6382,9,40,rld,15:09:02.235,57109,0.131,0.186,-0.032,0.000,0.000,activeTracking,noEvent
6382,9,40,rld,15:09:02.272,57110,0.172,0.186,-0.032,0.000,0.000,activeTracking,noEvent
6382,9,40,rld,15:09:02.323,57111,0.228,0.186,-0.032,0.000,0.000,activeTracking,noEvent
6382,9,40,rld,15:09:02.346,57112,0.251,0.186,-0.032,0.000,0.000,activeTracking,noEvent
6382,9,40,rld,15:09:02.391,57113,0.287,0.186,-0.032,0.000,0.000,activeTracking,noEvent
6382,9,40,rld,15:09:02.416,57114,0.321,0.186,-0.032,0.000,0.000,activeTracking,noEvent
6382,9,40,rld,15:09:02.451,57115,0.354,0.186,-0.032,0.000,0.000,activeTracking,noEvent
6382,9,40,rld,15:09:02.489,57116,0.392,0.186,-0.032,0.000,0.000,activeTracking,noEvent
6382,9,40,rld,15:09:02.526,57117,0.431,0.186,-0.032,0.000,0.000,activeTracking,noEvent
6382,9,40,rld,15:09:02.576,57118,0.481,0.186,-0.032,0.000,0.000,activeTracking,noEvent
6382,9,40,rld,15:09:02.619,57119,0.522,0.186,-0.032,0.000,0.000,activeTracking,noEvent
6382,9,40,rld,15:09:02.676,57120,0.582,0.186,-0.032,0.000,0.000,activeTracking,noEvent
6382,9,40,rld,15:09:02.726,57121,0.631,0.186,-0.032,0.000,0.000,activeTracking,noEvent
6382,9,40,rld,15:09:02.774,57122,0.673,0.186,-0.032,0.000,0.000,activeTracking,noEvent
6382,9,40,rld,15:09:02.837,57123,0.733,0.186,-0.032,0.000,0.000,activeTracking,noEvent
6382,9,40,rld,15:09:02.877,57124,0.772,0.186,-0.032,0.000,0.000,activeTracking,noEvent
6382,9,40,rld,15:09:03.024,57125,0.834,0.186,-0.032,0.000,0.000,activeTracking,noEvent
6382,9,40,rld,15:09:03.174,57126,1.019,0.897,0.115,6.300,1.300,activeTracking,noEvent
6382,9,40,rld,15:09:03.344,57127,1.218,1.422,0.165,2.500,0.000,activeTracking,noEvent
6382,9,40,rld,15:09:03.521,57128,1.422,2.649,0.318,8.900,1.100,onTarget,noEvent
6382,9,40,rld,15:09:03.564,57129,1.466,3.100,0.372,0.200,0.000,activeTracking,noEvent
6382,9,40,rld,15:09:03.611,57130,1.505,3.253,0.391,0.000,0.000,activeTracking,noEvent
6382,9,40,rld,15:09:03.663,57131,1.563,3.304,0.397,0.000,0.000,activeTracking,noEvent
6382,9,40,rld,15:09:03.742,57132,1.630,3.309,0.375,-0.100,-0.200,activeTracking,noEvent
6382,9,40,rld,15:09:03.827,57133,1.722,3.272,0.332,-0.300,-0.300,activeTracking,noEvent
6382,9,40,rld,15:09:03.891,57134,1.788,3.260,0.293,0.000,-0.200,activeTracking,noEvent
6382,9,40,rld,15:09:03.960,57135,1.849,3.244,0.257,-0.100,-0.200,activeTracking,noEvent
6382,9,40,rld,15:09:04.027,57136,1.919,3.201,0.220,-0.300,-0.200,activeTracking,noEvent
6382,9,40,rld,15:09:04.096,57137,1.989,3.162,0.184,-0.200,-0.200,activeTracking,noEvent
6382,9,40,rld,15:09:04.160,57138,2.058,3.111,0.148,-0.300,-0.200,activeTracking,noEvent
6382,9,40,rld,15:09:04.237,57139,2.140,3.057,0.124,-0.300,-0.100,activeTracking,noEvent
6382,9,40,rld,15:09:04.292,57140,2.192,3.015,0.116,-0.200,0.000,onTarget,noEvent
6382,9,40,rld,15:09:04.358,57141,2.248,2.976,0.113,-0.200,0.000,onTarget,noEvent
6382,9,40,rld,15:09:04.421,57142,2.321,2.938,0.112,-0.200,0.000,onTarget,noEvent
6382,9,40,rld,15:09:04.486,57143,2.389,2.901,0.112,-0.200,0.000,onTarget,noEvent
6382,9,40,rld,15:09:04.536,57144,2.435,2.877,0.123,-0.100,0.100,onTarget,noEvent
6382,9,40,rld,15:09:04.612,57145,2.513,2.832,0.127,-0.300,0.000,onTarget,noEvent
6382,9,40,rld,15:09:04.671,57146,2.570,2.817,0.128,0.000,0.000,onTarget,noEvent
6382,9,40,rld,15:09:04.735,57147,2.634,2.800,0.140,-0.100,0.100,onTarget,noEvent
6382,9,40,rld,15:09:04.814,57148,2.684,2.782,0.144,-0.100,0.000,onTarget,noEvent
6382,9,40,rld,15:09:04.877,57149,2.776,2.776,0.180,0.000,0.300,onTarget,noEvent
6382,9,40,rld,15:09:04.963,57150,2.864,2.786,0.193,0.100,0.000,onTarget,targetClick
6382,9,41,rld,15:09:07.440,57196,2.927,0.051,0.153,0.000,0.000,waitingForTarget,middleTargetClick
6382,9,41,rld,15:09:07.517,57197,3.014,0.073,0.164,0.200,0.100,waitingForTarget,noEvent
6382,9,41,rld,15:09:07.573,57198,3.068,0.103,0.168,0.200,0.000,waitingForTarget,noEvent
6382,9,41,rld,15:09:07.618,57199,3.109,0.113,0.169,0.000,0.000,waitingForTarget,noEvent
6382,9,41,rld,15:09:07.657,57200,3.157,0.117,0.170,0.000,0.000,waitingForTarget,noEvent
6382,9,41,rld,15:09:07.702,57201,3.199,0.118,0.170,0.000,0.000,waitingForTarget,noEvent
6382,9,41,rld,15:09:07.746,57202,3.230,0.118,0.170,0.000,0.000,waitingForTarget,noEvent
6382,9,41,rld,15:09:07.802,57203,3.301,0.118,0.170,0.000,0.000,waitingForTarget,noEvent
6382,9,41,rld,15:09:07.843,57204,3.328,0.118,0.170,0.000,0.000,waitingForTarget,noEvent
6382,9,41,rld,15:09:07.882,57205,0.040,0.118,0.170,0.000,0.000,activeTracking,targetAppeared
6382,9,41,rld,15:09:07.929,57206,0.090,0.118,0.170,0.000,0.000,activeTracking,noEvent
6382,9,41,rld,15:09:07.973,57207,0.139,0.118,0.170,0.000,0.000,activeTracking,noEvent
6382,9,41,rld,15:09:08.010,57208,0.178,0.118,0.170,0.000,0.000,activeTracking,noEvent
6382,9,41,rld,15:09:08.077,57209,0.249,0.118,0.170,0.000,0.000,activeTracking,noEvent
6382,9,41,rld,15:09:08.125,57210,0.297,0.118,0.170,0.000,0.000,activeTracking,noEvent
6382,9,41,rld,15:09:08.179,57211,0.349,0.118,0.170,0.000,0.000,activeTracking,noEvent
6382,9,41,rld,15:09:08.240,57212,0.409,0.118,0.170,0.000,0.000,activeTracking,noEvent
6382,9,41,rld,15:09:08.281,57213,0.450,0.118,0.170,0.000,0.000,activeTracking,noEvent
6382,9,41,rld,15:09:08.310,57214,0.479,0.118,0.170,0.000,0.000,activeTracking,noEvent
6382,9,41,rld,15:09:08.358,57215,0.528,0.118,0.170,0.000,0.000,activeTracking,noEvent
6382,9,41,rld,15:09:08.408,57216,0.570,0.118,0.170,0.000,0.000,activeTracking,noEvent
6382,9,41,rld,15:09:08.454,57217,0.616,0.118,0.170,0.000,0.000,activeTracking,noEvent
6382,9,41,rld,15:09:08.510,57218,0.682,0.118,0.170,0.000,0.000,activeTracking,noEvent
6382,9,41,rld,15:09:08.556,57219,0.729,0.118,0.170,0.000,0.000,activeTracking,noEvent
6382,9,41,rld,15:09:08.612,57220,0.777,0.118,0.170,0.000,0.000,activeTracking,noEvent
6382,9,41,rld,15:09:08.665,57221,0.820,0.118,0.170,0.000,0.000,activeTracking,noEvent
6382,9,41,rld,15:09:08.811,57222,0.949,-0.512,0.283,-5.600,1.000,activeTracking,noEvent
6382,9,41,rld,15:09:08.953,57223,1.076,-1.166,0.369,-3.900,0.400,activeTracking,noEvent
6382,9,41,rld,15:09:09.027,57224,1.188,-1.768,0.459,-3.300,0.500,activeTracking,noEvent
6382,9,41,rld,15:09:09.119,57225,1.266,-2.018,0.490,-0.400,0.000,activeTracking,noEvent
6382,9,41,rld,15:09:09.196,57226,1.369,-2.184,0.502,-0.700,0.000,activeTracking,noEvent
6382,9,41,rld,15:09:09.256,57227,1.422,-2.252,0.506,-0.100,0.000,activeTracking,noEvent
6382,9,41,rld,15:09:09.307,57228,1.472,-2.286,0.507,-0.100,0.000,activeTracking,noEvent
6382,9,41,rld,15:09:09.361,57229,1.534,-2.298,0.508,0.000,0.000,activeTracking,noEvent
6382,9,41,rld,15:09:09.410,57230,1.582,-2.302,0.508,0.000,0.000,activeTracking,noEvent
6382,9,41,rld,15:09:09.473,57231,1.631,-2.303,0.508,0.000,0.000,activeTracking,noEvent
6382,9,41,rld,15:09:09.549,57232,1.718,-2.303,0.496,0.000,-0.100,activeTracking,noEvent
6382,9,41,rld,15:09:09.615,57233,1.787,-2.280,0.457,0.200,-0.300,activeTracking,noEvent
6382,9,41,rld,15:09:09.675,57234,1.845,-2.272,0.421,0.000,-0.200,activeTracking,noEvent
6382,9,41,rld,15:09:09.732,57235,1.902,-2.269,0.386,0.000,-0.200,activeTracking,noEvent
6382,9,41,rld,15:09:09.814,57236,1.966,-2.280,0.363,-0.100,-0.100,activeTracking,noEvent
6382,9,41,rld,15:09:09.873,57237,2.036,-2.308,0.344,-0.200,-0.100,activeTracking,noEvent
6382,9,41,rld,15:09:09.940,57238,2.100,-2.341,0.326,-0.200,-0.100,activeTracking,noEvent
6382,9,41,rld,15:09:10.001,57239,2.170,-2.388,0.309,-0.300,-0.100,activeTracking,noEvent
6382,9,41,rld,15:09:10.112,57240,2.271,-2.499,0.281,-0.800,-0.200,onTarget,noEvent
6382,9,41,rld,15:09:10.273,57241,2.419,-2.742,0.250,-1.700,-0.200,onTarget,noEvent
6382,9,41,rld,15:09:10.313,57242,2.482,-2.860,0.240,-0.300,0.000,onTarget,noEvent
6382,9,41,rld,15:09:10.370,57243,2.538,-2.900,0.237,0.000,0.000,onTarget,noEvent
6382,9,41,rld,15:09:10.424,57244,2.580,-2.913,0.236,0.000,0.000,onTarget,noEvent
6382,9,41,rld,15:09:10.484,57245,2.647,-2.930,0.235,-0.100,0.000,onTarget,noEvent
6382,9,41,rld,15:09:10.547,57246,2.711,-2.947,0.235,-0.100,0.000,onTarget,noEvent
6382,9,41,rld,15:09:10.593,57247,2.763,-2.966,0.236,-0.100,0.000,onTarget,noEvent
6382,9,41,rld,15:09:10.654,57248,2.814,-2.972,0.236,0.000,0.000,onTarget,noEvent
6382,9,41,rld,15:09:10.704,57249,2.866,-2.974,0.236,0.000,0.000,activeTracking,noEvent
6382,9,41,rld,15:09:10.756,57250,2.917,-2.962,0.236,0.100,0.000,onTarget,noEvent
6382,9,41,rld,15:09:10.855,57251,3.021,-2.921,0.259,0.300,0.200,onTarget,targetClick
6382,9,42,rld,15:09:12.758,57282,3.084,-0.203,0.053,0.000,0.000,waitingForTarget,middleTargetClick
6382,9,42,rld,15:09:12.817,57283,3.149,-0.203,0.052,0.000,0.000,waitingForTarget,noEvent
6382,9,42,rld,15:09:12.859,57284,3.196,-0.203,0.052,0.000,0.000,waitingForTarget,noEvent
6382,9,42,rld,15:09:12.915,57285,3.237,-0.203,0.052,0.000,0.000,waitingForTarget,noEvent
6382,9,42,rld,15:09:12.978,57286,3.318,-0.203,0.052,0.000,0.000,waitingForTarget,noEvent
6382,9,42,rld,15:09:13.009,57287,3.348,-0.203,0.052,0.000,0.000,waitingForTarget,noEvent
6382,9,42,rld,15:09:13.043,57288,3.381,-0.203,0.052,0.000,0.000,waitingForTarget,noEvent
6382,9,42,rld,15:09:13.085,57289,3.419,-0.203,0.052,0.000,0.000,waitingForTarget,noEvent
6382,9,42,rld,15:09:13.146,57290,3.467,-0.203,0.052,0.000,0.000,waitingForTarget,noEvent
6382,9,42,rld,15:09:13.189,57291,3.527,-0.203,0.052,0.000,0.000,waitingForTarget,noEvent
6382,9,42,rld,15:09:13.245,57292,0.044,-0.203,0.052,0.000,0.000,activeTracking,targetAppeared
6382,9,42,rld,15:09:13.289,57293,0.103,-0.203,0.052,0.000,0.000,activeTracking,noEvent
6382,9,42,rld,15:09:13.345,57294,0.157,-0.203,0.052,0.000,0.000,activeTracking,noEvent
6382,9,42,rld,15:09:13.430,57295,0.225,-0.180,0.052,0.200,0.000,activeTracking,noEvent
6382,9,42,rld,15:09:13.561,57296,0.342,-0.015,0.029,1.400,-0.200,activeTracking,noEvent
6382,9,42,rld,15:09:13.641,57297,0.439,0.164,-0.012,1.100,-0.300,activeTracking,noEvent
6382,9,42,rld,15:09:13.710,57298,0.522,0.302,-0.048,0.700,-0.200,activeTracking,noEvent
6382,9,42,rld,15:09:13.827,57299,0.630,0.416,-0.060,0.600,0.000,activeTracking,noEvent
6382,9,42,rld,15:09:13.904,57300,0.689,0.567,-0.064,1.000,0.000,activeTracking,noEvent
6382,9,42,rld,15:09:13.970,57301,0.772,0.674,-0.077,0.500,-0.100,activeTracking,noEvent
6382,9,42,rld,15:09:14.022,57302,0.834,0.732,-0.081,0.200,0.000,activeTracking,noEvent
6382,9,42,rld,15:09:14.076,57303,0.879,0.751,-0.082,0.000,0.000,activeTracking,noEvent
6382,9,42,rld,15:09:14.191,57304,0.985,0.532,-0.072,-2.000,0.100,activeTracking,noEvent
6382,9,42,rld,15:09:14.327,57305,1.091,-0.273,0.067,-6.500,1.200,activeTracking,noEvent
6382,9,42,rld,15:09:14.437,57306,1.234,-1.579,0.162,-9.100,0.400,activeTracking,noEvent
6382,9,42,rld,15:09:14.537,57307,1.336,-2.620,0.281,-5.000,0.700,onTarget,targetClick
6382,9,43,rld,15:09:17.525,57344,1.408,0.152,0.069,0.000,0.000,waitingForTarget,middleTargetClick
6382,9,43,rld,15:09:17.576,57345,1.454,0.152,0.069,0.000,0.000,waitingForTarget,noEvent
6382,9,43,rld,15:09:17.623,57346,1.496,0.152,0.069,0.000,0.000,waitingForTarget,noEvent
6382,9,43,rld,15:09:17.675,57347,1.562,0.152,0.069,0.000,0.000,waitingForTarget,noEvent
6382,9,43,rld,15:09:17.712,57348,1.593,0.152,0.069,0.000,0.000,waitingForTarget,noEvent
6382,9,43,rld,15:09:17.740,57349,1.628,0.152,0.069,0.000,0.000,waitingForTarget,noEvent
6382,9,43,rld,15:09:17.809,57350,1.665,0.152,0.069,0.000,0.000,waitingForTarget,noEvent
6382,9,43,rld,15:09:17.842,57351,1.721,0.152,0.069,0.000,0.000,waitingForTarget,noEvent
6382,9,43,rld,15:09:17.895,57352,1.774,0.152,0.069,0.000,0.000,waitingForTarget,noEvent
6382,9,43,rld,15:09:17.940,57353,1.815,0.152,0.069,0.000,0.000,waitingForTarget,noEvent
6382,9,43,rld,15:09:17.978,57354,0.037,0.152,0.069,0.000,0.000,activeTracking,targetAppeared
6382,9,43,rld,15:09:18.008,57355,0.078,0.152,0.069,0.000,0.000,activeTracking,noEvent
6382,9,43,rld,15:09:18.061,57356,0.132,0.152,0.069,0.000,0.000,activeTracking,noEvent
6382,9,43,rld,15:09:18.103,57357,0.171,0.152,0.069,0.000,0.000,activeTracking,noEvent
6382,9,43,rld,15:09:18.137,57358,0.208,0.152,0.069,0.000,0.000,activeTracking,noEvent
6382,9,43,rld,15:09:18.180,57359,0.251,0.152,0.069,0.000,0.000,activeTracking,noEvent
6382,9,43,rld,15:09:18.224,57360,0.288,0.152,0.069,0.000,0.000,activeTracking,noEvent
6382,9,43,rld,15:09:18.259,57361,0.328,0.152,0.069,0.000,0.000,activeTracking,noEvent
6382,9,43,rld,15:09:18.304,57362,0.372,0.152,0.069,0.000,0.000,activeTracking,noEvent
6382,9,43,rld,15:09:18.359,57363,0.429,0.152,0.069,0.000,0.000,activeTracking,noEvent
6382,9,43,rld,15:09:18.409,57364,0.479,0.152,0.069,0.000,0.000,activeTracking,noEvent
6382,9,43,rld,15:09:18.439,57365,0.508,0.152,0.069,0.000,0.000,activeTracking,noEvent
6382,9,43,rld,15:09:18.479,57366,0.550,0.152,0.069,0.000,0.000,activeTracking,noEvent
6382,9,43,rld,15:09:18.514,57367,0.580,0.152,0.069,0.000,0.000,activeTracking,noEvent
6382,9,43,rld,15:09:18.555,57368,0.617,0.152,0.069,0.000,0.000,activeTracking,noEvent
6382,9,43,rld,15:09:18.595,57369,0.666,0.152,0.069,0.000,0.000,activeTracking,noEvent
6382,9,43,rld,15:09:18.637,57370,0.702,0.152,0.069,0.000,0.000,activeTracking,noEvent
6382,9,43,rld,15:09:18.735,57371,0.797,0.152,0.069,0.000,0.000,activeTracking,noEvent
6382,9,43,rld,15:09:18.825,57372,0.869,0.152,0.069,0.000,0.000,activeTracking,noEvent
6382,9,43,rld,15:09:18.980,57373,1.032,-1.296,0.059,-12.800,-0.100,activeTracking,noEvent
6382,9,43,rld,15:09:19.091,57374,1.136,-2.010,0.046,-1.900,-0.100,activeTracking,noEvent
6382,9,43,rld,15:09:19.151,57375,1.215,-2.300,0.030,-0.400,-0.100,activeTracking,noEvent
6382,9,43,rld,15:09:19.248,57376,1.309,-2.542,0.025,-1.200,0.000,onTarget,noEvent
6382,9,43,rld,15:09:19.325,57377,1.388,-2.695,0.024,-0.600,0.000,onTarget,noEvent
6382,9,43,rld,15:09:19.386,57378,1.449,-2.771,0.023,-0.200,0.000,onTarget,noEvent
6382,9,43,rld,15:09:19.461,57379,1.517,-2.821,0.047,-0.200,0.200,onTarget,noEvent
6382,9,43,rld,15:09:19.530,57380,1.586,-2.838,0.078,0.000,0.200,onTarget,noEvent
6382,9,43,rld,15:09:19.587,57381,1.653,-2.831,0.112,0.100,0.200,onTarget,noEvent
6382,9,43,rld,15:09:19.635,57382,1.696,-2.829,0.123,0.000,0.000,onTarget,noEvent
6382,9,43,rld,15:09:19.695,57383,1.767,-2.828,0.138,0.000,0.100,onTarget,noEvent
6382,9,43,rld,15:09:19.743,57384,1.809,-2.828,0.144,0.000,0.000,onTarget,noEvent
6382,9,43,rld,15:09:19.794,57385,1.852,-2.828,0.145,0.000,0.000,onTarget,noEvent
6382,9,43,rld,15:09:19.843,57386,1.915,-2.828,0.146,0.000,0.000,onTarget,noEvent
6382,9,43,rld,15:09:19.897,57387,1.964,-2.828,0.146,0.000,0.000,onTarget,noEvent
6382,9,43,rld,15:09:19.934,57388,2.002,-2.828,0.146,0.000,0.000,onTarget,noEvent
6382,9,43,rld,15:09:19.983,57389,2.051,-2.828,0.146,0.000,0.000,onTarget,noEvent
6382,9,43,rld,15:09:20.040,57390,2.099,-2.828,0.146,0.000,0.000,onTarget,noEvent
6382,9,43,rld,15:09:20.089,57391,2.161,-2.828,0.146,0.000,0.000,onTarget,noEvent
6382,9,43,rld,15:09:20.148,57392,2.220,-2.828,0.146,0.000,0.000,onTarget,noEvent
6382,9,43,rld,15:09:20.187,57393,2.258,-2.828,0.146,0.000,0.000,onTarget,noEvent
6382,9,43,rld,15:09:20.280,57394,2.338,-2.828,0.146,0.000,0.000,onTarget,targetClick
6382,9,44,rld,15:09:22.525,57430,2.408,-0.017,-0.066,0.000,0.000,waitingForTarget,middleTargetClick
6382,9,44,rld,15:09:22.589,57431,2.466,-0.017,-0.066,0.000,0.000,waitingForTarget,noEvent
6382,9,44,rld,15:09:22.626,57432,2.509,-0.017,-0.066,0.000,0.000,waitingForTarget,noEvent
6382,9,44,rld,15:09:22.691,57433,2.578,-0.017,-0.066,0.000,0.000,waitingForTarget,noEvent
6382,9,44,rld,15:09:22.724,57434,2.617,-0.017,-0.066,0.000,0.000,waitingForTarget,noEvent
6382,9,44,rld,15:09:22.762,57435,2.652,-0.017,-0.066,0.000,0.000,waitingForTarget,noEvent
6382,9,44,rld,15:09:22.818,57436,2.700,-0.017,-0.066,0.000,0.000,waitingForTarget,noEvent
6382,9,44,rld,15:09:22.855,57437,2.738,-0.017,-0.066,0.000,0.000,waitingForTarget,noEvent
6382,9,44,rld,15:09:22.897,57438,2.781,-0.017,-0.066,0.000,0.000,waitingForTarget,noEvent
6382,9,44,rld,15:09:22.961,57439,2.851,-0.017,-0.066,0.000,0.000,waitingForTarget,noEvent
6382,9,44,rld,15:09:23.007,57440,0.038,-0.017,-0.066,0.000,0.000,activeTracking,targetAppeared
6382,9,44,rld,15:09:23.052,57441,0.083,-0.017,-0.066,0.000,0.000,activeTracking,noEvent
6382,9,44,rld,15:09:23.094,57442,0.124,-0.017,-0.066,0.000,0.000,activeTracking,noEvent
6382,9,44,rld,15:09:23.123,57443,0.162,-0.017,-0.066,0.000,0.000,activeTracking,noEvent
6382,9,44,rld,15:09:23.162,57444,0.203,-0.017,-0.066,0.000,0.000,activeTracking,noEvent
6382,9,44,rld,15:09:23.223,57445,0.263,-0.017,-0.066,0.000,0.000,activeTracking,noEvent
6382,9,44,rld,15:09:23.272,57446,0.305,-0.017,-0.066,0.000,0.000,activeTracking,noEvent
6382,9,44,rld,15:09:23.314,57447,0.355,-0.017,-0.066,0.000,0.000,activeTracking,noEvent
6382,9,44,rld,15:09:23.356,57448,0.390,-0.017,-0.066,0.000,0.000,activeTracking,noEvent
6382,9,44,rld,15:09:23.397,57449,0.438,-0.017,-0.066,0.000,0.000,activeTracking,noEvent
6382,9,44,rld,15:09:23.438,57450,0.467,-0.017,-0.066,0.000,0.000,activeTracking,noEvent
6382,9,44,rld,15:09:23.463,57451,0.503,-0.017,-0.066,0.000,0.000,activeTracking,noEvent
6382,9,44,rld,15:09:23.497,57452,0.538,-0.017,-0.066,0.000,0.000,activeTracking,noEvent
6382,9,44,rld,15:09:23.541,57453,0.581,-0.017,-0.066,0.000,0.000,activeTracking,noEvent
6382,9,44,rld,15:09:23.617,57454,0.650,-0.017,-0.066,0.000,0.000,activeTracking,noEvent
6382,9,44,rld,15:09:23.658,57455,0.697,-0.017,-0.066,0.000,0.000,activeTracking,noEvent
6382,9,44,rld,15:09:23.710,57456,0.751,-0.017,-0.066,0.000,0.000,activeTracking,noEvent
6382,9,44,rld,15:09:23.864,57457,0.898,1.991,0.118,17.600,1.600,activeTracking,noEvent
6382,9,44,rld,15:09:23.931,57458,0.971,2.848,0.197,1.300,0.100,onTarget,noEvent
6382,9,44,rld,15:09:24.008,57459,1.037,3.193,0.225,0.400,0.000,activeTracking,noEvent
6382,9,44,rld,15:09:24.117,57460,1.147,3.781,0.289,3.700,0.400,activeTracking,noEvent
6382,9,44,rld,15:09:24.176,57461,1.207,4.009,0.311,0.200,0.000,activeTracking,noEvent
6382,9,44,rld,15:09:24.220,57462,1.257,4.113,0.319,0.200,0.000,activeTracking,noEvent
6382,9,44,rld,15:09:24.293,57463,1.322,4.174,0.322,0.200,0.000,activeTracking,noEvent
6382,9,44,rld,15:09:24.340,57464,1.369,4.194,0.323,0.000,0.000,activeTracking,noEvent
6382,9,44,rld,15:09:24.386,57465,1.427,4.188,0.323,-0.100,0.000,activeTracking,noEvent
6382,9,44,rld,15:09:24.451,57466,1.484,4.159,0.323,-0.200,0.000,activeTracking,noEvent
6382,9,44,rld,15:09:24.526,57467,1.556,4.096,0.285,-0.400,-0.300,activeTracking,noEvent
6382,9,44,rld,15:09:24.611,57468,1.640,3.943,0.198,-1.000,-0.600,activeTracking,noEvent
6382,9,44,rld,15:09:24.811,57469,1.827,3.481,0.129,-3.200,-0.300,activeTracking,noEvent
6382,9,44,rld,15:09:24.909,57470,1.938,3.055,0.058,-2.200,-0.400,onTarget,noEvent
6382,9,44,rld,15:09:24.954,57471,1.987,2.866,0.035,-0.400,0.000,onTarget,noEvent
6382,9,44,rld,15:09:25.021,57472,2.048,2.780,0.027,-0.200,0.000,onTarget,noEvent
6382,9,44,rld,15:09:25.060,57473,2.101,2.751,0.024,0.000,0.000,onTarget,noEvent
6382,9,44,rld,15:09:25.121,57474,2.155,2.729,0.023,-0.100,0.000,onTarget,noEvent
6382,9,44,rld,15:09:25.162,57475,2.200,2.722,0.023,0.000,0.000,onTarget,noEvent
6382,9,44,rld,15:09:25.247,57476,2.278,2.707,0.046,-0.100,0.200,onTarget,noEvent
6382,9,44,rld,15:09:25.292,57477,2.328,2.702,0.066,0.000,0.100,onTarget,noEvent
6382,9,44,rld,15:09:25.352,57478,2.388,2.701,0.084,0.000,0.100,onTarget,noEvent
6382,9,44,rld,15:09:25.412,57479,2.449,2.700,0.090,0.000,0.000,onTarget,noEvent
6382,9,44,rld,15:09:25.473,57480,2.506,2.712,0.104,0.100,0.100,onTarget,noEvent
6382,9,44,rld,15:09:25.538,57481,2.566,2.716,0.108,0.000,0.000,onTarget,noEvent
6382,9,44,rld,15:09:25.589,57482,2.630,2.717,0.110,0.000,0.000,onTarget,noEvent
6382,9,44,rld,15:09:25.654,57483,2.684,2.718,0.110,0.000,0.000,onTarget,targetClick
6382,9,45,rld,15:09:28.401,57530,2.786,0.051,0.035,0.000,0.000,waitingForTarget,middleTargetClick
6382,9,45,rld,15:09:28.463,57531,2.861,0.051,0.035,0.000,0.000,waitingForTarget,noEvent
6382,9,45,rld,15:09:28.518,57532,2.910,0.051,0.035,0.000,0.000,waitingForTarget,noEvent
6382,9,45,rld,15:09:28.557,57533,2.960,0.051,0.035,0.000,0.000,waitingForTarget,noEvent
6382,9,45,rld,15:09:28.605,57534,2.996,0.051,0.035,0.000,0.000,waitingForTarget,noEvent
6382,9,45,rld,15:09:28.646,57535,3.041,0.051,0.035,0.000,0.000,waitingForTarget,noEvent
6382,9,45,rld,15:09:28.695,57536,3.091,0.051,0.035,0.000,0.000,waitingForTarget,noEvent
6382,9,45,rld,15:09:28.741,57537,3.145,0.051,0.035,0.000,0.000,waitingForTarget,noEvent
6382,9,45,rld,15:09:28.772,57538,3.175,0.051,0.035,0.000,0.000,waitingForTarget,noEvent
6382,9,45,rld,15:09:28.824,57539,3.228,0.051,0.035,0.000,0.000,waitingForTarget,noEvent
6382,9,45,rld,15:09:28.860,57540,0.033,0.051,0.035,0.000,0.000,activeTracking,targetAppeared
6382,9,45,rld,15:09:28.914,57541,0.078,0.051,0.035,0.000,0.000,activeTracking,noEvent
6382,9,45,rld,15:09:28.943,57542,0.113,0.051,0.035,0.000,0.000,activeTracking,noEvent
6382,9,45,rld,15:09:28.989,57543,0.156,0.051,0.035,0.000,0.000,activeTracking,noEvent
6382,9,45,rld,15:09:29.041,57544,0.212,0.051,0.035,0.000,0.000,activeTracking,noEvent
6382,9,45,rld,15:09:29.073,57545,0.242,0.051,0.035,0.000,0.000,activeTracking,noEvent
6382,9,45,rld,15:09:29.113,57546,0.289,0.051,0.035,0.000,0.000,activeTracking,noEvent
6382,9,45,rld,15:09:29.146,57547,0.320,0.051,0.035,0.000,0.000,activeTracking,noEvent
6382,9,45,rld,15:09:29.190,57548,0.358,0.051,0.035,0.000,0.000,activeTracking,noEvent
6382,9,45,rld,15:09:29.225,57549,0.400,0.051,0.035,0.000,0.000,activeTracking,noEvent
6382,9,45,rld,15:09:29.264,57550,0.440,0.051,0.035,0.000,0.000,activeTracking,noEvent
6382,9,45,rld,15:09:29.306,57551,0.480,0.051,0.035,0.000,0.000,activeTracking,noEvent
6382,9,45,rld,15:09:29.343,57552,0.518,0.051,0.035,0.000,0.000,activeTracking,noEvent
6382,9,45,rld,15:09:29.407,57553,0.569,0.051,0.035,0.000,0.000,activeTracking,noEvent
6382,9,45,rld,15:09:29.604,57554,0.741,-1.353,-0.043,-12.400,-0.700,activeTracking,noEvent
6382,9,45,rld,15:09:29.695,57555,0.854,-2.018,-0.069,-1.600,0.000,activeTracking,noEvent
6382,9,45,rld,15:09:29.763,57556,0.923,-2.303,-0.078,-0.500,0.000,activeTracking,noEvent
6382,9,45,rld,15:09:29.874,57557,1.035,-2.591,-0.081,-1.600,0.000,onTarget,noEvent
6382,9,45,rld,15:09:29.974,57558,1.111,-2.785,-0.082,-0.800,0.000,onTarget,noEvent
6382,9,45,rld,15:09:30.042,57559,1.200,-2.985,-0.082,-1.100,0.000,onTarget,noEvent
6382,9,45,rld,15:09:30.129,57560,1.304,-3.127,-0.070,-0.600,0.100,activeTracking,noEvent
6382,9,45,rld,15:09:30.193,57561,1.369,-3.174,-0.055,0.000,0.100,activeTracking,noEvent
6382,9,45,rld,15:09:30.295,57562,1.466,-3.178,-0.026,0.100,0.200,activeTracking,noEvent
6382,9,45,rld,15:09:30.386,57563,1.541,-3.154,0.008,0.200,0.200,activeTracking,noEvent
6382,9,45,rld,15:09:30.455,57564,1.623,-3.109,0.054,0.300,0.300,activeTracking,noEvent
6382,9,45,rld,15:09:30.523,57565,1.689,-3.081,0.069,0.100,0.000,activeTracking,noEvent
6382,9,45,rld,15:09:30.567,57566,1.735,-3.072,0.075,0.000,0.000,activeTracking,noEvent
6382,9,45,rld,15:09:30.604,57567,1.768,-3.069,0.076,0.000,0.000,activeTracking,noEvent
6382,9,45,rld,15:09:30.629,57568,1.805,-3.068,0.077,0.000,0.000,activeTracking,noEvent
6382,9,45,rld,15:09:30.689,57569,1.849,-3.068,0.077,0.000,0.000,activeTracking,noEvent
6382,9,45,rld,15:09:30.724,57570,1.898,-3.068,0.077,0.000,0.000,activeTracking,noEvent
6382,9,45,rld,15:09:30.763,57571,1.935,-3.067,0.077,0.000,0.000,activeTracking,noEvent
6382,9,45,rld,15:09:30.829,57572,1.996,-3.067,0.077,0.000,0.000,activeTracking,noEvent
6382,9,45,rld,15:09:30.875,57573,2.050,-3.067,0.077,0.000,0.000,activeTracking,noEvent
6382,9,45,rld,15:09:30.912,57574,2.074,-3.067,0.077,0.000,0.000,activeTracking,noEvent
6382,9,45,rld,15:09:30.945,57575,2.112,-3.067,0.077,0.000,0.000,activeTracking,noEvent
6382,9,45,rld,15:09:30.983,57576,2.153,-3.067,0.077,0.000,0.000,activeTracking,noEvent
6382,9,45,rld,15:09:31.036,57577,2.203,-3.067,0.077,0.000,0.000,activeTracking,noEvent
6382,9,45,rld,15:09:31.073,57578,2.247,-3.067,0.077,0.000,0.000,activeTracking,noEvent
6382,9,45,rld,15:09:31.122,57579,2.291,-3.067,0.077,0.000,0.000,activeTracking,noEvent
6382,9,45,rld,15:09:31.167,57580,2.334,-3.067,0.077,0.000,0.000,activeTracking,noEvent
6382,9,45,rld,15:09:31.208,57581,2.381,-3.067,0.077,0.000,0.000,activeTracking,noEvent
6382,9,45,rld,15:09:31.241,57582,2.411,-3.067,0.077,0.000,0.000,activeTracking,noEvent
6382,9,45,rld,15:09:31.283,57583,2.452,-3.067,0.077,0.000,0.000,activeTracking,noEvent
6382,9,45,rld,15:09:31.340,57584,2.502,-3.067,0.077,0.000,0.000,activeTracking,noEvent
6382,9,45,rld,15:09:31.395,57585,2.561,-3.067,0.077,0.000,0.000,activeTracking,noEvent
6382,9,45,rld,15:09:31.456,57586,2.623,-3.067,0.077,0.000,0.000,activeTracking,noEvent
6382,9,45,rld,15:09:31.508,57587,2.672,-3.067,0.077,0.000,0.000,activeTracking,noEvent
6382,9,45,rld,15:09:31.575,57588,2.715,-3.067,0.077,0.000,0.000,activeTracking,noEvent
6382,9,45,rld,15:09:31.645,57589,2.808,-3.018,0.077,0.400,0.000,onTarget,noEvent
6382,9,45,rld,15:09:31.711,57590,2.871,-2.977,0.077,0.200,0.000,onTarget,noEvent
6382,9,45,rld,15:09:31.772,57591,2.935,-2.939,0.076,0.200,0.000,onTarget,noEvent
6382,9,45,rld,15:09:31.835,57592,3.006,-2.901,0.076,0.200,0.000,onTarget,noEvent
6382,9,45,rld,15:09:31.890,57593,3.056,-2.877,0.076,0.100,0.000,onTarget,noEvent
6382,9,45,rld,15:09:31.975,57594,3.137,-2.832,0.076,0.300,0.000,onTarget,noEvent
6382,9,45,rld,15:09:32.042,57595,3.210,-2.792,0.064,0.200,-0.100,onTarget,noEvent
6382,9,45,rld,15:09:32.090,57596,3.265,-2.767,0.048,0.100,-0.100,onTarget,noEvent
6382,9,45,rld,15:09:32.136,57597,3.311,-2.759,0.043,0.000,0.000,onTarget,noEvent
6382,9,45,rld,15:09:32.185,57598,3.354,-2.756,0.041,0.000,0.000,onTarget,noEvent
6382,9,45,rld,15:09:32.247,57599,3.416,-2.755,0.029,0.000,-0.100,onTarget,noEvent
6382,9,45,rld,15:09:32.304,57600,3.466,-2.755,0.025,0.000,0.000,onTarget,noEvent
6382,9,45,rld,15:09:32.352,57601,3.522,-2.755,0.024,0.000,0.000,onTarget,noEvent
6382,9,45,rld,15:09:32.393,57602,3.552,-2.755,0.023,0.000,0.000,onTarget,noEvent
6382,9,45,rld,15:09:32.456,57603,3.620,-2.755,0.023,0.000,0.000,onTarget,targetClick
6382,9,46,rld,15:09:35.675,57657,3.672,-0.118,-0.083,0.000,0.000,waitingForTarget,middleTargetClick
6382,9,46,rld,15:09:35.726,57658,3.740,-0.118,-0.083,0.000,0.000,waitingForTarget,noEvent
6382,9,46,rld,15:09:35.793,57659,3.792,-0.118,-0.083,0.000,0.000,waitingForTarget,noEvent
6382,9,46,rld,15:09:35.835,57660,3.845,-0.118,-0.083,0.000,0.000,waitingForTarget,noEvent
6382,9,46,rld,15:09:35.874,57661,3.881,-0.118,-0.083,0.000,0.000,waitingForTarget,noEvent
6382,9,46,rld,15:09:35.926,57662,3.930,-0.118,-0.083,0.000,0.000,waitingForTarget,noEvent
6382,9,46,rld,15:09:35.972,57663,3.986,-0.118,-0.083,0.000,0.000,waitingForTarget,noEvent
6382,9,46,rld,15:09:36.141,57667,0.040,-0.118,-0.083,0.000,0.000,activeTracking,targetAppeared
6382,9,46,rld,15:09:36.191,57668,0.093,-0.118,-0.083,0.000,0.000,activeTracking,noEvent
6382,9,46,rld,15:09:36.238,57669,0.137,-0.118,-0.083,0.000,0.000,activeTracking,noEvent
6382,9,46,rld,15:09:36.270,57670,0.179,-0.118,-0.083,0.000,0.000,activeTracking,noEvent
6382,9,46,rld,15:09:36.320,57671,0.223,-0.118,-0.083,0.000,0.000,activeTracking,noEvent
6382,9,46,rld,15:09:36.357,57672,0.264,-0.118,-0.083,0.000,0.000,activeTracking,noEvent
6382,9,46,rld,15:09:36.404,57673,0.305,-0.118,-0.083,0.000,0.000,activeTracking,noEvent
6382,9,46,rld,15:09:36.444,57674,0.350,-0.118,-0.083,0.000,0.000,activeTracking,noEvent
6382,9,46,rld,15:09:36.486,57675,0.400,-0.118,-0.083,0.000,0.000,activeTracking,noEvent
6382,9,46,rld,15:09:36.534,57676,0.439,-0.118,-0.083,0.000,0.000,activeTracking,noEvent
6382,9,46,rld,15:09:36.575,57677,0.477,-0.118,-0.083,0.000,0.000,activeTracking,noEvent
6382,9,46,rld,15:09:36.613,57678,0.521,-0.118,-0.083,0.000,0.000,activeTracking,noEvent
6382,9,46,rld,15:09:36.663,57679,0.572,-0.118,-0.083,0.000,0.000,activeTracking,noEvent
6382,9,46,rld,15:09:36.724,57680,0.628,-0.118,-0.083,0.000,0.000,activeTracking,noEvent
6382,9,46,rld,15:09:36.759,57681,0.673,-0.118,-0.083,0.000,0.000,activeTracking,noEvent
6382,9,46,rld,15:09:36.838,57682,0.740,-0.118,-0.083,0.000,0.000,activeTracking,noEvent
6382,9,46,rld,15:09:36.957,57683,0.859,-0.637,-0.106,-4.600,-0.200,activeTracking,noEvent
6382,9,46,rld,15:09:37.096,57684,0.995,-1.392,-0.113,-5.100,0.000,activeTracking,noEvent
6382,9,46,rld,15:09:37.172,57685,1.085,-1.937,-0.104,-2.500,0.100,activeTracking,noEvent
6382,9,46,rld,15:09:37.252,57686,1.158,-2.169,-0.090,-0.400,0.100,activeTracking,noEvent
6382,9,46,rld,15:09:37.326,57687,1.235,-2.282,-0.062,-0.300,0.200,activeTracking,noEvent
6382,9,46,rld,15:09:37.388,57688,1.297,-2.332,-0.029,-0.100,0.200,activeTracking,noEvent
6382,9,46,rld,15:09:37.455,57689,1.362,-2.349,0.005,0.000,0.200,onTarget,noEvent
6382,9,46,rld,15:09:37.540,57690,1.422,-2.366,0.028,-0.100,0.100,onTarget,noEvent
6382,9,46,rld,15:09:37.653,57691,1.546,-2.552,0.117,-1.500,0.700,onTarget,noEvent
6382,9,46,rld,15:09:37.714,57692,1.620,-2.650,0.183,-0.300,0.300,onTarget,noEvent
6382,9,46,rld,15:09:37.758,57693,1.666,-2.683,0.216,0.000,0.100,onTarget,noEvent
6382,9,46,rld,15:09:37.823,57694,1.728,-2.707,0.228,-0.100,0.000,onTarget,noEvent
6382,9,46,rld,15:09:37.885,57695,1.789,-2.726,0.231,-0.100,0.000,onTarget,noEvent
6382,9,46,rld,15:09:37.962,57696,1.866,-2.757,0.210,-0.200,-0.200,onTarget,noEvent
6382,9,46,rld,15:09:38.021,57697,1.934,-2.768,0.179,0.000,-0.200,onTarget,noEvent
6382,9,46,rld,15:09:38.061,57698,1.973,-2.771,0.169,0.000,0.000,onTarget,noEvent
6382,9,46,rld,15:09:38.140,57699,2.042,-2.772,0.153,0.000,-0.100,onTarget,noEvent
6382,9,46,rld,15:09:38.189,57700,2.101,-2.773,0.137,0.000,-0.100,onTarget,noEvent
6382,9,46,rld,15:09:38.255,57701,2.153,-2.761,0.131,0.100,0.000,onTarget,noEvent
6382,9,46,rld,15:09:38.324,57702,2.225,-2.744,0.117,0.100,-0.100,onTarget,noEvent
6382,9,46,rld,15:09:38.386,57703,2.282,-2.739,0.113,0.000,0.000,onTarget,noEvent
6382,9,46,rld,15:09:38.435,57704,2.337,-2.725,0.100,0.100,-0.100,onTarget,noEvent
6382,9,46,rld,15:09:38.495,57705,2.401,-2.696,0.095,0.200,0.000,onTarget,noEvent
6382,9,46,rld,15:09:38.560,57706,2.473,-2.674,0.093,0.100,0.000,onTarget,noEvent
6382,9,46,rld,15:09:38.596,57707,2.509,-2.667,0.093,0.000,0.000,onTarget,noEvent
6382,9,46,rld,15:09:38.661,57708,2.572,-2.653,0.104,0.100,0.100,onTarget,noEvent
6382,9,46,rld,15:09:38.712,57709,2.622,-2.648,0.108,0.000,0.000,onTarget,noEvent
6382,9,46,rld,15:09:38.757,57710,2.670,-2.646,0.109,0.000,0.000,onTarget,noEvent
6382,9,46,rld,15:09:38.830,57711,2.738,-2.646,0.110,0.000,0.000,onTarget,targetClick
6382,9,47,rld,15:09:41.845,57753,2.811,-0.240,0.069,0.000,0.000,waitingForTarget,middleTargetClick
6382,9,47,rld,15:09:41.891,57754,2.861,-0.237,0.069,0.000,0.000,waitingForTarget,noEvent
6382,9,47,rld,15:09:41.945,57755,2.917,-0.237,0.069,0.000,0.000,waitingForTarget,noEvent
6382,9,47,rld,15:09:41.994,57756,2.970,-0.236,0.069,0.000,0.000,waitingForTarget,noEvent
6382,9,47,rld,15:09:42.039,57757,3.015,-0.236,0.069,0.000,0.000,waitingForTarget,noEvent
6382,9,47,rld,15:09:42.085,57758,3.051,-0.236,0.069,0.000,0.000,waitingForTarget,noEvent
6382,9,47,rld,15:09:42.116,57759,3.088,-0.236,0.069,0.000,0.000,waitingForTarget,noEvent
6382,9,47,rld,15:09:42.168,57760,3.133,-0.236,0.069,0.000,0.000,waitingForTarget,noEvent
6382,9,47,rld,15:09:42.204,57761,3.171,-0.236,0.069,0.000,0.000,waitingForTarget,noEvent
6382,9,47,rld,15:09:42.241,57762,3.214,-0.236,0.069,0.000,0.000,waitingForTarget,noEvent
6382,9,47,rld,15:09:42.284,57763,0.038,-0.236,0.069,0.000,0.000,activeTracking,targetAppeared
6382,9,47,rld,15:09:42.320,57764,0.075,-0.236,0.069,0.000,0.000,activeTracking,noEvent
6382,9,47,rld,15:09:42.373,57765,0.124,-0.236,0.069,0.000,0.000,activeTracking,noEvent
6382,9,47,rld,15:09:42.415,57766,0.168,-0.236,0.069,0.000,0.000,activeTracking,noEvent
6382,9,47,rld,15:09:42.455,57767,0.210,-0.236,0.069,0.000,0.000,activeTracking,noEvent
6382,9,47,rld,15:09:42.504,57768,0.260,-0.236,0.069,0.000,0.000,activeTracking,noEvent
6382,9,47,rld,15:09:42.556,57769,0.310,-0.236,0.069,0.000,0.000,activeTracking,noEvent
6382,9,47,rld,15:09:42.597,57770,0.359,-0.236,0.069,0.000,0.000,activeTracking,noEvent
6382,9,47,rld,15:09:42.641,57771,0.393,-0.236,0.069,0.000,0.000,activeTracking,noEvent
6382,9,47,rld,15:09:42.670,57772,0.431,-0.236,0.069,0.000,0.000,activeTracking,noEvent
6382,9,47,rld,15:09:42.725,57773,0.483,-0.236,0.069,0.000,0.000,activeTracking,noEvent
6382,9,47,rld,15:09:42.767,57774,0.529,-0.236,0.069,0.000,0.000,activeTracking,noEvent
6382,9,47,rld,15:09:42.837,57775,0.598,-0.236,0.069,0.000,0.000,activeTracking,noEvent
6382,9,47,rld,15:09:42.875,57776,0.630,-0.236,0.069,0.000,0.000,activeTracking,noEvent
6382,9,47,rld,15:09:42.944,57777,0.694,-0.236,0.069,0.000,0.000,activeTracking,noEvent
6382,9,47,rld,15:09:43.058,57778,0.787,-0.360,0.069,-1.100,0.000,activeTracking,noEvent
6382,9,47,rld,15:09:43.227,57779,0.972,-1.092,0.104,-6.100,0.300,activeTracking,noEvent
6382,9,47,rld,15:09:43.384,57780,1.100,-1.871,0.278,-4.600,1.400,activeTracking,noEvent
6382,9,47,rld,15:09:43.480,57781,1.228,-2.253,0.374,-1.000,0.300,activeTracking,noEvent
6382,9,47,rld,15:09:43.578,57782,1.325,-2.430,0.442,-0.400,0.300,activeTracking,noEvent
6382,9,47,rld,15:09:43.644,57783,1.398,-2.525,0.489,-0.300,0.200,activeTracking,noEvent
6382,9,47,rld,15:09:43.688,57784,1.449,-2.569,0.504,-0.100,0.000,activeTracking,noEvent
6382,9,47,rld,15:09:43.747,57785,1.501,-2.596,0.510,-0.100,0.000,activeTracking,noEvent
6382,9,47,rld,15:09:43.812,57786,1.566,-2.605,0.512,0.000,0.000,activeTracking,noEvent
6382,9,47,rld,15:09:43.869,57787,1.627,-2.620,0.501,-0.100,-0.100,activeTracking,noEvent
6382,9,47,rld,15:09:43.926,57788,1.673,-2.625,0.497,0.000,0.000,activeTracking,noEvent
6382,9,47,rld,15:09:43.991,57789,1.739,-2.626,0.473,0.000,-0.200,activeTracking,noEvent
6382,9,47,rld,15:09:44.128,57790,1.859,-2.615,0.312,0.100,-1.300,onTarget,noEvent
6382,9,47,rld,15:09:44.205,57791,1.958,-2.611,0.201,0.000,-0.500,onTarget,noEvent
6382,9,47,rld,15:09:44.266,57792,2.019,-2.598,0.128,0.100,-0.300,onTarget,noEvent
6382,9,47,rld,15:09:44.312,57793,2.071,-2.593,0.093,0.000,-0.100,onTarget,noEvent
6382,9,47,rld,15:09:44.376,57794,2.130,-2.592,0.057,0.000,-0.200,onTarget,noEvent
6382,9,47,rld,15:09:44.438,57795,2.195,-2.591,0.034,0.000,-0.100,onTarget,noEvent
6382,9,47,rld,15:09:44.494,57796,2.255,-2.591,0.003,0.000,-0.200,onTarget,noEvent
6382,9,47,rld,15:09:44.557,57797,2.307,-2.591,-0.031,0.000,-0.200,onTarget,noEvent
6382,9,47,rld,15:09:44.638,57798,2.387,-2.627,-0.042,-0.300,0.000,onTarget,noEvent
6382,9,47,rld,15:09:44.695,57799,2.454,-2.651,-0.046,-0.100,0.000,onTarget,noEvent
6382,9,47,rld,15:09:44.771,57800,2.525,-2.696,-0.047,-0.300,0.000,onTarget,noEvent
6382,9,47,rld,15:09:44.826,57801,2.586,-2.723,-0.047,-0.100,0.000,onTarget,noEvent
6382,9,47,rld,15:09:44.894,57802,2.631,-2.744,-0.047,-0.100,0.000,onTarget,noEvent
6382,9,47,rld,15:09:45.024,57803,2.721,-2.751,-0.024,0.000,0.200,onTarget,noEvent
6382,9,47,rld,15:09:45.075,57804,2.826,-2.753,0.007,0.000,0.200,onTarget,targetClick
6382,9,48,rld,15:09:48.311,57853,2.895,-0.017,-0.269,0.000,0.000,waitingForTarget,middleTargetClick
6382,9,48,rld,15:09:48.394,57854,2.963,-0.017,-0.269,0.000,0.000,waitingForTarget,noEvent
6382,9,48,rld,15:09:48.429,57855,3.018,-0.017,-0.269,0.000,0.000,waitingForTarget,noEvent
6382,9,48,rld,15:09:48.462,57856,3.051,-0.017,-0.269,0.000,0.000,waitingForTarget,noEvent
6382,9,48,rld,15:09:48.495,57857,3.084,-0.017,-0.269,0.000,0.000,waitingForTarget,noEvent
6382,9,48,rld,15:09:48.537,57858,3.118,-0.017,-0.269,0.000,0.000,waitingForTarget,noEvent
6382,9,48,rld,15:09:48.570,57859,3.155,-0.017,-0.269,0.000,0.000,waitingForTarget,noEvent
6382,9,48,rld,15:09:48.615,57860,3.202,-0.017,-0.269,0.000,0.000,waitingForTarget,noEvent
6382,9,48,rld,15:09:48.648,57861,3.237,-0.017,-0.269,0.000,0.000,waitingForTarget,noEvent
6382,9,48,rld,15:09:48.691,57862,3.277,-0.017,-0.269,0.000,0.000,waitingForTarget,noEvent
6382,9,48,rld,15:09:48.729,57863,3.314,-0.017,-0.269,0.000,0.000,waitingForTarget,noEvent
6382,9,48,rld,15:09:48.769,57864,0.044,-0.017,-0.269,0.000,0.000,activeTracking,targetAppeared
6382,9,48,rld,15:09:48.812,57865,0.086,-0.017,-0.269,0.000,0.000,activeTracking,noEvent
6382,9,48,rld,15:09:48.861,57866,0.134,-0.017,-0.269,0.000,0.000,activeTracking,noEvent
6382,9,48,rld,15:09:48.889,57867,0.165,-0.017,-0.269,0.000,0.000,activeTracking,noEvent
6382,9,48,rld,15:09:48.941,57868,0.216,-0.017,-0.269,0.000,0.000,activeTracking,noEvent
6382,9,48,rld,15:09:48.993,57869,0.265,-0.017,-0.269,0.000,0.000,activeTracking,noEvent
6382,9,48,rld,15:09:49.038,57870,0.313,-0.017,-0.269,0.000,0.000,activeTracking,noEvent
6382,9,48,rld,15:09:49.076,57871,0.352,-0.017,-0.269,0.000,0.000,activeTracking,noEvent
6382,9,48,rld,15:09:49.125,57872,0.399,-0.017,-0.269,0.000,0.000,activeTracking,noEvent
6382,9,48,rld,15:09:49.174,57873,0.450,-0.017,-0.269,0.000,0.000,activeTracking,noEvent
6382,9,48,rld,15:09:49.225,57874,0.500,-0.017,-0.269,0.000,0.000,activeTracking,noEvent
6382,9,48,rld,15:09:49.268,57875,0.541,-0.017,-0.269,0.000,0.000,activeTracking,noEvent
6382,9,48,rld,15:09:49.310,57876,0.584,-0.017,-0.269,0.000,0.000,activeTracking,noEvent
6382,9,48,rld,15:09:49.361,57877,0.634,-0.017,-0.269,0.000,0.000,activeTracking,noEvent
6382,9,48,rld,15:09:49.421,57878,0.696,-0.017,-0.269,0.000,0.000,activeTracking,noEvent
6382,9,48,rld,15:09:49.591,57879,0.833,1.262,-0.248,11.300,0.200,activeTracking,noEvent
6382,9,48,rld,15:09:49.690,57880,0.938,1.777,-0.218,0.700,0.200,activeTracking,noEvent
6382,9,48,rld,15:09:49.860,57881,1.112,2.221,-0.151,2.300,0.500,activeTracking,noEvent
6382,9,48,rld,15:09:49.939,57882,1.209,2.503,-0.094,1.100,0.300,onTarget,noEvent
6382,9,48,rld,15:09:50.026,57883,1.293,2.683,-0.051,0.700,0.200,onTarget,noEvent
6382,9,48,rld,15:09:50.087,57884,1.355,2.755,-0.037,0.100,0.000,onTarget,noEvent
6382,9,48,rld,15:09:50.161,57885,1.421,2.779,-0.009,0.000,0.200,onTarget,noEvent
6382,9,48,rld,15:09:50.282,57886,1.554,2.824,0.059,0.300,0.500,onTarget,noEvent
6382,9,48,rld,15:09:50.357,57887,1.601,2.863,0.106,0.200,0.200,onTarget,noEvent
6382,9,48,rld,15:09:50.406,57888,1.681,2.913,0.133,0.300,0.100,onTarget,noEvent
6382,9,48,rld,15:09:50.467,57889,1.736,2.954,0.143,0.200,0.000,onTarget,noEvent
6382,9,48,rld,15:09:50.517,57890,1.784,2.980,0.146,0.100,0.000,onTarget,noEvent
6382,9,48,rld,15:09:50.593,57891,1.867,2.989,0.147,0.000,0.000,onTarget,noEvent
6382,9,48,rld,15:09:50.644,57892,1.913,2.992,0.147,0.000,0.000,onTarget,noEvent
6382,9,48,rld,15:09:50.702,57893,1.963,2.993,0.147,0.000,0.000,onTarget,noEvent
6382,9,48,rld,15:09:50.756,57894,2.020,2.993,0.147,0.000,0.000,onTarget,noEvent
6382,9,48,rld,15:09:50.824,57895,2.098,2.993,0.147,0.000,0.000,onTarget,noEvent
6382,9,48,rld,15:09:50.980,57896,2.244,2.895,0.088,-0.800,-0.500,onTarget,noEvent
6382,9,48,rld,15:09:51.057,57897,2.313,2.789,0.009,-0.600,-0.500,onTarget,noEvent
6382,9,48,rld,15:09:51.137,57898,2.398,2.717,-0.040,-0.300,-0.200,onTarget,noEvent
6382,9,48,rld,15:09:51.195,57899,2.465,2.657,-0.068,-0.300,-0.100,onTarget,noEvent
6382,9,48,rld,15:09:51.256,57900,2.522,2.625,-0.078,-0.100,0.000,onTarget,noEvent
6382,9,48,rld,15:09:51.290,57901,2.565,2.602,-0.093,-0.100,-0.100,onTarget,noEvent
6382,9,48,rld,15:09:51.383,57902,2.639,2.571,-0.098,-0.200,0.000,onTarget,noEvent
6382,9,48,rld,15:09:51.431,57903,2.701,2.548,-0.099,-0.100,0.000,onTarget,noEvent
6382,9,48,rld,15:09:51.473,57904,2.748,2.541,-0.100,0.000,0.000,onTarget,noEvent
6382,9,48,rld,15:09:51.536,57905,2.807,2.538,-0.100,0.000,0.000,onTarget,noEvent
6382,9,48,rld,15:09:51.642,57906,2.906,2.537,-0.088,0.000,0.100,onTarget,targetClick
6382,9,49,rld,15:09:54.476,57955,2.991,0.051,0.187,0.000,0.000,waitingForTarget,middleTargetClick
6382,9,49,rld,15:09:54.527,57956,3.042,0.051,0.187,0.000,0.000,waitingForTarget,noEvent
6382,9,49,rld,15:09:54.577,57957,3.086,0.051,0.187,0.000,0.000,waitingForTarget,noEvent
6382,9,49,rld,15:09:54.634,57958,3.146,0.051,0.187,0.000,0.000,waitingForTarget,noEvent
6382,9,49,rld,15:09:54.677,57959,3.195,0.051,0.187,0.000,0.000,waitingForTarget,noEvent
6382,9,49,rld,15:09:54.704,57960,3.221,0.051,0.187,0.000,0.000,waitingForTarget,noEvent
6382,9,49,rld,15:09:54.746,57961,3.256,0.051,0.187,0.000,0.000,waitingForTarget,noEvent
6382,9,49,rld,15:09:54.792,57962,3.296,0.051,0.187,0.000,0.000,waitingForTarget,noEvent
6382,9,49,rld,15:09:54.833,57963,3.343,0.051,0.187,0.000,0.000,waitingForTarget,noEvent
6382,9,49,rld,15:09:54.858,57964,3.375,0.051,0.187,0.000,0.000,waitingForTarget,noEvent
6382,9,49,rld,15:09:54.895,57965,3.406,0.051,0.187,0.000,0.000,waitingForTarget,noEvent
6382,9,49,rld,15:09:54.944,57966,0.052,0.051,0.187,0.000,0.000,activeTracking,targetAppeared
6382,9,49,rld,15:09:54.992,57967,0.097,0.051,0.187,0.000,0.000,activeTracking,noEvent
6382,9,49,rld,15:09:55.038,57968,0.150,0.051,0.187,0.000,0.000,activeTracking,noEvent
6382,9,49,rld,15:09:55.066,57969,0.175,0.051,0.187,0.000,0.000,activeTracking,noEvent
6382,9,49,rld,15:09:55.102,57970,0.208,0.051,0.187,0.000,0.000,activeTracking,noEvent
6382,9,49,rld,15:09:55.152,57971,0.257,0.051,0.187,0.000,0.000,activeTracking,noEvent
6382,9,49,rld,15:09:55.188,57972,0.300,0.051,0.187,0.000,0.000,activeTracking,noEvent
6382,9,49,rld,15:09:55.266,57973,0.376,0.051,0.187,0.000,0.000,activeTracking,noEvent
6382,9,49,rld,15:09:55.313,57974,0.419,0.051,0.187,0.000,0.000,activeTracking,noEvent
6382,9,49,rld,15:09:55.360,57975,0.469,0.051,0.187,0.000,0.000,activeTracking,noEvent
6382,9,49,rld,15:09:55.405,57976,0.505,0.051,0.187,0.000,0.000,activeTracking,noEvent
6382,9,49,rld,15:09:55.451,57977,0.554,0.051,0.187,0.000,0.000,activeTracking,noEvent
6382,9,49,rld,15:09:55.492,57978,0.598,0.051,0.187,0.000,0.000,activeTracking,noEvent
6382,9,49,rld,15:09:55.538,57979,0.649,0.051,0.187,0.000,0.000,activeTracking,noEvent
6382,9,49,rld,15:09:55.568,57980,0.678,0.051,0.187,0.000,0.000,activeTracking,noEvent
6382,9,49,rld,15:09:55.601,57981,0.709,0.051,0.187,0.000,0.000,activeTracking,noEvent
6382,9,49,rld,15:09:55.662,57982,0.770,0.051,0.187,0.000,0.000,activeTracking,noEvent
6382,9,49,rld,15:09:55.724,57983,0.821,0.051,0.187,0.000,0.000,activeTracking,noEvent
6382,9,49,rld,15:09:55.834,57984,0.896,0.051,0.187,0.000,0.000,activeTracking,noEvent
6382,9,49,rld,15:09:55.975,57985,1.079,-1.056,0.200,-9.800,0.100,activeTracking,noEvent
6382,9,49,rld,15:09:56.086,57986,1.189,-1.522,0.217,-0.800,0.100,activeTracking,noEvent
6382,9,49,rld,15:09:56.188,57987,1.285,-1.865,0.282,-1.600,0.500,activeTracking,noEvent
6382,9,49,rld,15:09:56.293,57988,1.346,-2.050,0.315,-0.600,0.100,activeTracking,noEvent
6382,9,49,rld,15:09:56.373,57989,1.482,-2.231,0.328,-1.000,0.000,activeTracking,noEvent
6382,9,49,rld,15:09:56.420,57990,1.526,-2.303,0.332,-0.100,0.000,activeTracking,noEvent
6382,9,49,rld,15:09:56.475,57991,1.584,-2.339,0.334,-0.100,0.000,activeTracking,noEvent
6382,9,49,rld,15:09:56.550,57992,1.653,-2.399,0.335,-0.400,0.000,activeTracking,noEvent
6382,9,49,rld,15:09:56.618,57993,1.723,-2.467,0.336,-0.400,0.000,activeTracking,noEvent
6382,9,49,rld,15:09:56.665,57994,1.769,-2.501,0.336,-0.100,0.000,activeTracking,noEvent
6382,9,49,rld,15:09:56.734,57995,1.838,-2.513,0.313,0.000,-0.200,activeTracking,noEvent
6382,9,49,rld,15:09:56.841,57996,1.939,-2.493,0.270,0.200,-0.300,onTarget,noEvent
6382,9,49,rld,15:09:56.906,57997,2.001,-2.486,0.233,0.000,-0.200,onTarget,noEvent
6382,9,49,rld,15:09:56.968,57998,2.067,-2.484,0.185,0.000,-0.300,onTarget,noEvent
6382,9,49,rld,15:09:57.019,57999,2.116,-2.483,0.158,0.000,-0.100,onTarget,noEvent
6382,9,49,rld,15:09:57.086,58000,2.187,-2.483,0.114,0.000,-0.300,onTarget,noEvent
6382,9,49,rld,15:09:57.178,58001,2.265,-2.507,0.076,-0.200,-0.200,onTarget,noEvent
6382,9,49,rld,15:09:57.283,58002,2.365,-2.587,-0.006,-0.600,-0.600,onTarget,noEvent
6382,9,49,rld,15:09:57.355,58003,2.447,-2.650,-0.057,-0.300,-0.200,onTarget,noEvent
6382,9,49,rld,15:09:57.427,58004,2.518,-2.732,-0.074,-0.500,0.000,onTarget,noEvent
6382,9,49,rld,15:09:57.488,58005,2.589,-2.808,-0.080,-0.400,0.000,onTarget,noEvent
6382,9,49,rld,15:09:57.555,58006,2.658,-2.894,-0.081,-0.500,0.000,onTarget,noEvent
6382,9,49,rld,15:09:57.623,58007,2.722,-2.960,-0.082,-0.300,0.000,onTarget,noEvent
6382,9,49,rld,15:09:57.678,58008,2.786,-2.995,-0.082,-0.100,0.000,onTarget,noEvent
6382,9,49,rld,15:09:57.729,58009,2.830,-3.006,-0.071,0.000,0.100,onTarget,noEvent
6382,9,49,rld,15:09:57.812,58010,2.919,-3.010,-0.031,0.000,0.300,onTarget,noEvent
6382,9,49,rld,15:09:57.884,58011,2.979,-3.011,-0.006,0.000,0.100,onTarget,noEvent
6382,9,49,rld,15:09:57.954,58012,3.049,-2.999,0.025,0.100,0.200,onTarget,noEvent
6382,9,49,rld,15:09:58.011,58013,3.120,-2.971,0.059,0.200,0.200,onTarget,noEvent
6382,9,49,rld,15:09:58.119,58014,3.205,-2.912,0.082,0.400,0.100,onTarget,noEvent
6382,9,49,rld,15:09:58.179,58015,3.277,-2.844,0.090,0.400,0.000,onTarget,noEvent
6382,9,49,rld,15:09:58.271,58016,3.369,-2.748,0.068,0.600,-0.200,onTarget,noEvent
6382,9,49,rld,15:09:58.340,58017,3.441,-2.631,0.038,0.700,-0.200,onTarget,noEvent
6382,9,49,rld,15:09:58.433,58018,3.539,-2.556,0.016,0.300,-0.100,onTarget,noEvent
6382,9,49,rld,15:09:58.490,58019,3.596,-2.531,0.008,0.000,0.000,onTarget,noEvent
6382,9,49,rld,15:09:58.554,58020,3.660,-2.523,-0.006,0.000,-0.100,onTarget,noEvent
6382,9,49,rld,15:09:58.650,58021,3.758,-2.532,-0.057,-0.100,-0.400,onTarget,noEvent
6382,9,49,rld,15:09:58.710,58022,3.819,-2.559,-0.097,-0.200,-0.200,onTarget,noEvent
6382,9,49,rld,15:09:58.788,58023,3.900,-2.593,-0.134,-0.200,-0.200,onTarget,noEvent
6382,9,49,rld,15:09:58.848,58024,3.954,-2.628,-0.146,-0.200,0.000,onTarget,noEvent
6382,9,50,rld,15:10:02.925,58092,0.049,-0.084,0.035,0.000,0.000,activeTracking,targetAppeared
6382,9,50,rld,15:10:02.973,58093,0.093,-0.084,0.035,0.000,0.000,activeTracking,noEvent
6382,9,50,rld,15:10:03.011,58094,0.135,-0.084,0.035,0.000,0.000,activeTracking,noEvent
6382,9,50,rld,15:10:03.056,58095,0.172,-0.084,0.035,0.000,0.000,activeTracking,noEvent
6382,9,50,rld,15:10:03.106,58096,0.232,-0.084,0.035,0.000,0.000,activeTracking,noEvent
6382,9,50,rld,15:10:03.159,58097,0.272,-0.084,0.035,0.000,0.000,activeTracking,noEvent
6382,9,50,rld,15:10:03.203,58098,0.323,-0.084,0.035,0.000,0.000,activeTracking,noEvent
6382,9,50,rld,15:10:03.231,58099,0.356,-0.084,0.035,0.000,0.000,activeTracking,noEvent
6382,9,50,rld,15:10:03.282,58100,0.399,-0.084,0.035,0.000,0.000,activeTracking,noEvent
6382,9,50,rld,15:10:03.309,58101,0.434,-0.084,0.035,0.000,0.000,activeTracking,noEvent
6382,9,50,rld,15:10:03.360,58102,0.481,-0.084,0.035,0.000,0.000,activeTracking,noEvent
6382,9,50,rld,15:10:03.419,58103,0.541,-0.084,0.035,0.000,0.000,activeTracking,noEvent
6382,9,50,rld,15:10:03.512,58104,0.633,-0.084,0.035,0.000,0.000,activeTracking,noEvent
6382,9,50,rld,15:10:03.562,58105,0.684,-0.084,0.035,0.000,0.000,activeTracking,noEvent
6382,9,50,rld,15:10:03.670,58106,0.794,-1.170,0.013,-9.600,-0.200,activeTracking,noEvent
6382,9,50,rld,15:10:03.726,58107,0.851,-1.560,0.006,-0.200,0.000,activeTracking,noEvent
6382,9,50,rld,15:10:03.774,58108,0.901,-1.703,0.004,-0.100,0.000,activeTracking,noEvent
6382,9,50,rld,15:10:03.850,58109,0.969,-1.774,0.003,-0.200,0.000,activeTracking,noEvent
6382,9,50,rld,15:10:03.910,58110,1.035,-1.879,0.003,-0.700,0.000,activeTracking,noEvent
6382,9,50,rld,15:10:04.104,58111,1.201,-2.102,0.004,-1.600,0.000,activeTracking,noEvent
6382,9,50,rld,15:10:04.184,58112,1.304,-2.213,0.050,-0.300,0.400,activeTracking,noEvent
6382,9,50,rld,15:10:04.262,58113,1.372,-2.250,0.089,0.000,0.200,activeTracking,noEvent
6382,9,50,rld,15:10:04.357,58114,1.462,-2.357,0.148,-0.800,0.400,activeTracking,noEvent
6382,9,50,rld,15:10:04.419,58115,1.540,-2.441,0.192,-0.400,0.200,onTarget,noEvent
6382,9,50,rld,15:10:04.492,58116,1.601,-2.481,0.207,-0.100,0.000,onTarget,noEvent
6382,9,50,rld,15:10:04.555,58117,1.670,-2.542,0.212,-0.400,0.000,onTarget,noEvent
6382,9,50,rld,15:10:04.628,58118,1.738,-2.599,0.226,-0.300,0.100,onTarget,noEvent
6382,9,50,rld,15:10:04.690,58119,1.809,-2.630,0.242,-0.100,0.100,onTarget,noEvent
6382,9,50,rld,15:10:04.725,58120,1.850,-2.640,0.247,0.000,0.000,onTarget,noEvent
6382,9,50,rld,15:10:04.779,58121,1.906,-2.644,0.238,0.000,-0.100,onTarget,noEvent
6382,9,50,rld,15:10:04.859,58122,1.983,-2.645,0.211,0.000,-0.200,onTarget,noEvent
6382,9,50,rld,15:10:04.940,58123,2.054,-2.645,0.179,0.000,-0.200,onTarget,noEvent
6382,9,50,rld,15:10:05.000,58124,2.120,-2.633,0.121,0.100,-0.400,onTarget,noEvent
6382,9,50,rld,15:10:05.044,58125,2.162,-2.629,0.090,0.000,-0.100,onTarget,noEvent
6382,9,50,rld,15:10:05.119,58126,2.234,-2.628,0.057,0.000,-0.200,onTarget,noEvent
6382,9,50,rld,15:10:05.195,58127,2.316,-2.627,0.034,0.000,-0.100,onTarget,noEvent
6382,9,50,rld,15:10:05.233,58128,2.354,-2.627,0.026,0.000,0.000,onTarget,noEvent
6382,9,50,rld,15:10:05.292,58129,2.404,-2.627,0.012,0.000,-0.100,onTarget,noEvent
6382,9,50,rld,15:10:05.334,58130,2.453,-2.627,0.007,0.000,0.000,onTarget,noEvent
6382,9,50,rld,15:10:05.400,58131,2.513,-2.627,0.006,0.000,0.000,onTarget,noEvent
6382,9,50,rld,15:10:05.444,58132,2.564,-2.627,0.005,0.000,0.000,onTarget,noEvent
6382,9,50,rld,15:10:05.493,58133,2.609,-2.627,0.005,0.000,0.000,onTarget,noEvent
6382,9,50,rld,15:10:05.539,58134,2.655,-2.627,0.005,0.000,0.000,onTarget,noEvent
6382,9,50,rld,15:10:05.579,58135,2.702,-2.627,0.005,0.000,0.000,onTarget,noEvent
6382,9,50,rld,15:10:05.658,58136,2.773,-2.627,0.005,0.000,0.000,onTarget,targetClick
6382,9,51,rld,15:10:08.293,58177,2.829,-0.169,-0.064,0.000,0.000,waitingForTarget,middleTargetClick
6382,9,51,rld,15:10:08.344,58178,2.887,-0.169,-0.066,0.000,0.000,waitingForTarget,noEvent
6382,9,51,rld,15:10:08.402,58179,2.941,-0.169,-0.066,0.000,0.000,waitingForTarget,noEvent
6382,9,51,rld,15:10:08.474,58180,3.010,-0.169,-0.066,0.000,0.000,waitingForTarget,noEvent
6382,9,51,rld,15:10:08.511,58181,3.057,-0.169,-0.066,0.000,0.000,waitingForTarget,noEvent
6382,9,51,rld,15:10:08.554,58182,3.092,-0.169,-0.066,0.000,0.000,waitingForTarget,noEvent
6382,9,51,rld,15:10:08.591,58183,3.139,-0.169,-0.066,0.000,0.000,waitingForTarget,noEvent
6382,9,51,rld,15:10:08.648,58184,3.195,-0.169,-0.066,0.000,0.000,waitingForTarget,noEvent
6382,9,51,rld,15:10:08.690,58185,3.234,-0.169,-0.066,0.000,0.000,waitingForTarget,noEvent
6382,9,51,rld,15:10:08.742,58186,0.043,-0.169,-0.066,0.000,0.000,activeTracking,targetAppeared
6382,9,51,rld,15:10:08.803,58187,0.100,-0.169,-0.066,0.000,0.000,activeTracking,noEvent
6382,9,51,rld,15:10:08.853,58188,0.158,-0.169,-0.066,0.000,0.000,activeTracking,noEvent
6382,9,51,rld,15:10:08.893,58189,0.208,-0.169,-0.066,0.000,0.000,activeTracking,noEvent
6382,9,51,rld,15:10:08.939,58190,0.241,-0.169,-0.066,0.000,0.000,activeTracking,noEvent
6382,9,51,rld,15:10:08.986,58191,0.290,-0.169,-0.066,0.000,0.000,activeTracking,noEvent
6382,9,51,rld,15:10:09.027,58192,0.339,-0.169,-0.066,0.000,0.000,activeTracking,noEvent
6382,9,51,rld,15:10:09.077,58193,0.391,-0.169,-0.066,0.000,0.000,activeTracking,noEvent
6382,9,51,rld,15:10:09.122,58194,0.435,-0.169,-0.066,0.000,0.000,activeTracking,noEvent
6382,9,51,rld,15:10:09.159,58195,0.473,-0.169,-0.066,0.000,0.000,activeTracking,noEvent
6382,9,51,rld,15:10:09.207,58196,0.522,-0.169,-0.066,0.000,0.000,activeTracking,noEvent
6382,9,51,rld,15:10:09.255,58197,0.567,-0.169,-0.066,0.000,0.000,activeTracking,noEvent
6382,9,51,rld,15:10:09.293,58198,0.599,-0.169,-0.066,0.000,0.000,activeTracking,noEvent
6382,9,51,rld,15:10:09.336,58199,0.643,-0.169,-0.066,0.000,0.000,activeTracking,noEvent
6382,9,51,rld,15:10:09.386,58200,0.688,-0.169,-0.066,0.000,0.000,activeTracking,noEvent
6382,9,51,rld,15:10:09.521,58201,0.810,0.597,-0.044,6.800,0.200,activeTracking,noEvent
6382,9,51,rld,15:10:09.657,58202,0.937,1.138,0.021,2.500,0.500,activeTracking,noEvent
6382,9,51,rld,15:10:09.754,58203,1.057,1.851,0.147,4.600,0.900,activeTracking,noEvent
6382,9,51,rld,15:10:09.839,58204,1.145,2.140,0.190,0.400,0.000,activeTracking,noEvent
6382,9,51,rld,15:10:09.954,58205,1.241,2.273,0.205,0.300,0.000,activeTracking,noEvent
6382,9,51,rld,15:10:10.029,58206,1.340,2.448,0.188,1.100,-0.200,onTarget,noEvent
6382,9,51,rld,15:10:10.093,58207,1.397,2.580,0.183,0.600,0.000,onTarget,noEvent
6382,9,51,rld,15:10:10.208,58208,1.502,2.720,0.182,0.800,0.000,onTarget,noEvent
6382,9,51,rld,15:10:10.285,58209,1.591,2.816,0.170,0.400,-0.100,onTarget,noEvent
6382,9,51,rld,15:10:10.344,58210,1.651,2.848,0.143,0.000,-0.200,onTarget,noEvent
6382,9,51,rld,15:10:10.424,58211,1.722,2.859,0.110,0.000,-0.200,onTarget,noEvent
6382,9,51,rld,15:10:10.477,58212,1.790,2.863,0.076,0.000,-0.200,onTarget,noEvent
6382,9,51,rld,15:10:10.547,58213,1.857,2.839,0.052,-0.200,-0.100,onTarget,noEvent
6382,9,51,rld,15:10:10.610,58214,1.922,2.807,0.021,-0.200,-0.200,onTarget,noEvent
6382,9,51,rld,15:10:10.660,58215,1.972,2.796,0.011,0.000,0.000,onTarget,noEvent
6382,9,51,rld,15:10:10.701,58216,2.010,2.793,0.007,0.000,0.000,onTarget,noEvent
6382,9,51,rld,15:10:10.766,58217,2.058,2.792,0.006,0.000,0.000,onTarget,noEvent
6382,9,51,rld,15:10:10.832,58218,2.132,2.791,0.006,0.000,0.000,onTarget,targetClick
6382,9,52,rld,15:10:13.742,58262,2.200,-0.457,0.120,0.000,0.000,waitingForTarget,middleTargetClick
6382,9,52,rld,15:10:13.793,58263,2.257,-0.456,0.120,0.000,0.000,waitingForTarget,noEvent
6382,9,52,rld,15:10:13.848,58264,2.309,-0.456,0.120,0.000,0.000,waitingForTarget,noEvent
6382,9,52,rld,15:10:13.986,58265,2.446,-0.456,0.120,0.000,0.000,waitingForTarget,noEvent
6382,9,52,rld,15:10:14.052,58266,2.507,-0.456,0.120,0.000,0.000,waitingForTarget,noEvent
6382,9,52,rld,15:10:14.086,58267,2.539,-0.456,0.120,0.000,0.000,waitingForTarget,noEvent
6382,9,52,rld,15:10:14.119,58268,2.583,-0.456,0.120,0.000,0.000,waitingForTarget,noEvent
6382,9,52,rld,15:10:14.155,58269,2.610,-0.456,0.120,0.000,0.000,waitingForTarget,noEvent
6382,9,52,rld,15:10:14.207,58270,0.050,-0.456,0.120,0.000,0.000,activeTracking,targetAppeared
6382,9,52,rld,15:10:14.248,58271,0.097,-0.456,0.120,0.000,0.000,activeTracking,noEvent
6382,9,52,rld,15:10:14.294,58272,0.146,-0.456,0.120,0.000,0.000,activeTracking,noEvent
6382,9,52,rld,15:10:14.338,58273,0.192,-0.456,0.120,0.000,0.000,activeTracking,noEvent
6382,9,52,rld,15:10:14.368,58274,0.221,-0.456,0.120,0.000,0.000,activeTracking,noEvent
6382,9,52,rld,15:10:14.420,58275,0.268,-0.456,0.120,0.000,0.000,activeTracking,noEvent
6382,9,52,rld,15:10:14.493,58276,0.330,-0.456,0.120,0.000,0.000,activeTracking,noEvent
6382,9,52,rld,15:10:14.551,58277,0.392,-0.456,0.120,0.000,0.000,activeTracking,noEvent
6382,9,52,rld,15:10:14.623,58278,0.449,-0.456,0.120,0.000,0.000,activeTracking,noEvent
6382,9,52,rld,15:10:14.865,58279,0.698,0.253,0.120,6.300,0.000,activeTracking,noEvent
6382,9,52,rld,15:10:14.995,58280,0.848,0.965,0.154,4.200,0.300,activeTracking,noEvent
6382,9,52,rld,15:10:15.124,58281,0.930,1.365,0.190,1.400,0.200,activeTracking,noEvent
6382,9,52,rld,15:10:15.224,58282,1.065,1.742,0.226,2.100,0.200,activeTracking,noEvent
6382,9,52,rld,15:10:15.344,58283,1.198,2.091,0.251,1.900,0.100,activeTracking,noEvent
6382,9,52,rld,15:10:15.394,58284,1.242,2.221,0.260,0.100,0.000,activeTracking,noEvent
6382,9,52,rld,15:10:15.454,58285,1.306,2.276,0.263,0.100,0.000,activeTracking,noEvent
6382,9,52,rld,15:10:15.533,58286,1.370,2.318,0.264,0.200,0.000,activeTracking,noEvent
6382,9,52,rld,15:10:15.578,58287,1.432,2.344,0.265,0.100,0.000,activeTracking,noEvent
6382,9,52,rld,15:10:15.674,58288,1.527,2.401,0.265,0.400,0.000,activeTracking,noEvent
6382,9,52,rld,15:10:15.727,58289,1.576,2.443,0.266,0.200,0.000,activeTracking,noEvent
6382,9,52,rld,15:10:15.803,58290,1.641,2.470,0.266,0.100,0.000,onTarget,noEvent
6382,9,52,rld,15:10:15.868,58291,1.712,2.551,0.255,0.600,-0.100,onTarget,noEvent
6382,9,52,rld,15:10:15.955,58292,1.799,2.626,0.229,0.400,-0.200,onTarget,noEvent
6382,9,52,rld,15:10:16.006,58293,1.848,2.663,0.220,0.100,0.000,onTarget,noEvent
6382,9,52,rld,15:10:16.053,58294,1.899,2.676,0.217,0.000,0.000,onTarget,noEvent
6382,9,52,rld,15:10:16.101,58295,1.955,2.680,0.216,0.000,0.000,onTarget,noEvent
6382,9,52,rld,15:10:16.144,58296,1.999,2.681,0.216,0.000,0.000,onTarget,noEvent
6382,9,52,rld,15:10:16.205,58297,2.058,2.682,0.204,0.000,-0.100,onTarget,noEvent
6382,9,52,rld,15:10:16.267,58298,2.112,2.682,0.188,0.000,-0.100,onTarget,noEvent
6382,9,52,rld,15:10:16.326,58299,2.177,2.682,0.206,0.000,0.200,onTarget,targetClick
6382,9,53,rld,15:10:18.605,58334,2.246,-0.102,0.390,0.000,0.000,waitingForTarget,middleTargetClick
6382,9,53,rld,15:10:18.658,58335,2.309,-0.101,0.390,0.000,0.000,waitingForTarget,noEvent
6382,9,53,rld,15:10:18.726,58336,2.367,-0.101,0.390,0.000,0.000,waitingForTarget,noEvent
6382,9,53,rld,15:10:18.773,58337,2.419,-0.101,0.390,0.000,0.000,waitingForTarget,noEvent
6382,9,53,rld,15:10:18.810,58338,2.459,-0.101,0.390,0.000,0.000,waitingForTarget,noEvent
6382,9,53,rld,15:10:18.853,58339,2.494,-0.101,0.390,0.000,0.000,waitingForTarget,noEvent
6382,9,53,rld,15:10:18.885,58340,2.536,-0.101,0.390,0.000,0.000,waitingForTarget,noEvent
6382,9,53,rld,15:10:18.941,58341,2.589,-0.101,0.390,0.000,0.000,waitingForTarget,noEvent
6382,9,53,rld,15:10:18.991,58342,2.639,-0.101,0.390,0.000,0.000,waitingForTarget,noEvent
6382,9,53,rld,15:10:19.034,58343,2.685,-0.101,0.390,0.000,0.000,waitingForTarget,noEvent
6382,9,53,rld,15:10:19.094,58344,0.043,-0.101,0.390,0.000,0.000,activeTracking,targetAppeared
6382,9,53,rld,15:10:19.149,58345,0.109,-0.101,0.390,0.000,0.000,activeTracking,noEvent
6382,9,53,rld,15:10:19.191,58346,0.145,-0.101,0.390,0.000,0.000,activeTracking,noEvent
6382,9,53,rld,15:10:19.225,58347,0.192,-0.101,0.390,0.000,0.000,activeTracking,noEvent
6382,9,53,rld,15:10:19.278,58348,0.239,-0.101,0.390,0.000,0.000,activeTracking,noEvent
6382,9,53,rld,15:10:19.322,58349,0.280,-0.101,0.390,0.000,0.000,activeTracking,noEvent
6382,9,53,rld,15:10:19.359,58350,0.322,-0.101,0.390,0.000,0.000,activeTracking,noEvent
6382,9,53,rld,15:10:19.451,58351,0.395,-0.101,0.390,0.000,0.000,activeTracking,noEvent
6382,9,53,rld,15:10:19.527,58352,0.463,-0.101,0.390,0.000,0.000,activeTracking,noEvent
6382,9,53,rld,15:10:19.743,58353,0.678,1.763,0.651,16.400,2.200,activeTracking,noEvent
6382,9,53,rld,15:10:19.856,58354,0.819,2.818,0.708,3.400,-0.400,activeTracking,noEvent
6382,9,53,rld,15:10:19.992,58355,0.925,3.270,0.709,0.700,-0.200,activeTracking,noEvent
6382,9,53,rld,15:10:20.070,58356,1.022,3.512,0.687,0.700,-0.200,activeTracking,noEvent
6382,9,53,rld,15:10:20.161,58357,1.102,3.684,0.658,0.700,-0.200,activeTracking,noEvent
6382,9,53,rld,15:10:20.234,58358,1.192,3.884,0.653,1.100,0.000,activeTracking,noEvent
6382,9,53,rld,15:10:20.311,58359,1.276,3.965,0.627,0.100,-0.200,activeTracking,noEvent
6382,9,53,rld,15:10:20.444,58360,1.314,3.992,0.606,0.000,-0.100,activeTracking,noEvent
6382,9,53,rld,15:10:20.559,58361,1.507,3.057,-0.132,-7.400,-6.000,activeTracking,noEvent
6382,9,53,rld,15:10:20.661,58362,1.604,2.697,-0.379,-0.500,-0.100,activeTracking,noEvent
6382,9,53,rld,15:10:20.717,58363,1.673,2.554,-0.461,-0.200,0.000,activeTracking,noEvent
6382,9,53,rld,15:10:20.821,58364,1.777,2.435,-0.487,-0.600,0.000,activeTracking,noEvent
6382,9,53,rld,15:10:20.876,58365,1.842,2.359,-0.507,-0.300,-0.100,activeTracking,noEvent
6382,9,53,rld,15:10:20.937,58366,1.892,2.322,-0.513,-0.100,0.000,activeTracking,noEvent
6382,9,53,rld,15:10:20.982,58367,1.939,2.310,-0.516,0.000,0.000,activeTracking,noEvent
6382,9,53,rld,15:10:21.044,58368,1.995,2.306,-0.505,0.000,0.100,activeTracking,noEvent
6382,9,53,rld,15:10:21.174,58369,2.137,3.419,0.155,9.100,5.600,activeTracking,noEvent
6382,9,53,rld,15:10:21.215,58370,2.178,3.885,0.435,0.600,0.400,activeTracking,noEvent
6382,9,53,rld,15:10:21.278,58371,2.240,4.044,0.531,0.000,0.000,activeTracking,noEvent
6382,9,53,rld,15:10:21.316,58372,2.280,4.098,0.564,0.000,0.000,activeTracking,noEvent
6382,9,53,rld,15:10:21.375,58373,2.339,4.116,0.574,0.000,0.000,activeTracking,noEvent
6382,9,53,rld,15:10:21.423,58374,2.383,4.122,0.578,0.000,0.000,activeTracking,noEvent
6382,9,53,rld,15:10:21.492,58375,2.445,4.124,0.579,0.000,0.000,activeTracking,noEvent
6382,9,53,rld,15:10:21.540,58376,2.504,4.124,0.567,0.000,-0.100,activeTracking,noEvent
6382,9,53,rld,15:10:21.625,58377,2.584,4.125,0.551,0.000,-0.100,activeTracking,noEvent
6382,9,53,rld,15:10:21.735,58378,2.659,4.098,0.508,-0.200,-0.300,activeTracking,noEvent
6382,9,53,rld,15:10:21.883,58379,2.795,3.853,0.343,-1.800,-1.200,activeTracking,noEvent
6382,9,53,rld,15:10:21.989,58380,2.951,3.312,0.093,-3.600,-1.600,activeTracking,noEvent
6382,9,53,rld,15:10:22.036,58381,2.995,3.124,0.011,-0.100,0.000,activeTracking,noEvent
6382,9,53,rld,15:10:22.087,58382,3.044,3.062,-0.004,0.000,0.100,onTarget,noEvent
6382,9,53,rld,15:10:22.156,58383,3.108,3.041,0.003,0.000,0.100,onTarget,noEvent
6382,9,53,rld,15:10:22.203,58384,3.162,3.009,0.017,-0.200,0.100,onTarget,noEvent
6382,9,53,rld,15:10:22.259,58385,3.224,2.986,0.033,-0.100,0.100,onTarget,noEvent
6382,9,53,rld,15:10:22.313,58386,3.277,2.966,0.050,-0.100,0.100,onTarget,noEvent
6382,9,53,rld,15:10:22.365,58387,3.330,2.960,0.080,0.000,0.200,onTarget,noEvent
6382,9,53,rld,15:10:22.436,58388,3.395,2.958,0.101,0.000,0.100,onTarget,noEvent
6382,9,53,rld,15:10:22.484,58389,3.444,2.957,0.108,0.000,0.000,onTarget,noEvent
6382,9,53,rld,15:10:22.527,58390,3.492,2.944,0.111,-0.100,0.000,onTarget,noEvent
6382,9,53,rld,15:10:22.587,58391,3.543,2.940,0.111,0.000,0.000,onTarget,noEvent
6382,9,53,rld,15:10:22.633,58392,3.595,2.939,0.112,0.000,0.000,onTarget,noEvent
6382,9,53,rld,15:10:22.682,58393,3.644,2.938,0.112,0.000,0.000,onTarget,noEvent
6382,9,53,rld,15:10:22.738,58394,3.693,2.938,0.112,0.000,0.000,onTarget,noEvent
6382,9,53,rld,15:10:22.794,58395,3.745,2.938,0.112,0.000,0.000,onTarget,noEvent
6382,9,53,rld,15:10:22.855,58396,3.811,2.938,0.112,0.000,0.000,onTarget,noEvent
6382,9,53,rld,15:10:22.914,58397,3.865,2.938,0.112,0.000,0.000,onTarget,noEvent
6382,9,53,rld,15:10:22.976,58398,3.928,2.938,0.112,0.000,0.000,onTarget,targetClick
6382,9,54,rld,15:10:26.060,58445,0.031,-0.135,-0.016,0.000,0.000,activeTracking,targetAppeared
6382,9,54,rld,15:10:26.089,58446,0.059,-0.135,-0.016,0.000,0.000,activeTracking,noEvent
6382,9,54,rld,15:10:26.134,58447,0.098,-0.135,-0.016,0.000,0.000,activeTracking,noEvent
6382,9,54,rld,15:10:26.160,58448,0.130,-0.135,-0.016,0.000,0.000,activeTracking,noEvent
6382,9,54,rld,15:10:26.191,58449,0.162,-0.135,-0.016,0.000,0.000,activeTracking,noEvent
6382,9,54,rld,15:10:26.230,58450,0.200,-0.135,-0.016,0.000,0.000,activeTracking,noEvent
6382,9,54,rld,15:10:26.274,58451,0.245,-0.135,-0.016,0.000,0.000,activeTracking,noEvent
6382,9,54,rld,15:10:26.324,58452,0.294,-0.135,-0.016,0.000,0.000,activeTracking,noEvent
6382,9,54,rld,15:10:26.370,58453,0.340,-0.135,-0.016,0.000,0.000,activeTracking,noEvent
6382,9,54,rld,15:10:26.432,58454,0.397,-0.135,-0.016,0.000,0.000,activeTracking,noEvent
6382,9,54,rld,15:10:26.488,58455,0.457,-0.135,-0.016,0.000,0.000,activeTracking,noEvent
6382,9,54,rld,15:10:26.575,58456,0.540,-0.135,-0.016,0.000,0.000,activeTracking,noEvent
6382,9,54,rld,15:10:26.727,58457,0.690,0.394,0.030,4.700,0.400,activeTracking,noEvent
6382,9,54,rld,15:10:26.906,58458,0.866,1.184,0.000,5.400,-0.400,activeTracking,noEvent
6382,9,54,rld,15:10:27.001,58459,0.962,1.576,-0.032,1.100,-0.200,activeTracking,noEvent
6382,9,54,rld,15:10:27.084,58460,1.043,1.825,-0.043,1.000,0.000,activeTracking,noEvent
6382,9,54,rld,15:10:27.185,58461,1.141,2.002,-0.046,0.800,0.000,activeTracking,noEvent
6382,9,54,rld,15:10:27.252,58462,1.209,2.096,-0.048,0.300,0.000,activeTracking,noEvent
6382,9,54,rld,15:10:27.313,58463,1.278,2.152,-0.048,0.200,0.000,activeTracking,noEvent
6382,9,54,rld,15:10:27.416,58464,1.379,2.360,-0.036,1.600,0.100,onTarget,noEvent
6382,9,54,rld,15:10:27.478,58465,1.445,2.478,-0.032,0.400,0.000,onTarget,noEvent
6382,9,54,rld,15:10:27.545,58466,1.510,2.541,-0.031,0.200,0.000,onTarget,noEvent
6382,9,54,rld,15:10:27.603,58467,1.564,2.574,-0.030,0.100,0.000,onTarget,noEvent
6382,9,54,rld,15:10:27.690,58468,1.658,2.622,-0.018,0.300,0.100,onTarget,noEvent
6382,9,54,rld,15:10:27.740,58469,1.710,2.674,-0.014,0.300,0.000,onTarget,noEvent
6382,9,54,rld,15:10:27.810,58470,1.778,2.716,-0.013,0.200,0.000,onTarget,noEvent
6382,9,54,rld,15:10:27.859,58471,1.829,2.742,-0.013,0.100,0.000,onTarget,noEvent
6382,9,54,rld,15:10:27.905,58472,1.876,2.750,-0.012,0.000,0.000,onTarget,noEvent
6382,9,54,rld,15:10:27.951,58473,1.920,2.753,-0.012,0.000,0.000,onTarget,noEvent
6382,9,54,rld,15:10:28.005,58474,1.964,2.754,-0.012,0.000,0.000,onTarget,noEvent
6382,9,54,rld,15:10:28.065,58475,2.025,2.754,-0.012,0.000,0.000,onTarget,noEvent
6382,9,54,rld,15:10:28.131,58476,2.095,2.755,-0.012,0.000,0.000,onTarget,targetClick
6382,9,55,rld,15:10:30.766,58514,2.157,0.068,0.120,0.000,0.000,waitingForTarget,middleTargetClick
6382,9,55,rld,15:10:30.827,58515,2.228,0.068,0.120,0.000,0.000,waitingForTarget,noEvent
6382,9,55,rld,15:10:30.886,58516,2.279,0.068,0.119,0.000,0.000,waitingForTarget,noEvent
6382,9,55,rld,15:10:30.944,58517,2.348,0.068,0.119,0.000,0.000,waitingForTarget,noEvent
6382,9,55,rld,15:10:30.974,58518,2.379,0.068,0.119,0.000,0.000,waitingForTarget,noEvent
6382,9,55,rld,15:10:31.010,58519,2.411,0.068,0.119,0.000,0.000,waitingForTarget,noEvent
6382,9,55,rld,15:10:31.052,58520,2.451,0.068,0.119,0.000,0.000,waitingForTarget,noEvent
6382,9,55,rld,15:10:31.094,58521,2.498,0.068,0.119,0.000,0.000,waitingForTarget,noEvent
6382,9,55,rld,15:10:31.135,58522,2.540,0.068,0.119,0.000,0.000,waitingForTarget,noEvent
6382,9,55,rld,15:10:31.168,58523,2.562,0.068,0.119,0.000,0.000,waitingForTarget,noEvent
6382,9,55,rld,15:10:31.208,58524,0.044,0.068,0.119,0.000,0.000,activeTracking,targetAppeared
6382,9,55,rld,15:10:31.256,58525,0.099,0.068,0.119,0.000,0.000,activeTracking,noEvent
6382,9,55,rld,15:10:31.305,58526,0.145,0.068,0.119,0.000,0.000,activeTracking,noEvent
6382,9,55,rld,15:10:31.334,58527,0.176,0.068,0.119,0.000,0.000,activeTracking,noEvent
6382,9,55,rld,15:10:31.377,58528,0.217,0.068,0.119,0.000,0.000,activeTracking,noEvent
6382,9,55,rld,15:10:31.414,58529,0.250,0.068,0.119,0.000,0.000,activeTracking,noEvent
6382,9,55,rld,15:10:31.445,58530,0.285,0.068,0.119,0.000,0.000,activeTracking,noEvent
6382,9,55,rld,15:10:31.486,58531,0.321,0.068,0.119,0.000,0.000,activeTracking,noEvent
6382,9,55,rld,15:10:31.527,58532,0.369,0.068,0.119,0.000,0.000,activeTracking,noEvent
6382,9,55,rld,15:10:31.596,58533,0.434,0.068,0.119,0.000,0.000,activeTracking,noEvent
6382,9,55,rld,15:10:31.653,58534,0.491,0.068,0.119,0.000,0.000,activeTracking,noEvent
6382,9,55,rld,15:10:31.716,58535,0.544,0.068,0.119,0.000,0.000,activeTracking,noEvent
6382,9,55,rld,15:10:31.897,58536,0.704,-0.608,0.063,-6.000,-0.500,activeTracking,noEvent
6382,9,55,rld,15:10:32.086,58537,0.909,-1.199,0.046,-3.200,0.000,activeTracking,noEvent
6382,9,55,rld,15:10:32.164,58538,0.993,-1.582,0.040,-1.600,0.000,activeTracking,noEvent
6382,9,55,rld,15:10:32.266,58539,1.090,-1.792,0.038,-0.700,0.000,activeTracking,noEvent
6382,9,55,rld,15:10:32.340,58540,1.181,-1.920,0.038,-0.500,0.000,activeTracking,noEvent
6382,9,55,rld,15:10:32.404,58541,1.238,-1.987,0.038,-0.200,0.000,activeTracking,noEvent
6382,9,55,rld,15:10:32.461,58542,1.297,-2.033,0.038,-0.200,0.000,activeTracking,noEvent
6382,9,55,rld,15:10:32.525,58543,1.360,-2.071,0.038,-0.200,0.000,activeTracking,noEvent
6382,9,55,rld,15:10:32.593,58544,1.430,-2.108,0.050,-0.200,0.100,activeTracking,noEvent
6382,9,55,rld,15:10:32.664,58545,1.496,-2.179,0.065,-0.500,0.100,activeTracking,noEvent
6382,9,55,rld,15:10:32.777,58546,1.603,-2.298,0.082,-0.800,0.100,activeTracking,noEvent
6382,9,55,rld,15:10:32.882,58547,1.697,-2.433,0.100,-0.800,0.100,onTarget,noEvent
6382,9,55,rld,15:10:32.954,58548,1.786,-2.514,0.130,-0.300,0.200,onTarget,noEvent
6382,9,55,rld,15:10:32.999,58549,1.841,-2.565,0.151,-0.200,0.100,onTarget,noEvent
6382,9,55,rld,15:10:33.065,58550,1.886,-2.595,0.159,-0.100,0.000,onTarget,noEvent
6382,9,55,rld,15:10:33.118,58551,1.959,-2.628,0.173,-0.200,0.100,onTarget,noEvent
6382,9,55,rld,15:10:33.164,58552,2.001,-2.652,0.178,-0.100,0.000,onTarget,noEvent
6382,9,55,rld,15:10:33.222,58553,2.055,-2.684,0.180,-0.200,0.000,onTarget,noEvent
6382,9,55,rld,15:10:33.270,58554,2.110,-2.719,0.180,-0.200,0.000,onTarget,noEvent
6382,9,55,rld,15:10:33.336,58555,2.176,-2.743,0.192,-0.100,0.100,onTarget,noEvent
6382,9,55,rld,15:10:33.387,58556,2.227,-2.751,0.196,0.000,0.000,onTarget,noEvent
6382,9,55,rld,15:10:33.443,58557,2.280,-2.753,0.198,0.000,0.000,onTarget,noEvent
6382,9,55,rld,15:10:33.564,58558,2.402,-2.742,0.233,0.100,0.300,onTarget,targetClick
6382,9,56,rld,15:10:35.519,58587,2.473,-0.030,0.035,0.000,0.000,waitingForTarget,middleTargetClick
6382,9,56,rld,15:10:35.583,58588,2.536,-0.033,0.035,0.000,0.000,waitingForTarget,noEvent
6382,9,56,rld,15:10:35.620,58589,2.578,-0.033,0.035,0.000,0.000,waitingForTarget,noEvent
6382,9,56,rld,15:10:35.677,58590,2.633,-0.034,0.035,0.000,0.000,waitingForTarget,noEvent
6382,9,56,rld,15:10:35.708,58591,2.666,-0.034,0.035,0.000,0.000,waitingForTarget,noEvent
6382,9,56,rld,15:10:35.747,58592,2.698,-0.034,0.035,0.000,0.000,waitingForTarget,noEvent
6382,9,56,rld,15:10:35.792,58593,2.741,-0.034,0.035,0.000,0.000,waitingForTarget,noEvent
6382,9,56,rld,15:10:35.837,58594,2.785,-0.034,0.035,0.000,0.000,waitingForTarget,noEvent
6382,9,56,rld,15:10:35.875,58595,2.833,-0.034,0.035,0.000,0.000,waitingForTarget,noEvent
6382,9,56,rld,15:10:35.914,58596,2.864,-0.034,0.035,0.000,0.000,waitingForTarget,noEvent
6382,9,56,rld,15:10:35.955,58597,2.913,-0.034,0.035,0.000,0.000,waitingForTarget,noEvent
6382,9,56,rld,15:10:35.990,58598,0.033,-0.034,0.035,0.000,0.000,activeTracking,targetAppeared
6382,9,56,rld,15:10:36.052,58599,0.087,-0.034,0.035,0.000,0.000,activeTracking,noEvent
6382,9,56,rld,15:10:36.103,58600,0.136,-0.034,0.035,0.000,0.000,activeTracking,noEvent
6382,9,56,rld,15:10:36.148,58601,0.181,-0.034,0.035,0.000,0.000,activeTracking,noEvent
6382,9,56,rld,15:10:36.218,58602,0.247,-0.034,0.035,0.000,0.000,activeTracking,noEvent
6382,9,56,rld,15:10:36.284,58603,0.294,-0.034,0.035,0.000,0.000,activeTracking,noEvent
6382,9,56,rld,15:10:36.419,58604,0.447,0.948,-0.077,8.700,-1.000,activeTracking,noEvent
6382,9,56,rld,15:10:36.555,58605,0.591,1.474,-0.115,1.700,0.000,activeTracking,noEvent
6382,9,56,rld,15:10:36.620,58606,0.651,1.721,-0.128,0.600,0.000,activeTracking,noEvent
6382,9,56,rld,15:10:36.686,58607,0.719,1.838,-0.132,0.300,0.000,activeTracking,noEvent
6382,9,56,rld,15:10:36.736,58608,0.769,1.878,-0.134,0.000,0.000,activeTracking,noEvent
6382,9,56,rld,15:10:36.784,58609,0.819,1.891,-0.134,0.000,0.000,activeTracking,noEvent
6382,9,56,rld,15:10:36.857,58610,0.891,1.883,-0.146,-0.100,-0.100,activeTracking,noEvent
6382,9,56,rld,15:10:37.067,58611,1.091,0.159,-0.149,-15.100,0.000,activeTracking,noEvent
6382,9,56,rld,15:10:37.158,58612,1.200,-0.940,-0.184,-4.700,-0.300,activeTracking,noEvent
6382,9,56,rld,15:10:37.308,58613,1.308,-1.598,-0.197,-2.500,0.000,activeTracking,noEvent
6382,9,56,rld,15:10:37.434,58614,1.452,-2.090,-0.202,-2.300,0.000,activeTracking,noEvent
6382,9,56,rld,15:10:37.504,58615,1.549,-2.375,-0.204,-1.000,0.000,activeTracking,noEvent
6382,9,56,rld,15:10:37.581,58616,1.618,-2.519,-0.204,-0.400,0.000,onTarget,noEvent
6382,9,56,rld,15:10:37.644,58617,1.685,-2.579,-0.193,-0.100,0.100,onTarget,noEvent
6382,9,56,rld,15:10:37.693,58618,1.732,-2.599,-0.178,0.000,0.100,onTarget,noEvent
6382,9,56,rld,15:10:37.826,58619,1.856,-2.606,-0.161,0.000,0.100,onTarget,noEvent
6382,9,56,rld,15:10:37.872,58620,1.912,-2.608,-0.144,0.000,0.100,onTarget,noEvent
6382,9,56,rld,15:10:37.934,58621,1.970,-2.609,-0.115,0.000,0.200,onTarget,noEvent
6382,9,56,rld,15:10:37.992,58622,2.035,-2.609,-0.082,0.000,0.200,onTarget,noEvent
6382,9,56,rld,15:10:38.055,58623,2.100,-2.609,-0.059,0.000,0.100,onTarget,noEvent
6382,9,56,rld,15:10:38.097,58624,2.140,-2.609,-0.040,0.000,0.100,onTarget,noEvent
6382,9,56,rld,15:10:38.167,58625,2.203,-2.609,-0.010,0.000,0.200,onTarget,noEvent
6382,9,56,rld,15:10:38.226,58626,2.252,-2.609,0.012,0.000,0.100,onTarget,noEvent
6382,9,56,rld,15:10:38.277,58627,2.321,-2.585,0.019,0.200,0.000,onTarget,noEvent
6382,9,56,rld,15:10:38.325,58628,2.365,-2.577,0.021,0.000,0.000,onTarget,noEvent
6382,9,56,rld,15:10:38.396,58629,2.430,-2.574,0.022,0.000,0.000,onTarget,targetClick
6382,9,57,rld,15:10:40.593,58665,2.513,-0.261,0.001,0.000,0.000,waitingForTarget,middleTargetClick
6382,9,57,rld,15:10:40.648,58666,2.571,-0.256,0.001,0.000,0.000,waitingForTarget,noEvent
6382,9,57,rld,15:10:40.700,58667,2.626,-0.254,0.001,0.000,0.000,waitingForTarget,noEvent
6382,9,57,rld,15:10:40.743,58668,2.669,-0.253,0.001,0.000,0.000,waitingForTarget,noEvent
6382,9,57,rld,15:10:40.820,58669,2.743,-0.253,0.001,0.000,0.000,waitingForTarget,noEvent
6382,9,57,rld,15:10:40.864,58670,2.782,-0.253,0.001,0.000,0.000,waitingForTarget,noEvent
6382,9,57,rld,15:10:40.921,58671,2.831,-0.253,0.001,0.000,0.000,waitingForTarget,noEvent
6382,9,57,rld,15:10:40.956,58672,2.883,-0.253,0.001,0.000,0.000,waitingForTarget,noEvent
6382,9,57,rld,15:10:41.006,58673,2.924,-0.253,0.001,0.000,0.000,waitingForTarget,noEvent
6382,9,57,rld,15:10:41.054,58674,0.046,-0.253,0.001,0.000,0.000,activeTracking,targetAppeared
6382,9,57,rld,15:10:41.096,58675,0.090,-0.253,0.001,0.000,0.000,activeTracking,noEvent
6382,9,57,rld,15:10:41.138,58676,0.131,-0.253,0.001,0.000,0.000,activeTracking,noEvent
6382,9,57,rld,15:10:41.170,58677,0.169,-0.253,0.001,0.000,0.000,activeTracking,noEvent
6382,9,57,rld,15:10:41.223,58678,0.221,-0.253,0.001,0.000,0.000,activeTracking,noEvent
6382,9,57,rld,15:10:41.266,58679,0.268,-0.253,0.001,0.000,0.000,activeTracking,noEvent
6382,9,57,rld,15:10:41.308,58680,0.308,-0.253,0.001,0.000,0.000,activeTracking,noEvent
6382,9,57,rld,15:10:41.343,58681,0.345,-0.253,0.001,0.000,0.000,activeTracking,noEvent
6382,9,57,rld,15:10:41.393,58682,0.395,-0.253,0.001,0.000,0.000,activeTracking,noEvent
6382,9,57,rld,15:10:41.436,58683,0.436,-0.253,0.001,0.000,0.000,activeTracking,noEvent
6382,9,57,rld,15:10:41.472,58684,0.471,-0.253,0.001,0.000,0.000,activeTracking,noEvent
6382,9,57,rld,15:10:41.541,58685,0.539,-0.253,0.001,0.000,0.000,activeTracking,noEvent
6382,9,57,rld,15:10:41.666,58686,0.612,-0.174,0.013,0.700,0.100,activeTracking,noEvent
6382,9,57,rld,15:10:41.770,58687,0.751,0.313,0.106,4.100,0.800,activeTracking,noEvent
6382,9,57,rld,15:10:41.948,58688,0.929,0.895,0.173,3.700,0.300,activeTracking,noEvent
6382,9,57,rld,15:10:42.023,58689,1.005,1.204,0.184,1.000,-0.100,activeTracking,noEvent
6382,9,57,rld,15:10:42.136,58690,1.121,1.433,0.177,1.100,-0.100,activeTracking,noEvent
6382,9,57,rld,15:10:42.271,58691,1.260,1.823,0.153,2.700,-0.200,activeTracking,noEvent
6382,9,57,rld,15:10:42.365,58692,1.361,2.095,0.112,1.200,-0.300,activeTracking,noEvent
6382,9,57,rld,15:10:42.443,58693,1.439,2.258,0.075,0.600,-0.200,activeTracking,noEvent
6382,9,57,rld,15:10:42.564,58694,1.545,2.600,-0.018,2.400,-0.700,onTarget,noEvent
6382,9,57,rld,15:10:42.652,58695,1.639,2.825,-0.072,0.900,-0.200,onTarget,noEvent
6382,9,57,rld,15:10:42.709,58696,1.701,2.937,-0.091,0.300,0.000,onTarget,noEvent
6382,9,57,rld,15:10:42.743,58697,1.744,2.975,-0.097,0.000,0.000,onTarget,noEvent
6382,9,57,rld,15:10:42.815,58698,1.808,2.987,-0.099,0.000,0.000,onTarget,noEvent
6382,9,57,rld,15:10:42.875,58699,1.869,2.967,-0.111,-0.200,-0.100,onTarget,noEvent
6382,9,57,rld,15:10:42.925,58700,1.928,2.960,-0.116,0.000,0.000,onTarget,noEvent
6382,9,57,rld,15:10:42.963,58701,1.965,2.958,-0.117,0.000,0.000,onTarget,noEvent
6382,9,57,rld,15:10:43.014,58702,2.011,2.945,-0.117,-0.100,0.000,onTarget,noEvent
6382,9,57,rld,15:10:43.092,58703,2.083,2.916,-0.118,-0.200,0.000,onTarget,noEvent
6382,9,57,rld,15:10:43.150,58704,2.129,2.906,-0.118,0.000,0.000,onTarget,noEvent
6382,9,57,rld,15:10:43.201,58705,2.201,2.903,-0.118,0.000,0.000,onTarget,targetClick
6382,9,58,rld,15:10:47.457,58765,2.277,-0.203,-0.134,0.000,0.000,waitingForTarget,middleTargetClick
6382,9,58,rld,15:10:47.517,58766,2.340,-0.203,-0.134,0.000,0.000,waitingForTarget,noEvent
6382,9,58,rld,15:10:47.634,58767,2.457,-0.203,-0.134,0.000,0.000,waitingForTarget,noEvent
6382,9,58,rld,15:10:47.727,58768,2.545,-0.203,-0.134,0.000,0.000,waitingForTarget,noEvent
6382,9,58,rld,15:10:47.792,58769,2.601,-0.203,-0.134,0.000,0.000,waitingForTarget,noEvent
6382,9,58,rld,15:10:47.835,58770,2.649,-0.203,-0.134,0.000,0.000,waitingForTarget,noEvent
6382,9,58,rld,15:10:47.876,58771,2.693,-0.203,-0.134,0.000,0.000,waitingForTarget,noEvent
6382,9,58,rld,15:10:47.941,58772,0.068,-0.203,-0.134,0.000,0.000,activeTracking,targetAppeared
6382,9,58,rld,15:10:47.997,58773,0.127,-0.203,-0.134,0.000,0.000,activeTracking,noEvent
6382,9,58,rld,15:10:48.040,58774,0.167,-0.203,-0.134,0.000,0.000,activeTracking,noEvent
6382,9,58,rld,15:10:48.085,58775,0.212,-0.203,-0.134,0.000,0.000,activeTracking,noEvent
6382,9,58,rld,15:10:48.135,58776,0.255,-0.203,-0.134,0.000,0.000,activeTracking,noEvent
6382,9,58,rld,15:10:48.175,58777,0.303,-0.203,-0.134,0.000,0.000,activeTracking,noEvent
6382,9,58,rld,15:10:48.221,58778,0.349,-0.203,-0.134,0.000,0.000,activeTracking,noEvent
6382,9,58,rld,15:10:48.268,58779,0.388,-0.203,-0.134,0.000,0.000,activeTracking,noEvent
6382,9,58,rld,15:10:48.307,58780,0.434,-0.203,-0.134,0.000,0.000,activeTracking,noEvent
6382,9,58,rld,15:10:48.357,58781,0.475,-0.203,-0.134,0.000,0.000,activeTracking,noEvent
6382,9,58,rld,15:10:48.409,58782,0.538,-0.203,-0.134,0.000,0.000,activeTracking,noEvent
6382,9,58,rld,15:10:48.465,58783,0.589,-0.203,-0.134,0.000,0.000,activeTracking,noEvent
6382,9,58,rld,15:10:48.520,58784,0.637,-0.203,-0.134,0.000,0.000,activeTracking,noEvent
6382,9,58,rld,15:10:48.573,58785,0.681,-0.203,-0.134,0.000,0.000,activeTracking,noEvent
6382,9,58,rld,15:10:48.748,58786,0.875,0.676,-0.077,7.800,0.500,activeTracking,noEvent
6382,9,58,rld,15:10:48.804,58787,0.926,2.785,0.388,15.500,3.800,activeTracking,noEvent
6382,9,58,rld,15:10:48.864,58788,0.989,3.537,0.558,0.000,0.000,activeTracking,noEvent
6382,9,58,rld,15:10:48.907,58789,1.036,3.795,0.618,0.000,0.000,activeTracking,noEvent
6382,9,58,rld,15:10:48.959,58790,1.088,3.870,0.638,-0.100,0.000,activeTracking,noEvent
6382,9,58,rld,15:10:49.023,58791,1.138,3.895,0.644,0.000,0.000,activeTracking,noEvent
6382,9,58,rld,15:10:49.093,58792,1.223,3.864,0.645,-0.300,0.000,activeTracking,noEvent
6382,9,58,rld,15:10:49.136,58793,1.265,3.853,0.646,0.000,0.000,activeTracking,noEvent
6382,9,58,rld,15:10:49.213,58794,1.339,3.837,0.646,-0.100,0.000,activeTracking,noEvent
6382,9,58,rld,15:10:49.255,58795,1.376,3.831,0.646,0.000,0.000,activeTracking,noEvent
6382,9,58,rld,15:10:49.343,58796,1.458,3.778,0.632,-0.400,-0.100,activeTracking,noEvent
6382,9,58,rld,15:10:49.454,58797,1.555,3.313,0.390,-3.500,-1.900,activeTracking,noEvent
6382,9,58,rld,15:10:49.514,58798,1.634,3.087,0.287,-0.600,-0.200,activeTracking,noEvent
6382,9,58,rld,15:10:49.560,58799,1.690,3.000,0.241,-0.100,-0.100,activeTracking,noEvent
6382,9,58,rld,15:10:49.616,58800,1.737,2.971,0.214,0.000,-0.100,onTarget,noEvent
6382,9,58,rld,15:10:49.675,58801,1.800,2.961,0.181,0.000,-0.200,onTarget,noEvent
6382,9,58,rld,15:10:49.753,58802,1.875,2.933,0.135,-0.200,-0.300,onTarget,noEvent
6382,9,58,rld,15:10:49.837,58803,1.956,2.887,0.072,-0.300,-0.400,onTarget,noEvent
6382,9,58,rld,15:10:49.908,58804,2.027,2.823,0.004,-0.400,-0.400,onTarget,noEvent
6382,9,58,rld,15:10:49.943,58805,2.073,2.802,-0.018,0.000,0.000,onTarget,noEvent
6382,9,58,rld,15:10:49.999,58806,2.118,2.795,-0.026,0.000,0.000,onTarget,noEvent
6382,9,58,rld,15:10:50.055,58807,2.170,2.792,-0.028,0.000,0.000,onTarget,noEvent
6382,9,58,rld,15:10:50.105,58808,2.224,2.792,-0.029,0.000,0.000,onTarget,noEvent
6382,9,58,rld,15:10:50.155,58809,2.274,2.791,-0.030,0.000,0.000,onTarget,noEvent
6382,9,58,rld,15:10:50.226,58810,2.347,2.803,-0.018,0.100,0.100,onTarget,noEvent
6382,9,58,rld,15:10:50.298,58811,2.428,2.807,-0.014,0.000,0.000,onTarget,noEvent
6382,9,58,rld,15:10:50.395,58812,2.506,2.809,-0.013,0.000,0.000,onTarget,targetClick
6382,9,59,rld,15:10:54.486,58874,2.577,-0.270,-0.117,0.000,0.000,waitingForTarget,middleTargetClick
6382,9,59,rld,15:10:54.539,58875,2.635,-0.270,-0.117,0.000,0.000,waitingForTarget,noEvent
6382,9,59,rld,15:10:54.581,58876,2.676,-0.270,-0.117,0.000,0.000,waitingForTarget,noEvent
6382,9,59,rld,15:10:54.648,58877,2.743,-0.270,-0.117,0.000,0.000,waitingForTarget,noEvent
6382,9,59,rld,15:10:54.692,58878,2.785,-0.270,-0.117,0.000,0.000,waitingForTarget,noEvent
6382,9,59,rld,15:10:54.720,58879,2.818,-0.270,-0.117,0.000,0.000,waitingForTarget,noEvent
6382,9,59,rld,15:10:54.772,58880,2.856,-0.270,-0.117,0.000,0.000,waitingForTarget,noEvent
6382,9,59,rld,15:10:54.824,58881,2.915,-0.270,-0.117,0.000,0.000,waitingForTarget,noEvent
6382,9,59,rld,15:10:54.866,58882,2.958,-0.270,-0.117,0.000,0.000,waitingForTarget,noEvent
6382,9,59,rld,15:10:54.906,58883,3.003,-0.270,-0.117,0.000,0.000,waitingForTarget,noEvent
6382,9,59,rld,15:10:54.958,58884,0.052,-0.270,-0.117,0.000,0.000,activeTracking,targetAppeared
6382,9,59,rld,15:10:55.002,58885,0.094,-0.270,-0.117,0.000,0.000,activeTracking,noEvent
6382,9,59,rld,15:10:55.054,58886,0.142,-0.270,-0.117,0.000,0.000,activeTracking,noEvent
6382,9,59,rld,15:10:55.107,58887,0.199,-0.270,-0.117,0.000,0.000,activeTracking,noEvent
6382,9,59,rld,15:10:55.148,58888,0.238,-0.270,-0.117,0.000,0.000,activeTracking,noEvent
6382,9,59,rld,15:10:55.196,58889,0.293,-0.270,-0.117,0.000,0.000,activeTracking,noEvent
6382,9,59,rld,15:10:55.252,58890,0.340,-0.270,-0.117,0.000,0.000,activeTracking,noEvent
6382,9,59,rld,15:10:55.304,58891,0.400,-0.270,-0.117,0.000,0.000,activeTracking,noEvent
6382,9,59,rld,15:10:55.359,58892,0.452,-0.270,-0.117,0.000,0.000,activeTracking,noEvent
6382,9,59,rld,15:10:55.399,58893,0.491,-0.270,-0.117,0.000,0.000,activeTracking,noEvent
6382,9,59,rld,15:10:55.431,58894,0.523,-0.270,-0.117,0.000,0.000,activeTracking,noEvent
6382,9,59,rld,15:10:55.475,58895,0.563,-0.270,-0.117,0.000,0.000,activeTracking,noEvent
6382,9,59,rld,15:10:55.516,58896,0.604,-0.270,-0.117,0.000,0.000,activeTracking,noEvent
6382,9,59,rld,15:10:55.584,58897,0.674,-0.270,-0.117,0.000,0.000,activeTracking,noEvent
6382,9,59,rld,15:10:55.656,58898,0.751,-0.270,-0.117,0.000,0.000,activeTracking,noEvent
6382,9,59,rld,15:10:55.774,58899,0.850,0.236,-0.083,4.500,0.300,activeTracking,noEvent
6382,9,59,rld,15:10:55.954,58900,1.032,0.676,-0.049,2.400,0.200,activeTracking,noEvent
6382,9,59,rld,15:10:56.074,58901,1.122,1.073,-0.026,2.200,0.100,activeTracking,noEvent
6382,9,59,rld,15:10:56.245,58902,1.300,1.447,0.016,2.100,0.300,activeTracking,noEvent
6382,9,59,rld,15:10:56.300,58903,1.384,1.642,0.030,0.600,0.000,activeTracking,noEvent
6382,9,59,rld,15:10:56.356,58904,1.451,1.730,0.035,0.200,0.000,activeTracking,noEvent
6382,9,59,rld,15:10:56.490,58905,1.585,2.217,0.072,3.900,0.300,activeTracking,noEvent
6382,9,59,rld,15:10:56.550,58906,1.635,2.418,0.085,0.300,0.000,onTarget,noEvent
6382,9,59,rld,15:10:56.620,58907,1.705,2.497,0.090,0.100,0.000,onTarget,noEvent
6382,9,59,rld,15:10:56.739,58908,1.818,2.741,0.127,1.800,0.300,onTarget,noEvent
6382,9,59,rld,15:10:56.785,58909,1.874,2.884,0.141,0.500,0.000,onTarget,noEvent
6382,9,59,rld,15:10:56.850,58910,1.935,2.932,0.145,0.000,0.000,onTarget,noEvent
6382,9,59,rld,15:10:56.893,58911,1.983,2.948,0.146,0.000,0.000,onTarget,noEvent
6382,9,59,rld,15:10:56.955,58912,2.041,2.929,0.147,-0.200,0.000,onTarget,noEvent
6382,9,59,rld,15:10:57.007,58913,2.095,2.911,0.135,-0.100,-0.100,onTarget,noEvent
6382,9,59,rld,15:10:57.076,58914,2.155,2.892,0.119,-0.100,-0.100,onTarget,noEvent
6382,9,59,rld,15:10:57.142,58915,2.230,2.861,0.114,-0.200,0.000,onTarget,noEvent
6382,9,59,rld,15:10:57.191,58916,2.284,2.839,0.100,-0.100,-0.100,onTarget,noEvent
6382,9,59,rld,15:10:57.272,58917,2.367,2.783,0.084,-0.400,-0.100,onTarget,noEvent
6382,9,59,rld,15:10:57.332,58918,2.428,2.715,0.066,-0.400,-0.100,onTarget,noEvent
6382,9,59,rld,15:10:57.503,58919,2.591,2.620,0.060,-0.600,0.000,onTarget,noEvent
6382,9,59,rld,15:10:57.545,58920,2.638,2.589,0.058,0.000,0.000,onTarget,noEvent
6382,9,59,rld,15:10:57.596,58921,2.685,2.578,0.058,0.000,0.000,onTarget,noEvent
6382,9,59,rld,15:10:57.645,58922,2.735,2.575,0.057,0.000,0.000,onTarget,noEvent
6382,9,59,rld,15:10:57.719,58923,2.813,2.586,0.057,0.100,0.000,onTarget,noEvent
6382,9,59,rld,15:10:57.762,58924,2.854,2.589,0.057,0.000,0.000,onTarget,noEvent
6382,9,59,rld,15:10:57.841,58925,2.924,2.590,0.057,0.000,0.000,onTarget,targetClick
6382,9,60,rld,15:11:01.269,58973,2.987,0.017,0.018,0.000,0.000,waitingForTarget,middleTargetClick
6382,9,60,rld,15:11:01.321,58974,3.051,0.017,0.018,0.000,0.000,waitingForTarget,noEvent
6382,9,60,rld,15:11:01.376,58975,3.088,0.017,0.018,0.000,0.000,waitingForTarget,noEvent
6382,9,60,rld,15:11:01.422,58976,3.138,0.017,0.018,0.000,0.000,waitingForTarget,noEvent
6382,9,60,rld,15:11:01.471,58977,3.194,0.017,0.018,0.000,0.000,waitingForTarget,noEvent
6382,9,60,rld,15:11:01.514,58978,3.236,0.017,0.018,0.000,0.000,waitingForTarget,noEvent
6382,9,60,rld,15:11:01.556,58979,3.285,0.017,0.018,0.000,0.000,waitingForTarget,noEvent
6382,9,60,rld,15:11:01.591,58980,3.314,0.017,0.018,0.000,0.000,waitingForTarget,noEvent
6382,9,60,rld,15:11:01.623,58981,3.354,0.017,0.018,0.000,0.000,waitingForTarget,noEvent
6382,9,60,rld,15:11:01.675,58982,3.398,0.017,0.018,0.000,0.000,waitingForTarget,noEvent
6382,9,60,rld,15:11:01.730,58983,0.049,0.017,0.018,0.000,0.000,activeTracking,targetAppeared
6382,9,60,rld,15:11:01.776,58984,0.108,0.017,0.018,0.000,0.000,activeTracking,noEvent
6382,9,60,rld,15:11:01.858,58985,0.180,0.017,0.018,0.000,0.000,activeTracking,noEvent
6382,9,60,rld,15:11:01.899,58986,0.231,0.017,0.018,0.000,0.000,activeTracking,noEvent
6382,9,60,rld,15:11:01.937,58987,0.269,0.017,0.018,0.000,0.000,activeTracking,noEvent
6382,9,60,rld,15:11:01.984,58988,0.302,0.017,0.018,0.000,0.000,activeTracking,noEvent
6382,9,60,rld,15:11:02.036,58989,0.350,0.017,0.018,0.000,0.000,activeTracking,noEvent
6382,9,60,rld,15:11:02.085,58990,0.410,0.017,0.018,0.000,0.000,activeTracking,noEvent
6382,9,60,rld,15:11:02.137,58991,0.467,0.017,0.018,0.000,0.000,activeTracking,noEvent
6382,9,60,rld,15:11:02.222,58992,0.553,0.073,0.018,0.500,0.000,activeTracking,noEvent
6382,9,60,rld,15:11:02.302,58993,0.627,0.171,0.018,0.700,0.000,activeTracking,noEvent
6382,9,60,rld,15:11:02.354,58994,0.682,0.226,0.029,0.200,0.100,activeTracking,noEvent
6382,9,60,rld,15:11:02.485,58995,0.797,0.098,0.078,-1.300,0.400,activeTracking,noEvent
6382,9,60,rld,15:11:02.642,58996,0.969,-0.711,0.197,-6.800,0.900,activeTracking,noEvent
6382,9,60,rld,15:11:02.817,58997,1.073,-1.314,0.227,-2.900,-0.100,activeTracking,noEvent
6382,9,60,rld,15:11:02.916,58998,1.230,-2.575,0.280,-9.000,0.300,onTarget,noEvent
6382,9,60,rld,15:11:02.973,58999,1.298,-3.025,0.288,-0.100,-0.100,activeTracking,noEvent
6382,9,60,rld,15:11:03.005,59000,1.335,-3.177,0.290,0.000,0.000,activeTracking,noEvent
6382,9,60,rld,15:11:03.041,59001,1.373,-3.229,0.291,0.000,0.000,activeTracking,noEvent
6382,9,60,rld,15:11:03.079,59002,1.407,-3.246,0.292,0.000,0.000,activeTracking,noEvent
6382,9,60,rld,15:11:03.135,59003,1.463,-3.251,0.292,0.000,0.000,activeTracking,noEvent
6382,9,60,rld,15:11:03.186,59004,1.511,-3.253,0.292,0.000,0.000,activeTracking,noEvent
6382,9,60,rld,15:11:03.257,59005,1.573,-3.241,0.292,0.100,0.000,activeTracking,noEvent
6382,9,60,rld,15:11:03.314,59006,1.637,-3.212,0.291,0.200,0.000,activeTracking,noEvent
6382,9,60,rld,15:11:03.483,59007,1.787,-3.141,0.291,0.500,0.000,activeTracking,noEvent
6382,9,60,rld,15:11:03.559,59008,1.882,-3.055,0.301,0.500,0.100,activeTracking,noEvent
6382,9,60,rld,15:11:03.616,59009,1.943,-2.989,0.305,0.300,0.000,activeTracking,noEvent
6382,9,60,rld,15:11:03.668,59010,1.991,-2.955,0.305,0.100,0.000,activeTracking,noEvent
6382,9,60,rld,15:11:03.725,59011,2.051,-2.919,0.294,0.200,-0.100,activeTracking,noEvent
6382,9,60,rld,15:11:03.815,59012,2.141,-2.883,0.266,0.200,-0.200,onTarget,noEvent
6382,9,60,rld,15:11:03.885,59013,2.206,-2.846,0.257,0.200,0.000,onTarget,noEvent
6382,9,60,rld,15:11:03.934,59014,2.259,-2.822,0.242,0.100,-0.100,onTarget,noEvent
6382,9,60,rld,15:11:03.985,59015,2.309,-2.813,0.225,0.000,-0.100,onTarget,noEvent
6382,9,60,rld,15:11:04.046,59016,2.370,-2.811,0.208,0.000,-0.100,onTarget,noEvent
6382,9,60,rld,15:11:04.091,59017,2.422,-2.810,0.178,0.000,-0.200,onTarget,noEvent
6382,9,60,rld,15:11:04.154,59018,2.483,-2.822,0.157,-0.100,-0.100,onTarget,noEvent
6382,9,60,rld,15:11:04.216,59019,2.539,-2.826,0.126,0.000,-0.200,onTarget,noEvent
6382,9,60,rld,15:11:04.266,59020,2.589,-2.827,0.116,0.000,0.000,onTarget,noEvent
6382,9,60,rld,15:11:04.311,59021,2.639,-2.827,0.101,0.000,-0.100,onTarget,noEvent
6382,9,60,rld,15:11:04.363,59022,2.689,-2.840,0.096,-0.100,0.000,onTarget,noEvent
6382,9,60,rld,15:11:04.420,59023,2.740,-2.844,0.094,0.000,0.000,onTarget,noEvent
6382,9,60,rld,15:11:04.492,59024,2.814,-2.858,0.094,-0.100,0.000,onTarget,noEvent
6382,9,60,rld,15:11:04.555,59025,2.878,-2.874,0.094,-0.100,0.000,onTarget,noEvent
6382,9,60,rld,15:11:04.591,59026,2.920,-2.880,0.094,0.000,0.000,onTarget,noEvent
6382,9,60,rld,15:11:04.659,59027,2.970,-2.882,0.094,0.000,0.000,onTarget,noEvent
6382,9,60,rld,15:11:04.715,59028,3.046,-2.882,0.094,0.000,0.000,onTarget,targetClick;
6382,10,1,rld,15:11:40.539,59756,3.129,-0.084,0.221,0.000,0.000,waitingForTarget,middleTargetClick
6382,10,1,rld,15:11:40.587,59757,3.190,-0.084,0.221,0.000,0.000,waitingForTarget,noEvent
6382,10,1,rld,15:11:40.651,59758,3.251,-0.084,0.221,0.000,0.000,waitingForTarget,noEvent
6382,10,1,rld,15:11:40.677,59759,3.279,-0.084,0.221,0.000,0.000,waitingForTarget,noEvent
6382,10,1,rld,15:11:40.702,59760,3.306,-0.084,0.221,0.000,0.000,waitingForTarget,noEvent
6382,10,1,rld,15:11:40.733,59761,3.334,-0.084,0.221,0.000,0.000,waitingForTarget,noEvent
6382,10,1,rld,15:11:40.767,59762,3.369,-0.084,0.221,0.000,0.000,waitingForTarget,noEvent
6382,10,1,rld,15:11:40.811,59763,3.411,-0.084,0.221,0.000,0.000,waitingForTarget,noEvent
6382,10,1,rld,15:11:40.854,59764,3.457,-0.084,0.221,0.000,0.000,waitingForTarget,noEvent
6382,10,1,rld,15:11:40.902,59765,3.503,-0.084,0.221,0.000,0.000,waitingForTarget,noEvent
6382,10,1,rld,15:11:40.951,59766,3.552,-0.084,0.221,0.000,0.000,waitingForTarget,noEvent
6382,10,1,rld,15:11:41.002,59767,0.051,-0.084,0.221,0.000,0.000,activeTracking,targetAppeared
6382,10,1,rld,15:11:41.054,59768,0.101,-0.084,0.221,0.000,0.000,activeTracking,noEvent
6382,10,1,rld,15:11:41.097,59769,0.142,-0.084,0.221,0.000,0.000,activeTracking,noEvent
6382,10,1,rld,15:11:41.138,59770,0.189,-0.084,0.221,0.000,0.000,activeTracking,noEvent
6382,10,1,rld,15:11:41.185,59771,0.235,-0.084,0.221,0.000,0.000,activeTracking,noEvent
6382,10,1,rld,15:11:41.235,59772,0.287,-0.084,0.221,0.000,0.000,activeTracking,noEvent
6382,10,1,rld,15:11:41.281,59773,0.327,-0.084,0.221,0.000,0.000,activeTracking,noEvent
6382,10,1,rld,15:11:41.318,59774,0.369,-0.084,0.221,0.000,0.000,activeTracking,noEvent
6382,10,1,rld,15:11:41.368,59775,0.418,-0.084,0.221,0.000,0.000,activeTracking,noEvent
6382,10,1,rld,15:11:41.415,59776,0.466,-0.084,0.221,0.000,0.000,activeTracking,noEvent
6382,10,1,rld,15:11:41.460,59777,0.509,-0.084,0.221,0.000,0.000,activeTracking,noEvent
6382,10,1,rld,15:11:41.501,59778,0.552,-0.084,0.221,0.000,0.000,activeTracking,noEvent
6382,10,1,rld,15:11:41.552,59779,0.602,-0.084,0.221,0.000,0.000,activeTracking,noEvent
6382,10,1,rld,15:11:41.598,59780,0.646,-0.084,0.221,0.000,0.000,activeTracking,noEvent
6382,10,1,rld,15:11:41.667,59781,0.709,-0.084,0.221,0.000,0.000,activeTracking,noEvent
6382,10,1,rld,15:11:41.814,59782,0.857,-0.343,0.153,-2.300,-0.600,activeTracking,noEvent
6382,10,1,rld,15:11:41.948,59783,0.991,-0.746,0.075,-2.800,-0.500,activeTracking,noEvent
6382,10,1,rld,15:11:42.006,59784,1.054,-0.937,0.026,-0.500,-0.200,activeTracking,noEvent
6382,10,1,rld,15:11:42.106,59785,1.146,-1.127,-0.001,-1.100,-0.100,activeTracking,noEvent
6382,10,1,rld,15:11:42.185,59786,1.217,-1.258,-0.010,-0.600,0.000,activeTracking,noEvent
6382,10,1,rld,15:11:42.244,59787,1.292,-1.337,-0.002,-0.300,0.100,activeTracking,noEvent
6382,10,1,rld,15:11:42.298,59788,1.342,-1.375,0.001,-0.100,0.000,activeTracking,noEvent
6382,10,1,rld,15:11:42.356,59789,1.406,-1.410,0.002,-0.200,0.000,activeTracking,noEvent
6382,10,1,rld,15:11:42.529,59790,1.570,-1.618,0.082,-1.700,0.700,activeTracking,noEvent
6382,10,1,rld,15:11:42.618,59791,1.649,-1.804,0.133,-1.000,0.200,activeTracking,noEvent
6382,10,1,rld,15:11:42.713,59792,1.748,-2.006,0.162,-1.200,0.100,activeTracking,noEvent
6382,10,1,rld,15:11:42.780,59793,1.827,-2.121,0.172,-0.400,0.000,activeTracking,noEvent
6382,10,1,rld,15:11:42.867,59794,1.891,-2.184,0.187,-0.200,0.100,activeTracking,noEvent
6382,10,1,rld,15:11:42.935,59795,1.971,-2.264,0.192,-0.500,0.000,activeTracking,noEvent
6382,10,1,rld,15:11:42.985,59796,2.034,-2.314,0.194,-0.200,0.000,activeTracking,noEvent
6382,10,1,rld,15:11:43.045,59797,2.092,-2.355,0.207,-0.200,0.100,activeTracking,noEvent
6382,10,1,rld,15:11:43.099,59798,2.150,-2.368,0.211,0.000,0.000,activeTracking,noEvent
6382,10,1,rld,15:11:43.153,59799,2.200,-2.385,0.212,-0.100,0.000,activeTracking,noEvent
6382,10,1,rld,15:11:43.203,59800,2.254,-2.390,0.213,0.000,0.000,activeTracking,noEvent
6382,10,1,rld,15:11:43.270,59801,2.307,-2.404,0.213,-0.100,0.000,activeTracking,noEvent
6382,10,1,rld,15:11:43.373,59802,2.415,-2.480,0.167,-0.600,-0.400,onTarget,noEvent
6382,10,1,rld,15:11:43.445,59803,2.492,-2.566,0.117,-0.500,-0.300,onTarget,noEvent
6382,10,1,rld,15:11:43.502,59804,2.539,-2.619,0.089,-0.200,-0.100,onTarget,noEvent
6382,10,1,rld,15:11:43.539,59805,2.589,-2.637,0.080,0.000,0.000,onTarget,noEvent
6382,10,1,rld,15:11:43.585,59806,2.632,-2.642,0.077,0.000,0.000,onTarget,noEvent
6382,10,1,rld,15:11:43.634,59807,2.682,-2.644,0.076,0.000,0.000,onTarget,noEvent
6382,10,1,rld,15:11:43.688,59808,2.731,-2.645,0.075,0.000,0.000,onTarget,noEvent
6382,10,1,rld,15:11:43.778,59809,2.823,-2.645,0.075,0.000,0.000,onTarget,noEvent
6382,10,1,rld,15:11:43.822,59810,2.874,-2.645,0.075,0.000,0.000,onTarget,noEvent
6382,10,1,rld,15:11:43.868,59811,2.919,-2.645,0.075,0.000,0.000,onTarget,noEvent
6382,10,1,rld,15:11:43.909,59812,2.958,-2.645,0.075,0.000,0.000,onTarget,noEvent
6382,10,1,rld,15:11:43.956,59813,3.002,-2.645,0.075,0.000,0.000,onTarget,noEvent
6382,10,1,rld,15:11:44.003,59814,3.051,-2.645,0.075,0.000,0.000,onTarget,noEvent
6382,10,1,rld,15:11:44.069,59815,3.102,-2.645,0.075,0.000,0.000,onTarget,targetClick
6382,10,2,rld,15:11:48.915,59880,3.164,-0.034,0.187,0.000,0.000,waitingForTarget,middleTargetClick
6382,10,2,rld,15:11:48.969,59881,3.224,-0.034,0.187,0.000,0.000,waitingForTarget,noEvent
6382,10,2,rld,15:11:49.019,59882,3.270,-0.034,0.187,0.000,0.000,waitingForTarget,noEvent
6382,10,2,rld,15:11:49.068,59883,3.328,-0.034,0.187,0.000,0.000,waitingForTarget,noEvent
6382,10,2,rld,15:11:49.127,59884,3.383,-0.034,0.187,0.000,0.000,waitingForTarget,noEvent
6382,10,2,rld,15:11:49.167,59885,3.419,-0.034,0.187,0.000,0.000,waitingForTarget,noEvent
6382,10,2,rld,15:11:49.209,59886,3.454,-0.034,0.187,0.000,0.000,waitingForTarget,noEvent
6382,10,2,rld,15:11:49.246,59887,3.500,-0.034,0.187,0.000,0.000,waitingForTarget,noEvent
6382,10,2,rld,15:11:49.283,59888,3.541,-0.034,0.187,0.000,0.000,waitingForTarget,noEvent
6382,10,2,rld,15:11:49.325,59889,3.584,-0.034,0.187,0.000,0.000,waitingForTarget,noEvent
6382,10,2,rld,15:11:49.354,59890,0.029,-0.034,0.187,0.000,0.000,activeTracking,targetAppeared
6382,10,2,rld,15:11:49.397,59891,0.073,-0.034,0.187,0.000,0.000,activeTracking,noEvent
6382,10,2,rld,15:11:49.438,59892,0.117,-0.034,0.187,0.000,0.000,activeTracking,noEvent
6382,10,2,rld,15:11:49.477,59893,0.154,-0.034,0.187,0.000,0.000,activeTracking,noEvent
6382,10,2,rld,15:11:49.509,59894,0.187,-0.034,0.187,0.000,0.000,activeTracking,noEvent
6382,10,2,rld,15:11:49.549,59895,0.228,-0.034,0.187,0.000,0.000,activeTracking,noEvent
6382,10,2,rld,15:11:49.587,59896,0.266,-0.034,0.187,0.000,0.000,activeTracking,noEvent
6382,10,2,rld,15:11:49.623,59897,0.299,-0.034,0.187,0.000,0.000,activeTracking,noEvent
6382,10,2,rld,15:11:49.668,59898,0.347,-0.034,0.187,0.000,0.000,activeTracking,noEvent
6382,10,2,rld,15:11:49.719,59899,0.397,-0.034,0.187,0.000,0.000,activeTracking,noEvent
6382,10,2,rld,15:11:49.771,59900,0.447,-0.034,0.187,0.000,0.000,activeTracking,noEvent
6382,10,2,rld,15:11:49.827,59901,0.499,-0.034,0.187,0.000,0.000,activeTracking,noEvent
6382,10,2,rld,15:11:49.865,59902,0.539,-0.034,0.187,0.000,0.000,activeTracking,noEvent
6382,10,2,rld,15:11:49.904,59903,0.579,-0.034,0.187,0.000,0.000,activeTracking,noEvent
6382,10,2,rld,15:11:49.965,59904,0.634,-0.034,0.187,0.000,0.000,activeTracking,noEvent
6382,10,2,rld,15:11:50.193,59905,0.825,-0.789,0.165,-6.700,-0.200,activeTracking,noEvent
6382,10,2,rld,15:11:50.299,59906,0.966,-1.237,0.136,-1.700,-0.200,activeTracking,noEvent
6382,10,2,rld,15:11:50.361,59907,1.035,-1.468,0.104,-0.700,-0.200,activeTracking,noEvent
6382,10,2,rld,15:11:50.481,59908,1.129,-1.637,0.071,-0.800,-0.200,activeTracking,noEvent
6382,10,2,rld,15:11:50.556,59909,1.220,-1.787,0.026,-0.800,-0.300,activeTracking,noEvent
6382,10,2,rld,15:11:50.657,59910,1.324,-1.895,0.011,-0.500,0.000,activeTracking,noEvent
6382,10,2,rld,15:11:50.751,59911,1.418,-2.143,0.006,-1.800,0.000,activeTracking,noEvent
6382,10,2,rld,15:11:50.901,59912,1.546,-2.357,0.017,-1.100,0.100,onTarget,noEvent
6382,10,2,rld,15:11:51.013,59913,1.679,-2.706,0.021,-2.300,0.000,onTarget,noEvent
6382,10,2,rld,15:11:51.130,59914,1.759,-3.032,0.000,-1.700,-0.200,onTarget,noEvent
6382,10,2,rld,15:11:51.183,59915,1.848,-3.217,-0.007,-0.600,0.000,activeTracking,noEvent
6382,10,2,rld,15:11:51.252,59916,1.925,-3.292,-0.010,-0.100,0.000,activeTracking,noEvent
6382,10,2,rld,15:11:51.314,59917,1.987,-3.317,-0.010,0.000,0.000,activeTracking,noEvent
6382,10,2,rld,15:11:51.350,59918,2.028,-3.325,-0.011,0.000,0.000,activeTracking,noEvent
6382,10,2,rld,15:11:51.396,59919,2.069,-3.328,-0.011,0.000,0.000,activeTracking,noEvent
6382,10,2,rld,15:11:51.440,59920,2.117,-3.329,-0.011,0.000,0.000,activeTracking,noEvent
6382,10,2,rld,15:11:51.488,59921,2.163,-3.329,0.001,0.000,0.100,activeTracking,noEvent
6382,10,2,rld,15:11:51.552,59922,2.218,-3.330,0.005,0.000,0.000,activeTracking,noEvent
6382,10,2,rld,15:11:51.604,59923,2.269,-3.330,0.006,0.000,0.000,activeTracking,noEvent
6382,10,2,rld,15:11:51.660,59924,2.327,-3.330,0.007,0.000,0.000,activeTracking,failedClick
6382,10,3,rld,15:11:55.638,59990,2.413,-0.101,0.136,0.000,0.000,waitingForTarget,middleTargetClick
6382,10,3,rld,15:11:55.696,59991,2.464,-0.101,0.136,0.000,0.000,waitingForTarget,noEvent
6382,10,3,rld,15:11:55.753,59992,2.529,-0.101,0.136,0.000,0.000,waitingForTarget,noEvent
6382,10,3,rld,15:11:55.797,59993,2.559,-0.101,0.136,0.000,0.000,waitingForTarget,noEvent
6382,10,3,rld,15:11:55.821,59994,2.595,-0.101,0.136,0.000,0.000,waitingForTarget,noEvent
6382,10,3,rld,15:11:55.867,59995,2.636,-0.101,0.136,0.000,0.000,waitingForTarget,noEvent
6382,10,3,rld,15:11:55.909,59996,2.679,-0.101,0.136,0.000,0.000,waitingForTarget,noEvent
6382,10,3,rld,15:11:55.946,59997,2.725,-0.101,0.136,0.000,0.000,waitingForTarget,noEvent
6382,10,3,rld,15:11:55.972,59998,2.749,-0.101,0.136,0.000,0.000,waitingForTarget,noEvent
6382,10,3,rld,15:11:56.014,59999,2.784,-0.101,0.136,0.000,0.000,waitingForTarget,noEvent
6382,10,3,rld,15:11:56.048,60000,2.824,-0.101,0.136,0.000,0.000,waitingForTarget,noEvent
6382,10,3,rld,15:11:56.095,60001,0.044,-0.101,0.136,0.000,0.000,activeTracking,targetAppeared
6382,10,3,rld,15:11:56.158,60002,0.111,-0.101,0.136,0.000,0.000,activeTracking,noEvent
6382,10,3,rld,15:11:56.317,60003,0.257,0.417,0.159,4.600,0.200,activeTracking,noEvent
6382,10,3,rld,15:11:56.369,60004,0.323,0.646,0.167,0.500,0.000,activeTracking,noEvent
6382,10,3,rld,15:11:56.426,60005,0.375,0.745,0.170,0.200,0.000,activeTracking,noEvent
6382,10,3,rld,15:11:56.498,60006,0.444,0.812,0.171,0.300,0.000,activeTracking,noEvent
6382,10,3,rld,15:11:56.568,60007,0.517,0.880,0.171,0.400,0.000,activeTracking,noEvent
6382,10,3,rld,15:11:56.753,60008,0.704,-0.880,0.239,-15.800,0.600,activeTracking,noEvent
6382,10,3,rld,15:11:56.952,60009,0.890,-1.798,0.289,-2.800,0.200,activeTracking,noEvent
6382,10,3,rld,15:11:57.028,60010,0.959,-2.359,0.309,-2.100,0.000,activeTracking,noEvent
6382,10,3,rld,15:11:57.122,60011,1.056,-2.622,0.317,-0.600,0.000,onTarget,noEvent
6382,10,3,rld,15:11:57.179,60012,1.126,-2.759,0.332,-0.400,0.100,onTarget,noEvent
6382,10,3,rld,15:11:57.248,60013,1.190,-2.817,0.349,-0.100,0.100,activeTracking,noEvent
6382,10,3,rld,15:11:57.318,60014,1.271,-2.836,0.390,0.000,0.300,activeTracking,noEvent
6382,10,3,rld,15:11:57.361,60015,1.315,-2.843,0.404,0.000,0.000,activeTracking,noEvent
6382,10,3,rld,15:11:57.404,60016,1.359,-2.845,0.408,0.000,0.000,activeTracking,noEvent
6382,10,3,rld,15:11:57.500,60017,1.427,-2.821,0.421,0.200,0.100,activeTracking,noEvent
6382,10,3,rld,15:11:57.597,60018,1.551,-2.716,0.401,0.800,-0.200,activeTracking,noEvent
6382,10,3,rld,15:11:57.664,60019,1.608,-2.657,0.382,0.200,-0.100,activeTracking,noEvent
6382,10,3,rld,15:11:57.717,60020,1.672,-2.637,0.364,0.000,-0.100,activeTracking,noEvent
6382,10,3,rld,15:11:57.771,60021,1.722,-2.631,0.335,0.000,-0.200,onTarget,noEvent
6382,10,3,rld,15:11:57.844,60022,1.794,-2.628,0.302,0.000,-0.200,onTarget,noEvent
6382,10,3,rld,15:11:57.899,60023,1.849,-2.628,0.279,0.000,-0.100,onTarget,noEvent
6382,10,3,rld,15:11:57.966,60024,1.913,-2.627,0.260,0.000,-0.100,onTarget,noEvent
6382,10,3,rld,15:11:58.017,60025,1.955,-2.627,0.253,0.000,0.000,onTarget,noEvent
6382,10,3,rld,15:11:58.060,60026,2.012,-2.627,0.239,0.000,-0.100,onTarget,noEvent
6382,10,3,rld,15:11:58.118,60027,2.072,-2.639,0.235,-0.100,0.000,onTarget,noEvent
6382,10,3,rld,15:11:58.154,60028,2.106,-2.643,0.233,0.000,0.000,onTarget,noEvent
6382,10,3,rld,15:11:58.216,60029,2.154,-2.645,0.233,0.000,0.000,onTarget,noEvent
6382,10,3,rld,15:11:58.268,60030,2.216,-2.645,0.233,0.000,0.000,onTarget,noEvent
6382,10,3,rld,15:11:58.318,60031,2.258,-2.645,0.233,0.000,0.000,onTarget,noEvent
6382,10,3,rld,15:11:58.356,60032,2.304,-2.645,0.233,0.000,0.000,onTarget,noEvent
6382,10,3,rld,15:11:58.381,60033,2.336,-2.645,0.233,0.000,0.000,onTarget,noEvent
6382,10,3,rld,15:11:58.430,60034,2.375,-2.645,0.233,0.000,0.000,onTarget,noEvent
6382,10,3,rld,15:11:58.473,60035,2.425,-2.645,0.233,0.000,0.000,onTarget,noEvent
6382,10,3,rld,15:11:58.533,60036,2.474,-2.645,0.233,0.000,0.000,onTarget,noEvent
6382,10,3,rld,15:11:58.603,60037,2.542,-2.645,0.233,0.000,0.000,onTarget,noEvent
6382,10,3,rld,15:11:58.660,60038,2.612,-2.645,0.233,0.000,0.000,onTarget,targetClick
6382,10,4,rld,15:12:00.365,60064,2.704,-0.253,0.289,0.000,0.000,waitingForTarget,middleTargetClick
6382,10,4,rld,15:12:00.411,60065,2.752,-0.253,0.289,0.000,0.000,waitingForTarget,noEvent
6382,10,4,rld,15:12:00.499,60066,2.840,-0.253,0.289,0.000,0.000,waitingForTarget,noEvent
6382,10,4,rld,15:12:00.543,60067,2.881,-0.253,0.289,0.000,0.000,waitingForTarget,noEvent
6382,10,4,rld,15:12:00.595,60068,2.929,-0.253,0.289,0.000,0.000,waitingForTarget,noEvent
6382,10,4,rld,15:12:00.637,60069,2.974,-0.253,0.289,0.000,0.000,waitingForTarget,noEvent
6382,10,4,rld,15:12:00.682,60070,3.014,-0.253,0.289,0.000,0.000,waitingForTarget,noEvent
6382,10,4,rld,15:12:00.716,60071,3.053,-0.253,0.289,0.000,0.000,waitingForTarget,noEvent
6382,10,4,rld,15:12:00.767,60072,3.097,-0.253,0.289,0.000,0.000,waitingForTarget,noEvent
6382,10,4,rld,15:12:00.813,60073,3.150,-0.253,0.289,0.000,0.000,waitingForTarget,noEvent
6382,10,4,rld,15:12:00.867,60074,0.058,-0.253,0.289,0.000,0.000,activeTracking,targetAppeared
6382,10,4,rld,15:12:00.921,60075,0.100,-0.253,0.289,0.000,0.000,activeTracking,noEvent
6382,10,4,rld,15:12:00.963,60076,0.150,-0.253,0.289,0.000,0.000,activeTracking,noEvent
6382,10,4,rld,15:12:01.005,60077,0.194,-0.253,0.289,0.000,0.000,activeTracking,noEvent
6382,10,4,rld,15:12:01.055,60078,0.246,-0.253,0.289,0.000,0.000,activeTracking,noEvent
6382,10,4,rld,15:12:01.117,60079,0.292,-0.253,0.289,0.000,0.000,activeTracking,noEvent
6382,10,4,rld,15:12:01.169,60080,0.349,-0.253,0.289,0.000,0.000,activeTracking,noEvent
6382,10,4,rld,15:12:01.218,60081,0.397,-0.253,0.289,0.000,0.000,activeTracking,noEvent
6382,10,4,rld,15:12:01.264,60082,0.444,-0.253,0.289,0.000,0.000,activeTracking,noEvent
6382,10,4,rld,15:12:01.321,60083,0.499,-0.253,0.289,0.000,0.000,activeTracking,noEvent
6382,10,4,rld,15:12:01.482,60084,0.632,-1.204,0.348,-8.400,0.500,activeTracking,noEvent
6382,10,4,rld,15:12:01.685,60085,0.863,-2.026,0.397,-4.300,0.200,activeTracking,noEvent
6382,10,4,rld,15:12:01.741,60086,0.923,-2.365,0.426,-0.500,0.100,activeTracking,noEvent
6382,10,4,rld,15:12:01.789,60087,0.976,-2.491,0.436,-0.100,0.000,activeTracking,noEvent
6382,10,4,rld,15:12:01.839,60088,1.030,-2.534,0.440,0.000,0.000,activeTracking,noEvent
6382,10,4,rld,15:12:01.889,60089,1.081,-2.548,0.441,0.000,0.000,activeTracking,noEvent
6382,10,4,rld,15:12:01.948,60090,1.127,-2.553,0.441,0.000,0.000,activeTracking,noEvent
6382,10,4,rld,15:12:02.003,60091,1.182,-2.554,0.442,0.000,0.000,activeTracking,noEvent
6382,10,4,rld,15:12:02.047,60092,1.228,-2.555,0.442,0.000,0.000,activeTracking,noEvent
6382,10,4,rld,15:12:02.100,60093,1.283,-2.555,0.442,0.000,0.000,activeTracking,noEvent
6382,10,4,rld,15:12:02.153,60094,1.337,-2.555,0.442,0.000,0.000,activeTracking,noEvent
6382,10,4,rld,15:12:02.280,60095,1.449,-2.471,0.406,0.700,-0.300,activeTracking,noEvent
6382,10,4,rld,15:12:02.366,60096,1.548,-2.371,0.277,0.600,-1.000,activeTracking,noEvent
6382,10,4,rld,15:12:02.421,60097,1.610,-2.338,0.188,0.000,-0.400,activeTracking,noEvent
6382,10,4,rld,15:12:02.505,60098,1.688,-2.327,0.123,0.000,-0.300,activeTracking,noEvent
6382,10,4,rld,15:12:02.569,60099,1.749,-2.323,0.090,0.000,-0.100,activeTracking,noEvent
6382,10,4,rld,15:12:02.620,60100,1.812,-2.334,0.079,-0.100,0.000,activeTracking,noEvent
6382,10,4,rld,15:12:02.678,60101,1.871,-2.338,0.064,0.000,-0.100,activeTracking,noEvent
6382,10,4,rld,15:12:02.759,60102,1.929,-2.351,0.059,-0.100,0.000,onTarget,noEvent
6382,10,4,rld,15:12:02.864,60103,2.047,-2.451,0.023,-0.800,-0.300,onTarget,noEvent
6382,10,4,rld,15:12:02.926,60104,2.112,-2.508,0.011,-0.200,0.000,onTarget,noEvent
6382,10,4,rld,15:12:02.997,60105,2.188,-2.551,0.007,-0.200,0.000,onTarget,noEvent
6382,10,4,rld,15:12:03.054,60106,2.242,-2.566,0.005,0.000,0.000,onTarget,noEvent
6382,10,4,rld,15:12:03.134,60107,2.323,-2.571,0.005,0.000,0.000,onTarget,noEvent
6382,10,4,rld,15:12:03.173,60108,2.365,-2.572,0.017,0.000,0.100,onTarget,noEvent
6382,10,4,rld,15:12:03.217,60109,2.410,-2.573,0.020,0.000,0.000,onTarget,noEvent
6382,10,4,rld,15:12:03.253,60110,2.440,-2.573,0.022,0.000,0.000,onTarget,noEvent
6382,10,4,rld,15:12:03.315,60111,2.492,-2.573,0.022,0.000,0.000,onTarget,noEvent
6382,10,4,rld,15:12:03.375,60112,2.560,-2.573,0.022,0.000,0.000,onTarget,noEvent
6382,10,4,rld,15:12:03.444,60113,2.624,-2.573,0.022,0.000,0.000,onTarget,targetClick
6382,10,5,rld,15:12:05.291,60144,2.687,0.118,0.119,0.000,0.000,waitingForTarget,middleTargetClick
6382,10,5,rld,15:12:05.336,60145,2.745,0.118,0.119,0.000,0.000,waitingForTarget,noEvent
6382,10,5,rld,15:12:05.387,60146,2.795,0.118,0.119,0.000,0.000,waitingForTarget,noEvent
6382,10,5,rld,15:12:05.444,60147,2.848,0.118,0.119,0.000,0.000,waitingForTarget,noEvent
6382,10,5,rld,15:12:05.493,60148,2.890,0.118,0.119,0.000,0.000,waitingForTarget,noEvent
6382,10,5,rld,15:12:05.525,60149,2.930,0.118,0.119,0.000,0.000,waitingForTarget,noEvent
6382,10,5,rld,15:12:05.575,60150,2.977,0.118,0.119,0.000,0.000,waitingForTarget,noEvent
6382,10,5,rld,15:12:05.601,60151,3.011,0.118,0.119,0.000,0.000,waitingForTarget,noEvent
6382,10,5,rld,15:12:05.655,60152,3.065,0.118,0.119,0.000,0.000,waitingForTarget,noEvent
6382,10,5,rld,15:12:05.689,60153,3.098,0.118,0.119,0.000,0.000,waitingForTarget,noEvent
6382,10,5,rld,15:12:05.719,60154,0.030,0.118,0.119,0.000,0.000,activeTracking,targetAppeared
6382,10,5,rld,15:12:05.754,60155,0.065,0.118,0.119,0.000,0.000,activeTracking,noEvent
6382,10,5,rld,15:12:05.835,60156,0.142,0.118,0.119,0.000,0.000,activeTracking,noEvent
6382,10,5,rld,15:12:05.905,60157,0.211,0.118,0.119,0.000,0.000,activeTracking,noEvent
6382,10,5,rld,15:12:06.060,60158,0.359,0.434,0.142,2.800,0.200,activeTracking,noEvent
6382,10,5,rld,15:12:06.254,60159,0.546,0.969,0.162,3.800,0.100,activeTracking,noEvent
6382,10,5,rld,15:12:06.327,60160,0.628,1.389,0.170,2.100,0.000,activeTracking,noEvent
6382,10,5,rld,15:12:06.393,60161,0.698,1.599,0.173,0.600,0.000,activeTracking,noEvent
6382,10,5,rld,15:12:06.454,60162,0.759,1.693,0.162,0.200,-0.100,activeTracking,noEvent
6382,10,5,rld,15:12:06.531,60163,0.832,1.759,0.159,0.300,0.000,activeTracking,noEvent
6382,10,5,rld,15:12:06.576,60164,0.881,1.781,0.158,0.000,0.000,activeTracking,noEvent
6382,10,5,rld,15:12:06.651,60165,0.958,1.789,0.158,0.000,0.000,activeTracking,noEvent
6382,10,5,rld,15:12:06.697,60166,1.007,1.791,0.158,0.000,0.000,activeTracking,noEvent
6382,10,5,rld,15:12:06.810,60167,1.108,1.897,0.135,0.900,-0.200,activeTracking,noEvent
6382,10,5,rld,15:12:06.889,60168,1.184,1.979,0.116,0.400,-0.100,activeTracking,noEvent
6382,10,5,rld,15:12:06.937,60169,1.240,2.030,0.110,0.200,0.000,activeTracking,noEvent
6382,10,5,rld,15:12:06.987,60170,1.298,2.047,0.108,0.000,0.000,activeTracking,noEvent
6382,10,5,rld,15:12:07.044,60171,1.348,2.053,0.107,0.000,0.000,activeTracking,noEvent
6382,10,5,rld,15:12:07.094,60172,1.390,2.055,0.107,0.000,0.000,activeTracking,noEvent
6382,10,5,rld,15:12:07.179,60173,1.468,2.102,0.096,0.400,-0.100,activeTracking,noEvent
6382,10,5,rld,15:12:07.258,60174,1.561,2.165,0.081,0.400,-0.100,activeTracking,noEvent
6382,10,5,rld,15:12:07.315,60175,1.618,2.222,0.076,0.300,0.000,activeTracking,noEvent
6382,10,5,rld,15:12:07.367,60176,1.676,2.241,0.074,0.000,0.000,activeTracking,noEvent
6382,10,5,rld,15:12:07.483,60177,1.751,2.295,0.074,0.400,0.000,activeTracking,noEvent
6382,10,5,rld,15:12:07.560,60178,1.852,2.408,0.074,0.800,0.000,onTarget,noEvent
6382,10,5,rld,15:12:07.618,60179,1.914,2.458,0.074,0.100,0.000,onTarget,noEvent
6382,10,5,rld,15:12:07.693,60180,2.000,2.511,0.063,0.300,-0.100,onTarget,noEvent
6382,10,5,rld,15:12:07.728,60181,2.039,2.528,0.059,0.000,0.000,onTarget,noEvent
6382,10,5,rld,15:12:07.775,60182,2.077,2.534,0.058,0.000,0.000,onTarget,noEvent
6382,10,5,rld,15:12:07.817,60183,2.127,2.536,0.057,0.000,0.000,onTarget,noEvent
6382,10,5,rld,15:12:07.866,60184,2.176,2.537,0.057,0.000,0.000,onTarget,noEvent
6382,10,5,rld,15:12:07.912,60185,2.215,2.537,0.057,0.000,0.000,onTarget,noEvent
6382,10,5,rld,15:12:07.964,60186,2.261,2.537,0.057,0.000,0.000,onTarget,noEvent
6382,10,5,rld,15:12:07.998,60187,2.309,2.537,0.057,0.000,0.000,onTarget,noEvent
6382,10,5,rld,15:12:08.048,60188,2.348,2.537,0.057,0.000,0.000,onTarget,noEvent
6382,10,5,rld,15:12:08.099,60189,2.397,2.537,0.057,0.000,0.000,onTarget,noEvent
6382,10,5,rld,15:12:08.163,60190,2.468,2.537,0.057,0.000,0.000,onTarget,targetClick
6382,10,6,rld,15:12:11.278,60248,2.545,-0.405,0.120,0.000,0.000,waitingForTarget,middleTargetClick
6382,10,6,rld,15:12:11.317,60249,2.596,-0.405,0.120,0.000,0.000,waitingForTarget,noEvent
6382,10,6,rld,15:12:11.381,60250,2.648,-0.405,0.120,0.000,0.000,waitingForTarget,noEvent
6382,10,6,rld,15:12:11.433,60251,2.712,-0.405,0.120,0.000,0.000,waitingForTarget,noEvent
6382,10,6,rld,15:12:11.471,60252,2.747,-0.405,0.120,0.000,0.000,waitingForTarget,noEvent
6382,10,6,rld,15:12:11.513,60253,2.790,-0.405,0.120,0.000,0.000,waitingForTarget,noEvent
6382,10,6,rld,15:12:11.554,60254,2.826,-0.405,0.120,0.000,0.000,waitingForTarget,noEvent
6382,10,6,rld,15:12:11.588,60255,2.867,-0.405,0.120,0.000,0.000,waitingForTarget,noEvent
6382,10,6,rld,15:12:11.646,60256,2.911,-0.405,0.120,0.000,0.000,waitingForTarget,noEvent
6382,10,6,rld,15:12:11.684,60257,2.954,-0.405,0.120,0.000,0.000,waitingForTarget,noEvent
6382,10,6,rld,15:12:11.733,60258,0.052,-0.405,0.120,0.000,0.000,activeTracking,targetAppeared
6382,10,6,rld,15:12:11.768,60259,0.094,-0.405,0.120,0.000,0.000,activeTracking,noEvent
6382,10,6,rld,15:12:11.829,60260,0.153,-0.405,0.120,0.000,0.000,activeTracking,noEvent
6382,10,6,rld,15:12:11.877,60261,0.202,-0.405,0.120,0.000,0.000,activeTracking,noEvent
6382,10,6,rld,15:12:11.926,60262,0.242,-0.405,0.120,0.000,0.000,activeTracking,noEvent
6382,10,6,rld,15:12:11.964,60263,0.287,-0.405,0.120,0.000,0.000,activeTracking,noEvent
6382,10,6,rld,15:12:12.001,60264,0.317,-0.405,0.120,0.000,0.000,activeTracking,noEvent
6382,10,6,rld,15:12:12.048,60265,0.374,-0.405,0.120,0.000,0.000,activeTracking,noEvent
6382,10,6,rld,15:12:12.081,60266,0.406,-0.405,0.120,0.000,0.000,activeTracking,noEvent
6382,10,6,rld,15:12:12.114,60267,0.439,-0.405,0.120,0.000,0.000,activeTracking,noEvent
6382,10,6,rld,15:12:12.150,60268,0.472,-0.405,0.120,0.000,0.000,activeTracking,noEvent
6382,10,6,rld,15:12:12.195,60269,0.515,-0.405,0.120,0.000,0.000,activeTracking,noEvent
6382,10,6,rld,15:12:12.318,60270,0.594,-0.405,0.120,0.000,0.000,activeTracking,noEvent
6382,10,6,rld,15:12:12.521,60271,0.780,0.971,0.426,12.200,2.700,activeTracking,noEvent
6382,10,6,rld,15:12:12.655,60272,0.941,1.724,0.489,2.500,-0.400,activeTracking,noEvent
6382,10,6,rld,15:12:12.718,60273,1.027,2.074,0.501,0.800,-0.100,activeTracking,noEvent
6382,10,6,rld,15:12:12.788,60274,1.105,2.227,0.506,0.300,0.000,activeTracking,noEvent
6382,10,6,rld,15:12:12.888,60275,1.197,2.373,0.509,0.800,0.000,activeTracking,noEvent
6382,10,6,rld,15:12:12.946,60276,1.266,2.446,0.498,0.200,-0.100,activeTracking,noEvent
6382,10,6,rld,15:12:13.005,60277,1.316,2.483,0.483,0.100,-0.100,activeTracking,noEvent
6382,10,6,rld,15:12:13.059,60278,1.377,2.495,0.455,0.000,-0.200,activeTracking,noEvent
6382,10,6,rld,15:12:13.118,60279,1.445,2.499,0.434,0.000,-0.100,activeTracking,noEvent
6382,10,6,rld,15:12:13.180,60280,1.493,2.500,0.415,0.000,-0.100,activeTracking,noEvent
6382,10,6,rld,15:12:13.288,60281,1.592,2.597,0.282,0.800,-1.100,onTarget,noEvent
6382,10,6,rld,15:12:13.342,60282,1.663,2.690,0.179,0.500,-0.500,onTarget,noEvent
6382,10,6,rld,15:12:13.428,60283,1.741,2.733,0.110,0.100,-0.300,onTarget,noEvent
6382,10,6,rld,15:12:13.496,60284,1.815,2.760,0.087,0.100,0.000,onTarget,noEvent
6382,10,6,rld,15:12:13.563,60285,1.889,2.805,0.080,0.300,0.000,onTarget,noEvent
6382,10,6,rld,15:12:13.661,60286,1.982,2.869,0.077,0.400,0.000,onTarget,noEvent
6382,10,6,rld,15:12:13.709,60287,2.030,2.903,0.077,0.100,0.000,onTarget,noEvent
6382,10,6,rld,15:12:13.746,60288,2.073,2.914,0.076,0.000,0.000,onTarget,noEvent
6382,10,6,rld,15:12:13.786,60289,2.108,2.918,0.076,0.000,0.000,onTarget,noEvent
6382,10,6,rld,15:12:13.868,60290,2.190,2.919,0.076,0.000,0.000,onTarget,noEvent
6382,10,6,rld,15:12:13.909,60291,2.231,2.919,0.076,0.000,0.000,onTarget,noEvent
6382,10,6,rld,15:12:13.958,60292,2.281,2.920,0.076,0.000,0.000,onTarget,noEvent
6382,10,6,rld,15:12:14.024,60293,2.345,2.920,0.076,0.000,0.000,onTarget,targetClick
6382,10,7,rld,15:12:16.978,60341,2.432,0.017,0.339,0.000,0.000,waitingForTarget,middleTargetClick
6382,10,7,rld,15:12:17.019,60342,2.473,0.017,0.339,0.000,0.000,waitingForTarget,noEvent
6382,10,7,rld,15:12:17.083,60343,2.531,0.017,0.339,0.000,0.000,waitingForTarget,noEvent
6382,10,7,rld,15:12:17.118,60344,2.569,0.017,0.339,0.000,0.000,waitingForTarget,noEvent
6382,10,7,rld,15:12:17.161,60345,2.604,0.017,0.339,0.000,0.000,waitingForTarget,noEvent
6382,10,7,rld,15:12:17.199,60346,2.644,0.017,0.339,0.000,0.000,waitingForTarget,noEvent
6382,10,7,rld,15:12:17.238,60347,2.693,0.017,0.339,0.000,0.000,waitingForTarget,noEvent
6382,10,7,rld,15:12:17.282,60348,2.734,0.017,0.339,0.000,0.000,waitingForTarget,noEvent
6382,10,7,rld,15:12:17.329,60349,2.774,0.017,0.339,0.000,0.000,waitingForTarget,noEvent
6382,10,7,rld,15:12:17.368,60350,2.822,0.017,0.339,0.000,0.000,waitingForTarget,noEvent
6382,10,7,rld,15:12:17.401,60351,2.857,0.017,0.339,0.000,0.000,waitingForTarget,noEvent
6382,10,7,rld,15:12:17.461,60352,0.058,0.017,0.339,0.000,0.000,activeTracking,targetAppeared
6382,10,7,rld,15:12:17.536,60353,0.134,0.017,0.339,0.000,0.000,activeTracking,noEvent
6382,10,7,rld,15:12:17.580,60354,0.178,0.017,0.339,0.000,0.000,activeTracking,noEvent
6382,10,7,rld,15:12:17.629,60355,0.210,0.017,0.339,0.000,0.000,activeTracking,noEvent
6382,10,7,rld,15:12:17.649,60356,0.247,0.017,0.339,0.000,0.000,activeTracking,noEvent
6382,10,7,rld,15:12:17.694,60357,0.289,0.017,0.339,0.000,0.000,activeTracking,noEvent
6382,10,7,rld,15:12:17.734,60358,0.329,0.017,0.339,0.000,0.000,activeTracking,noEvent
6382,10,7,rld,15:12:17.834,60359,0.417,0.017,0.339,0.000,0.000,activeTracking,noEvent
6382,10,7,rld,15:12:17.987,60360,0.568,-0.829,0.420,-7.500,0.700,activeTracking,noEvent
6382,10,7,rld,15:12:18.077,60361,0.668,-1.227,0.426,-1.000,-0.200,activeTracking,noEvent
6382,10,7,rld,15:12:18.163,60362,0.750,-1.430,0.395,-0.600,-0.300,activeTracking,noEvent
6382,10,7,rld,15:12:18.287,60363,0.878,-1.601,0.339,-0.900,-0.400,activeTracking,noEvent
6382,10,7,rld,15:12:18.346,60364,0.933,-1.694,0.309,-0.300,-0.100,activeTracking,noEvent
6382,10,7,rld,15:12:18.397,60365,0.993,-1.724,0.300,0.000,0.000,activeTracking,noEvent
6382,10,7,rld,15:12:18.454,60366,1.039,-1.735,0.296,0.000,0.000,activeTracking,noEvent
6382,10,7,rld,15:12:18.509,60367,1.096,-1.738,0.295,0.000,0.000,activeTracking,noEvent
6382,10,7,rld,15:12:18.565,60368,1.161,-1.739,0.295,0.000,0.000,activeTracking,noEvent
6382,10,7,rld,15:12:18.736,60369,1.316,-2.008,0.159,-2.300,-1.200,activeTracking,noEvent
6382,10,7,rld,15:12:18.863,60370,1.428,-2.312,0.091,-1.800,-0.200,activeTracking,noEvent
6382,10,7,rld,15:12:18.926,60371,1.515,-2.497,0.069,-0.700,0.000,onTarget,noEvent
6382,10,7,rld,15:12:18.985,60372,1.577,-2.584,0.061,-0.200,0.000,onTarget,noEvent
6382,10,7,rld,15:12:19.028,60373,1.621,-2.613,0.059,0.000,0.000,onTarget,noEvent
6382,10,7,rld,15:12:19.067,60374,1.658,-2.622,0.058,0.000,0.000,onTarget,noEvent
6382,10,7,rld,15:12:19.120,60375,1.717,-2.626,0.058,0.000,0.000,onTarget,noEvent
6382,10,7,rld,15:12:19.168,60376,1.766,-2.627,0.057,0.000,0.000,onTarget,noEvent
6382,10,7,rld,15:12:19.230,60377,1.817,-2.627,0.057,0.000,0.000,onTarget,noEvent
6382,10,7,rld,15:12:19.269,60378,1.866,-2.627,0.057,0.000,0.000,onTarget,noEvent
6382,10,7,rld,15:12:19.319,60379,1.909,-2.627,0.057,0.000,0.000,onTarget,noEvent
6382,10,7,rld,15:12:19.371,60380,1.967,-2.627,0.057,0.000,0.000,onTarget,noEvent
6382,10,7,rld,15:12:19.449,60381,2.045,-2.627,0.057,0.000,0.000,onTarget,noEvent
6382,10,7,rld,15:12:19.486,60382,2.080,-2.627,0.057,0.000,0.000,onTarget,noEvent
6382,10,7,rld,15:12:19.544,60383,2.125,-2.627,0.057,0.000,0.000,onTarget,noEvent
6382,10,7,rld,15:12:19.601,60384,2.195,-2.627,0.057,0.000,0.000,onTarget,noEvent
6382,10,7,rld,15:12:19.663,60385,2.248,-2.627,0.057,0.000,0.000,onTarget,targetClick
6382,10,8,rld,15:12:22.414,60430,2.319,-0.017,0.170,0.000,0.000,waitingForTarget,middleTargetClick
6382,10,8,rld,15:12:22.463,60431,2.377,-0.017,0.170,0.000,0.000,waitingForTarget,noEvent
6382,10,8,rld,15:12:22.516,60432,2.417,-0.017,0.170,0.000,0.000,waitingForTarget,noEvent
6382,10,8,rld,15:12:22.568,60433,2.476,-0.017,0.170,0.000,0.000,waitingForTarget,noEvent
6382,10,8,rld,15:12:22.614,60434,2.531,-0.017,0.170,0.000,0.000,waitingForTarget,noEvent
6382,10,8,rld,15:12:22.650,60435,2.567,-0.017,0.170,0.000,0.000,waitingForTarget,noEvent
6382,10,8,rld,15:12:22.695,60436,2.603,-0.017,0.170,0.000,0.000,waitingForTarget,noEvent
6382,10,8,rld,15:12:22.736,60437,2.647,-0.017,0.170,0.000,0.000,waitingForTarget,noEvent
6382,10,8,rld,15:12:22.769,60438,2.685,-0.017,0.170,0.000,0.000,waitingForTarget,noEvent
6382,10,8,rld,15:12:22.829,60439,2.738,-0.017,0.170,0.000,0.000,waitingForTarget,noEvent
6382,10,8,rld,15:12:22.878,60440,0.048,-0.017,0.170,0.000,0.000,activeTracking,targetAppeared
6382,10,8,rld,15:12:22.912,60441,0.090,-0.017,0.170,0.000,0.000,activeTracking,noEvent
6382,10,8,rld,15:12:22.959,60442,0.134,-0.017,0.170,0.000,0.000,activeTracking,noEvent
6382,10,8,rld,15:12:22.995,60443,0.168,-0.017,0.170,0.000,0.000,activeTracking,noEvent
6382,10,8,rld,15:12:23.037,60444,0.210,-0.017,0.170,0.000,0.000,activeTracking,noEvent
6382,10,8,rld,15:12:23.077,60445,0.257,-0.017,0.170,0.000,0.000,activeTracking,noEvent
6382,10,8,rld,15:12:23.125,60446,0.300,-0.017,0.170,0.000,0.000,activeTracking,noEvent
6382,10,8,rld,15:12:23.158,60447,0.334,-0.017,0.170,0.000,0.000,activeTracking,noEvent
6382,10,8,rld,15:12:23.198,60448,0.377,-0.017,0.170,0.000,0.000,activeTracking,noEvent
6382,10,8,rld,15:12:23.246,60449,0.426,-0.017,0.170,0.000,0.000,activeTracking,noEvent
6382,10,8,rld,15:12:23.298,60450,0.478,-0.017,0.170,0.000,0.000,activeTracking,noEvent
6382,10,8,rld,15:12:23.335,60451,0.511,-0.017,0.170,0.000,0.000,activeTracking,noEvent
6382,10,8,rld,15:12:23.385,60452,0.561,-0.017,0.170,0.000,0.000,activeTracking,noEvent
6382,10,8,rld,15:12:23.416,60453,0.595,-0.017,0.170,0.000,0.000,activeTracking,noEvent
6382,10,8,rld,15:12:23.470,60454,0.647,-0.017,0.170,0.000,0.000,activeTracking,noEvent
6382,10,8,rld,15:12:23.529,60455,0.707,-0.017,0.170,0.000,0.000,activeTracking,noEvent
6382,10,8,rld,15:12:23.565,60456,0.745,-0.017,0.170,0.000,0.000,activeTracking,noEvent
6382,10,8,rld,15:12:23.594,60457,0.773,-0.017,0.170,0.000,0.000,activeTracking,noEvent
6382,10,8,rld,15:12:23.640,60458,0.811,-0.017,0.170,0.000,0.000,activeTracking,noEvent
6382,10,8,rld,15:12:23.682,60459,0.859,-0.017,0.170,0.000,0.000,activeTracking,noEvent
6382,10,8,rld,15:12:23.745,60460,0.920,-0.017,0.170,0.000,0.000,activeTracking,noEvent
6382,10,8,rld,15:12:23.803,60461,0.970,-0.017,0.170,0.000,0.000,activeTracking,noEvent
6382,10,8,rld,15:12:23.844,60462,1.016,-0.017,0.170,0.000,0.000,activeTracking,noEvent
6382,10,8,rld,15:12:23.885,60463,1.061,-0.017,0.170,0.000,0.000,activeTracking,noEvent
6382,10,8,rld,15:12:23.917,60464,1.093,-0.017,0.170,0.000,0.000,activeTracking,noEvent
6382,10,8,rld,15:12:23.962,60465,1.139,-0.017,0.170,0.000,0.000,activeTracking,noEvent
6382,10,8,rld,15:12:24.015,60466,1.185,-0.017,0.170,0.000,0.000,activeTracking,noEvent
6382,10,8,rld,15:12:24.154,60467,1.320,-0.017,0.170,0.000,0.000,activeTracking,noEvent
6382,10,8,rld,15:12:24.287,60468,1.450,-0.852,0.228,-7.400,0.500,activeTracking,noEvent
6382,10,8,rld,15:12:24.465,60469,1.617,-1.545,0.250,-3.600,0.000,activeTracking,noEvent
6382,10,8,rld,15:12:24.547,60470,1.715,-1.896,0.258,-1.000,0.000,activeTracking,noEvent
6382,10,8,rld,15:12:24.595,60471,1.772,-2.026,0.261,-0.100,0.000,activeTracking,noEvent
6382,10,8,rld,15:12:24.704,60472,1.867,-2.187,0.263,-1.000,0.000,activeTracking,noEvent
6382,10,8,rld,15:12:24.776,60473,1.948,-2.288,0.287,-0.400,0.200,activeTracking,noEvent
6382,10,8,rld,15:12:24.836,60474,2.009,-2.322,0.296,0.000,0.000,activeTracking,noEvent
6382,10,8,rld,15:12:24.883,60475,2.060,-2.334,0.298,0.000,0.000,activeTracking,noEvent
6382,10,8,rld,15:12:24.975,60476,2.149,-2.373,0.299,-0.300,0.000,activeTracking,noEvent
6382,10,8,rld,15:12:25.071,60477,2.235,-2.506,0.301,-1.000,0.000,activeTracking,noEvent
6382,10,8,rld,15:12:25.144,60478,2.305,-2.599,0.290,-0.400,-0.100,onTarget,noEvent
6382,10,8,rld,15:12:25.197,60479,2.369,-2.654,0.287,-0.200,0.000,onTarget,noEvent
6382,10,8,rld,15:12:25.253,60480,2.429,-2.672,0.286,0.000,0.000,onTarget,noEvent
6382,10,8,rld,15:12:25.301,60481,2.481,-2.679,0.286,0.000,0.000,onTarget,noEvent
6382,10,8,rld,15:12:25.362,60482,2.530,-2.681,0.286,0.000,0.000,onTarget,noEvent
6382,10,8,rld,15:12:25.397,60483,2.577,-2.681,0.286,0.000,0.000,onTarget,noEvent
6382,10,8,rld,15:12:25.448,60484,2.618,-2.682,0.286,0.000,0.000,onTarget,noEvent
6382,10,8,rld,15:12:25.521,60485,2.698,-2.682,0.286,0.000,0.000,onTarget,targetClick
6382,10,9,rld,15:12:27.632,60516,2.772,0.084,0.153,0.000,0.000,waitingForTarget,middleTargetClick
6382,10,9,rld,15:12:27.687,60517,2.835,0.084,0.153,0.000,0.000,waitingForTarget,noEvent
6382,10,9,rld,15:12:27.744,60518,2.885,0.084,0.153,0.000,0.000,waitingForTarget,noEvent
6382,10,9,rld,15:12:27.787,60519,2.935,0.084,0.153,0.000,0.000,waitingForTarget,noEvent
6382,10,9,rld,15:12:27.825,60520,2.975,0.084,0.153,0.000,0.000,waitingForTarget,noEvent
6382,10,9,rld,15:12:27.869,60521,3.015,0.084,0.153,0.000,0.000,waitingForTarget,noEvent
6382,10,9,rld,15:12:27.923,60522,3.065,0.084,0.153,0.000,0.000,waitingForTarget,noEvent
6382,10,9,rld,15:12:27.959,60523,3.114,0.084,0.153,0.000,0.000,waitingForTarget,noEvent
6382,10,9,rld,15:12:28.008,60524,3.155,0.084,0.153,0.000,0.000,waitingForTarget,noEvent
6382,10,9,rld,15:12:28.069,60525,3.211,0.084,0.153,0.000,0.000,waitingForTarget,noEvent
6382,10,9,rld,15:12:28.118,60526,0.059,0.084,0.153,0.000,0.000,activeTracking,targetAppeared
6382,10,9,rld,15:12:28.177,60527,0.110,0.084,0.153,0.000,0.000,activeTracking,noEvent
6382,10,9,rld,15:12:28.216,60528,0.143,0.084,0.153,0.000,0.000,activeTracking,noEvent
6382,10,9,rld,15:12:28.260,60529,0.194,0.084,0.153,0.000,0.000,activeTracking,noEvent
6382,10,9,rld,15:12:28.296,60530,0.231,0.084,0.153,0.000,0.000,activeTracking,noEvent
6382,10,9,rld,15:12:28.348,60531,0.282,0.084,0.153,0.000,0.000,activeTracking,noEvent
6382,10,9,rld,15:12:28.387,60532,0.330,0.084,0.153,0.000,0.000,activeTracking,noEvent
6382,10,9,rld,15:12:28.419,60533,0.363,0.084,0.153,0.000,0.000,activeTracking,noEvent
6382,10,9,rld,15:12:28.466,60534,0.404,0.084,0.153,0.000,0.000,activeTracking,noEvent
6382,10,9,rld,15:12:28.509,60535,0.449,0.084,0.153,0.000,0.000,activeTracking,noEvent
6382,10,9,rld,15:12:28.568,60536,0.510,0.084,0.153,0.000,0.000,activeTracking,noEvent
6382,10,9,rld,15:12:28.699,60537,0.640,0.625,0.165,4.800,0.100,activeTracking,noEvent
6382,10,9,rld,15:12:28.779,60538,0.704,0.874,0.169,0.600,0.000,activeTracking,noEvent
6382,10,9,rld,15:12:28.912,60539,0.832,1.197,0.194,2.100,0.200,activeTracking,noEvent
6382,10,9,rld,15:12:29.032,60540,0.954,1.500,0.204,1.700,0.000,activeTracking,noEvent
6382,10,9,rld,15:12:29.079,60541,1.013,1.648,0.218,0.400,0.100,activeTracking,noEvent
6382,10,9,rld,15:12:29.133,60542,1.076,1.733,0.224,0.300,0.000,activeTracking,noEvent
6382,10,9,rld,15:12:29.195,60543,1.114,1.772,0.225,0.100,0.000,activeTracking,noEvent
6382,10,9,rld,15:12:29.219,60544,1.162,1.786,0.226,0.000,0.000,activeTracking,noEvent
6382,10,9,rld,15:12:29.300,60545,1.223,1.790,0.226,0.000,0.000,activeTracking,noEvent
6382,10,9,rld,15:12:29.375,60546,1.307,1.815,0.238,0.200,0.100,activeTracking,noEvent
6382,10,9,rld,15:12:29.483,60547,1.421,1.905,0.265,0.700,0.200,activeTracking,noEvent
6382,10,9,rld,15:12:29.558,60548,1.498,2.017,0.275,0.700,0.000,activeTracking,noEvent
6382,10,9,rld,15:12:29.664,60549,1.598,2.113,0.279,0.500,0.000,activeTracking,noEvent
6382,10,9,rld,15:12:29.745,60550,1.675,2.240,0.281,0.800,0.000,activeTracking,noEvent
6382,10,9,rld,15:12:29.835,60551,1.773,2.378,0.282,0.800,0.000,activeTracking,noEvent
6382,10,9,rld,15:12:29.914,60552,1.854,2.448,0.283,0.200,0.000,activeTracking,noEvent
6382,10,9,rld,15:12:29.964,60553,1.902,2.495,0.284,0.200,0.000,onTarget,noEvent
6382,10,9,rld,15:12:30.007,60554,1.949,2.511,0.284,0.000,0.000,onTarget,noEvent
6382,10,9,rld,15:12:30.054,60555,1.995,2.516,0.284,0.000,0.000,onTarget,noEvent
6382,10,9,rld,15:12:30.196,60556,2.115,2.590,0.238,0.600,-0.400,onTarget,noEvent
6382,10,9,rld,15:12:30.275,60557,2.213,2.700,0.141,0.700,-0.700,onTarget,noEvent
6382,10,9,rld,15:12:30.319,60558,2.257,2.748,0.098,0.100,-0.100,onTarget,noEvent
6382,10,9,rld,15:12:30.362,60559,2.296,2.765,0.083,0.000,0.000,onTarget,noEvent
6382,10,9,rld,15:12:30.399,60560,2.333,2.770,0.078,0.000,0.000,onTarget,noEvent
6382,10,9,rld,15:12:30.444,60561,2.377,2.772,0.076,0.000,0.000,onTarget,noEvent
6382,10,9,rld,15:12:30.515,60562,2.443,2.773,0.076,0.000,0.000,onTarget,noEvent
6382,10,9,rld,15:12:30.552,60563,2.494,2.773,0.076,0.000,0.000,onTarget,noEvent
6382,10,9,rld,15:12:30.613,60564,2.543,2.773,0.076,0.000,0.000,onTarget,noEvent
6382,10,9,rld,15:12:30.669,60565,2.603,2.773,0.076,0.000,0.000,onTarget,noEvent
6382,10,9,rld,15:12:30.719,60566,2.650,2.773,0.076,0.000,0.000,onTarget,noEvent
6382,10,9,rld,15:12:30.771,60567,2.714,2.773,0.076,0.000,0.000,onTarget,noEvent
6382,10,9,rld,15:12:30.857,60568,2.788,2.773,0.076,0.000,0.000,onTarget,targetClick
6382,10,10,rld,15:12:41.015,60728,2.865,0.068,0.137,0.000,0.000,waitingForTarget,middleTargetClick
6382,10,10,rld,15:12:41.095,60729,2.954,0.068,0.136,0.000,0.000,waitingForTarget,noEvent
6382,10,10,rld,15:12:41.135,60730,2.994,0.068,0.136,0.000,0.000,waitingForTarget,noEvent
6382,10,10,rld,15:12:41.181,60731,3.028,0.068,0.136,0.000,0.000,waitingForTarget,noEvent
6382,10,10,rld,15:12:41.229,60732,3.089,0.068,0.136,0.000,0.000,waitingForTarget,noEvent
6382,10,10,rld,15:12:41.262,60733,3.120,0.068,0.136,0.000,0.000,waitingForTarget,noEvent
6382,10,10,rld,15:12:41.298,60734,3.157,0.068,0.136,0.000,0.000,waitingForTarget,noEvent
6382,10,10,rld,15:12:41.359,60735,3.199,0.068,0.136,0.000,0.000,waitingForTarget,noEvent
6382,10,10,rld,15:12:41.399,60736,3.247,0.068,0.136,0.000,0.000,waitingForTarget,noEvent
6382,10,10,rld,15:12:41.431,60737,3.291,0.068,0.136,0.000,0.000,waitingForTarget,noEvent
6382,10,10,rld,15:12:41.486,60738,0.049,0.068,0.136,0.000,0.000,activeTracking,targetAppeared
6382,10,10,rld,15:12:41.534,60739,0.100,0.068,0.136,0.000,0.000,activeTracking,noEvent
6382,10,10,rld,15:12:41.586,60740,0.140,0.068,0.136,0.000,0.000,activeTracking,noEvent
6382,10,10,rld,15:12:41.623,60741,0.190,0.068,0.136,0.000,0.000,activeTracking,noEvent
6382,10,10,rld,15:12:41.679,60742,0.237,0.068,0.136,0.000,0.000,activeTracking,noEvent
6382,10,10,rld,15:12:41.725,60743,0.287,0.068,0.136,0.000,0.000,activeTracking,noEvent
6382,10,10,rld,15:12:41.778,60744,0.323,0.068,0.136,0.000,0.000,activeTracking,noEvent
6382,10,10,rld,15:12:41.833,60745,0.388,0.068,0.136,0.000,0.000,activeTracking,noEvent
6382,10,10,rld,15:12:41.875,60746,0.434,0.068,0.136,0.000,0.000,activeTracking,noEvent
6382,10,10,rld,15:12:41.916,60747,0.477,0.068,0.136,0.000,0.000,activeTracking,noEvent
6382,10,10,rld,15:12:41.958,60748,0.521,0.068,0.136,0.000,0.000,activeTracking,noEvent
6382,10,10,rld,15:12:42.026,60749,0.587,0.068,0.136,0.000,0.000,activeTracking,noEvent
6382,10,10,rld,15:12:42.081,60750,0.646,-0.011,0.136,-0.700,0.000,activeTracking,noEvent
6382,10,10,rld,15:12:42.266,60751,0.723,-0.590,-0.010,-4.900,-1.300,activeTracking,noEvent
6382,10,10,rld,15:12:42.395,60752,0.929,-1.318,-0.161,-4.700,-0.900,activeTracking,noEvent
6382,10,10,rld,15:12:42.464,60753,1.021,-1.645,-0.223,-0.700,-0.100,activeTracking,noEvent
6382,10,10,rld,15:12:42.531,60754,1.086,-1.778,-0.244,-0.200,0.000,activeTracking,noEvent
6382,10,10,rld,15:12:42.570,60755,1.138,-1.822,-0.251,0.000,0.000,activeTracking,noEvent
6382,10,10,rld,15:12:42.628,60756,1.189,-1.837,-0.265,0.000,-0.100,activeTracking,noEvent
6382,10,10,rld,15:12:42.697,60757,1.253,-1.842,-0.270,0.000,0.000,activeTracking,noEvent
6382,10,10,rld,15:12:42.746,60758,1.312,-1.844,-0.271,0.000,0.000,activeTracking,noEvent
6382,10,10,rld,15:12:42.806,60759,1.354,-1.844,-0.272,0.000,0.000,activeTracking,noEvent
6382,10,10,rld,15:12:42.868,60760,1.418,-1.845,-0.272,0.000,0.000,activeTracking,noEvent
6382,10,10,rld,15:12:42.998,60761,1.558,-1.961,-0.249,-1.000,0.200,activeTracking,noEvent
6382,10,10,rld,15:12:43.129,60762,1.687,-2.189,-0.150,-1.600,0.800,activeTracking,noEvent
6382,10,10,rld,15:12:43.198,60763,1.762,-2.349,-0.070,-0.700,0.400,onTarget,noEvent
6382,10,10,rld,15:12:43.264,60764,1.821,-2.414,-0.044,-0.100,0.000,onTarget,noEvent
6382,10,10,rld,15:12:43.307,60765,1.872,-2.448,-0.035,-0.100,0.000,onTarget,noEvent
6382,10,10,rld,15:12:43.399,60766,1.951,-2.459,-0.032,0.000,0.000,onTarget,noEvent
6382,10,10,rld,15:12:43.434,60767,2.000,-2.463,-0.031,0.000,0.000,onTarget,noEvent
6382,10,10,rld,15:12:43.498,60768,2.056,-2.464,-0.030,0.000,0.000,onTarget,noEvent
6382,10,10,rld,15:12:43.548,60769,2.105,-2.465,-0.030,0.000,0.000,onTarget,noEvent
6382,10,10,rld,15:12:43.599,60770,2.154,-2.465,-0.030,0.000,0.000,onTarget,noEvent
6382,10,10,rld,15:12:43.658,60771,2.226,-2.465,-0.007,0.000,0.200,onTarget,noEvent
6382,10,10,rld,15:12:43.720,60772,2.282,-2.465,0.012,0.000,0.100,onTarget,noEvent
6382,10,10,rld,15:12:43.769,60773,2.332,-2.477,0.019,-0.100,0.000,onTarget,noEvent
6382,10,10,rld,15:12:43.818,60774,2.385,-2.481,0.021,0.000,0.000,onTarget,noEvent
6382,10,10,rld,15:12:43.858,60775,2.427,-2.482,0.022,0.000,0.000,onTarget,noEvent
6382,10,10,rld,15:12:43.887,60776,2.456,-2.483,0.022,0.000,0.000,onTarget,noEvent
6382,10,10,rld,15:12:43.931,60777,2.499,-2.483,0.022,0.000,0.000,onTarget,noEvent
6382,10,10,rld,15:12:44.002,60778,2.566,-2.483,0.022,0.000,0.000,onTarget,noEvent
6382,10,10,rld,15:12:44.086,60779,2.640,-2.483,0.022,0.000,0.000,onTarget,targetClick
6382,10,11,rld,15:12:45.970,60805,2.728,0.169,0.171,0.000,0.000,waitingForTarget,middleTargetClick
6382,10,11,rld,15:12:46.028,60806,2.787,0.169,0.170,0.000,0.000,waitingForTarget,noEvent
6382,10,11,rld,15:12:46.069,60807,2.830,0.169,0.170,0.000,0.000,waitingForTarget,noEvent
6382,10,11,rld,15:12:46.111,60808,2.874,0.169,0.170,0.000,0.000,waitingForTarget,noEvent
6382,10,11,rld,15:12:46.145,60809,2.905,0.169,0.170,0.000,0.000,waitingForTarget,noEvent
6382,10,11,rld,15:12:46.182,60810,2.941,0.169,0.170,0.000,0.000,waitingForTarget,noEvent
6382,10,11,rld,15:12:46.217,60811,2.987,0.169,0.170,0.000,0.000,waitingForTarget,noEvent
6382,10,11,rld,15:12:46.267,60812,3.024,0.169,0.170,0.000,0.000,waitingForTarget,noEvent
6382,10,11,rld,15:12:46.307,60813,3.068,0.169,0.170,0.000,0.000,waitingForTarget,noEvent
6382,10,11,rld,15:12:46.349,60814,3.106,0.169,0.170,0.000,0.000,waitingForTarget,noEvent
6382,10,11,rld,15:12:46.378,60815,3.147,0.169,0.170,0.000,0.000,waitingForTarget,noEvent
6382,10,11,rld,15:12:46.433,60816,0.049,0.169,0.170,0.000,0.000,activeTracking,targetAppeared
6382,10,11,rld,15:12:46.479,60817,0.094,0.169,0.170,0.000,0.000,activeTracking,noEvent
6382,10,11,rld,15:12:46.549,60818,0.157,0.169,0.170,0.000,0.000,activeTracking,noEvent
6382,10,11,rld,15:12:46.612,60819,0.217,0.169,0.170,0.000,0.000,activeTracking,noEvent
6382,10,11,rld,15:12:46.710,60820,0.303,0.214,0.170,0.400,0.000,activeTracking,noEvent
6382,10,11,rld,15:12:46.902,60821,0.506,1.260,0.206,9.100,0.300,activeTracking,noEvent
6382,10,11,rld,15:12:47.027,60822,0.624,1.846,0.198,2.000,-0.200,activeTracking,noEvent
6382,10,11,rld,15:12:47.119,60823,0.719,2.150,0.196,0.900,0.000,activeTracking,noEvent
6382,10,11,rld,15:12:47.166,60824,0.784,2.276,0.195,0.200,0.000,activeTracking,noEvent
6382,10,11,rld,15:12:47.224,60825,0.843,2.342,0.196,0.200,0.000,activeTracking,noEvent
6382,10,11,rld,15:12:47.280,60826,0.891,2.376,0.196,0.100,0.000,activeTracking,noEvent
6382,10,11,rld,15:12:47.345,60827,0.959,2.411,0.196,0.200,0.000,onTarget,noEvent
6382,10,11,rld,15:12:47.400,60828,1.011,2.435,0.196,0.100,0.000,onTarget,noEvent
6382,10,11,rld,15:12:47.439,60829,1.061,2.443,0.196,0.000,0.000,onTarget,noEvent
6382,10,11,rld,15:12:47.499,60830,1.110,2.446,0.196,0.000,0.000,onTarget,noEvent
6382,10,11,rld,15:12:47.546,60831,1.159,2.446,0.196,0.000,0.000,onTarget,noEvent
6382,10,11,rld,15:12:47.599,60832,1.209,2.447,0.196,0.000,0.000,onTarget,noEvent
6382,10,11,rld,15:12:47.647,60833,1.259,2.447,0.196,0.000,0.000,onTarget,noEvent
6382,10,11,rld,15:12:47.708,60834,1.311,2.447,0.196,0.000,0.000,onTarget,noEvent
6382,10,11,rld,15:12:47.764,60835,1.372,2.447,0.196,0.000,0.000,onTarget,noEvent
6382,10,11,rld,15:12:47.861,60836,1.461,2.447,0.184,0.000,-0.100,onTarget,noEvent
6382,10,11,rld,15:12:47.955,60837,1.551,2.483,0.146,0.300,-0.300,onTarget,noEvent
6382,10,11,rld,15:12:48.050,60838,1.672,2.603,0.099,0.900,-0.300,onTarget,noEvent
6382,10,11,rld,15:12:48.101,60839,1.721,2.716,0.072,0.600,-0.100,onTarget,noEvent
6382,10,11,rld,15:12:48.129,60840,1.751,2.754,0.063,0.000,0.000,onTarget,noEvent
6382,10,11,rld,15:12:48.196,60841,1.818,2.767,0.060,0.000,0.000,onTarget,noEvent
6382,10,11,rld,15:12:48.255,60842,1.871,2.771,0.059,0.000,0.000,onTarget,noEvent
6382,10,11,rld,15:12:48.315,60843,1.928,2.772,0.058,0.000,0.000,onTarget,noEvent
6382,10,11,rld,15:12:48.366,60844,1.975,2.773,0.058,0.000,0.000,onTarget,noEvent
6382,10,11,rld,15:12:48.436,60845,2.038,2.773,0.058,0.000,0.000,onTarget,noEvent
6382,10,11,rld,15:12:48.507,60846,2.111,2.773,0.058,0.000,0.000,onTarget,targetClick
6382,10,12,rld,15:12:52.214,60903,2.184,0.000,0.170,0.000,0.000,waitingForTarget,middleTargetClick
6382,10,12,rld,15:12:52.284,60904,2.259,0.000,0.170,0.000,0.000,waitingForTarget,noEvent
6382,10,12,rld,15:12:52.335,60905,2.308,0.000,0.170,0.000,0.000,waitingForTarget,noEvent
6382,10,12,rld,15:12:52.378,60906,2.353,0.000,0.170,0.000,0.000,waitingForTarget,noEvent
6382,10,12,rld,15:12:52.418,60907,2.392,0.000,0.170,0.000,0.000,waitingForTarget,noEvent
6382,10,12,rld,15:12:52.464,60908,2.440,0.000,0.170,0.000,0.000,waitingForTarget,noEvent
6382,10,12,rld,15:12:52.510,60909,2.490,0.000,0.170,0.000,0.000,waitingForTarget,noEvent
6382,10,12,rld,15:12:52.550,60910,2.530,0.000,0.170,0.000,0.000,waitingForTarget,noEvent
6382,10,12,rld,15:12:52.609,60911,2.580,0.000,0.170,0.000,0.000,waitingForTarget,noEvent
6382,10,12,rld,15:12:52.648,60912,2.630,0.000,0.170,0.000,0.000,waitingForTarget,noEvent
6382,10,12,rld,15:12:52.691,60913,0.037,0.000,0.170,0.000,0.000,activeTracking,targetAppeared
6382,10,12,rld,15:12:52.732,60914,0.083,0.000,0.170,0.000,0.000,activeTracking,noEvent
6382,10,12,rld,15:12:52.763,60915,0.114,0.000,0.170,0.000,0.000,activeTracking,noEvent
6382,10,12,rld,15:12:52.845,60916,0.179,0.000,0.170,0.000,0.000,activeTracking,noEvent
6382,10,12,rld,15:12:52.897,60917,0.248,0.000,0.170,0.000,0.000,activeTracking,noEvent
6382,10,12,rld,15:12:53.080,60918,0.413,-0.371,0.170,-3.300,0.000,activeTracking,noEvent
6382,10,12,rld,15:12:53.232,60919,0.569,-1.164,0.115,-5.900,-0.500,activeTracking,noEvent
6382,10,12,rld,15:12:53.290,60920,0.630,-1.628,0.041,-1.700,-0.500,activeTracking,noEvent
6382,10,12,rld,15:12:53.377,60921,0.706,-1.819,0.016,-0.300,0.000,activeTracking,noEvent
6382,10,12,rld,15:12:53.435,60922,0.782,-1.894,0.007,-0.100,0.000,activeTracking,noEvent
6382,10,12,rld,15:12:53.504,60923,0.846,-1.920,0.005,0.000,0.000,activeTracking,noEvent
6382,10,12,rld,15:12:53.557,60924,0.909,-1.928,0.004,0.000,0.000,activeTracking,noEvent
6382,10,12,rld,15:12:53.597,60925,0.945,-1.931,0.003,0.000,0.000,activeTracking,noEvent
6382,10,12,rld,15:12:53.652,60926,0.994,-1.932,0.003,0.000,0.000,activeTracking,noEvent
6382,10,12,rld,15:12:53.702,60927,1.050,-1.932,0.003,0.000,0.000,activeTracking,noEvent
6382,10,12,rld,15:12:53.816,60928,1.101,-1.932,0.003,0.000,0.000,activeTracking,noEvent
6382,10,12,rld,15:12:53.965,60929,1.313,-2.310,0.062,-3.200,0.500,activeTracking,noEvent
6382,10,12,rld,15:12:54.042,60930,1.385,-2.521,0.105,-0.700,0.200,onTarget,noEvent
6382,10,12,rld,15:12:54.101,60931,1.448,-2.616,0.132,-0.200,0.100,onTarget,noEvent
6382,10,12,rld,15:12:54.145,60932,1.488,-2.648,0.141,0.000,0.000,onTarget,noEvent
6382,10,12,rld,15:12:54.200,60933,1.539,-2.658,0.144,0.000,0.000,onTarget,noEvent
6382,10,12,rld,15:12:54.252,60934,1.596,-2.662,0.145,0.000,0.000,onTarget,noEvent
6382,10,12,rld,15:12:54.292,60935,1.642,-2.663,0.145,0.000,0.000,onTarget,noEvent
6382,10,12,rld,15:12:54.373,60936,1.712,-2.663,0.145,0.000,0.000,onTarget,noEvent
6382,10,12,rld,15:12:54.429,60937,1.773,-2.663,0.145,0.000,0.000,onTarget,noEvent
6382,10,12,rld,15:12:54.480,60938,1.823,-2.664,0.145,0.000,0.000,onTarget,noEvent
6382,10,12,rld,15:12:54.547,60939,1.898,-2.664,0.145,0.000,0.000,onTarget,targetClick
6382,10,13,rld,15:12:56.505,60963,1.954,0.169,0.136,0.000,0.000,waitingForTarget,middleTargetClick
6382,10,13,rld,15:12:56.556,60964,2.011,0.169,0.136,0.000,0.000,waitingForTarget,noEvent
6382,10,13,rld,15:12:56.617,60965,2.074,0.169,0.136,0.000,0.000,waitingForTarget,noEvent
6382,10,13,rld,15:12:56.659,60966,2.112,0.169,0.136,0.000,0.000,waitingForTarget,noEvent
6382,10,13,rld,15:12:56.697,60967,2.149,0.169,0.136,0.000,0.000,waitingForTarget,noEvent
6382,10,13,rld,15:12:56.735,60968,2.185,0.169,0.136,0.000,0.000,waitingForTarget,noEvent
6382,10,13,rld,15:12:56.776,60969,2.233,0.169,0.136,0.000,0.000,waitingForTarget,noEvent
6382,10,13,rld,15:12:56.815,60970,2.278,0.169,0.136,0.000,0.000,waitingForTarget,noEvent
6382,10,13,rld,15:12:56.859,60971,2.318,0.169,0.136,0.000,0.000,waitingForTarget,noEvent
6382,10,13,rld,15:12:56.899,60972,2.350,0.169,0.136,0.000,0.000,waitingForTarget,noEvent
6382,10,13,rld,15:12:56.934,60973,2.396,0.169,0.136,0.000,0.000,waitingForTarget,noEvent
6382,10,13,rld,15:12:56.969,60974,0.037,0.169,0.136,0.000,0.000,activeTracking,targetAppeared
6382,10,13,rld,15:12:57.027,60975,0.093,0.169,0.136,0.000,0.000,activeTracking,noEvent
6382,10,13,rld,15:12:57.133,60976,0.145,0.169,0.136,0.000,0.000,activeTracking,noEvent
6382,10,13,rld,15:12:57.315,60977,0.339,0.631,0.261,4.100,1.100,activeTracking,noEvent
6382,10,13,rld,15:12:57.486,60978,0.517,1.070,0.304,2.500,0.000,activeTracking,noEvent
6382,10,13,rld,15:12:57.578,60979,0.628,1.377,0.297,1.400,-0.200,activeTracking,noEvent
6382,10,13,rld,15:12:57.665,60980,0.714,1.549,0.261,0.600,-0.300,activeTracking,noEvent
6382,10,13,rld,15:12:57.734,60981,0.794,1.641,0.226,0.300,-0.200,activeTracking,noEvent
6382,10,13,rld,15:12:57.808,60982,0.855,1.695,0.203,0.200,-0.100,activeTracking,noEvent
6382,10,13,rld,15:12:57.846,60983,0.909,1.714,0.195,0.000,0.000,activeTracking,noEvent
6382,10,13,rld,15:12:57.932,60984,0.976,1.743,0.181,0.200,-0.100,activeTracking,noEvent
6382,10,13,rld,15:12:58.027,60985,1.067,1.799,0.131,0.400,-0.400,activeTracking,noEvent
6382,10,13,rld,15:12:58.134,60986,1.176,2.017,0.058,1.700,-0.500,activeTracking,noEvent
6382,10,13,rld,15:12:58.239,60987,1.301,2.267,0.022,1.500,-0.100,activeTracking,noEvent
6382,10,13,rld,15:12:58.293,60988,1.354,2.399,0.010,0.400,0.000,onTarget,noEvent
6382,10,13,rld,15:12:58.368,60989,1.427,2.455,0.007,0.100,0.000,onTarget,noEvent
6382,10,13,rld,15:12:58.415,60990,1.480,2.473,0.005,0.000,0.000,onTarget,noEvent
6382,10,13,rld,15:12:58.472,60991,1.535,2.480,0.005,0.000,0.000,onTarget,noEvent
6382,10,13,rld,15:12:58.515,60992,1.578,2.482,0.005,0.000,0.000,onTarget,noEvent
6382,10,13,rld,15:12:58.557,60993,1.619,2.483,0.005,0.000,0.000,onTarget,noEvent
6382,10,13,rld,15:12:58.613,60994,1.667,2.483,0.005,0.000,0.000,onTarget,noEvent
6382,10,13,rld,15:12:58.666,60995,1.717,2.483,0.005,0.000,0.000,onTarget,noEvent
6382,10,13,rld,15:12:58.706,60996,1.767,2.483,0.005,0.000,0.000,onTarget,noEvent
6382,10,13,rld,15:12:58.761,60997,1.814,2.483,0.005,0.000,0.000,onTarget,noEvent
6382,10,13,rld,15:12:58.827,60998,1.877,2.483,0.005,0.000,0.000,onTarget,noEvent
6382,10,13,rld,15:12:58.884,60999,1.948,2.507,0.005,0.200,0.000,onTarget,noEvent
6382,10,13,rld,15:12:58.942,61000,2.010,2.539,0.005,0.200,0.000,onTarget,noEvent
6382,10,13,rld,15:12:58.992,61001,2.058,2.562,0.005,0.100,0.000,onTarget,noEvent
6382,10,13,rld,15:12:59.062,61002,2.125,2.617,0.017,0.400,0.100,onTarget,noEvent
6382,10,13,rld,15:12:59.106,61003,2.172,2.636,0.021,0.000,0.000,onTarget,noEvent
6382,10,13,rld,15:12:59.150,61004,2.216,2.642,0.022,0.000,0.000,onTarget,noEvent
6382,10,13,rld,15:12:59.200,61005,2.260,2.644,0.022,0.000,0.000,onTarget,noEvent
6382,10,13,rld,15:12:59.259,61006,2.325,2.645,0.022,0.000,0.000,onTarget,noEvent
6382,10,13,rld,15:12:59.318,61007,2.379,2.645,0.022,0.000,0.000,onTarget,noEvent
6382,10,13,rld,15:12:59.397,61008,2.455,2.645,0.022,0.000,0.000,onTarget,targetClick
6382,10,14,rld,15:13:01.682,61047,2.532,-0.067,0.018,0.000,0.000,waitingForTarget,middleTargetClick
6382,10,14,rld,15:13:01.718,61048,2.572,-0.067,0.018,0.000,0.000,waitingForTarget,noEvent
6382,10,14,rld,15:13:01.795,61049,2.643,-0.067,0.018,0.000,0.000,waitingForTarget,noEvent
6382,10,14,rld,15:13:01.839,61050,2.693,-0.067,0.018,0.000,0.000,waitingForTarget,noEvent
6382,10,14,rld,15:13:01.876,61051,2.720,-0.067,0.018,0.000,0.000,waitingForTarget,noEvent
6382,10,14,rld,15:13:01.914,61052,2.761,-0.067,0.018,0.000,0.000,waitingForTarget,noEvent
6382,10,14,rld,15:13:01.941,61053,2.791,-0.067,0.018,0.000,0.000,waitingForTarget,noEvent
6382,10,14,rld,15:13:01.990,61054,2.833,-0.067,0.018,0.000,0.000,waitingForTarget,noEvent
6382,10,14,rld,15:13:02.024,61055,2.868,-0.067,0.018,0.000,0.000,waitingForTarget,noEvent
6382,10,14,rld,15:13:02.060,61056,2.908,-0.067,0.018,0.000,0.000,waitingForTarget,noEvent
6382,10,14,rld,15:13:02.116,61057,2.962,-0.067,0.018,0.000,0.000,waitingForTarget,noEvent
6382,10,14,rld,15:13:02.181,61058,0.070,-0.067,0.018,0.000,0.000,activeTracking,targetAppeared
6382,10,14,rld,15:13:02.229,61059,0.110,-0.067,0.018,0.000,0.000,activeTracking,noEvent
6382,10,14,rld,15:13:02.278,61060,0.158,-0.067,0.018,0.000,0.000,activeTracking,noEvent
6382,10,14,rld,15:13:02.346,61061,0.221,-0.067,0.018,0.000,0.000,activeTracking,noEvent
6382,10,14,rld,15:13:02.501,61062,0.371,-0.687,0.052,-5.500,0.300,activeTracking,noEvent
6382,10,14,rld,15:13:02.553,61063,0.442,-0.986,0.064,-0.800,0.000,activeTracking,noEvent
6382,10,14,rld,15:13:02.611,61064,0.494,-1.086,0.068,0.000,0.000,activeTracking,noEvent
6382,10,14,rld,15:13:02.719,61065,0.574,-0.045,0.158,9.500,0.800,activeTracking,noEvent
6382,10,14,rld,15:13:02.883,61066,0.757,0.899,0.088,5.300,-0.900,activeTracking,noEvent
6382,10,14,rld,15:13:02.993,61067,0.877,1.342,0.020,1.100,-0.400,activeTracking,noEvent
6382,10,14,rld,15:13:03.092,61068,0.978,1.572,-0.026,0.700,-0.200,activeTracking,noEvent
6382,10,14,rld,15:13:03.146,61069,1.032,1.684,-0.041,0.300,0.000,activeTracking,noEvent
6382,10,14,rld,15:13:03.205,61070,1.085,1.721,-0.046,0.000,0.000,activeTracking,noEvent
6382,10,14,rld,15:13:03.256,61071,1.140,1.734,-0.048,0.000,0.000,activeTracking,noEvent
6382,10,14,rld,15:13:03.308,61072,1.189,1.738,-0.048,0.000,0.000,activeTracking,noEvent
6382,10,14,rld,15:13:03.349,61073,1.236,1.739,-0.048,0.000,0.000,activeTracking,noEvent
6382,10,14,rld,15:13:03.496,61074,1.374,1.798,-0.037,0.500,0.100,activeTracking,noEvent
6382,10,14,rld,15:13:03.635,61075,1.512,1.969,0.047,1.300,0.700,activeTracking,noEvent
6382,10,14,rld,15:13:03.684,61076,1.572,2.050,0.099,0.200,0.200,activeTracking,noEvent
6382,10,14,rld,15:13:03.750,61077,1.632,2.101,0.116,0.200,0.000,activeTracking,noEvent
6382,10,14,rld,15:13:03.827,61078,1.700,2.141,0.122,0.200,0.000,activeTracking,noEvent
6382,10,14,rld,15:13:03.876,61079,1.759,2.178,0.124,0.200,0.000,activeTracking,noEvent
6382,10,14,rld,15:13:03.932,61080,1.809,2.203,0.125,0.100,0.000,activeTracking,noEvent
6382,10,14,rld,15:13:04.007,61081,1.892,2.258,0.125,0.400,0.000,activeTracking,noEvent
6382,10,14,rld,15:13:04.085,61082,1.954,2.336,0.114,0.500,-0.100,activeTracking,noEvent
6382,10,14,rld,15:13:04.134,61083,2.021,2.386,0.111,0.200,0.000,onTarget,noEvent
6382,10,14,rld,15:13:04.207,61084,2.089,2.439,0.098,0.300,-0.100,onTarget,noEvent
6382,10,14,rld,15:13:04.313,61085,2.188,2.600,0.071,1.200,-0.200,onTarget,noEvent
6382,10,14,rld,15:13:04.359,61086,2.247,2.691,0.051,0.300,-0.100,onTarget,noEvent
6382,10,14,rld,15:13:04.400,61087,2.289,2.721,0.044,0.000,0.000,onTarget,noEvent
6382,10,14,rld,15:13:04.444,61088,2.335,2.731,0.041,0.000,0.000,onTarget,noEvent
6382,10,14,rld,15:13:04.484,61089,2.372,2.735,0.041,0.000,0.000,onTarget,noEvent
6382,10,14,rld,15:13:04.530,61090,2.411,2.736,0.040,0.000,0.000,onTarget,noEvent
6382,10,14,rld,15:13:04.580,61091,2.459,2.736,0.040,0.000,0.000,onTarget,noEvent
6382,10,14,rld,15:13:04.639,61092,2.519,2.736,0.040,0.000,0.000,onTarget,noEvent
6382,10,14,rld,15:13:04.685,61093,2.568,2.736,0.040,0.000,0.000,onTarget,noEvent
6382,10,14,rld,15:13:04.755,61094,2.634,2.736,0.040,0.000,0.000,onTarget,targetClick
6382,10,15,rld,15:13:09.658,61179,2.705,0.017,0.204,0.000,0.000,waitingForTarget,middleTargetClick
6382,10,15,rld,15:13:09.709,61180,2.756,0.017,0.204,0.000,0.000,waitingForTarget,noEvent
6382,10,15,rld,15:13:09.766,61181,2.819,0.017,0.204,0.000,0.000,waitingForTarget,noEvent
6382,10,15,rld,15:13:09.811,61182,2.860,0.017,0.204,0.000,0.000,waitingForTarget,noEvent
6382,10,15,rld,15:13:09.855,61183,2.905,0.017,0.204,0.000,0.000,waitingForTarget,noEvent
6382,10,15,rld,15:13:09.894,61184,2.937,0.017,0.204,0.000,0.000,waitingForTarget,noEvent
6382,10,15,rld,15:13:09.938,61185,2.994,0.017,0.204,0.000,0.000,waitingForTarget,noEvent
6382,10,15,rld,15:13:09.996,61186,3.042,0.017,0.204,0.000,0.000,waitingForTarget,noEvent
6382,10,15,rld,15:13:10.035,61187,3.086,0.017,0.204,0.000,0.000,waitingForTarget,noEvent
6382,10,15,rld,15:13:10.076,61188,3.125,0.017,0.204,0.000,0.000,waitingForTarget,noEvent
6382,10,15,rld,15:13:10.116,61189,0.036,0.017,0.204,0.000,0.000,activeTracking,targetAppeared
6382,10,15,rld,15:13:10.150,61190,0.082,0.017,0.204,0.000,0.000,activeTracking,noEvent
6382,10,15,rld,15:13:10.228,61191,0.151,0.017,0.204,0.000,0.000,activeTracking,noEvent
6382,10,15,rld,15:13:10.283,61192,0.210,0.017,0.204,0.000,0.000,activeTracking,noEvent
6382,10,15,rld,15:13:10.326,61193,0.252,0.017,0.204,0.000,0.000,activeTracking,noEvent
6382,10,15,rld,15:13:10.363,61194,0.287,0.017,0.204,0.000,0.000,activeTracking,noEvent
6382,10,15,rld,15:13:10.418,61195,0.346,0.017,0.204,0.000,0.000,activeTracking,noEvent
6382,10,15,rld,15:13:10.481,61196,0.402,0.017,0.204,0.000,0.000,activeTracking,noEvent
6382,10,15,rld,15:13:10.514,61197,0.446,0.017,0.204,0.000,0.000,activeTracking,noEvent
6382,10,15,rld,15:13:10.561,61198,0.486,0.017,0.204,0.000,0.000,activeTracking,noEvent
6382,10,15,rld,15:13:10.609,61199,0.531,0.017,0.204,0.000,0.000,activeTracking,noEvent
6382,10,15,rld,15:13:10.648,61200,0.576,0.017,0.204,0.000,0.000,activeTracking,noEvent
6382,10,15,rld,15:13:10.708,61201,0.635,0.017,0.204,0.000,0.000,activeTracking,noEvent
6382,10,15,rld,15:13:10.754,61202,0.677,0.017,0.204,0.000,0.000,activeTracking,noEvent
6382,10,15,rld,15:13:10.816,61203,0.736,0.017,0.204,0.000,0.000,activeTracking,failedClick
6382,10,16,rld,15:13:11.833,61223,0.819,0.017,0.204,0.000,0.000,waitingForTarget,middleTargetClick
6382,10,16,rld,15:13:11.878,61224,0.892,0.017,0.204,0.000,0.000,waitingForTarget,noEvent
6382,10,16,rld,15:13:11.918,61225,0.931,0.017,0.204,0.000,0.000,waitingForTarget,noEvent
6382,10,16,rld,15:13:11.988,61226,1.001,0.017,0.204,0.000,0.000,waitingForTarget,noEvent
6382,10,16,rld,15:13:12.030,61227,1.046,0.017,0.204,0.000,0.000,waitingForTarget,noEvent
6382,10,16,rld,15:13:12.064,61228,1.076,0.017,0.204,0.000,0.000,waitingForTarget,noEvent
6382,10,16,rld,15:13:12.111,61229,1.125,0.017,0.204,0.000,0.000,waitingForTarget,noEvent
6382,10,16,rld,15:13:12.138,61230,1.151,0.017,0.204,0.000,0.000,waitingForTarget,noEvent
6382,10,16,rld,15:13:12.192,61231,1.203,0.017,0.204,0.000,0.000,waitingForTarget,noEvent
6382,10,16,rld,15:13:12.230,61232,1.244,0.017,0.204,0.000,0.000,waitingForTarget,noEvent
6382,10,16,rld,15:13:12.278,61233,0.048,0.017,0.204,0.000,0.000,activeTracking,targetAppeared
6382,10,16,rld,15:13:12.314,61234,0.074,0.017,0.204,0.000,0.000,activeTracking,noEvent
6382,10,16,rld,15:13:12.365,61235,0.133,0.017,0.204,0.000,0.000,activeTracking,noEvent
6382,10,16,rld,15:13:12.425,61236,0.191,0.017,0.204,0.000,0.000,activeTracking,noEvent
6382,10,16,rld,15:13:12.495,61237,0.255,0.017,0.204,0.000,0.000,activeTracking,noEvent
6382,10,16,rld,15:13:12.546,61238,0.302,0.017,0.204,0.000,0.000,activeTracking,noEvent
6382,10,16,rld,15:13:12.593,61239,0.364,0.017,0.204,0.000,0.000,activeTracking,noEvent
6382,10,16,rld,15:13:12.633,61240,0.403,0.017,0.204,0.000,0.000,activeTracking,noEvent
6382,10,16,rld,15:13:12.676,61241,0.441,0.017,0.204,0.000,0.000,activeTracking,noEvent
6382,10,16,rld,15:13:12.767,61242,0.528,0.017,0.204,0.000,0.000,activeTracking,noEvent
6382,10,16,rld,15:13:12.822,61243,0.586,0.017,0.204,0.000,0.000,activeTracking,noEvent
6382,10,16,rld,15:13:12.901,61244,0.648,0.017,0.204,0.000,0.000,activeTracking,noEvent
6382,10,16,rld,15:13:13.080,61245,0.839,1.491,0.162,13.000,-0.400,activeTracking,noEvent
6382,10,16,rld,15:13:13.151,61246,0.921,2.077,0.149,0.700,0.000,activeTracking,noEvent
6382,10,16,rld,15:13:13.217,61247,0.986,2.287,0.134,0.100,-0.100,activeTracking,noEvent
6382,10,16,rld,15:13:13.252,61248,1.021,2.358,0.129,0.000,0.000,activeTracking,noEvent
6382,10,16,rld,15:13:13.297,61249,1.068,2.381,0.127,0.000,0.000,onTarget,noEvent
6382,10,16,rld,15:13:13.351,61250,1.117,2.389,0.126,0.000,0.000,onTarget,noEvent
6382,10,16,rld,15:13:13.395,61251,1.163,2.392,0.126,0.000,0.000,onTarget,noEvent
6382,10,16,rld,15:13:13.467,61252,1.232,2.393,0.126,0.000,0.000,onTarget,noEvent
6382,10,16,rld,15:13:13.529,61253,1.291,2.393,0.126,0.000,0.000,onTarget,noEvent
6382,10,16,rld,15:13:13.584,61254,1.351,2.393,0.126,0.000,0.000,onTarget,noEvent
6382,10,16,rld,15:13:13.644,61255,1.400,2.393,0.126,0.000,0.000,onTarget,noEvent
6382,10,16,rld,15:13:13.708,61256,1.478,2.393,0.126,0.000,0.000,onTarget,targetClick
6382,10,17,rld,15:13:17.988,61333,1.534,-0.067,0.119,0.000,0.000,waitingForTarget,middleTargetClick
6382,10,17,rld,15:13:18.043,61334,1.599,-0.067,0.119,0.000,0.000,waitingForTarget,noEvent
6382,10,17,rld,15:13:18.094,61335,1.643,-0.067,0.119,0.000,0.000,waitingForTarget,noEvent
6382,10,17,rld,15:13:18.144,61336,1.704,-0.067,0.119,0.000,0.000,waitingForTarget,noEvent
6382,10,17,rld,15:13:18.185,61337,1.736,-0.067,0.119,0.000,0.000,waitingForTarget,noEvent
6382,10,17,rld,15:13:18.227,61338,1.777,-0.067,0.119,0.000,0.000,waitingForTarget,noEvent
6382,10,17,rld,15:13:18.257,61339,1.812,-0.067,0.119,0.000,0.000,waitingForTarget,noEvent
6382,10,17,rld,15:13:18.301,61340,1.859,-0.067,0.119,0.000,0.000,waitingForTarget,noEvent
6382,10,17,rld,15:13:18.352,61341,1.909,-0.067,0.119,0.000,0.000,waitingForTarget,noEvent
6382,10,17,rld,15:13:18.390,61342,1.944,-0.067,0.119,0.000,0.000,waitingForTarget,noEvent
6382,10,17,rld,15:13:18.418,61343,0.034,-0.067,0.119,0.000,0.000,activeTracking,targetAppeared
6382,10,17,rld,15:13:18.459,61344,0.072,-0.067,0.119,0.000,0.000,activeTracking,noEvent
6382,10,17,rld,15:13:18.591,61345,0.196,-0.169,0.165,-0.900,0.400,activeTracking,noEvent
6382,10,17,rld,15:13:18.693,61346,0.280,-0.270,0.191,-0.600,0.100,activeTracking,noEvent
6382,10,17,rld,15:13:18.834,61347,0.392,-0.495,0.234,-1.700,0.300,activeTracking,noEvent
6382,10,17,rld,15:13:18.904,61348,0.511,-0.661,0.293,-0.800,0.400,activeTracking,noEvent
6382,10,17,rld,15:13:18.960,61349,0.576,-0.750,0.325,-0.300,0.100,activeTracking,noEvent
6382,10,17,rld,15:13:19.173,61350,0.776,2.171,0.333,25.900,-0.100,activeTracking,noEvent
6382,10,17,rld,15:13:19.259,61351,0.858,3.472,0.205,2.100,-1.200,activeTracking,noEvent
6382,10,17,rld,15:13:19.315,61352,0.925,3.956,0.137,0.200,-0.200,activeTracking,noEvent
6382,10,17,rld,15:13:19.367,61353,0.976,4.135,0.102,0.100,-0.100,activeTracking,noEvent
6382,10,17,rld,15:13:19.426,61354,1.036,4.195,0.078,0.000,-0.100,activeTracking,noEvent
6382,10,17,rld,15:13:19.496,61355,1.101,4.228,0.058,0.100,-0.100,activeTracking,noEvent
6382,10,17,rld,15:13:19.558,61356,1.164,4.280,0.014,0.300,-0.300,activeTracking,noEvent
6382,10,17,rld,15:13:19.623,61357,1.226,4.297,-0.013,0.000,-0.100,activeTracking,noEvent
6382,10,17,rld,15:13:19.780,61358,1.392,2.709,0.278,-12.500,2.600,onTarget,noEvent
6382,10,17,rld,15:13:19.836,61359,1.449,2.165,0.371,-0.400,0.000,activeTracking,noEvent
6382,10,17,rld,15:13:19.877,61360,1.491,1.986,0.401,0.000,0.000,activeTracking,noEvent
6382,10,17,rld,15:13:19.928,61361,1.540,1.927,0.411,0.000,0.000,activeTracking,noEvent
6382,10,17,rld,15:13:19.976,61362,1.584,1.907,0.415,0.000,0.000,activeTracking,noEvent
6382,10,17,rld,15:13:20.029,61363,1.634,1.900,0.416,0.000,0.000,activeTracking,noEvent
6382,10,17,rld,15:13:20.078,61364,1.682,1.898,0.416,0.000,0.000,activeTracking,noEvent
6382,10,17,rld,15:13:20.127,61365,1.733,1.898,0.416,0.000,0.000,activeTracking,noEvent
6382,10,17,rld,15:13:20.184,61366,1.786,1.897,0.416,0.000,0.000,activeTracking,noEvent
6382,10,17,rld,15:13:20.228,61367,1.843,1.897,0.416,0.000,0.000,activeTracking,noEvent
6382,10,17,rld,15:13:20.334,61368,1.931,1.909,0.405,0.100,-0.100,activeTracking,noEvent
6382,10,17,rld,15:13:20.434,61369,2.045,2.160,0.300,2.100,-0.900,activeTracking,noEvent
6382,10,17,rld,15:13:20.496,61370,2.105,2.291,0.242,0.400,-0.200,activeTracking,noEvent
6382,10,17,rld,15:13:20.551,61371,2.163,2.347,0.223,0.100,0.000,activeTracking,noEvent
6382,10,17,rld,15:13:20.607,61372,2.214,2.366,0.216,0.000,0.000,activeTracking,noEvent
6382,10,17,rld,15:13:20.658,61373,2.273,2.372,0.214,0.000,0.000,activeTracking,noEvent
6382,10,17,rld,15:13:20.700,61374,2.313,2.374,0.213,0.000,0.000,activeTracking,noEvent
6382,10,17,rld,15:13:20.747,61375,2.352,2.375,0.213,0.000,0.000,activeTracking,noEvent
6382,10,17,rld,15:13:20.801,61376,2.416,2.375,0.213,0.000,0.000,activeTracking,noEvent
6382,10,17,rld,15:13:20.859,61377,2.465,2.375,0.213,0.000,0.000,activeTracking,noEvent
6382,10,17,rld,15:13:20.918,61378,2.524,2.375,0.213,0.000,0.000,activeTracking,noEvent
6382,10,17,rld,15:13:20.984,61379,2.594,2.375,0.213,0.000,0.000,activeTracking,noEvent
6382,10,17,rld,15:13:21.062,61380,2.666,2.375,0.213,0.000,0.000,activeTracking,noEvent
6382,10,17,rld,15:13:21.125,61381,2.728,2.375,0.213,0.000,0.000,activeTracking,noEvent
6382,10,17,rld,15:13:21.225,61382,2.816,2.399,0.202,0.200,-0.100,activeTracking,noEvent
6382,10,17,rld,15:13:21.284,61383,2.890,2.431,0.186,0.200,-0.100,onTarget,noEvent
6382,10,17,rld,15:13:21.331,61384,2.934,2.442,0.181,0.000,0.000,onTarget,noEvent
6382,10,17,rld,15:13:21.398,61385,3.007,2.469,0.168,0.200,-0.100,onTarget,noEvent
6382,10,17,rld,15:13:21.488,61386,3.092,2.502,0.152,0.200,-0.100,onTarget,noEvent
6382,10,17,rld,15:13:21.544,61387,3.155,2.537,0.124,0.200,-0.200,onTarget,noEvent
6382,10,17,rld,15:13:21.617,61388,3.231,2.573,0.103,0.200,-0.100,onTarget,noEvent
6382,10,17,rld,15:13:21.659,61389,3.274,2.597,0.096,0.100,0.000,onTarget,noEvent
6382,10,17,rld,15:13:21.706,61390,3.314,2.605,0.093,0.000,0.000,onTarget,noEvent
6382,10,17,rld,15:13:21.740,61391,3.350,2.608,0.093,0.000,0.000,onTarget,noEvent
6382,10,17,rld,15:13:21.797,61392,3.394,2.609,0.092,0.000,0.000,onTarget,noEvent
6382,10,17,rld,15:13:21.843,61393,3.455,2.609,0.092,0.000,0.000,onTarget,noEvent
6382,10,17,rld,15:13:21.879,61394,3.492,2.609,0.092,0.000,0.000,onTarget,noEvent
6382,10,17,rld,15:13:21.945,61395,3.544,2.609,0.092,0.000,0.000,onTarget,noEvent
6382,10,17,rld,15:13:22.009,61396,3.617,2.609,0.092,0.000,0.000,onTarget,noEvent
6382,10,17,rld,15:13:22.075,61397,3.680,2.609,0.092,0.000,0.000,onTarget,targetClick
6382,10,18,rld,15:13:24.898,61446,3.752,0.135,0.305,0.000,0.000,waitingForTarget,middleTargetClick
6382,10,18,rld,15:13:24.941,61447,3.796,0.135,0.305,0.000,0.000,waitingForTarget,noEvent
6382,10,18,rld,15:13:24.995,61448,3.853,0.135,0.305,0.000,0.000,waitingForTarget,noEvent
6382,10,18,rld,15:13:25.042,61449,3.902,0.135,0.305,0.000,0.000,waitingForTarget,noEvent
6382,10,18,rld,15:13:25.084,61450,3.945,0.135,0.305,0.000,0.000,waitingForTarget,noEvent
6382,10,18,rld,15:13:25.116,61451,3.969,0.135,0.305,0.000,0.000,waitingForTarget,noEvent
6382,10,18,rld,15:13:25.375,61457,0.029,0.135,0.305,0.000,0.000,activeTracking,targetAppeared
6382,10,18,rld,15:13:25.424,61458,0.083,0.135,0.305,0.000,0.000,activeTracking,noEvent
6382,10,18,rld,15:13:25.464,61459,0.113,0.135,0.305,0.000,0.000,activeTracking,noEvent
6382,10,18,rld,15:13:25.499,61460,0.162,0.135,0.305,0.000,0.000,activeTracking,noEvent
6382,10,18,rld,15:13:25.549,61461,0.199,0.135,0.305,0.000,0.000,activeTracking,noEvent
6382,10,18,rld,15:13:25.604,61462,0.260,0.135,0.305,0.000,0.000,activeTracking,noEvent
6382,10,18,rld,15:13:25.634,61463,0.294,0.135,0.305,0.000,0.000,activeTracking,noEvent
6382,10,18,rld,15:13:25.678,61464,0.342,0.135,0.305,0.000,0.000,activeTracking,noEvent
6382,10,18,rld,15:13:25.760,61465,0.409,0.135,0.305,0.000,0.000,activeTracking,noEvent
6382,10,18,rld,15:13:25.828,61466,0.481,0.135,0.305,0.000,0.000,activeTracking,noEvent
6382,10,18,rld,15:13:25.868,61467,0.531,0.135,0.305,0.000,0.000,activeTracking,noEvent
6382,10,18,rld,15:13:25.915,61468,0.578,0.135,0.305,0.000,0.000,activeTracking,noEvent
6382,10,18,rld,15:13:26.048,61469,0.698,0.541,0.216,3.600,-0.800,activeTracking,noEvent
6382,10,18,rld,15:13:26.239,61470,0.897,1.612,-0.153,8.200,-3.000,activeTracking,noEvent
6382,10,18,rld,15:13:26.307,61471,0.952,2.036,-0.302,0.500,-0.200,activeTracking,noEvent
6382,10,18,rld,15:13:26.366,61472,1.022,2.214,-0.375,0.300,-0.200,activeTracking,noEvent
6382,10,18,rld,15:13:26.428,61473,1.080,2.274,-0.400,0.000,0.000,activeTracking,noEvent
6382,10,18,rld,15:13:26.461,61474,1.122,2.294,-0.408,0.000,0.000,activeTracking,noEvent
6382,10,18,rld,15:13:26.550,61475,1.191,2.312,-0.423,0.100,-0.100,activeTracking,noEvent
6382,10,18,rld,15:13:26.621,61476,1.269,2.354,-0.463,0.300,-0.300,activeTracking,noEvent
6382,10,18,rld,15:13:26.688,61477,1.341,2.416,-0.500,0.400,-0.200,activeTracking,noEvent
6382,10,18,rld,15:13:26.812,61478,1.405,2.461,-0.500,0.200,0.100,activeTracking,noEvent
6382,10,18,rld,15:13:26.950,61479,1.572,2.511,-0.292,0.300,1.800,onTarget,noEvent
6382,10,18,rld,15:13:27.000,61480,1.659,2.552,-0.176,0.200,0.400,onTarget,noEvent
6382,10,18,rld,15:13:27.057,61481,1.715,2.566,-0.114,0.000,0.200,onTarget,noEvent
6382,10,18,rld,15:13:27.108,61482,1.763,2.571,-0.093,0.000,0.000,onTarget,noEvent
6382,10,18,rld,15:13:27.155,61483,1.816,2.572,-0.074,0.000,0.100,onTarget,noEvent
6382,10,18,rld,15:13:27.225,61484,1.882,2.573,-0.068,0.000,0.000,onTarget,noEvent
6382,10,18,rld,15:13:27.277,61485,1.924,2.573,-0.066,0.000,0.000,onTarget,noEvent
6382,10,18,rld,15:13:27.354,61486,2.000,2.585,-0.042,0.100,0.200,onTarget,noEvent
6382,10,18,rld,15:13:27.398,61487,2.060,2.589,-0.011,0.000,0.200,onTarget,noEvent
6382,10,18,rld,15:13:27.447,61488,2.108,2.590,0.000,0.000,0.000,onTarget,noEvent
6382,10,18,rld,15:13:27.498,61489,2.159,2.591,0.003,0.000,0.000,onTarget,noEvent
6382,10,18,rld,15:13:27.526,61490,2.185,2.591,0.004,0.000,0.000,onTarget,noEvent
6382,10,18,rld,15:13:27.588,61491,2.240,2.591,0.005,0.000,0.000,onTarget,noEvent
6382,10,18,rld,15:13:27.640,61492,2.290,2.591,0.005,0.000,0.000,onTarget,noEvent
6382,10,18,rld,15:13:27.709,61493,2.362,2.591,0.005,0.000,0.000,onTarget,targetClick
6382,10,19,rld,15:13:29.857,61530,2.440,-0.152,0.187,0.000,0.000,waitingForTarget,middleTargetClick
6382,10,19,rld,15:13:29.906,61531,2.481,-0.152,0.187,0.000,0.000,waitingForTarget,noEvent
6382,10,19,rld,15:13:29.964,61532,2.541,-0.152,0.187,0.000,0.000,waitingForTarget,noEvent
6382,10,19,rld,15:13:30.017,61533,2.612,-0.152,0.187,0.000,0.000,waitingForTarget,noEvent
6382,10,19,rld,15:13:30.064,61534,2.658,-0.152,0.187,0.000,0.000,waitingForTarget,noEvent
6382,10,19,rld,15:13:30.112,61535,2.693,-0.152,0.187,0.000,0.000,waitingForTarget,noEvent
6382,10,19,rld,15:13:30.143,61536,2.735,-0.152,0.187,0.000,0.000,waitingForTarget,noEvent
6382,10,19,rld,15:13:30.185,61537,2.776,-0.152,0.187,0.000,0.000,waitingForTarget,noEvent
6382,10,19,rld,15:13:30.238,61538,2.821,-0.152,0.187,0.000,0.000,waitingForTarget,noEvent
6382,10,19,rld,15:13:30.286,61539,2.875,-0.152,0.187,0.000,0.000,waitingForTarget,noEvent
6382,10,19,rld,15:13:30.314,61540,0.032,-0.152,0.187,0.000,0.000,activeTracking,targetAppeared
6382,10,19,rld,15:13:30.357,61541,0.073,-0.152,0.187,0.000,0.000,activeTracking,noEvent
6382,10,19,rld,15:13:30.413,61542,0.129,-0.152,0.187,0.000,0.000,activeTracking,noEvent
6382,10,19,rld,15:13:30.447,61543,0.167,-0.152,0.187,0.000,0.000,activeTracking,noEvent
6382,10,19,rld,15:13:30.478,61544,0.198,-0.152,0.187,0.000,0.000,activeTracking,noEvent
6382,10,19,rld,15:13:30.517,61545,0.236,-0.152,0.187,0.000,0.000,activeTracking,noEvent
6382,10,19,rld,15:13:30.561,61546,0.279,-0.152,0.187,0.000,0.000,activeTracking,noEvent
6382,10,19,rld,15:13:30.622,61547,0.336,-0.152,0.187,0.000,0.000,activeTracking,noEvent
6382,10,19,rld,15:13:30.657,61548,0.367,-0.152,0.187,0.000,0.000,activeTracking,noEvent
6382,10,19,rld,15:13:30.689,61549,0.403,-0.152,0.187,0.000,0.000,activeTracking,noEvent
6382,10,19,rld,15:13:30.722,61550,0.439,-0.152,0.187,0.000,0.000,activeTracking,noEvent
6382,10,19,rld,15:13:30.769,61551,0.481,-0.152,0.187,0.000,0.000,activeTracking,noEvent
6382,10,19,rld,15:13:30.812,61552,0.530,-0.152,0.187,0.000,0.000,activeTracking,noEvent
6382,10,19,rld,15:13:30.890,61553,0.600,-0.152,0.187,0.000,0.000,activeTracking,noEvent
6382,10,19,rld,15:13:30.997,61554,0.702,0.772,0.165,8.200,-0.200,activeTracking,noEvent
6382,10,19,rld,15:13:31.184,61555,0.800,1.576,0.058,4.300,-0.900,activeTracking,noEvent
6382,10,19,rld,15:13:31.318,61556,0.990,2.283,-0.058,3.700,-0.700,activeTracking,noEvent
6382,10,19,rld,15:13:31.364,61557,1.081,2.596,-0.098,0.600,0.000,onTarget,noEvent
6382,10,19,rld,15:13:31.436,61558,1.152,2.726,-0.111,0.200,0.000,onTarget,noEvent
6382,10,19,rld,15:13:31.489,61559,1.200,2.769,-0.115,0.000,0.000,onTarget,noEvent
6382,10,19,rld,15:13:31.543,61560,1.250,2.784,-0.117,0.000,0.000,onTarget,noEvent
6382,10,19,rld,15:13:31.581,61561,1.302,2.789,-0.117,0.000,0.000,onTarget,noEvent
6382,10,19,rld,15:13:31.642,61562,1.350,2.790,-0.117,0.000,0.000,onTarget,noEvent
6382,10,19,rld,15:13:31.696,61563,1.406,2.791,-0.118,0.000,0.000,onTarget,noEvent
6382,10,19,rld,15:13:31.733,61564,1.451,2.791,-0.118,0.000,0.000,onTarget,noEvent
6382,10,19,rld,15:13:31.807,61565,1.502,2.791,-0.118,0.000,0.000,onTarget,noEvent
6382,10,19,rld,15:13:31.857,61566,1.569,2.791,-0.118,0.000,0.000,onTarget,noEvent
6382,10,19,rld,15:13:31.957,61567,1.656,2.767,-0.059,-0.200,0.500,onTarget,noEvent
6382,10,19,rld,15:13:32.013,61568,1.732,2.759,-0.016,0.000,0.200,onTarget,noEvent
6382,10,19,rld,15:13:32.075,61569,1.786,2.756,-0.002,0.000,0.000,onTarget,noEvent
6382,10,19,rld,15:13:32.117,61570,1.832,2.755,0.003,0.000,0.000,onTarget,noEvent
6382,10,19,rld,15:13:32.180,61571,1.877,2.755,0.005,0.000,0.000,onTarget,noEvent
6382,10,19,rld,15:13:32.238,61572,1.955,2.755,0.005,0.000,0.000,onTarget,targetClick
6382,10,20,rld,15:13:34.599,61613,2.019,0.338,0.187,0.000,0.000,waitingForTarget,middleTargetClick
6382,10,20,rld,15:13:34.663,61614,2.087,0.338,0.187,0.000,0.000,waitingForTarget,noEvent
6382,10,20,rld,15:13:34.720,61615,2.136,0.338,0.187,0.000,0.000,waitingForTarget,noEvent
6382,10,20,rld,15:13:34.762,61616,2.187,0.338,0.187,0.000,0.000,waitingForTarget,noEvent
6382,10,20,rld,15:13:34.798,61617,2.226,0.338,0.187,0.000,0.000,waitingForTarget,noEvent
6382,10,20,rld,15:13:34.841,61618,2.268,0.338,0.187,0.000,0.000,waitingForTarget,noEvent
6382,10,20,rld,15:13:34.890,61619,2.307,0.338,0.187,0.000,0.000,waitingForTarget,noEvent
6382,10,20,rld,15:13:34.926,61620,2.341,0.338,0.187,0.000,0.000,waitingForTarget,noEvent
6382,10,20,rld,15:13:34.974,61621,2.396,0.338,0.187,0.000,0.000,waitingForTarget,noEvent
6382,10,20,rld,15:13:35.007,61622,2.434,0.338,0.187,0.000,0.000,waitingForTarget,noEvent
6382,10,20,rld,15:13:35.057,61623,0.041,0.338,0.187,0.000,0.000,activeTracking,targetAppeared
6382,10,20,rld,15:13:35.099,61624,0.092,0.338,0.187,0.000,0.000,activeTracking,noEvent
6382,10,20,rld,15:13:35.180,61625,0.173,0.338,0.187,0.000,0.000,activeTracking,noEvent
6382,10,20,rld,15:13:35.216,61626,0.209,0.338,0.187,0.000,0.000,activeTracking,noEvent
6382,10,20,rld,15:13:35.257,61627,0.247,0.338,0.187,0.000,0.000,activeTracking,noEvent
6382,10,20,rld,15:13:35.307,61628,0.283,0.338,0.187,0.000,0.000,activeTracking,noEvent
6382,10,20,rld,15:13:35.371,61629,0.364,0.338,0.187,0.000,0.000,activeTracking,noEvent
6382,10,20,rld,15:13:35.408,61630,0.393,0.338,0.187,0.000,0.000,activeTracking,noEvent
6382,10,20,rld,15:13:35.449,61631,0.438,0.338,0.187,0.000,0.000,activeTracking,noEvent
6382,10,20,rld,15:13:35.499,61632,0.480,0.338,0.187,0.000,0.000,activeTracking,noEvent
6382,10,20,rld,15:13:35.566,61633,0.538,0.338,0.187,0.000,0.000,activeTracking,noEvent
6382,10,20,rld,15:13:35.744,61634,0.724,1.290,0.155,8.400,-0.300,activeTracking,noEvent
6382,10,20,rld,15:13:35.875,61635,0.855,1.938,0.032,2.800,-1.000,activeTracking,noEvent
6382,10,20,rld,15:13:35.947,61636,0.926,2.240,-0.044,0.700,-0.300,activeTracking,noEvent
6382,10,20,rld,15:13:35.998,61637,0.989,2.366,-0.070,0.200,0.000,onTarget,noEvent
6382,10,20,rld,15:13:36.044,61638,1.035,2.408,-0.078,0.000,0.000,onTarget,noEvent
6382,10,20,rld,15:13:36.103,61639,1.094,2.434,-0.081,0.100,0.000,onTarget,noEvent
6382,10,20,rld,15:13:36.174,61640,1.162,2.443,-0.082,0.000,0.000,onTarget,noEvent
6382,10,20,rld,15:13:36.230,61641,1.210,2.445,-0.082,0.000,0.000,onTarget,noEvent
6382,10,20,rld,15:13:36.283,61642,1.272,2.446,-0.083,0.000,0.000,onTarget,noEvent
6382,10,20,rld,15:13:36.334,61643,1.323,2.447,-0.083,0.000,0.000,onTarget,noEvent
6382,10,20,rld,15:13:36.378,61644,1.372,2.447,-0.083,0.000,0.000,onTarget,noEvent
6382,10,20,rld,15:13:36.457,61645,1.438,2.447,-0.059,0.000,0.200,onTarget,noEvent
6382,10,20,rld,15:13:36.536,61646,1.522,2.447,-0.017,0.000,0.300,onTarget,noEvent
6382,10,20,rld,15:13:36.570,61647,1.561,2.447,-0.003,0.000,0.000,onTarget,noEvent
6382,10,20,rld,15:13:36.600,61648,1.592,2.447,0.002,0.000,0.000,onTarget,noEvent
6382,10,20,rld,15:13:36.666,61649,1.655,2.447,0.004,0.000,0.000,onTarget,noEvent
6382,10,20,rld,15:13:36.723,61650,1.701,2.447,0.004,0.000,0.000,onTarget,noEvent
6382,10,20,rld,15:13:36.766,61651,1.742,2.447,0.004,0.000,0.000,onTarget,noEvent
6382,10,20,rld,15:13:36.827,61652,1.820,2.447,0.004,0.000,0.000,onTarget,noEvent
6382,10,20,rld,15:13:36.874,61653,1.860,2.447,0.004,0.000,0.000,onTarget,noEvent
6382,10,20,rld,15:13:36.923,61654,1.911,2.447,0.004,0.000,0.000,onTarget,noEvent
6382,10,20,rld,15:13:36.972,61655,1.954,2.447,0.004,0.000,0.000,onTarget,noEvent
6382,10,20,rld,15:13:37.008,61656,1.992,2.447,0.004,0.000,0.000,onTarget,noEvent
6382,10,20,rld,15:13:37.081,61657,2.072,2.447,0.004,0.000,0.000,onTarget,targetClick
6382,10,21,rld,15:13:40.199,61709,2.141,0.186,0.103,0.000,0.000,waitingForTarget,middleTargetClick
6382,10,21,rld,15:13:40.256,61710,2.193,0.186,0.103,0.000,0.000,waitingForTarget,noEvent
6382,10,21,rld,15:13:40.319,61711,2.252,0.186,0.103,0.000,0.000,waitingForTarget,noEvent
6382,10,21,rld,15:13:40.354,61712,2.297,0.186,0.103,0.000,0.000,waitingForTarget,noEvent
6382,10,21,rld,15:13:40.397,61713,2.333,0.186,0.103,0.000,0.000,waitingForTarget,noEvent
6382,10,21,rld,15:13:40.440,61714,2.381,0.186,0.103,0.000,0.000,waitingForTarget,noEvent
6382,10,21,rld,15:13:40.480,61715,2.412,0.186,0.103,0.000,0.000,waitingForTarget,noEvent
6382,10,21,rld,15:13:40.522,61716,2.459,0.186,0.103,0.000,0.000,waitingForTarget,noEvent
6382,10,21,rld,15:13:40.567,61717,2.511,0.186,0.103,0.000,0.000,waitingForTarget,noEvent
6382,10,21,rld,15:13:40.596,61718,2.541,0.186,0.103,0.000,0.000,waitingForTarget,noEvent
6382,10,21,rld,15:13:40.637,61719,0.034,0.186,0.103,0.000,0.000,activeTracking,targetAppeared
6382,10,21,rld,15:13:40.666,61720,0.066,0.186,0.103,0.000,0.000,activeTracking,noEvent
6382,10,21,rld,15:13:40.708,61721,0.111,0.186,0.103,0.000,0.000,activeTracking,noEvent
6382,10,21,rld,15:13:40.743,61722,0.143,0.186,0.103,0.000,0.000,activeTracking,noEvent
6382,10,21,rld,15:13:40.814,61723,0.216,0.186,0.103,0.000,0.000,activeTracking,noEvent
6382,10,21,rld,15:13:40.842,61724,0.245,0.186,0.103,0.000,0.000,activeTracking,noEvent
6382,10,21,rld,15:13:40.882,61725,0.281,0.186,0.103,0.000,0.000,activeTracking,noEvent
6382,10,21,rld,15:13:40.926,61726,0.327,0.186,0.103,0.000,0.000,activeTracking,noEvent
6382,10,21,rld,15:13:40.996,61727,0.398,0.186,0.103,0.000,0.000,activeTracking,noEvent
6382,10,21,rld,15:13:41.049,61728,0.451,0.186,0.103,0.000,0.000,activeTracking,noEvent
6382,10,21,rld,15:13:41.110,61729,0.511,0.186,0.103,0.000,0.000,activeTracking,noEvent
6382,10,21,rld,15:13:41.291,61730,0.653,-0.512,0.046,-6.200,-0.500,activeTracking,noEvent
6382,10,21,rld,15:13:41.455,61731,0.832,-1.007,0.017,-2.300,-0.100,activeTracking,noEvent
6382,10,21,rld,15:13:41.513,61732,0.909,-1.321,0.007,-1.300,0.000,activeTracking,noEvent
6382,10,21,rld,15:13:41.581,61733,0.980,-1.496,0.004,-0.600,0.000,activeTracking,noEvent
6382,10,21,rld,15:13:41.679,61734,1.071,-1.647,0.015,-0.800,0.100,activeTracking,noEvent
6382,10,21,rld,15:13:41.748,61735,1.135,-1.720,0.018,-0.200,0.000,activeTracking,noEvent
6382,10,21,rld,15:13:41.816,61736,1.213,-1.768,0.020,-0.200,0.000,activeTracking,noEvent
6382,10,21,rld,15:13:41.856,61737,1.252,-1.784,0.020,0.000,0.000,activeTracking,noEvent
6382,10,21,rld,15:13:41.926,61738,1.324,-1.836,0.020,-0.400,0.000,activeTracking,noEvent
6382,10,21,rld,15:13:41.999,61739,1.402,-1.924,0.020,-0.600,0.000,activeTracking,noEvent
6382,10,21,rld,15:13:42.099,61740,1.502,-2.047,0.044,-0.800,0.200,activeTracking,noEvent
6382,10,21,rld,15:13:42.193,61741,1.594,-2.170,0.052,-0.700,0.000,activeTracking,noEvent
6382,10,21,rld,15:13:42.244,61742,1.642,-2.212,0.055,0.000,0.000,activeTracking,noEvent
6382,10,21,rld,15:13:42.262,61743,1.666,-2.226,0.055,0.000,0.000,activeTracking,noEvent
6382,10,21,rld,15:13:42.324,61744,1.724,-2.230,0.056,0.000,0.000,activeTracking,noEvent
6382,10,21,rld,15:13:42.362,61745,1.762,-2.232,0.056,0.000,0.000,activeTracking,noEvent
6382,10,21,rld,15:13:42.397,61746,1.795,-2.232,0.056,0.000,0.000,activeTracking,noEvent
6382,10,21,rld,15:13:42.447,61747,1.844,-2.232,0.056,0.000,0.000,activeTracking,noEvent
6382,10,21,rld,15:13:42.539,61748,1.941,-2.232,0.056,0.000,0.000,activeTracking,noEvent
6382,10,21,rld,15:13:42.579,61749,1.982,-2.232,0.056,0.000,0.000,activeTracking,noEvent
6382,10,21,rld,15:13:42.607,61750,2.010,-2.232,0.056,0.000,0.000,activeTracking,noEvent
6382,10,21,rld,15:13:42.664,61751,2.065,-2.232,0.056,0.000,0.000,activeTracking,noEvent
6382,10,21,rld,15:13:42.710,61752,2.106,-2.232,0.056,0.000,0.000,activeTracking,noEvent
6382,10,21,rld,15:13:42.746,61753,2.146,-2.232,0.056,0.000,0.000,activeTracking,noEvent
6382,10,21,rld,15:13:42.829,61754,2.232,-2.232,0.056,0.000,0.000,activeTracking,noEvent
6382,10,21,rld,15:13:42.920,61755,2.310,-2.292,0.056,-0.500,0.000,activeTracking,noEvent
6382,10,21,rld,15:13:42.983,61756,2.380,-2.335,0.056,-0.200,0.000,activeTracking,noEvent
6382,10,21,rld,15:13:43.056,61757,2.451,-2.410,0.080,-0.500,0.200,onTarget,noEvent
6382,10,21,rld,15:13:43.139,61758,2.542,-2.494,0.088,-0.500,0.000,onTarget,noEvent
6382,10,21,rld,15:13:43.202,61759,2.603,-2.571,0.102,-0.400,0.100,onTarget,noEvent
6382,10,21,rld,15:13:43.280,61760,2.671,-2.645,0.108,-0.400,0.000,onTarget,noEvent
6382,10,21,rld,15:13:43.336,61761,2.721,-2.681,0.109,-0.100,0.000,onTarget,noEvent
6382,10,21,rld,15:13:43.381,61762,2.783,-2.694,0.110,0.000,0.000,onTarget,noEvent
6382,10,21,rld,15:13:43.447,61763,2.844,-2.698,0.122,0.000,0.100,onTarget,noEvent
6382,10,21,rld,15:13:43.498,61764,2.899,-2.699,0.126,0.000,0.000,onTarget,noEvent
6382,10,21,rld,15:13:43.559,61765,2.960,-2.700,0.127,0.000,0.000,onTarget,noEvent
6382,10,21,rld,15:13:43.607,61766,3.010,-2.700,0.128,0.000,0.000,onTarget,noEvent
6382,10,21,rld,15:13:43.664,61767,3.064,-2.700,0.128,0.000,0.000,onTarget,noEvent
6382,10,21,rld,15:13:43.729,61768,3.125,-2.700,0.128,0.000,0.000,onTarget,noEvent
6382,10,21,rld,15:13:43.799,61769,3.202,-2.700,0.128,0.000,0.000,onTarget,targetClick
6382,10,22,rld,15:13:47.343,61827,3.270,-0.084,0.288,0.000,0.000,waitingForTarget,middleTargetClick
6382,10,22,rld,15:13:47.397,61828,3.335,-0.084,0.288,0.000,0.000,waitingForTarget,noEvent
6382,10,22,rld,15:13:47.436,61829,3.377,-0.084,0.288,0.000,0.000,waitingForTarget,noEvent
6382,10,22,rld,15:13:47.498,61830,3.426,-0.084,0.288,0.000,0.000,waitingForTarget,noEvent
6382,10,22,rld,15:13:47.543,61831,3.484,-0.084,0.288,0.000,0.000,waitingForTarget,noEvent
6382,10,22,rld,15:13:47.579,61832,3.516,-0.084,0.288,0.000,0.000,waitingForTarget,noEvent
6382,10,22,rld,15:13:47.624,61833,3.548,-0.084,0.288,0.000,0.000,waitingForTarget,noEvent
6382,10,22,rld,15:13:47.665,61834,3.601,-0.084,0.288,0.000,0.000,waitingForTarget,noEvent
6382,10,22,rld,15:13:47.694,61835,3.635,-0.084,0.288,0.000,0.000,waitingForTarget,noEvent
6382,10,22,rld,15:13:47.738,61836,3.679,-0.084,0.288,0.000,0.000,waitingForTarget,noEvent
6382,10,22,rld,15:13:47.787,61837,0.044,-0.084,0.288,0.000,0.000,activeTracking,targetAppeared
6382,10,22,rld,15:13:47.829,61838,0.086,-0.084,0.288,0.000,0.000,activeTracking,noEvent
6382,10,22,rld,15:13:47.892,61839,0.142,-0.084,0.288,0.000,0.000,activeTracking,noEvent
6382,10,22,rld,15:13:47.930,61840,0.180,-0.084,0.288,0.000,0.000,activeTracking,noEvent
6382,10,22,rld,15:13:47.967,61841,0.224,-0.084,0.288,0.000,0.000,activeTracking,noEvent
6382,10,22,rld,15:13:48.006,61842,0.259,-0.084,0.288,0.000,0.000,activeTracking,noEvent
6382,10,22,rld,15:13:48.047,61843,0.307,-0.084,0.288,0.000,0.000,activeTracking,noEvent
6382,10,22,rld,15:13:48.108,61844,0.348,-0.084,0.288,0.000,0.000,activeTracking,noEvent
6382,10,22,rld,15:13:48.147,61845,0.408,-0.084,0.288,0.000,0.000,activeTracking,noEvent
6382,10,22,rld,15:13:48.187,61846,0.447,-0.084,0.288,0.000,0.000,activeTracking,noEvent
6382,10,22,rld,15:13:48.216,61847,0.479,-0.084,0.288,0.000,0.000,activeTracking,noEvent
6382,10,22,rld,15:13:48.261,61848,0.514,-0.084,0.288,0.000,0.000,activeTracking,noEvent
6382,10,22,rld,15:13:48.327,61849,0.578,-0.084,0.288,0.000,0.000,activeTracking,noEvent
6382,10,22,rld,15:13:48.498,61850,0.712,-0.558,0.154,-4.200,-1.200,activeTracking,noEvent
6382,10,22,rld,15:13:48.629,61851,0.864,-0.908,0.030,-1.700,-0.700,activeTracking,noEvent
6382,10,22,rld,15:13:48.737,61852,0.974,-1.151,-0.057,-1.100,-0.400,activeTracking,noEvent
6382,10,22,rld,15:13:48.860,61853,1.093,-1.370,-0.108,-1.200,-0.200,activeTracking,noEvent
6382,10,22,rld,15:13:48.927,61854,1.172,-1.512,-0.126,-0.600,0.000,activeTracking,noEvent
6382,10,22,rld,15:13:48.981,61855,1.243,-1.594,-0.131,-0.300,0.000,activeTracking,noEvent
6382,10,22,rld,15:13:49.042,61856,1.304,-1.657,-0.133,-0.300,0.000,activeTracking,noEvent
6382,10,22,rld,15:13:49.161,61857,1.407,-1.759,-0.123,-0.700,0.100,activeTracking,noEvent
6382,10,22,rld,15:13:49.244,61858,1.493,-1.909,-0.050,-1.000,0.600,activeTracking,noEvent
6382,10,22,rld,15:13:49.389,61859,1.605,-2.278,-0.037,-2.700,-0.100,activeTracking,noEvent
6382,10,22,rld,15:13:49.464,61860,1.719,-2.522,-0.067,-1.000,-0.300,onTarget,noEvent
6382,10,22,rld,15:13:49.540,61861,1.794,-2.640,-0.077,-0.300,0.000,onTarget,noEvent
6382,10,22,rld,15:13:49.591,61862,1.851,-2.704,-0.081,-0.200,0.000,onTarget,noEvent
6382,10,22,rld,15:13:49.654,61863,1.910,-2.750,-0.082,-0.200,0.000,onTarget,noEvent
6382,10,22,rld,15:13:49.689,61864,1.951,-2.765,-0.082,0.000,0.000,onTarget,noEvent
6382,10,22,rld,15:13:49.738,61865,2.001,-2.770,-0.082,0.000,0.000,onTarget,noEvent
6382,10,22,rld,15:13:49.793,61866,2.044,-2.772,-0.082,0.000,0.000,onTarget,noEvent
6382,10,22,rld,15:13:49.849,61867,2.109,-2.773,-0.082,0.000,0.000,onTarget,noEvent
6382,10,22,rld,15:13:49.911,61868,2.158,-2.785,-0.082,-0.100,0.000,onTarget,noEvent
6382,10,22,rld,15:13:49.964,61869,2.212,-2.789,-0.082,0.000,0.000,onTarget,noEvent
6382,10,22,rld,15:13:50.014,61870,2.263,-2.790,-0.082,0.000,0.000,onTarget,noEvent
6382,10,22,rld,15:13:50.075,61871,2.330,-2.791,-0.082,0.000,0.000,onTarget,targetClick
6382,10,23,rld,15:13:52.149,61901,2.388,0.152,0.187,0.000,0.000,waitingForTarget,middleTargetClick
6382,10,23,rld,15:13:52.226,61902,2.462,0.152,0.187,0.000,0.000,waitingForTarget,noEvent
6382,10,23,rld,15:13:52.277,61903,2.509,0.152,0.187,0.000,0.000,waitingForTarget,noEvent
6382,10,23,rld,15:13:52.336,61904,2.574,0.152,0.187,0.000,0.000,waitingForTarget,noEvent
6382,10,23,rld,15:13:52.375,61905,2.611,0.152,0.187,0.000,0.000,waitingForTarget,noEvent
6382,10,23,rld,15:13:52.426,61906,2.657,0.152,0.187,0.000,0.000,waitingForTarget,noEvent
6382,10,23,rld,15:13:52.475,61907,2.701,0.152,0.187,0.000,0.000,waitingForTarget,noEvent
6382,10,23,rld,15:13:52.516,61908,2.751,0.152,0.187,0.000,0.000,waitingForTarget,noEvent
6382,10,23,rld,15:13:52.557,61909,2.788,0.152,0.187,0.000,0.000,waitingForTarget,noEvent
6382,10,23,rld,15:13:52.609,61910,0.051,0.152,0.187,0.000,0.000,activeTracking,targetAppeared
6382,10,23,rld,15:13:52.648,61911,0.100,0.152,0.187,0.000,0.000,activeTracking,noEvent
6382,10,23,rld,15:13:52.699,61912,0.143,0.152,0.187,0.000,0.000,activeTracking,noEvent
6382,10,23,rld,15:13:52.758,61913,0.197,0.152,0.187,0.000,0.000,activeTracking,noEvent
6382,10,23,rld,15:13:52.885,61914,0.312,0.784,0.233,5.600,0.400,activeTracking,noEvent
6382,10,23,rld,15:13:52.964,61915,0.409,1.189,0.250,1.700,0.000,activeTracking,noEvent
6382,10,23,rld,15:13:53.012,61916,0.454,1.337,0.255,0.100,0.000,activeTracking,noEvent
6382,10,23,rld,15:13:53.128,61917,0.568,-0.638,0.176,-17.900,-0.700,activeTracking,noEvent
6382,10,23,rld,15:13:53.314,61918,0.701,-2.113,0.074,-7.000,-0.700,activeTracking,noEvent
6382,10,23,rld,15:13:53.460,61919,0.859,-3.137,-0.005,-4.200,-0.400,activeTracking,noEvent
6382,10,23,rld,15:13:53.581,61920,1.013,-3.697,-0.032,-1.600,0.000,activeTracking,noEvent
6382,10,23,rld,15:13:53.644,61921,1.088,-3.954,-0.041,-0.500,0.000,activeTracking,noEvent
6382,10,23,rld,15:13:53.721,61922,1.168,-4.054,-0.043,-0.100,0.000,activeTracking,noEvent
6382,10,23,rld,15:13:53.771,61923,1.223,-4.088,-0.044,0.000,0.000,activeTracking,noEvent
6382,10,23,rld,15:13:53.824,61924,1.270,-4.099,-0.045,0.000,0.000,activeTracking,noEvent
6382,10,23,rld,15:13:53.888,61925,1.315,-4.103,-0.045,0.000,0.000,activeTracking,noEvent
6382,10,23,rld,15:13:53.948,61926,1.383,-4.104,-0.045,0.000,0.000,activeTracking,noEvent
6382,10,23,rld,15:13:54.006,61927,1.444,-4.104,-0.045,0.000,0.000,activeTracking,noEvent
6382,10,23,rld,15:13:54.147,61928,1.582,-3.868,-0.021,1.800,0.200,activeTracking,noEvent
6382,10,23,rld,15:13:54.245,61929,1.670,-3.443,-0.002,2.700,0.100,activeTracking,noEvent
6382,10,23,rld,15:13:54.298,61930,1.743,-3.267,0.004,0.300,0.000,activeTracking,noEvent
6382,10,23,rld,15:13:54.357,61931,1.800,-3.196,0.006,0.100,0.000,activeTracking,noEvent
6382,10,23,rld,15:13:54.416,61932,1.856,-3.160,0.006,0.100,0.000,activeTracking,noEvent
6382,10,23,rld,15:13:54.473,61933,1.919,-3.148,0.006,0.000,0.000,activeTracking,noEvent
6382,10,23,rld,15:13:54.544,61934,1.971,-3.144,0.006,0.000,0.000,activeTracking,noEvent
6382,10,23,rld,15:13:54.607,61935,2.041,-3.143,0.006,0.000,0.000,activeTracking,noEvent
6382,10,23,rld,15:13:54.658,61936,2.109,-3.142,0.006,0.000,0.000,activeTracking,noEvent
6382,10,23,rld,15:13:54.707,61937,2.152,-3.142,0.006,0.000,0.000,activeTracking,noEvent
6382,10,23,rld,15:13:54.763,61938,2.202,-3.142,0.006,0.000,0.000,activeTracking,noEvent
6382,10,23,rld,15:13:54.843,61939,2.272,-3.142,0.006,0.000,0.000,activeTracking,noEvent
6382,10,23,rld,15:13:54.926,61940,2.360,-3.092,0.006,0.400,0.000,activeTracking,noEvent
6382,10,23,rld,15:13:54.986,61941,2.428,-3.051,0.006,0.200,0.000,onTarget,noEvent
6382,10,23,rld,15:13:55.048,61942,2.501,-3.025,0.006,0.100,0.000,onTarget,noEvent
6382,10,23,rld,15:13:55.111,61943,2.552,-2.992,0.006,0.200,0.000,onTarget,noEvent
6382,10,23,rld,15:13:55.159,61944,2.611,-2.968,0.006,0.100,0.000,onTarget,noEvent
6382,10,23,rld,15:13:55.188,61945,2.640,-2.960,0.006,0.000,0.000,onTarget,noEvent
6382,10,23,rld,15:13:55.242,61946,2.692,-2.958,0.006,0.000,0.000,onTarget,noEvent
6382,10,23,rld,15:13:55.295,61947,2.748,-2.957,0.006,0.000,0.000,onTarget,noEvent
6382,10,23,rld,15:13:55.345,61948,2.796,-2.957,0.006,0.000,0.000,onTarget,noEvent
6382,10,23,rld,15:13:55.410,61949,2.853,-2.956,0.006,0.000,0.000,onTarget,noEvent
6382,10,23,rld,15:13:55.462,61950,2.903,-2.956,0.006,0.000,0.000,onTarget,noEvent
6382,10,23,rld,15:13:55.509,61951,2.950,-2.956,0.006,0.000,0.000,onTarget,noEvent
6382,10,23,rld,15:13:55.547,61952,3.000,-2.956,0.006,0.000,0.000,onTarget,noEvent
6382,10,23,rld,15:13:55.596,61953,3.039,-2.956,0.006,0.000,0.000,onTarget,noEvent
6382,10,23,rld,15:13:55.625,61954,3.076,-2.956,0.006,0.000,0.000,onTarget,noEvent
6382,10,23,rld,15:13:55.685,61955,3.122,-2.956,0.006,0.000,0.000,onTarget,noEvent
6382,10,23,rld,15:13:55.726,61956,3.179,-2.956,0.006,0.000,0.000,onTarget,noEvent
6382,10,23,rld,15:13:55.798,61957,3.250,-2.956,0.006,0.000,0.000,onTarget,targetClick
6382,10,24,rld,15:13:57.848,61989,3.296,-0.067,0.322,0.000,0.000,waitingForTarget,middleTargetClick
6382,10,24,rld,15:13:57.909,61990,3.350,-0.067,0.322,0.000,0.000,waitingForTarget,noEvent
6382,10,24,rld,15:13:57.973,61991,3.415,-0.067,0.322,0.000,0.000,waitingForTarget,noEvent
6382,10,24,rld,15:13:58.029,61992,3.473,-0.067,0.322,0.000,0.000,waitingForTarget,noEvent
6382,10,24,rld,15:13:58.059,61993,3.513,-0.067,0.322,0.000,0.000,waitingForTarget,noEvent
6382,10,24,rld,15:13:58.095,61994,3.545,-0.067,0.322,0.000,0.000,waitingForTarget,noEvent
6382,10,24,rld,15:13:58.148,61995,3.592,-0.067,0.322,0.000,0.000,waitingForTarget,noEvent
6382,10,24,rld,15:13:58.188,61996,3.642,-0.067,0.322,0.000,0.000,waitingForTarget,noEvent
6382,10,24,rld,15:13:58.238,61997,3.693,-0.067,0.322,0.000,0.000,waitingForTarget,noEvent
6382,10,24,rld,15:13:58.282,61998,3.737,-0.067,0.322,0.000,0.000,waitingForTarget,noEvent
6382,10,24,rld,15:13:58.347,61999,0.047,-0.067,0.322,0.000,0.000,activeTracking,targetAppeared
6382,10,24,rld,15:13:58.393,62000,0.109,-0.067,0.322,0.000,0.000,activeTracking,noEvent
6382,10,24,rld,15:13:58.576,62001,0.248,0.541,0.368,5.400,0.400,activeTracking,noEvent
6382,10,24,rld,15:13:58.716,62002,0.431,1.085,0.385,3.000,0.000,activeTracking,noEvent
6382,10,24,rld,15:13:58.764,62003,0.479,1.348,0.392,0.700,0.000,activeTracking,noEvent
6382,10,24,rld,15:13:58.866,62004,0.579,-0.218,0.502,-14.600,1.000,activeTracking,noEvent
6382,10,24,rld,15:13:59.048,62005,0.745,-1.422,0.627,-6.000,0.700,activeTracking,noEvent
6382,10,24,rld,15:13:59.204,62006,0.899,-2.361,0.751,-4.500,0.600,activeTracking,noEvent
6382,10,24,rld,15:13:59.261,62007,0.968,-2.792,0.797,-0.900,0.000,activeTracking,noEvent
6382,10,24,rld,15:13:59.324,62008,1.040,-2.963,0.814,-0.200,0.000,activeTracking,noEvent
6382,10,24,rld,15:13:59.370,62009,1.088,-3.020,0.820,0.000,0.000,activeTracking,noEvent
6382,10,24,rld,15:13:59.411,62010,1.126,-3.039,0.822,0.000,0.000,activeTracking,noEvent
6382,10,24,rld,15:13:59.461,62011,1.179,-3.046,0.822,0.000,0.000,activeTracking,noEvent
6382,10,24,rld,15:13:59.599,62012,1.315,-2.888,0.818,1.300,0.000,activeTracking,noEvent
6382,10,24,rld,15:13:59.745,62013,1.451,-2.199,0.628,5.300,-1.500,activeTracking,noEvent
6382,10,24,rld,15:13:59.813,62014,1.517,-1.892,0.520,0.700,-0.400,activeTracking,noEvent
6382,10,24,rld,15:13:59.865,62015,1.577,-1.790,0.473,0.000,-0.100,activeTracking,noEvent
6382,10,24,rld,15:13:59.921,62016,1.636,-1.757,0.434,0.000,-0.200,activeTracking,noEvent
6382,10,24,rld,15:13:59.992,62017,1.709,-1.769,0.410,-0.200,-0.100,activeTracking,noEvent
6382,10,24,rld,15:14:00.093,62018,1.800,-1.901,0.334,-1.100,-0.600,activeTracking,noEvent
6382,10,24,rld,15:14:00.205,62019,1.898,-2.110,0.253,-1.400,-0.500,activeTracking,noEvent
6382,10,24,rld,15:14:00.270,62020,1.973,-2.227,0.226,-0.400,0.000,activeTracking,noEvent
6382,10,24,rld,15:14:00.335,62021,2.046,-2.290,0.217,-0.200,0.000,activeTracking,noEvent
6382,10,24,rld,15:14:00.361,62022,2.080,-2.311,0.214,0.000,0.000,activeTracking,noEvent
6382,10,24,rld,15:14:00.424,62023,2.131,-2.318,0.213,0.000,0.000,activeTracking,noEvent
6382,10,24,rld,15:14:00.473,62024,2.190,-2.320,0.213,0.000,0.000,activeTracking,noEvent
6382,10,24,rld,15:14:00.537,62025,2.245,-2.321,0.213,0.000,0.000,activeTracking,noEvent
6382,10,24,rld,15:14:00.578,62026,2.289,-2.321,0.213,0.000,0.000,activeTracking,noEvent
6382,10,24,rld,15:14:00.629,62027,2.336,-2.321,0.213,0.000,0.000,activeTracking,noEvent
6382,10,24,rld,15:14:00.688,62028,2.406,-2.322,0.201,0.000,-0.100,activeTracking,noEvent
6382,10,24,rld,15:14:00.738,62029,2.448,-2.322,0.197,0.000,0.000,activeTracking,noEvent
6382,10,24,rld,15:14:00.779,62030,2.497,-2.322,0.196,0.000,0.000,activeTracking,noEvent
6382,10,24,rld,15:14:00.873,62031,2.579,-2.322,0.184,0.000,-0.100,activeTracking,noEvent
6382,10,24,rld,15:14:00.999,62032,2.712,-2.501,0.158,-1.500,-0.200,onTarget,noEvent
6382,10,24,rld,15:14:01.094,62033,2.791,-2.682,0.138,-1.000,-0.100,onTarget,noEvent
6382,10,24,rld,15:14:01.163,62034,2.868,-2.779,0.132,-0.300,0.000,onTarget,noEvent
6382,10,24,rld,15:14:01.223,62035,2.929,-2.811,0.130,0.000,0.000,onTarget,noEvent
6382,10,24,rld,15:14:01.263,62036,2.980,-2.834,0.129,-0.100,0.000,onTarget,noEvent
6382,10,24,rld,15:14:01.319,62037,3.034,-2.842,0.129,0.000,0.000,onTarget,noEvent
6382,10,24,rld,15:14:01.347,62038,3.065,-2.845,0.129,0.000,0.000,onTarget,noEvent
6382,10,24,rld,15:14:01.395,62039,3.105,-2.846,0.129,0.000,0.000,onTarget,noEvent
6382,10,24,rld,15:14:01.465,62040,3.166,-2.846,0.129,0.000,0.000,onTarget,noEvent
6382,10,24,rld,15:14:01.537,62041,3.244,-2.846,0.129,0.000,0.000,onTarget,targetClick
6382,10,25,rld,15:14:03.913,62078,3.306,-0.236,0.001,0.000,0.000,waitingForTarget,middleTargetClick
6382,10,25,rld,15:14:03.957,62079,3.356,-0.236,0.001,0.000,0.000,waitingForTarget,noEvent
6382,10,25,rld,15:14:04.016,62080,3.418,-0.236,0.001,0.000,0.000,waitingForTarget,noEvent
6382,10,25,rld,15:14:04.069,62081,3.476,-0.236,0.001,0.000,0.000,waitingForTarget,noEvent
6382,10,25,rld,15:14:04.119,62082,3.526,-0.236,0.001,0.000,0.000,waitingForTarget,noEvent
6382,10,25,rld,15:14:04.174,62083,3.580,-0.236,0.001,0.000,0.000,waitingForTarget,noEvent
6382,10,25,rld,15:14:04.207,62084,3.611,-0.236,0.001,0.000,0.000,waitingForTarget,noEvent
6382,10,25,rld,15:14:04.256,62085,3.648,-0.236,0.001,0.000,0.000,waitingForTarget,noEvent
6382,10,25,rld,15:14:04.309,62086,3.703,-0.236,0.001,0.000,0.000,waitingForTarget,noEvent
6382,10,25,rld,15:14:04.359,62087,3.766,-0.236,0.001,0.000,0.000,waitingForTarget,noEvent
6382,10,25,rld,15:14:04.418,62088,0.057,-0.236,0.001,0.000,0.000,activeTracking,targetAppeared
6382,10,25,rld,15:14:04.489,62089,0.130,-0.236,0.001,0.000,0.000,activeTracking,noEvent
6382,10,25,rld,15:14:04.549,62090,0.189,-0.236,0.001,0.000,0.000,activeTracking,noEvent
6382,10,25,rld,15:14:04.594,62091,0.236,-0.236,0.001,0.000,0.000,activeTracking,noEvent
6382,10,25,rld,15:14:04.648,62092,0.290,-0.225,0.001,0.100,0.000,activeTracking,noEvent
6382,10,25,rld,15:14:04.927,62093,0.549,0.499,-0.010,6.400,-0.100,activeTracking,noEvent
6382,10,25,rld,15:14:05.048,62094,0.689,0.968,-0.013,2.000,0.000,activeTracking,noEvent
6382,10,25,rld,15:14:05.147,62095,0.779,1.183,-0.014,0.500,0.000,activeTracking,noEvent
6382,10,25,rld,15:14:05.219,62096,0.859,1.300,-0.015,0.400,0.000,activeTracking,noEvent
6382,10,25,rld,15:14:05.369,62097,0.936,1.374,-0.015,0.300,0.000,activeTracking,noEvent
6382,10,25,rld,15:14:05.456,62098,1.092,1.479,-0.015,0.700,0.000,activeTracking,noEvent
6382,10,25,rld,15:14:05.523,62099,1.159,1.537,-0.015,0.200,0.000,activeTracking,noEvent
6382,10,25,rld,15:14:05.592,62100,1.231,1.557,-0.015,0.000,0.000,activeTracking,noEvent
6382,10,25,rld,15:14:05.649,62101,1.290,1.563,-0.015,0.000,0.000,activeTracking,noEvent
6382,10,25,rld,15:14:05.723,62102,1.357,1.565,-0.015,0.000,0.000,activeTracking,noEvent
6382,10,25,rld,15:14:05.856,62103,1.490,1.693,0.020,1.100,0.300,activeTracking,noEvent
6382,10,25,rld,15:14:05.960,62104,1.600,1.806,0.032,0.600,0.000,activeTracking,noEvent
6382,10,25,rld,15:14:06.037,62105,1.675,1.867,0.036,0.200,0.000,activeTracking,noEvent
6382,10,25,rld,15:14:06.189,62106,1.821,1.992,0.060,0.900,0.200,activeTracking,noEvent
6382,10,25,rld,15:14:06.272,62107,1.911,2.129,0.069,0.800,0.000,activeTracking,noEvent
6382,10,25,rld,15:14:06.376,62108,2.016,2.222,0.072,0.400,0.000,activeTracking,noEvent
6382,10,25,rld,15:14:06.455,62109,2.092,2.276,0.073,0.200,0.000,activeTracking,noEvent
6382,10,25,rld,15:14:06.529,62110,2.170,2.330,0.073,0.300,0.000,activeTracking,noEvent
6382,10,25,rld,15:14:06.596,62111,2.237,2.396,0.074,0.400,0.000,onTarget,noEvent
6382,10,25,rld,15:14:06.657,62112,2.299,2.418,0.074,0.000,0.000,onTarget,noEvent
6382,10,25,rld,15:14:06.715,62113,2.356,2.425,0.074,0.000,0.000,onTarget,noEvent
6382,10,25,rld,15:14:06.763,62114,2.402,2.428,0.074,0.000,0.000,onTarget,noEvent
6382,10,25,rld,15:14:06.828,62115,2.469,2.429,0.074,0.000,0.000,onTarget,noEvent
6382,10,25,rld,15:14:06.880,62116,2.522,2.429,0.074,0.000,0.000,onTarget,noEvent
6382,10,25,rld,15:14:06.918,62117,2.558,2.429,0.074,0.000,0.000,onTarget,noEvent
6382,10,25,rld,15:14:06.986,62118,2.617,2.429,0.074,0.000,0.000,onTarget,noEvent
6382,10,25,rld,15:14:07.027,62119,2.668,2.429,0.074,0.000,0.000,onTarget,noEvent
6382,10,25,rld,15:14:07.086,62120,2.727,2.429,0.074,0.000,0.000,onTarget,noEvent
6382,10,25,rld,15:14:07.114,62121,2.752,2.429,0.074,0.000,0.000,onTarget,noEvent
6382,10,25,rld,15:14:07.179,62122,2.820,2.429,0.074,0.000,0.000,onTarget,noEvent
6382,10,25,rld,15:14:07.257,62123,2.897,2.429,0.074,0.000,0.000,onTarget,targetClick
6382,10,26,rld,15:14:10.141,62163,2.962,-0.236,0.204,0.000,0.000,waitingForTarget,middleTargetClick
6382,10,26,rld,15:14:10.218,62164,3.035,-0.236,0.204,0.000,0.000,waitingForTarget,noEvent
6382,10,26,rld,15:14:10.270,62165,3.094,-0.236,0.204,0.000,0.000,waitingForTarget,noEvent
6382,10,26,rld,15:14:10.326,62166,3.151,-0.236,0.204,0.000,0.000,waitingForTarget,noEvent
6382,10,26,rld,15:14:10.370,62167,3.194,-0.236,0.204,0.000,0.000,waitingForTarget,noEvent
6382,10,26,rld,15:14:10.412,62168,3.236,-0.236,0.204,0.000,0.000,waitingForTarget,noEvent
6382,10,26,rld,15:14:10.467,62169,3.288,-0.236,0.204,0.000,0.000,waitingForTarget,noEvent
6382,10,26,rld,15:14:10.518,62170,3.341,-0.236,0.204,0.000,0.000,waitingForTarget,noEvent
6382,10,26,rld,15:14:10.578,62171,3.402,-0.236,0.204,0.000,0.000,waitingForTarget,noEvent
6382,10,26,rld,15:14:10.625,62172,0.048,-0.236,0.204,0.000,0.000,activeTracking,targetAppeared
6382,10,26,rld,15:14:10.674,62173,0.097,-0.236,0.204,0.000,0.000,activeTracking,noEvent
6382,10,26,rld,15:14:10.715,62174,0.138,-0.236,0.204,0.000,0.000,activeTracking,noEvent
6382,10,26,rld,15:14:10.771,62175,0.188,-0.236,0.204,0.000,0.000,activeTracking,noEvent
6382,10,26,rld,15:14:10.842,62176,0.263,-0.236,0.204,0.000,0.000,activeTracking,noEvent
6382,10,26,rld,15:14:10.893,62177,0.312,-0.236,0.204,0.000,0.000,activeTracking,noEvent
6382,10,26,rld,15:14:10.935,62178,0.353,-0.236,0.204,0.000,0.000,activeTracking,noEvent
6382,10,26,rld,15:14:10.992,62179,0.412,-0.236,0.204,0.000,0.000,activeTracking,noEvent
6382,10,26,rld,15:14:11.043,62180,0.463,-0.236,0.204,0.000,0.000,activeTracking,noEvent
6382,10,26,rld,15:14:11.088,62181,0.510,-0.236,0.204,0.000,0.000,activeTracking,noEvent
6382,10,26,rld,15:14:11.140,62182,0.563,-0.236,0.204,0.000,0.000,activeTracking,noEvent
6382,10,26,rld,15:14:11.179,62183,0.601,-0.236,0.204,0.000,0.000,activeTracking,noEvent
6382,10,26,rld,15:14:11.234,62184,0.651,-0.236,0.204,0.000,0.000,activeTracking,noEvent
6382,10,26,rld,15:14:11.298,62185,0.721,-0.236,0.204,0.000,0.000,activeTracking,noEvent
6382,10,26,rld,15:14:11.407,62186,0.823,-1.142,0.263,-8.000,0.500,activeTracking,noEvent
6382,10,26,rld,15:14:11.548,62187,0.915,-1.782,0.205,-2.900,-0.700,activeTracking,noEvent
6382,10,26,rld,15:14:11.658,62188,1.071,-2.140,0.118,-1.200,-0.600,activeTracking,noEvent
6382,10,26,rld,15:14:11.744,62189,1.163,-2.344,0.054,-0.700,-0.300,activeTracking,noEvent
6382,10,26,rld,15:14:11.850,62190,1.271,-2.460,0.021,-0.400,-0.100,onTarget,noEvent
6382,10,26,rld,15:14:11.973,62191,1.392,-2.559,-0.025,-0.500,-0.300,onTarget,noEvent
6382,10,26,rld,15:14:12.094,62192,1.503,-2.653,-0.063,-0.500,-0.200,onTarget,noEvent
6382,10,26,rld,15:14:12.187,62193,1.606,-2.806,-0.123,-1.000,-0.400,onTarget,noEvent
6382,10,26,rld,15:14:12.290,62194,1.712,-2.918,-0.143,-0.500,0.000,onTarget,noEvent
6382,10,26,rld,15:14:12.353,62195,1.771,-2.968,-0.150,-0.100,0.000,onTarget,noEvent
6382,10,26,rld,15:14:12.413,62196,1.832,-2.985,-0.152,0.000,0.000,onTarget,noEvent
6382,10,26,rld,15:14:12.506,62197,1.921,-2.991,-0.153,0.000,0.000,onTarget,targetClick
6382,10,27,rld,15:14:15.286,62246,2.003,0.203,0.373,0.000,0.000,waitingForTarget,middleTargetClick
6382,10,27,rld,15:14:15.346,62247,2.065,0.203,0.373,0.000,0.000,waitingForTarget,noEvent
6382,10,27,rld,15:14:15.387,62248,2.110,0.203,0.373,0.000,0.000,waitingForTarget,noEvent
6382,10,27,rld,15:14:15.461,62249,2.178,0.203,0.373,0.000,0.000,waitingForTarget,noEvent
6382,10,27,rld,15:14:15.496,62250,2.220,0.203,0.373,0.000,0.000,waitingForTarget,noEvent
6382,10,27,rld,15:14:15.537,62251,2.255,0.203,0.373,0.000,0.000,waitingForTarget,noEvent
6382,10,27,rld,15:14:15.589,62252,2.299,0.203,0.373,0.000,0.000,waitingForTarget,noEvent
6382,10,27,rld,15:14:15.627,62253,2.343,0.203,0.373,0.000,0.000,waitingForTarget,noEvent
6382,10,27,rld,15:14:15.672,62254,2.391,0.203,0.373,0.000,0.000,waitingForTarget,noEvent
6382,10,27,rld,15:14:15.708,62255,2.424,0.203,0.373,0.000,0.000,waitingForTarget,noEvent
6382,10,27,rld,15:14:15.756,62256,0.056,0.203,0.373,0.000,0.000,activeTracking,targetAppeared
6382,10,27,rld,15:14:15.816,62257,0.110,0.203,0.373,0.000,0.000,activeTracking,noEvent
6382,10,27,rld,15:14:15.853,62258,0.150,0.203,0.373,0.000,0.000,activeTracking,noEvent
6382,10,27,rld,15:14:15.894,62259,0.195,0.203,0.373,0.000,0.000,activeTracking,noEvent
6382,10,27,rld,15:14:15.937,62260,0.228,0.203,0.373,0.000,0.000,activeTracking,noEvent
6382,10,27,rld,15:14:15.985,62261,0.279,0.203,0.373,0.000,0.000,activeTracking,noEvent
6382,10,27,rld,15:14:16.041,62262,0.324,0.203,0.373,0.000,0.000,activeTracking,noEvent
6382,10,27,rld,15:14:16.105,62263,0.390,0.203,0.373,0.000,0.000,activeTracking,noEvent
6382,10,27,rld,15:14:16.193,62264,0.458,0.203,0.362,0.000,-0.100,activeTracking,noEvent
6382,10,27,rld,15:14:16.381,62265,0.662,1.497,0.238,11.400,-1.100,activeTracking,noEvent
6382,10,27,rld,15:14:16.456,62266,0.751,2.067,0.175,1.100,-0.200,activeTracking,noEvent
6382,10,27,rld,15:14:16.524,62267,0.819,2.284,0.142,0.200,-0.100,activeTracking,noEvent
6382,10,27,rld,15:14:16.597,62268,0.892,2.392,0.120,0.300,-0.100,onTarget,noEvent
6382,10,27,rld,15:14:16.663,62269,0.958,2.453,0.113,0.200,0.000,onTarget,noEvent
6382,10,27,rld,15:14:16.712,62270,1.008,2.485,0.099,0.100,-0.100,onTarget,noEvent
6382,10,27,rld,15:14:16.770,62271,1.070,2.496,0.094,0.000,0.000,onTarget,noEvent
6382,10,27,rld,15:14:16.839,62272,1.129,2.499,0.081,0.000,-0.100,onTarget,noEvent
6382,10,27,rld,15:14:16.959,62273,1.245,2.321,0.018,-1.500,-0.500,activeTracking,noEvent
6382,10,27,rld,15:14:17.025,62274,1.316,2.179,-0.026,-0.700,-0.200,activeTracking,noEvent
6382,10,27,rld,15:14:17.084,62275,1.378,2.120,-0.041,-0.100,0.000,activeTracking,noEvent
6382,10,27,rld,15:14:17.127,62276,1.426,2.101,-0.046,0.000,0.000,activeTracking,noEvent
6382,10,27,rld,15:14:17.176,62277,1.465,2.094,-0.047,0.000,0.000,activeTracking,noEvent
6382,10,27,rld,15:14:17.212,62278,1.509,2.092,-0.048,0.000,0.000,activeTracking,noEvent
6382,10,27,rld,15:14:17.265,62279,1.555,2.091,-0.048,0.000,0.000,activeTracking,noEvent
6382,10,27,rld,15:14:17.335,62280,1.631,2.091,-0.048,0.000,0.000,activeTracking,failedClick
6382,10,28,rld,15:14:19.633,62322,1.702,0.051,-0.032,0.000,0.000,waitingForTarget,middleTargetClick
6382,10,28,rld,15:14:19.677,62323,1.748,0.051,-0.032,0.000,0.000,waitingForTarget,noEvent
6382,10,28,rld,15:14:19.721,62324,1.802,0.051,-0.032,0.000,0.000,waitingForTarget,noEvent
6382,10,28,rld,15:14:19.767,62325,1.847,0.051,-0.032,0.000,0.000,waitingForTarget,noEvent
6382,10,28,rld,15:14:19.837,62326,1.915,0.051,-0.032,0.000,0.000,waitingForTarget,noEvent
6382,10,28,rld,15:14:19.872,62327,1.952,0.051,-0.032,0.000,0.000,waitingForTarget,noEvent
6382,10,28,rld,15:14:19.914,62328,1.988,0.051,-0.032,0.000,0.000,waitingForTarget,noEvent
6382,10,28,rld,15:14:19.948,62329,2.027,0.051,-0.032,0.000,0.000,waitingForTarget,noEvent
6382,10,28,rld,15:14:19.988,62330,2.069,0.051,-0.032,0.000,0.000,waitingForTarget,noEvent
6382,10,28,rld,15:14:20.031,62331,2.112,0.051,-0.032,0.000,0.000,waitingForTarget,noEvent
6382,10,28,rld,15:14:20.064,62332,0.034,0.051,-0.032,0.000,0.000,activeTracking,targetAppeared
6382,10,28,rld,15:14:20.104,62333,0.070,0.051,-0.032,0.000,0.000,activeTracking,noEvent
6382,10,28,rld,15:14:20.145,62334,0.115,0.051,-0.032,0.000,0.000,activeTracking,noEvent
6382,10,28,rld,15:14:20.194,62335,0.161,0.051,-0.032,0.000,0.000,activeTracking,noEvent
6382,10,28,rld,15:14:20.246,62336,0.210,0.051,-0.032,0.000,0.000,activeTracking,noEvent
6382,10,28,rld,15:14:20.287,62337,0.247,0.051,-0.032,0.000,0.000,activeTracking,noEvent
6382,10,28,rld,15:14:20.311,62338,0.282,0.051,-0.032,0.000,0.000,activeTracking,noEvent
6382,10,28,rld,15:14:20.354,62339,0.320,0.051,-0.032,0.000,0.000,activeTracking,noEvent
6382,10,28,rld,15:14:20.387,62340,0.352,0.051,-0.032,0.000,0.000,activeTracking,noEvent
6382,10,28,rld,15:14:20.442,62341,0.409,0.051,-0.032,0.000,0.000,activeTracking,noEvent
6382,10,28,rld,15:14:20.621,62342,0.571,-0.219,-0.032,-2.400,0.000,activeTracking,noEvent
6382,10,28,rld,15:14:20.673,62343,0.636,-0.366,-0.032,-0.500,0.000,activeTracking,noEvent
6382,10,28,rld,15:14:20.718,62344,0.685,-0.415,-0.032,0.000,0.000,activeTracking,noEvent
6382,10,28,rld,15:14:20.770,62345,0.735,-0.431,-0.032,0.000,0.000,activeTracking,noEvent
6382,10,28,rld,15:14:20.812,62346,0.780,-0.436,-0.032,0.000,0.000,activeTracking,noEvent
6382,10,28,rld,15:14:20.848,62347,0.816,-0.438,-0.032,0.000,0.000,activeTracking,noEvent
6382,10,28,rld,15:14:20.929,62348,0.886,-0.439,-0.032,0.000,0.000,activeTracking,failedClick
6382,10,29,rld,15:14:22.661,62385,0.983,-0.439,-0.032,0.000,0.000,waitingForTarget,middleTargetClick
6382,10,29,rld,15:14:22.730,62386,1.046,-0.439,-0.032,0.000,0.000,waitingForTarget,noEvent
6382,10,29,rld,15:14:22.793,62387,1.119,-0.439,-0.032,0.000,0.000,waitingForTarget,noEvent
6382,10,29,rld,15:14:22.830,62388,1.164,-0.439,-0.032,0.000,0.000,waitingForTarget,noEvent
6382,10,29,rld,15:14:22.861,62389,1.195,-0.439,-0.032,0.000,0.000,waitingForTarget,noEvent
6382,10,29,rld,15:14:22.909,62390,1.245,-0.439,-0.032,0.000,0.000,waitingForTarget,noEvent
6382,10,29,rld,15:14:22.939,62391,1.274,-0.439,-0.032,0.000,0.000,waitingForTarget,noEvent
6382,10,29,rld,15:14:22.973,62392,1.305,-0.439,-0.032,0.000,0.000,waitingForTarget,noEvent
6382,10,29,rld,15:14:23.012,62393,1.347,-0.439,-0.032,0.000,0.000,waitingForTarget,noEvent
6382,10,29,rld,15:14:23.060,62394,1.395,-0.439,-0.032,0.000,0.000,waitingForTarget,noEvent
6382,10,29,rld,15:14:23.104,62395,0.039,-0.439,-0.032,0.000,0.000,activeTracking,targetAppeared
6382,10,29,rld,15:14:23.154,62396,0.088,-0.439,-0.032,0.000,0.000,activeTracking,noEvent
6382,10,29,rld,15:14:23.191,62397,0.130,-0.439,-0.032,0.000,0.000,activeTracking,noEvent
6382,10,29,rld,15:14:23.245,62398,0.181,-0.439,-0.032,0.000,0.000,activeTracking,noEvent
6382,10,29,rld,15:14:23.281,62399,0.217,-0.439,-0.032,0.000,0.000,activeTracking,noEvent
6382,10,29,rld,15:14:23.320,62400,0.260,-0.439,-0.032,0.000,0.000,activeTracking,noEvent
6382,10,29,rld,15:14:23.362,62401,0.300,-0.439,-0.032,0.000,0.000,activeTracking,noEvent
6382,10,29,rld,15:14:23.401,62402,0.339,-0.439,-0.032,0.000,0.000,activeTracking,noEvent
6382,10,29,rld,15:14:23.443,62403,0.382,-0.439,-0.032,0.000,0.000,activeTracking,noEvent
6382,10,29,rld,15:14:23.479,62404,0.417,-0.439,-0.032,0.000,0.000,activeTracking,noEvent
6382,10,29,rld,15:14:23.566,62405,0.501,-0.439,-0.032,0.000,0.000,activeTracking,noEvent
6382,10,29,rld,15:14:23.625,62406,0.566,-0.439,-0.032,0.000,0.000,activeTracking,noEvent
6382,10,29,rld,15:14:23.680,62407,0.615,-0.439,-0.032,0.000,0.000,activeTracking,noEvent
6382,10,29,rld,15:14:23.797,62408,0.738,0.417,0.193,7.600,2.000,activeTracking,noEvent
6382,10,29,rld,15:14:23.860,62409,0.791,0.737,0.280,0.300,0.100,activeTracking,noEvent
6382,10,29,rld,15:14:23.895,62410,0.832,0.844,0.309,0.000,0.000,activeTracking,noEvent
6382,10,29,rld,15:14:23.964,62411,0.883,0.879,0.319,0.000,0.000,activeTracking,noEvent
6382,10,29,rld,15:14:24.069,62412,1.006,0.982,0.323,0.800,0.000,activeTracking,noEvent
6382,10,29,rld,15:14:24.128,62413,1.062,1.050,0.324,0.300,0.000,activeTracking,noEvent
6382,10,29,rld,15:14:24.188,62414,1.119,1.085,0.313,0.100,-0.100,activeTracking,noEvent
6382,10,29,rld,15:14:24.228,62415,1.168,1.096,0.310,0.000,0.000,activeTracking,noEvent
6382,10,29,rld,15:14:24.286,62416,1.219,1.100,0.309,0.000,0.000,activeTracking,noEvent
6382,10,29,rld,15:14:24.357,62417,1.289,1.067,0.308,-0.300,0.000,activeTracking,noEvent
6382,10,29,rld,15:14:24.397,62418,1.335,1.056,0.308,0.000,0.000,activeTracking,noEvent
6382,10,29,rld,15:14:24.464,62419,1.404,1.052,0.308,0.000,0.000,activeTracking,noEvent
6382,10,29,rld,15:14:24.523,62420,1.456,1.051,0.308,0.000,0.000,activeTracking,failedClick
6382,10,30,rld,15:14:26.736,62461,1.526,-0.152,0.136,0.000,0.000,waitingForTarget,middleTargetClick
6382,10,30,rld,15:14:26.803,62462,1.577,-0.152,0.136,0.000,0.000,waitingForTarget,noEvent
6382,10,30,rld,15:14:26.851,62463,1.644,-0.152,0.136,0.000,0.000,waitingForTarget,noEvent
6382,10,30,rld,15:14:26.879,62464,1.676,-0.152,0.136,0.000,0.000,waitingForTarget,noEvent
6382,10,30,rld,15:14:26.920,62465,1.716,-0.152,0.136,0.000,0.000,waitingForTarget,noEvent
6382,10,30,rld,15:14:26.952,62466,1.742,-0.152,0.136,0.000,0.000,waitingForTarget,noEvent
6382,10,30,rld,15:14:26.989,62467,1.777,-0.152,0.136,0.000,0.000,waitingForTarget,noEvent
6382,10,30,rld,15:14:27.036,62468,1.828,-0.152,0.136,0.000,0.000,waitingForTarget,noEvent
6382,10,30,rld,15:14:27.075,62469,1.868,-0.152,0.136,0.000,0.000,waitingForTarget,noEvent
6382,10,30,rld,15:14:27.118,62470,1.915,-0.152,0.136,0.000,0.000,waitingForTarget,noEvent
6382,10,30,rld,15:14:27.149,62471,1.944,-0.152,0.136,0.000,0.000,waitingForTarget,noEvent
6382,10,30,rld,15:14:27.189,62472,0.040,-0.152,0.136,0.000,0.000,activeTracking,targetAppeared
6382,10,30,rld,15:14:27.221,62473,0.072,-0.152,0.136,0.000,0.000,activeTracking,noEvent
6382,10,30,rld,15:14:27.277,62474,0.127,-0.152,0.136,0.000,0.000,activeTracking,noEvent
6382,10,30,rld,15:14:27.334,62475,0.181,-0.152,0.136,0.000,0.000,activeTracking,noEvent
6382,10,30,rld,15:14:27.364,62476,0.216,-0.152,0.136,0.000,0.000,activeTracking,noEvent
6382,10,30,rld,15:14:27.413,62477,0.264,-0.152,0.136,0.000,0.000,activeTracking,noEvent
6382,10,30,rld,15:14:27.447,62478,0.297,-0.152,0.136,0.000,0.000,activeTracking,noEvent
6382,10,30,rld,15:14:27.502,62479,0.350,-0.152,0.136,0.000,0.000,activeTracking,noEvent
6382,10,30,rld,15:14:27.562,62480,0.409,-0.152,0.136,0.000,0.000,activeTracking,noEvent
6382,10,30,rld,15:14:27.624,62481,0.469,-0.152,0.136,0.000,0.000,activeTracking,noEvent
6382,10,30,rld,15:14:27.657,62482,0.509,-0.152,0.136,0.000,0.000,activeTracking,noEvent
6382,10,30,rld,15:14:27.698,62483,0.547,-0.152,0.136,0.000,0.000,activeTracking,noEvent
6382,10,30,rld,15:14:27.736,62484,0.582,-0.152,0.136,0.000,0.000,activeTracking,noEvent
6382,10,30,rld,15:14:27.807,62485,0.659,-0.152,0.136,0.000,0.000,activeTracking,noEvent
6382,10,30,rld,15:14:27.854,62486,0.701,-0.152,0.136,0.000,0.000,activeTracking,noEvent
6382,10,30,rld,15:14:27.891,62487,0.741,-0.152,0.136,0.000,0.000,activeTracking,noEvent
6382,10,30,rld,15:14:27.939,62488,0.792,-0.152,0.136,0.000,0.000,activeTracking,noEvent
6382,10,30,rld,15:14:27.975,62489,0.826,-0.152,0.136,0.000,0.000,activeTracking,noEvent
6382,10,30,rld,15:14:28.056,62490,0.892,-0.152,0.136,0.000,0.000,activeTracking,failedClick
6382,10,31,rld,15:14:29.672,62524,0.980,-0.152,0.136,0.000,0.000,waitingForTarget,middleTargetClick
6382,10,31,rld,15:14:29.728,62525,1.028,-0.152,0.136,0.000,0.000,waitingForTarget,noEvent
6382,10,31,rld,15:14:29.779,62526,1.092,-0.152,0.136,0.000,0.000,waitingForTarget,noEvent
6382,10,31,rld,15:14:29.842,62527,1.153,-0.152,0.136,0.000,0.000,waitingForTarget,noEvent
6382,10,31,rld,15:14:29.878,62528,1.189,-0.152,0.136,0.000,0.000,waitingForTarget,noEvent
6382,10,31,rld,15:14:29.914,62529,1.221,-0.152,0.136,0.000,0.000,waitingForTarget,noEvent
6382,10,31,rld,15:14:29.958,62530,1.270,-0.152,0.136,0.000,0.000,waitingForTarget,noEvent
6382,10,31,rld,15:14:30.012,62531,1.316,-0.152,0.136,0.000,0.000,waitingForTarget,noEvent
6382,10,31,rld,15:14:30.059,62532,1.372,-0.152,0.136,0.000,0.000,waitingForTarget,noEvent
6382,10,31,rld,15:14:30.093,62533,1.405,-0.152,0.136,0.000,0.000,waitingForTarget,noEvent
6382,10,31,rld,15:14:30.136,62534,0.038,-0.152,0.136,0.000,0.000,activeTracking,targetAppeared
6382,10,31,rld,15:14:30.184,62535,0.085,-0.152,0.136,0.000,0.000,activeTracking,noEvent
6382,10,31,rld,15:14:30.211,62536,0.116,-0.152,0.136,0.000,0.000,activeTracking,noEvent
6382,10,31,rld,15:14:30.247,62537,0.149,-0.152,0.136,0.000,0.000,activeTracking,noEvent
6382,10,31,rld,15:14:30.296,62538,0.201,-0.152,0.136,0.000,0.000,activeTracking,noEvent
6382,10,31,rld,15:14:30.346,62539,0.243,-0.152,0.136,0.000,0.000,activeTracking,noEvent
6382,10,31,rld,15:14:30.388,62540,0.286,-0.152,0.136,0.000,0.000,activeTracking,noEvent
6382,10,31,rld,15:14:30.421,62541,0.327,-0.152,0.136,0.000,0.000,activeTracking,noEvent
6382,10,31,rld,15:14:30.478,62542,0.384,-0.152,0.136,0.000,0.000,activeTracking,noEvent
6382,10,31,rld,15:14:30.524,62543,0.428,-0.152,0.136,0.000,0.000,activeTracking,noEvent
6382,10,31,rld,15:14:30.571,62544,0.474,-0.152,0.136,0.000,0.000,activeTracking,noEvent
6382,10,31,rld,15:14:30.606,62545,0.513,-0.152,0.136,0.000,0.000,activeTracking,noEvent
6382,10,31,rld,15:14:30.650,62546,0.557,-0.152,0.136,0.000,0.000,activeTracking,noEvent
6382,10,31,rld,15:14:30.691,62547,0.595,-0.152,0.136,0.000,0.000,activeTracking,noEvent
6382,10,31,rld,15:14:30.722,62548,0.630,-0.152,0.136,0.000,0.000,activeTracking,noEvent
6382,10,31,rld,15:14:30.767,62549,0.668,-0.152,0.136,0.000,0.000,activeTracking,noEvent
6382,10,31,rld,15:14:30.826,62550,0.728,-0.152,0.136,0.000,0.000,activeTracking,noEvent
6382,10,31,rld,15:14:31.055,62551,0.950,-0.931,0.217,-6.900,0.700,activeTracking,noEvent
6382,10,31,rld,15:14:31.141,62552,1.048,-1.319,0.245,-1.100,0.000,activeTracking,noEvent
6382,10,31,rld,15:14:31.225,62553,1.120,-1.530,0.255,-0.700,0.000,activeTracking,noEvent
6382,10,31,rld,15:14:31.347,62554,1.207,-1.704,0.259,-0.900,0.000,activeTracking,noEvent
6382,10,31,rld,15:14:31.487,62555,1.355,-1.996,0.204,-2.000,-0.500,activeTracking,noEvent
6382,10,31,rld,15:14:31.546,62556,1.447,-2.118,0.186,-0.200,0.000,activeTracking,noEvent
6382,10,31,rld,15:14:31.622,62557,1.519,-2.171,0.168,-0.100,-0.100,activeTracking,noEvent
6382,10,31,rld,15:14:31.723,62558,1.623,-2.295,0.071,-0.900,-0.800,activeTracking,noEvent
6382,10,31,rld,15:14:31.849,62559,1.737,-2.456,-0.043,-1.000,-0.700,onTarget,noEvent
6382,10,31,rld,15:14:31.901,62560,1.797,-2.546,-0.104,-0.300,-0.200,onTarget,noEvent
6382,10,31,rld,15:14:31.969,62561,1.869,-2.612,-0.148,-0.300,-0.200,onTarget,noEvent
6382,10,31,rld,15:14:32.025,62562,1.926,-2.646,-0.163,-0.100,0.000,onTarget,noEvent
6382,10,31,rld,15:14:32.075,62563,1.978,-2.658,-0.168,0.000,0.000,onTarget,noEvent
6382,10,31,rld,15:14:32.130,62564,2.034,-2.662,-0.169,0.000,0.000,onTarget,noEvent
6382,10,31,rld,15:14:32.178,62565,2.085,-2.663,-0.170,0.000,0.000,onTarget,noEvent
6382,10,31,rld,15:14:32.213,62566,2.121,-2.663,-0.170,0.000,0.000,onTarget,noEvent
6382,10,31,rld,15:14:32.262,62567,2.168,-2.663,-0.170,0.000,0.000,onTarget,noEvent
6382,10,31,rld,15:14:32.306,62568,2.202,-2.664,-0.170,0.000,0.000,onTarget,noEvent
6382,10,31,rld,15:14:32.347,62569,2.249,-2.664,-0.170,0.000,0.000,onTarget,noEvent
6382,10,31,rld,15:14:32.378,62570,2.285,-2.664,-0.170,0.000,0.000,onTarget,noEvent
6382,10,31,rld,15:14:32.443,62571,2.333,-2.664,-0.170,0.000,0.000,onTarget,noEvent
6382,10,31,rld,15:14:32.508,62572,2.404,-2.664,-0.170,0.000,0.000,onTarget,targetClick
6382,10,32,rld,15:14:35.600,62622,2.468,0.000,0.390,0.000,0.000,waitingForTarget,middleTargetClick
6382,10,32,rld,15:14:35.654,62623,2.521,0.000,0.390,0.000,0.000,waitingForTarget,noEvent
6382,10,32,rld,15:14:35.723,62624,2.591,0.000,0.390,0.000,0.000,waitingForTarget,noEvent
6382,10,32,rld,15:14:35.775,62625,2.650,0.000,0.390,0.000,0.000,waitingForTarget,noEvent
6382,10,32,rld,15:14:35.829,62626,2.701,0.000,0.390,0.000,0.000,waitingForTarget,noEvent
6382,10,32,rld,15:14:35.867,62627,2.741,0.000,0.390,0.000,0.000,waitingForTarget,noEvent
6382,10,32,rld,15:14:35.907,62628,2.787,0.000,0.390,0.000,0.000,waitingForTarget,noEvent
6382,10,32,rld,15:14:35.958,62629,2.837,0.000,0.390,0.000,0.000,waitingForTarget,noEvent
6382,10,32,rld,15:14:35.997,62630,2.870,0.000,0.390,0.000,0.000,waitingForTarget,noEvent
6382,10,32,rld,15:14:36.045,62631,0.050,0.000,0.390,0.000,0.000,activeTracking,targetAppeared
6382,10,32,rld,15:14:36.092,62632,0.102,0.000,0.390,0.000,0.000,activeTracking,noEvent
6382,10,32,rld,15:14:36.136,62633,0.140,0.000,0.390,0.000,0.000,activeTracking,noEvent
6382,10,32,rld,15:14:36.174,62634,0.184,0.000,0.390,0.000,0.000,activeTracking,noEvent
6382,10,32,rld,15:14:36.227,62635,0.238,0.000,0.390,0.000,0.000,activeTracking,noEvent
6382,10,32,rld,15:14:36.256,62636,0.266,0.000,0.390,0.000,0.000,activeTracking,noEvent
6382,10,32,rld,15:14:36.323,62637,0.328,0.000,0.390,0.000,0.000,activeTracking,noEvent
6382,10,32,rld,15:14:36.386,62638,0.389,0.000,0.390,0.000,0.000,activeTracking,noEvent
6382,10,32,rld,15:14:36.426,62639,0.432,0.000,0.390,0.000,0.000,activeTracking,noEvent
6382,10,32,rld,15:14:36.471,62640,0.480,0.000,0.390,0.000,0.000,activeTracking,noEvent
6382,10,32,rld,15:14:36.656,62641,0.652,-1.164,0.314,-10.300,-0.700,activeTracking,noEvent
6382,10,32,rld,15:14:36.777,62642,0.771,-1.686,0.279,-1.100,-0.100,activeTracking,noEvent
6382,10,32,rld,15:14:36.858,62643,0.851,-1.932,0.268,-0.600,0.000,activeTracking,noEvent
6382,10,32,rld,15:14:36.919,62644,0.917,-2.038,0.253,-0.200,-0.100,activeTracking,noEvent
6382,10,32,rld,15:14:36.978,62645,0.980,-2.108,0.248,-0.300,0.000,activeTracking,noEvent
6382,10,32,rld,15:14:37.044,62646,1.049,-2.179,0.247,-0.400,0.000,activeTracking,noEvent
6382,10,32,rld,15:14:37.127,62647,1.130,-2.227,0.247,-0.200,0.000,activeTracking,noEvent
6382,10,32,rld,15:14:37.172,62648,1.183,-2.242,0.247,0.000,0.000,activeTracking,noEvent
6382,10,32,rld,15:14:37.240,62649,1.246,-2.259,0.247,-0.100,0.000,activeTracking,noEvent
6382,10,32,rld,15:14:37.384,62650,1.370,-2.337,0.201,-0.600,-0.400,activeTracking,noEvent
6382,10,32,rld,15:14:37.486,62651,1.484,-2.638,0.083,-2.300,-0.900,onTarget,noEvent
6382,10,32,rld,15:14:37.535,62652,1.541,-2.777,0.043,-0.300,0.000,onTarget,noEvent
6382,10,32,rld,15:14:37.578,62653,1.587,-2.823,0.030,0.000,0.000,onTarget,noEvent
6382,10,32,rld,15:14:37.627,62654,1.635,-2.838,0.025,0.000,0.000,onTarget,noEvent
6382,10,32,rld,15:14:37.694,62655,1.697,-2.843,0.024,0.000,0.000,onTarget,noEvent
6382,10,32,rld,15:14:37.729,62656,1.738,-2.845,0.023,0.000,0.000,onTarget,noEvent
6382,10,32,rld,15:14:37.794,62657,1.803,-2.846,0.023,0.000,0.000,onTarget,noEvent
6382,10,32,rld,15:14:37.823,62658,1.833,-2.846,0.023,0.000,0.000,onTarget,noEvent
6382,10,32,rld,15:14:37.871,62659,1.869,-2.846,0.023,0.000,0.000,onTarget,noEvent
6382,10,32,rld,15:14:37.909,62660,1.910,-2.846,0.023,0.000,0.000,onTarget,noEvent
6382,10,32,rld,15:14:37.975,62661,1.972,-2.846,0.023,0.000,0.000,onTarget,noEvent
6382,10,32,rld,15:14:38.034,62662,2.037,-2.846,0.023,0.000,0.000,onTarget,targetClick
6382,10,33,rld,15:14:40.437,62699,2.116,-0.118,0.255,0.000,0.000,waitingForTarget,middleTargetClick
6382,10,33,rld,15:14:40.496,62700,2.186,-0.118,0.255,0.000,0.000,waitingForTarget,noEvent
6382,10,33,rld,15:14:40.546,62701,2.228,-0.118,0.255,0.000,0.000,waitingForTarget,noEvent
6382,10,33,rld,15:14:40.597,62702,2.271,-0.118,0.255,0.000,0.000,waitingForTarget,noEvent
6382,10,33,rld,15:14:40.660,62703,2.349,-0.118,0.255,0.000,0.000,waitingForTarget,noEvent
6382,10,33,rld,15:14:40.695,62704,2.379,-0.118,0.255,0.000,0.000,waitingForTarget,noEvent
6382,10,33,rld,15:14:40.752,62705,2.436,-0.118,0.255,0.000,0.000,waitingForTarget,noEvent
6382,10,33,rld,15:14:40.807,62706,2.497,-0.118,0.255,0.000,0.000,waitingForTarget,noEvent
6382,10,33,rld,15:14:40.839,62707,2.528,-0.118,0.255,0.000,0.000,waitingForTarget,noEvent
6382,10,33,rld,15:14:40.879,62708,0.040,-0.118,0.255,0.000,0.000,activeTracking,targetAppeared
6382,10,33,rld,15:14:40.968,62709,0.122,-0.118,0.255,0.000,0.000,activeTracking,noEvent
6382,10,33,rld,15:14:41.011,62710,0.169,-0.118,0.255,0.000,0.000,activeTracking,noEvent
6382,10,33,rld,15:14:41.135,62711,0.264,-0.073,0.243,0.400,-0.100,activeTracking,noEvent
6382,10,33,rld,15:14:41.242,62712,0.391,0.381,0.195,3.900,-0.400,activeTracking,noEvent
6382,10,33,rld,15:14:41.349,62713,0.492,-0.650,0.258,-10.500,0.700,activeTracking,noEvent
6382,10,33,rld,15:14:41.528,62714,0.631,-1.627,0.340,-5.500,0.500,activeTracking,noEvent
6382,10,33,rld,15:14:41.657,62715,0.758,-2.313,0.396,-3.000,0.200,activeTracking,noEvent
6382,10,33,rld,15:14:41.728,62716,0.870,-2.618,0.417,-0.600,0.000,activeTracking,noEvent
6382,10,33,rld,15:14:41.772,62717,0.932,-2.733,0.424,-0.100,0.000,activeTracking,noEvent
6382,10,33,rld,15:14:41.886,62718,1.034,-2.808,0.462,-0.300,0.300,activeTracking,noEvent
6382,10,33,rld,15:14:41.927,62719,1.087,-2.833,0.487,0.000,0.100,activeTracking,noEvent
6382,10,33,rld,15:14:41.977,62720,1.132,-2.842,0.495,0.000,0.000,activeTracking,noEvent
6382,10,33,rld,15:14:42.072,62721,1.198,-2.820,0.497,0.200,0.000,activeTracking,noEvent
6382,10,33,rld,15:14:42.179,62722,1.333,-2.655,0.472,1.300,-0.200,activeTracking,noEvent
6382,10,33,rld,15:14:42.245,62723,1.400,-2.540,0.428,0.500,-0.300,activeTracking,noEvent
6382,10,33,rld,15:14:42.304,62724,1.465,-2.478,0.401,0.200,-0.100,activeTracking,noEvent
6382,10,33,rld,15:14:42.345,62725,1.501,-2.457,0.392,0.000,0.000,activeTracking,noEvent
6382,10,33,rld,15:14:42.427,62726,1.580,-2.450,0.378,0.000,-0.100,activeTracking,noEvent
6382,10,33,rld,15:14:42.487,62727,1.638,-2.448,0.361,0.000,-0.100,activeTracking,noEvent
6382,10,33,rld,15:14:42.545,62728,1.687,-2.447,0.356,0.000,0.000,activeTracking,noEvent
6382,10,33,rld,15:14:42.593,62729,1.752,-2.459,0.342,-0.100,-0.100,activeTracking,noEvent
6382,10,33,rld,15:14:42.639,62730,1.791,-2.463,0.338,0.000,0.000,activeTracking,noEvent
6382,10,33,rld,15:14:42.700,62731,1.850,-2.464,0.325,0.000,-0.100,activeTracking,noEvent
6382,10,33,rld,15:14:42.744,62732,1.892,-2.465,0.320,0.000,0.000,activeTracking,noEvent
6382,10,33,rld,15:14:42.788,62733,1.941,-2.465,0.319,0.000,0.000,activeTracking,noEvent
6382,10,33,rld,15:14:42.833,62734,1.988,-2.465,0.318,0.000,0.000,activeTracking,noEvent
6382,10,33,rld,15:14:42.912,62735,2.068,-2.489,0.319,-0.200,0.000,activeTracking,noEvent
6382,10,33,rld,15:14:42.961,62736,2.110,-2.497,0.319,0.000,0.000,activeTracking,noEvent
6382,10,33,rld,15:14:43.007,62737,2.159,-2.499,0.319,0.000,0.000,activeTracking,noEvent
6382,10,33,rld,15:14:43.055,62738,2.204,-2.500,0.319,0.000,0.000,activeTracking,noEvent
6382,10,33,rld,15:14:43.096,62739,2.251,-2.501,0.319,0.000,0.000,activeTracking,noEvent
6382,10,33,rld,15:14:43.140,62740,2.291,-2.501,0.319,0.000,0.000,activeTracking,noEvent
6382,10,33,rld,15:14:43.172,62741,2.332,-2.501,0.319,0.000,0.000,activeTracking,noEvent
6382,10,33,rld,15:14:43.223,62742,2.372,-2.501,0.319,0.000,0.000,activeTracking,noEvent
6382,10,33,rld,15:14:43.269,62743,2.431,-2.501,0.319,0.000,0.000,activeTracking,noEvent
6382,10,33,rld,15:14:43.340,62744,2.490,-2.501,0.319,0.000,0.000,activeTracking,noEvent
6382,10,33,rld,15:14:43.393,62745,2.541,-2.501,0.319,0.000,0.000,activeTracking,failedClick
6382,10,34,rld,15:14:45.523,62777,2.619,-0.051,0.136,0.000,0.000,waitingForTarget,middleTargetClick
6382,10,34,rld,15:14:45.561,62778,2.660,-0.051,0.136,0.000,0.000,waitingForTarget,noEvent
6382,10,34,rld,15:14:45.609,62779,2.711,-0.051,0.136,0.000,0.000,waitingForTarget,noEvent
6382,10,34,rld,15:14:45.665,62780,2.757,-0.051,0.136,0.000,0.000,waitingForTarget,noEvent
6382,10,34,rld,15:14:45.711,62781,2.809,-0.051,0.136,0.000,0.000,waitingForTarget,noEvent
6382,10,34,rld,15:14:45.746,62782,2.846,-0.051,0.136,0.000,0.000,waitingForTarget,noEvent
6382,10,34,rld,15:14:45.788,62783,2.890,-0.051,0.136,0.000,0.000,waitingForTarget,noEvent
6382,10,34,rld,15:14:45.839,62784,2.933,-0.051,0.136,0.000,0.000,waitingForTarget,noEvent
6382,10,34,rld,15:14:45.886,62785,2.976,-0.051,0.136,0.000,0.000,waitingForTarget,noEvent
6382,10,34,rld,15:14:45.923,62786,3.021,-0.051,0.136,0.000,0.000,waitingForTarget,noEvent
6382,10,34,rld,15:14:45.963,62787,0.036,-0.051,0.136,0.000,0.000,activeTracking,targetAppeared
6382,10,34,rld,15:14:46.012,62788,0.090,-0.051,0.136,0.000,0.000,activeTracking,noEvent
6382,10,34,rld,15:14:46.069,62789,0.146,-0.051,0.136,0.000,0.000,activeTracking,noEvent
6382,10,34,rld,15:14:46.094,62790,0.174,-0.051,0.136,0.000,0.000,activeTracking,noEvent
6382,10,34,rld,15:14:46.148,62791,0.224,-0.051,0.136,0.000,0.000,activeTracking,noEvent
6382,10,34,rld,15:14:46.194,62792,0.270,-0.051,0.136,0.000,0.000,activeTracking,noEvent
6382,10,34,rld,15:14:46.245,62793,0.311,-0.051,0.136,0.000,0.000,activeTracking,noEvent
6382,10,34,rld,15:14:46.292,62794,0.361,-0.051,0.136,0.000,0.000,activeTracking,noEvent
6382,10,34,rld,15:14:46.329,62795,0.401,-0.051,0.136,0.000,0.000,activeTracking,noEvent
6382,10,34,rld,15:14:46.376,62796,0.454,-0.051,0.136,0.000,0.000,activeTracking,noEvent
6382,10,34,rld,15:14:46.413,62797,0.486,-0.051,0.136,0.000,0.000,activeTracking,noEvent
6382,10,34,rld,15:14:46.470,62798,0.541,-0.051,0.136,0.000,0.000,activeTracking,noEvent
6382,10,34,rld,15:14:46.538,62799,0.611,-0.051,0.136,0.000,0.000,activeTracking,failedClick
6382,10,35,rld,15:14:47.613,62821,0.661,-0.051,0.136,0.000,0.000,waitingForTarget,middleTargetClick
6382,10,35,rld,15:14:47.669,62822,0.730,-0.051,0.136,0.000,0.000,waitingForTarget,noEvent
6382,10,35,rld,15:14:47.709,62823,0.759,-0.051,0.136,0.000,0.000,waitingForTarget,noEvent
6382,10,35,rld,15:14:47.769,62824,0.829,-0.051,0.136,0.000,0.000,waitingForTarget,noEvent
6382,10,35,rld,15:14:47.835,62825,0.894,-0.051,0.136,0.000,0.000,waitingForTarget,noEvent
6382,10,35,rld,15:14:47.862,62826,0.921,-0.051,0.136,0.000,0.000,waitingForTarget,noEvent
6382,10,35,rld,15:14:47.906,62827,0.955,-0.051,0.136,0.000,0.000,waitingForTarget,noEvent
6382,10,35,rld,15:14:47.954,62828,1.003,-0.051,0.136,0.000,0.000,waitingForTarget,noEvent
6382,10,35,rld,15:14:47.987,62829,1.047,-0.051,0.136,0.000,0.000,waitingForTarget,noEvent
6382,10,35,rld,15:14:48.021,62830,1.081,-0.051,0.136,0.000,0.000,waitingForTarget,noEvent
6382,10,35,rld,15:14:48.061,62831,0.037,-0.051,0.136,0.000,0.000,activeTracking,targetAppeared
6382,10,35,rld,15:14:48.107,62832,0.086,-0.051,0.136,0.000,0.000,activeTracking,noEvent
6382,10,35,rld,15:14:48.155,62833,0.130,-0.051,0.136,0.000,0.000,activeTracking,noEvent
6382,10,35,rld,15:14:48.194,62834,0.167,-0.051,0.136,0.000,0.000,activeTracking,noEvent
6382,10,35,rld,15:14:48.227,62835,0.205,-0.051,0.136,0.000,0.000,activeTracking,noEvent
6382,10,35,rld,15:14:48.269,62836,0.242,-0.051,0.136,0.000,0.000,activeTracking,noEvent
6382,10,35,rld,15:14:48.311,62837,0.288,-0.051,0.136,0.000,0.000,activeTracking,noEvent
6382,10,35,rld,15:14:48.358,62838,0.333,-0.051,0.136,0.000,0.000,activeTracking,noEvent
6382,10,35,rld,15:14:48.427,62839,0.402,-0.051,0.136,0.000,0.000,activeTracking,noEvent
6382,10,35,rld,15:14:48.471,62840,0.450,-0.051,0.136,0.000,0.000,activeTracking,noEvent
6382,10,35,rld,15:14:48.513,62841,0.485,-0.051,0.136,0.000,0.000,activeTracking,noEvent
6382,10,35,rld,15:14:48.588,62842,0.558,-0.051,0.136,0.000,0.000,activeTracking,noEvent
6382,10,35,rld,15:14:48.706,62843,0.624,-0.051,0.136,0.000,0.000,activeTracking,noEvent
6382,10,35,rld,15:14:48.806,62844,0.770,1.056,0.138,9.800,0.000,activeTracking,noEvent
6382,10,35,rld,15:14:48.860,62845,0.827,1.464,0.128,0.300,-0.100,activeTracking,noEvent
6382,10,35,rld,15:14:48.904,62846,0.875,1.602,0.124,0.000,0.000,activeTracking,noEvent
6382,10,35,rld,15:14:48.947,62847,0.923,1.647,0.123,0.000,0.000,activeTracking,noEvent
6382,10,35,rld,15:14:49.006,62848,0.975,1.663,0.123,0.000,0.000,activeTracking,noEvent
6382,10,35,rld,15:14:49.071,62849,1.039,1.668,0.123,0.000,0.000,activeTracking,noEvent
6382,10,35,rld,15:14:49.108,62850,1.087,1.669,0.123,0.000,0.000,activeTracking,noEvent
6382,10,35,rld,15:14:49.159,62851,1.136,1.670,0.123,0.000,0.000,activeTracking,noEvent
6382,10,35,rld,15:14:49.225,62852,1.196,1.670,0.123,0.000,0.000,activeTracking,noEvent
6382,10,35,rld,15:14:49.271,62853,1.247,1.670,0.123,0.000,0.000,activeTracking,noEvent
6382,10,35,rld,15:14:49.328,62854,1.301,1.670,0.123,0.000,0.000,activeTracking,noEvent
6382,10,35,rld,15:14:49.377,62855,1.356,1.670,0.123,0.000,0.000,activeTracking,noEvent
6382,10,35,rld,15:14:49.503,62856,1.472,1.775,0.100,0.900,-0.200,activeTracking,noEvent
6382,10,35,rld,15:14:49.575,62857,1.552,1.903,0.093,0.800,0.000,activeTracking,noEvent
6382,10,35,rld,15:14:49.653,62858,1.622,2.016,0.102,0.600,0.100,activeTracking,noEvent
6382,10,35,rld,15:14:49.728,62859,1.694,2.113,0.106,0.500,0.000,activeTracking,noEvent
6382,10,35,rld,15:14:49.801,62860,1.777,2.204,0.119,0.500,0.100,activeTracking,noEvent
6382,10,35,rld,15:14:49.894,62861,1.865,2.271,0.123,0.300,0.000,activeTracking,noEvent
6382,10,35,rld,15:14:49.956,62862,1.919,2.305,0.125,0.100,0.000,activeTracking,noEvent
6382,10,35,rld,15:14:50.046,62863,2.017,2.364,0.137,0.400,0.100,activeTracking,noEvent
6382,10,35,rld,15:14:50.135,62864,2.108,2.467,0.154,0.700,0.100,onTarget,noEvent
6382,10,35,rld,15:14:50.184,62865,2.157,2.538,0.159,0.300,0.000,onTarget,noEvent
6382,10,35,rld,15:14:50.238,62866,2.214,2.573,0.161,0.100,0.000,onTarget,noEvent
6382,10,35,rld,15:14:50.286,62867,2.258,2.585,0.162,0.000,0.000,onTarget,noEvent
6382,10,35,rld,15:14:50.342,62868,2.320,2.601,0.162,0.100,0.000,onTarget,noEvent
6382,10,35,rld,15:14:50.408,62869,2.379,2.631,0.162,0.200,0.000,onTarget,noEvent
6382,10,35,rld,15:14:50.484,62870,2.449,2.665,0.163,0.200,0.000,onTarget,noEvent
6382,10,35,rld,15:14:50.527,62871,2.505,2.688,0.163,0.100,0.000,onTarget,noEvent
6382,10,35,rld,15:14:50.578,62872,2.548,2.696,0.163,0.000,0.000,onTarget,noEvent
6382,10,35,rld,15:14:50.619,62873,2.588,2.699,0.163,0.000,0.000,onTarget,noEvent
6382,10,35,rld,15:14:50.673,62874,2.637,2.700,0.163,0.000,0.000,onTarget,noEvent
6382,10,35,rld,15:14:50.726,62875,2.694,2.700,0.163,0.000,0.000,onTarget,targetClick
6382,10,36,rld,15:14:53.857,62925,2.764,0.000,-0.084,0.000,0.000,waitingForTarget,middleTargetClick
6382,10,36,rld,15:14:53.913,62926,2.825,0.000,-0.083,0.000,0.000,waitingForTarget,noEvent
6382,10,36,rld,15:14:53.961,62927,2.880,0.000,-0.083,0.000,0.000,waitingForTarget,noEvent
6382,10,36,rld,15:14:54.021,62928,2.944,0.000,-0.083,0.000,0.000,waitingForTarget,noEvent
6382,10,36,rld,15:14:54.068,62929,2.985,0.000,-0.083,0.000,0.000,waitingForTarget,noEvent
6382,10,36,rld,15:14:54.101,62930,3.025,0.000,-0.083,0.000,0.000,waitingForTarget,noEvent
6382,10,36,rld,15:14:54.149,62931,3.071,0.000,-0.083,0.000,0.000,waitingForTarget,noEvent
6382,10,36,rld,15:14:54.209,62932,3.133,0.000,-0.083,0.000,0.000,waitingForTarget,noEvent
6382,10,36,rld,15:14:54.256,62933,3.181,0.000,-0.083,0.000,0.000,waitingForTarget,noEvent
6382,10,36,rld,15:14:54.323,62934,0.055,0.000,-0.083,0.000,0.000,activeTracking,targetAppeared
6382,10,36,rld,15:14:54.377,62935,0.120,0.000,-0.083,0.000,0.000,activeTracking,noEvent
6382,10,36,rld,15:14:54.429,62936,0.168,0.000,-0.083,0.000,0.000,activeTracking,noEvent
6382,10,36,rld,15:14:54.479,62937,0.220,0.000,-0.083,0.000,0.000,activeTracking,noEvent
6382,10,36,rld,15:14:54.528,62938,0.271,0.000,-0.083,0.000,0.000,activeTracking,noEvent
6382,10,36,rld,15:14:54.569,62939,0.313,0.000,-0.083,0.000,0.000,activeTracking,noEvent
6382,10,36,rld,15:14:54.608,62940,0.351,0.000,-0.083,0.000,0.000,activeTracking,noEvent
6382,10,36,rld,15:14:54.665,62941,0.391,0.000,-0.083,0.000,0.000,activeTracking,noEvent
6382,10,36,rld,15:14:54.710,62942,0.443,0.000,-0.083,0.000,0.000,activeTracking,noEvent
6382,10,36,rld,15:14:54.757,62943,0.500,0.000,-0.083,0.000,0.000,activeTracking,noEvent
6382,10,36,rld,15:14:54.820,62944,0.553,0.000,-0.083,0.000,0.000,activeTracking,noEvent
6382,10,36,rld,15:14:54.866,62945,0.601,0.000,-0.083,0.000,0.000,activeTracking,noEvent
6382,10,36,rld,15:14:54.976,62946,0.715,-1.256,0.030,-11.100,1.000,activeTracking,noEvent
6382,10,36,rld,15:14:55.036,62947,0.773,-1.693,0.069,-0.100,0.000,activeTracking,noEvent
6382,10,36,rld,15:14:55.085,62948,0.823,-1.864,0.083,-0.200,0.000,activeTracking,noEvent
6382,10,36,rld,15:14:55.211,62949,0.931,-2.227,0.088,-2.600,0.000,activeTracking,noEvent
6382,10,36,rld,15:14:55.304,62950,1.033,-2.481,0.091,-1.100,0.000,onTarget,noEvent
6382,10,36,rld,15:14:55.357,62951,1.090,-2.590,0.092,-0.200,0.000,onTarget,noEvent
6382,10,36,rld,15:14:55.395,62952,1.135,-2.627,0.092,0.000,0.000,onTarget,noEvent
6382,10,36,rld,15:14:55.446,62953,1.179,-2.639,0.092,0.000,0.000,onTarget,noEvent
6382,10,36,rld,15:14:55.496,62954,1.240,-2.643,0.092,0.000,0.000,onTarget,noEvent
6382,10,36,rld,15:14:55.565,62955,1.305,-2.645,0.092,0.000,0.000,onTarget,noEvent
6382,10,36,rld,15:14:55.607,62956,1.349,-2.645,0.092,0.000,0.000,onTarget,noEvent
6382,10,36,rld,15:14:55.656,62957,1.398,-2.645,0.092,0.000,0.000,onTarget,noEvent
6382,10,36,rld,15:14:55.695,62958,1.439,-2.645,0.092,0.000,0.000,onTarget,noEvent
6382,10,36,rld,15:14:55.766,62959,1.503,-2.645,0.092,0.000,0.000,onTarget,noEvent
6382,10,36,rld,15:14:55.835,62960,1.572,-2.645,0.092,0.000,0.000,onTarget,targetClick
6382,10,37,rld,15:14:58.010,62993,1.638,-0.203,0.069,0.000,0.000,waitingForTarget,middleTargetClick
6382,10,37,rld,15:14:58.075,62994,1.713,-0.203,0.069,0.000,0.000,waitingForTarget,noEvent
6382,10,37,rld,15:14:58.128,62995,1.762,-0.203,0.069,0.000,0.000,waitingForTarget,noEvent
6382,10,37,rld,15:14:58.164,62996,1.802,-0.203,0.069,0.000,0.000,waitingForTarget,noEvent
6382,10,37,rld,15:14:58.202,62997,1.844,-0.203,0.069,0.000,0.000,waitingForTarget,noEvent
6382,10,37,rld,15:14:58.238,62998,1.879,-0.203,0.069,0.000,0.000,waitingForTarget,noEvent
6382,10,37,rld,15:14:58.277,62999,1.913,-0.203,0.069,0.000,0.000,waitingForTarget,noEvent
6382,10,37,rld,15:14:58.319,63000,1.956,-0.203,0.069,0.000,0.000,waitingForTarget,noEvent
6382,10,37,rld,15:14:58.353,63001,1.989,-0.203,0.069,0.000,0.000,waitingForTarget,noEvent
6382,10,37,rld,15:14:58.388,63002,2.022,-0.203,0.069,0.000,0.000,waitingForTarget,noEvent
6382,10,37,rld,15:14:58.421,63003,2.063,-0.203,0.069,0.000,0.000,waitingForTarget,noEvent
6382,10,37,rld,15:14:58.487,63004,0.060,-0.203,0.069,0.000,0.000,activeTracking,targetAppeared
6382,10,37,rld,15:14:58.553,63005,0.129,-0.203,0.069,0.000,0.000,activeTracking,noEvent
6382,10,37,rld,15:14:58.616,63006,0.176,-0.203,0.069,0.000,0.000,activeTracking,noEvent
6382,10,37,rld,15:14:58.659,63007,0.231,-0.203,0.069,0.000,0.000,activeTracking,noEvent
6382,10,37,rld,15:14:58.715,63008,0.287,-0.203,0.069,0.000,0.000,activeTracking,noEvent
6382,10,37,rld,15:14:58.769,63009,0.342,-0.203,0.069,0.000,0.000,activeTracking,noEvent
6382,10,37,rld,15:14:58.829,63010,0.407,-0.203,0.069,0.000,0.000,activeTracking,noEvent
6382,10,37,rld,15:14:58.929,63011,0.508,-0.124,0.069,0.700,0.000,activeTracking,noEvent
6382,10,37,rld,15:14:59.029,63012,0.607,-0.176,0.069,-0.700,0.000,activeTracking,noEvent
6382,10,37,rld,15:14:59.134,63013,0.697,-0.814,0.081,-5.500,0.100,activeTracking,noEvent
6382,10,37,rld,15:14:59.277,63014,0.844,-1.314,0.085,-2.500,0.000,activeTracking,noEvent
6382,10,37,rld,15:14:59.387,63015,0.934,-1.713,0.088,-2.000,0.000,activeTracking,noEvent
6382,10,37,rld,15:14:59.472,63016,1.039,-1.964,0.066,-1.000,-0.200,activeTracking,noEvent
6382,10,37,rld,15:14:59.517,63017,1.095,-2.060,0.059,-0.100,0.000,activeTracking,noEvent
6382,10,37,rld,15:14:59.568,63018,1.142,-2.092,0.057,0.000,0.000,activeTracking,noEvent
6382,10,37,rld,15:14:59.633,63019,1.209,-2.103,0.056,0.000,0.000,activeTracking,noEvent
6382,10,37,rld,15:14:59.708,63020,1.287,-2.107,0.056,0.000,0.000,activeTracking,noEvent
6382,10,37,rld,15:14:59.757,63021,1.324,-2.108,0.056,0.000,0.000,activeTracking,noEvent
6382,10,37,rld,15:14:59.818,63022,1.387,-2.108,0.055,0.000,0.000,activeTracking,noEvent
6382,10,37,rld,15:14:59.878,63023,1.458,-2.120,0.056,-0.100,0.000,activeTracking,noEvent
6382,10,37,rld,15:14:59.985,63024,1.559,-2.219,0.056,-0.800,0.000,activeTracking,noEvent
6382,10,37,rld,15:15:00.078,63025,1.621,-2.311,0.056,-0.500,0.000,activeTracking,noEvent
6382,10,37,rld,15:15:00.145,63026,1.722,-2.413,0.057,-0.600,0.000,onTarget,noEvent
6382,10,37,rld,15:15:00.208,63027,1.776,-2.472,0.057,-0.200,0.000,onTarget,noEvent
6382,10,37,rld,15:15:00.259,63028,1.837,-2.515,0.057,-0.200,0.000,onTarget,noEvent
6382,10,37,rld,15:15:00.309,63029,1.888,-2.542,0.057,-0.100,0.000,onTarget,noEvent
6382,10,37,rld,15:15:00.409,63030,1.988,-2.550,0.057,0.000,0.000,onTarget,noEvent
6382,10,37,rld,15:15:00.471,63031,2.050,-2.553,0.057,0.000,0.000,onTarget,noEvent
6382,10,37,rld,15:15:00.550,63032,2.122,-2.554,0.057,0.000,0.000,onTarget,targetClick
6382,10,38,rld,15:15:02.707,63062,2.194,0.253,0.052,0.000,0.000,waitingForTarget,middleTargetClick
6382,10,38,rld,15:15:02.741,63063,2.235,0.253,0.052,0.000,0.000,waitingForTarget,noEvent
6382,10,38,rld,15:15:02.838,63064,2.332,0.253,0.052,0.000,0.000,waitingForTarget,noEvent
6382,10,38,rld,15:15:02.887,63065,2.374,0.253,0.052,0.000,0.000,waitingForTarget,noEvent
6382,10,38,rld,15:15:02.927,63066,2.414,0.253,0.052,0.000,0.000,waitingForTarget,noEvent
6382,10,38,rld,15:15:02.962,63067,2.457,0.253,0.052,0.000,0.000,waitingForTarget,noEvent
6382,10,38,rld,15:15:03.012,63068,2.503,0.253,0.052,0.000,0.000,waitingForTarget,noEvent
6382,10,38,rld,15:15:03.058,63069,2.541,0.253,0.052,0.000,0.000,waitingForTarget,noEvent
6382,10,38,rld,15:15:03.098,63070,2.591,0.253,0.052,0.000,0.000,waitingForTarget,noEvent
6382,10,38,rld,15:15:03.139,63071,2.634,0.253,0.052,0.000,0.000,waitingForTarget,noEvent
6382,10,38,rld,15:15:03.176,63072,0.036,0.253,0.052,0.000,0.000,activeTracking,targetAppeared
6382,10,38,rld,15:15:03.238,63073,0.085,0.253,0.052,0.000,0.000,activeTracking,noEvent
6382,10,38,rld,15:15:03.286,63074,0.131,0.253,0.052,0.000,0.000,activeTracking,noEvent
6382,10,38,rld,15:15:03.337,63075,0.189,0.253,0.052,0.000,0.000,activeTracking,noEvent
6382,10,38,rld,15:15:03.378,63076,0.236,0.253,0.052,0.000,0.000,activeTracking,noEvent
6382,10,38,rld,15:15:03.438,63077,0.298,0.253,0.052,0.000,0.000,activeTracking,noEvent
6382,10,38,rld,15:15:03.606,63078,0.462,0.546,0.052,2.600,0.000,activeTracking,noEvent
6382,10,38,rld,15:15:03.820,63079,0.652,-0.527,0.120,-10.400,0.600,activeTracking,noEvent
6382,10,38,rld,15:15:04.023,63080,0.853,-1.619,0.122,-6.400,-0.200,activeTracking,noEvent
6382,10,38,rld,15:15:04.108,63081,0.949,-2.062,0.124,-0.600,0.000,activeTracking,noEvent
6382,10,38,rld,15:15:04.160,63082,1.019,-2.246,0.125,-0.300,0.000,activeTracking,noEvent
6382,10,38,rld,15:15:04.199,63083,1.057,-2.320,0.126,-0.100,0.000,activeTracking,noEvent
6382,10,38,rld,15:15:04.259,63084,1.118,-2.357,0.126,-0.100,0.000,activeTracking,noEvent
6382,10,38,rld,15:15:04.336,63085,1.192,-2.393,0.126,-0.200,0.000,onTarget,noEvent
6382,10,38,rld,15:15:04.397,63086,1.246,-2.417,0.126,-0.100,0.000,onTarget,noEvent
6382,10,38,rld,15:15:04.476,63087,1.334,-2.425,0.126,0.000,0.000,onTarget,noEvent
6382,10,38,rld,15:15:04.521,63088,1.381,-2.428,0.126,0.000,0.000,onTarget,noEvent
6382,10,38,rld,15:15:04.612,63089,1.465,-2.428,0.126,0.000,0.000,onTarget,noEvent
6382,10,38,rld,15:15:04.655,63090,1.513,-2.429,0.126,0.000,0.000,onTarget,noEvent
6382,10,38,rld,15:15:04.704,63091,1.558,-2.429,0.126,0.000,0.000,onTarget,noEvent
6382,10,38,rld,15:15:04.755,63092,1.602,-2.429,0.126,0.000,0.000,onTarget,noEvent
6382,10,38,rld,15:15:04.852,63093,1.707,-2.477,0.092,-0.400,-0.300,onTarget,noEvent
6382,10,38,rld,15:15:04.910,63094,1.770,-2.505,0.080,-0.100,0.000,onTarget,noEvent
6382,10,38,rld,15:15:04.943,63095,1.801,-2.514,0.076,0.000,0.000,onTarget,noEvent
6382,10,38,rld,15:15:04.989,63096,1.848,-2.517,0.075,0.000,0.000,onTarget,noEvent
6382,10,38,rld,15:15:05.026,63097,1.885,-2.518,0.075,0.000,0.000,onTarget,noEvent
6382,10,38,rld,15:15:05.084,63098,1.930,-2.519,0.074,0.000,0.000,onTarget,noEvent
6382,10,38,rld,15:15:05.122,63099,1.979,-2.519,0.074,0.000,0.000,onTarget,noEvent
6382,10,38,rld,15:15:05.173,63100,2.030,-2.519,0.074,0.000,0.000,onTarget,noEvent
6382,10,38,rld,15:15:05.239,63101,2.089,-2.519,0.074,0.000,0.000,onTarget,targetClick
6382,10,39,rld,15:15:07.535,63139,2.153,0.034,0.153,0.000,0.000,waitingForTarget,middleTargetClick
6382,10,39,rld,15:15:07.575,63140,2.206,0.034,0.153,0.000,0.000,waitingForTarget,noEvent
6382,10,39,rld,15:15:07.646,63141,2.281,0.034,0.153,0.000,0.000,waitingForTarget,noEvent
6382,10,39,rld,15:15:07.687,63142,2.320,0.034,0.153,0.000,0.000,waitingForTarget,noEvent
6382,10,39,rld,15:15:07.717,63143,2.352,0.034,0.153,0.000,0.000,waitingForTarget,noEvent
6382,10,39,rld,15:15:07.762,63144,2.391,0.034,0.153,0.000,0.000,waitingForTarget,noEvent
6382,10,39,rld,15:15:07.820,63145,2.443,0.034,0.153,0.000,0.000,waitingForTarget,noEvent
6382,10,39,rld,15:15:07.860,63146,2.485,0.034,0.153,0.000,0.000,waitingForTarget,noEvent
6382,10,39,rld,15:15:07.899,63147,2.524,0.034,0.153,0.000,0.000,waitingForTarget,noEvent
6382,10,39,rld,15:15:07.937,63148,2.563,0.034,0.153,0.000,0.000,waitingForTarget,noEvent
6382,10,39,rld,15:15:07.994,63149,0.059,0.034,0.153,0.000,0.000,activeTracking,targetAppeared
6382,10,39,rld,15:15:08.066,63150,0.129,0.034,0.153,0.000,0.000,activeTracking,noEvent
6382,10,39,rld,15:15:08.109,63151,0.181,0.034,0.153,0.000,0.000,activeTracking,noEvent
6382,10,39,rld,15:15:08.250,63152,0.298,0.518,0.199,4.300,0.400,activeTracking,noEvent
6382,10,39,rld,15:15:08.348,63153,0.392,0.929,0.215,2.200,0.000,activeTracking,noEvent
6382,10,39,rld,15:15:08.407,63154,0.466,1.067,0.232,0.000,0.100,activeTracking,noEvent
6382,10,39,rld,15:15:08.554,63155,0.593,-0.163,0.291,-11.300,0.500,activeTracking,noEvent
6382,10,39,rld,15:15:08.715,63156,0.711,-1.083,0.292,-4.500,-0.200,activeTracking,noEvent
6382,10,39,rld,15:15:08.787,63157,0.850,-1.786,0.295,-3.400,0.000,activeTracking,noEvent
6382,10,39,rld,15:15:08.873,63158,0.941,-2.071,0.297,-0.400,0.000,activeTracking,noEvent
6382,10,39,rld,15:15:08.936,63159,0.999,-2.178,0.298,-0.100,0.000,activeTracking,noEvent
6382,10,39,rld,15:15:08.978,63160,1.050,-2.214,0.298,0.000,0.000,activeTracking,noEvent
6382,10,39,rld,15:15:09.029,63161,1.093,-2.226,0.299,0.000,0.000,activeTracking,noEvent
6382,10,39,rld,15:15:09.086,63162,1.146,-2.230,0.299,0.000,0.000,activeTracking,noEvent
6382,10,39,rld,15:15:09.127,63163,1.199,-2.232,0.299,0.000,0.000,activeTracking,noEvent
6382,10,39,rld,15:15:09.237,63164,1.294,-2.315,0.288,-0.700,-0.100,activeTracking,noEvent
6382,10,39,rld,15:15:09.303,63165,1.373,-2.367,0.284,-0.200,0.000,activeTracking,noEvent
6382,10,39,rld,15:15:09.364,63166,1.431,-2.420,0.272,-0.300,-0.100,activeTracking,noEvent
6382,10,39,rld,15:15:09.454,63167,1.511,-2.474,0.245,-0.300,-0.200,onTarget,noEvent
6382,10,39,rld,15:15:09.549,63168,1.591,-2.552,0.166,-0.500,-0.600,onTarget,noEvent
6382,10,39,rld,15:15:09.607,63169,1.675,-2.602,0.094,-0.200,-0.400,onTarget,noEvent
6382,10,39,rld,15:15:09.667,63170,1.733,-2.619,0.081,0.000,0.100,onTarget,noEvent
6382,10,39,rld,15:15:09.708,63171,1.780,-2.624,0.077,0.000,0.000,onTarget,noEvent
6382,10,39,rld,15:15:09.751,63172,1.823,-2.626,0.076,0.000,0.000,onTarget,noEvent
6382,10,39,rld,15:15:09.835,63173,1.884,-2.627,0.075,0.000,0.000,onTarget,noEvent
6382,10,39,rld,15:15:09.891,63174,1.953,-2.627,0.075,0.000,0.000,onTarget,targetClick
6382,10,40,rld,15:15:11.794,63203,2.012,0.118,0.136,0.000,0.000,waitingForTarget,middleTargetClick
6382,10,40,rld,15:15:11.856,63204,2.072,0.118,0.136,0.000,0.000,waitingForTarget,noEvent
6382,10,40,rld,15:15:11.907,63205,2.122,0.118,0.136,0.000,0.000,waitingForTarget,noEvent
6382,10,40,rld,15:15:11.948,63206,2.171,0.118,0.136,0.000,0.000,waitingForTarget,noEvent
6382,10,40,rld,15:15:11.988,63207,2.210,0.118,0.136,0.000,0.000,waitingForTarget,noEvent
6382,10,40,rld,15:15:12.020,63208,2.242,0.118,0.136,0.000,0.000,waitingForTarget,noEvent
6382,10,40,rld,15:15:12.059,63209,2.280,0.118,0.136,0.000,0.000,waitingForTarget,noEvent
6382,10,40,rld,15:15:12.103,63210,2.313,0.118,0.136,0.000,0.000,waitingForTarget,noEvent
6382,10,40,rld,15:15:12.149,63211,2.363,0.118,0.136,0.000,0.000,waitingForTarget,noEvent
6382,10,40,rld,15:15:12.186,63212,2.401,0.118,0.136,0.000,0.000,waitingForTarget,noEvent
6382,10,40,rld,15:15:12.225,63213,2.447,0.118,0.136,0.000,0.000,waitingForTarget,noEvent
6382,10,40,rld,15:15:12.278,63214,0.053,0.118,0.136,0.000,0.000,activeTracking,targetAppeared
6382,10,40,rld,15:15:12.318,63215,0.089,0.118,0.136,0.000,0.000,activeTracking,noEvent
6382,10,40,rld,15:15:12.374,63216,0.147,0.118,0.136,0.000,0.000,activeTracking,noEvent
6382,10,40,rld,15:15:12.438,63217,0.203,0.118,0.136,0.000,0.000,activeTracking,noEvent
6382,10,40,rld,15:15:12.495,63218,0.265,0.118,0.136,0.000,0.000,activeTracking,noEvent
6382,10,40,rld,15:15:12.557,63219,0.327,0.118,0.136,0.000,0.000,activeTracking,noEvent
6382,10,40,rld,15:15:12.606,63220,0.373,0.118,0.136,0.000,0.000,activeTracking,noEvent
6382,10,40,rld,15:15:12.828,63221,0.600,-1.079,0.172,-10.600,0.300,activeTracking,noEvent
6382,10,40,rld,15:15:12.935,63222,0.686,-1.634,0.185,-1.300,0.000,activeTracking,noEvent
6382,10,40,rld,15:15:13.040,63223,0.798,-1.937,0.168,-1.000,-0.200,activeTracking,noEvent
6382,10,40,rld,15:15:13.142,63224,0.915,-2.157,0.140,-1.000,-0.200,activeTracking,noEvent
6382,10,40,rld,15:15:13.202,63225,0.976,-2.302,0.119,-0.600,-0.100,activeTracking,noEvent
6382,10,40,rld,15:15:13.277,63226,1.045,-2.387,0.112,-0.300,0.000,onTarget,noEvent
6382,10,40,rld,15:15:13.318,63227,1.093,-2.415,0.110,0.000,0.000,onTarget,noEvent
6382,10,40,rld,15:15:13.368,63228,1.143,-2.424,0.109,0.000,0.000,onTarget,noEvent
6382,10,40,rld,15:15:13.420,63229,1.185,-2.427,0.097,0.000,-0.100,onTarget,noEvent
6382,10,40,rld,15:15:13.571,63230,1.303,-2.512,0.059,-0.700,-0.300,onTarget,noEvent
6382,10,40,rld,15:15:13.674,63231,1.428,-2.722,-0.058,-1.500,-0.900,onTarget,noEvent
6382,10,40,rld,15:15:13.733,63232,1.505,-2.805,-0.098,-0.100,0.000,onTarget,noEvent
6382,10,40,rld,15:15:13.778,63233,1.553,-2.832,-0.111,0.000,0.000,onTarget,noEvent
6382,10,40,rld,15:15:13.838,63234,1.612,-2.841,-0.115,0.000,0.000,onTarget,noEvent
6382,10,40,rld,15:15:13.884,63235,1.651,-2.844,-0.117,0.000,0.000,onTarget,noEvent
6382,10,40,rld,15:15:13.927,63236,1.687,-2.845,-0.117,0.000,0.000,onTarget,noEvent
6382,10,40,rld,15:15:13.979,63237,1.752,-2.846,-0.118,0.000,0.000,onTarget,noEvent
6382,10,40,rld,15:15:14.017,63238,1.793,-2.846,-0.118,0.000,0.000,onTarget,noEvent
6382,10,40,rld,15:15:14.085,63239,1.848,-2.846,-0.118,0.000,0.000,onTarget,noEvent
6382,10,40,rld,15:15:14.148,63240,1.903,-2.846,-0.118,0.000,0.000,onTarget,noEvent
6382,10,40,rld,15:15:14.207,63241,1.970,-2.846,-0.118,0.000,0.000,onTarget,targetClick
6382,10,41,rld,15:15:15.918,63264,2.031,0.472,0.086,0.000,0.000,waitingForTarget,middleTargetClick
6382,10,41,rld,15:15:15.968,63265,2.093,0.473,0.086,0.000,0.000,waitingForTarget,noEvent
6382,10,41,rld,15:15:16.017,63266,2.138,0.473,0.086,0.000,0.000,waitingForTarget,noEvent
6382,10,41,rld,15:15:16.066,63267,2.180,0.473,0.086,0.000,0.000,waitingForTarget,noEvent
6382,10,41,rld,15:15:16.134,63268,2.254,0.473,0.086,0.000,0.000,waitingForTarget,noEvent
6382,10,41,rld,15:15:16.176,63269,2.299,0.473,0.086,0.000,0.000,waitingForTarget,noEvent
6382,10,41,rld,15:15:16.223,63270,2.338,0.473,0.086,0.000,0.000,waitingForTarget,noEvent
6382,10,41,rld,15:15:16.258,63271,2.380,0.473,0.086,0.000,0.000,waitingForTarget,noEvent
6382,10,41,rld,15:15:16.295,63272,2.420,0.473,0.086,0.000,0.000,waitingForTarget,noEvent
6382,10,41,rld,15:15:16.338,63273,2.454,0.473,0.086,0.000,0.000,waitingForTarget,noEvent
6382,10,41,rld,15:15:16.378,63274,0.041,0.473,0.086,0.000,0.000,activeTracking,targetAppeared
6382,10,41,rld,15:15:16.418,63275,0.080,0.473,0.086,0.000,0.000,activeTracking,noEvent
6382,10,41,rld,15:15:16.475,63276,0.140,0.473,0.086,0.000,0.000,activeTracking,noEvent
6382,10,41,rld,15:15:16.510,63277,0.181,0.473,0.086,0.000,0.000,activeTracking,noEvent
6382,10,41,rld,15:15:16.552,63278,0.221,0.473,0.086,0.000,0.000,activeTracking,noEvent
6382,10,41,rld,15:15:16.587,63279,0.250,0.473,0.086,0.000,0.000,activeTracking,noEvent
6382,10,41,rld,15:15:16.622,63280,0.290,0.473,0.086,0.000,0.000,activeTracking,noEvent
6382,10,41,rld,15:15:16.665,63281,0.329,0.473,0.086,0.000,0.000,activeTracking,noEvent
6382,10,41,rld,15:15:16.708,63282,0.379,0.473,0.086,0.000,0.000,activeTracking,noEvent
6382,10,41,rld,15:15:16.797,63283,0.452,0.473,0.086,0.000,0.000,activeTracking,noEvent
6382,10,41,rld,15:15:16.886,63284,0.540,0.473,0.086,0.000,0.000,activeTracking,failedClick
6382,10,42,rld,15:15:18.977,63324,0.620,0.135,0.086,0.000,0.000,waitingForTarget,middleTargetClick
6382,10,42,rld,15:15:19.036,63325,0.696,0.135,0.086,0.000,0.000,waitingForTarget,noEvent
6382,10,42,rld,15:15:19.087,63326,0.750,0.135,0.086,0.000,0.000,waitingForTarget,noEvent
6382,10,42,rld,15:15:19.135,63327,0.793,0.135,0.086,0.000,0.000,waitingForTarget,noEvent
6382,10,42,rld,15:15:19.165,63328,0.824,0.135,0.086,0.000,0.000,waitingForTarget,noEvent
6382,10,42,rld,15:15:19.215,63329,0.873,0.135,0.086,0.000,0.000,waitingForTarget,noEvent
6382,10,42,rld,15:15:19.250,63330,0.907,0.135,0.086,0.000,0.000,waitingForTarget,noEvent
6382,10,42,rld,15:15:19.285,63331,0.946,0.135,0.086,0.000,0.000,waitingForTarget,noEvent
6382,10,42,rld,15:15:19.327,63332,0.987,0.135,0.086,0.000,0.000,waitingForTarget,noEvent
6382,10,42,rld,15:15:19.361,63333,1.025,0.135,0.086,0.000,0.000,waitingForTarget,noEvent
6382,10,42,rld,15:15:19.415,63334,0.045,0.135,0.086,0.000,0.000,activeTracking,targetAppeared
6382,10,42,rld,15:15:19.445,63335,0.083,0.135,0.086,0.000,0.000,activeTracking,noEvent
6382,10,42,rld,15:15:19.514,63336,0.146,0.135,0.086,0.000,0.000,activeTracking,noEvent
6382,10,42,rld,15:15:19.578,63337,0.208,0.135,0.086,0.000,0.000,activeTracking,noEvent
6382,10,42,rld,15:15:19.622,63338,0.248,0.135,0.086,0.000,0.000,activeTracking,noEvent
6382,10,42,rld,15:15:19.661,63339,0.287,0.135,0.086,0.000,0.000,activeTracking,noEvent
6382,10,42,rld,15:15:19.702,63340,0.338,0.135,0.086,0.000,0.000,activeTracking,noEvent
6382,10,42,rld,15:15:19.754,63341,0.387,0.135,0.086,0.000,0.000,activeTracking,noEvent
6382,10,42,rld,15:15:19.789,63342,0.418,0.135,0.086,0.000,0.000,activeTracking,noEvent
6382,10,42,rld,15:15:19.868,63343,0.504,0.135,0.086,0.000,0.000,activeTracking,noEvent
6382,10,42,rld,15:15:19.925,63344,0.558,0.135,0.086,0.000,0.000,activeTracking,noEvent
6382,10,42,rld,15:15:19.961,63345,0.599,0.135,0.086,0.000,0.000,activeTracking,noEvent
6382,10,42,rld,15:15:20.019,63346,0.647,0.135,0.086,0.000,0.000,activeTracking,noEvent
6382,10,42,rld,15:15:20.083,63347,0.716,0.135,0.086,0.000,0.000,activeTracking,noEvent
6382,10,42,rld,15:15:20.222,63348,0.842,-0.158,0.074,-2.600,-0.100,activeTracking,noEvent
6382,10,42,rld,15:15:20.307,63349,0.939,-0.356,0.071,-0.900,0.000,activeTracking,noEvent
6382,10,42,rld,15:15:20.375,63350,1.008,-0.479,0.070,-0.500,0.000,activeTracking,noEvent
6382,10,42,rld,15:15:20.418,63351,1.051,-0.543,0.069,-0.200,0.000,activeTracking,noEvent
6382,10,42,rld,15:15:20.460,63352,1.096,-0.564,0.069,0.000,0.000,activeTracking,noEvent
6382,10,42,rld,15:15:20.517,63353,1.147,-0.571,0.069,0.000,0.000,activeTracking,noEvent
6382,10,42,rld,15:15:20.566,63354,1.197,-0.573,0.069,0.000,0.000,activeTracking,noEvent
6382,10,42,rld,15:15:20.651,63355,1.271,-0.574,0.080,0.000,0.100,activeTracking,noEvent
6382,10,42,rld,15:15:20.705,63356,1.337,-0.574,0.084,0.000,0.000,activeTracking,noEvent
6382,10,42,rld,15:15:20.757,63357,1.382,-0.574,0.085,0.000,0.000,activeTracking,noEvent
6382,10,42,rld,15:15:20.833,63358,1.464,-0.574,0.086,0.000,0.000,activeTracking,failedClick
6382,10,43,rld,15:15:22.566,63389,1.524,0.135,0.103,0.000,0.000,waitingForTarget,middleTargetClick
6382,10,43,rld,15:15:22.621,63390,1.596,0.135,0.103,0.000,0.000,waitingForTarget,noEvent
6382,10,43,rld,15:15:22.680,63391,1.653,0.135,0.103,0.000,0.000,waitingForTarget,noEvent
6382,10,43,rld,15:15:22.722,63392,1.696,0.135,0.103,0.000,0.000,waitingForTarget,noEvent
6382,10,43,rld,15:15:22.753,63393,1.727,0.135,0.103,0.000,0.000,waitingForTarget,noEvent
6382,10,43,rld,15:15:22.807,63394,1.761,0.135,0.103,0.000,0.000,waitingForTarget,noEvent
6382,10,43,rld,15:15:22.851,63395,1.822,0.135,0.103,0.000,0.000,waitingForTarget,noEvent
6382,10,43,rld,15:15:22.876,63396,1.846,0.135,0.103,0.000,0.000,waitingForTarget,noEvent
6382,10,43,rld,15:15:22.922,63397,1.898,0.135,0.103,0.000,0.000,waitingForTarget,noEvent
6382,10,43,rld,15:15:22.968,63398,1.937,0.135,0.103,0.000,0.000,waitingForTarget,noEvent
6382,10,43,rld,15:15:23.039,63399,0.064,0.135,0.103,0.000,0.000,activeTracking,targetAppeared
6382,10,43,rld,15:15:23.078,63400,0.114,0.135,0.103,0.000,0.000,activeTracking,noEvent
6382,10,43,rld,15:15:23.137,63401,0.166,0.135,0.103,0.000,0.000,activeTracking,noEvent
6382,10,43,rld,15:15:23.195,63402,0.226,0.135,0.103,0.000,0.000,activeTracking,noEvent
6382,10,43,rld,15:15:23.247,63403,0.267,0.135,0.103,0.000,0.000,activeTracking,noEvent
6382,10,43,rld,15:15:23.294,63404,0.330,0.135,0.103,0.000,0.000,activeTracking,noEvent
6382,10,43,rld,15:15:23.339,63405,0.367,0.135,0.103,0.000,0.000,activeTracking,noEvent
6382,10,43,rld,15:15:23.387,63406,0.426,0.135,0.103,0.000,0.000,activeTracking,noEvent
6382,10,43,rld,15:15:23.445,63407,0.468,0.135,0.103,0.000,0.000,activeTracking,noEvent
6382,10,43,rld,15:15:23.498,63408,0.526,0.135,0.103,0.000,0.000,activeTracking,noEvent
6382,10,43,rld,15:15:23.538,63409,0.576,0.135,0.103,0.000,0.000,activeTracking,noEvent
6382,10,43,rld,15:15:23.672,63410,0.707,0.090,0.114,-0.400,0.100,activeTracking,noEvent
6382,10,43,rld,15:15:23.755,63411,0.779,0.019,0.118,-0.500,0.000,activeTracking,noEvent
6382,10,43,rld,15:15:23.821,63412,0.856,-0.005,0.130,0.000,0.100,activeTracking,noEvent
6382,10,43,rld,15:15:23.884,63413,0.917,-0.013,0.134,0.000,0.000,activeTracking,noEvent
6382,10,43,rld,15:15:23.955,63414,0.989,-0.016,0.147,0.000,0.100,activeTracking,noEvent
6382,10,43,rld,15:15:24.038,63415,1.046,-0.016,0.151,0.000,0.000,activeTracking,noEvent
6382,10,43,rld,15:15:24.091,63416,1.128,-0.017,0.153,0.000,0.000,activeTracking,failedClick
6382,10,44,rld,15:15:25.743,63449,1.198,0.149,0.153,0.000,0.000,waitingForTarget,middleTargetClick
6382,10,44,rld,15:15:25.797,63450,1.262,0.151,0.153,0.000,0.000,waitingForTarget,noEvent
6382,10,44,rld,15:15:25.842,63451,1.309,0.152,0.153,0.000,0.000,waitingForTarget,noEvent
6382,10,44,rld,15:15:25.895,63452,1.355,0.152,0.153,0.000,0.000,waitingForTarget,noEvent
6382,10,44,rld,15:15:25.943,63453,1.409,0.152,0.153,0.000,0.000,waitingForTarget,noEvent
6382,10,44,rld,15:15:25.971,63454,1.438,0.152,0.153,0.000,0.000,waitingForTarget,noEvent
6382,10,44,rld,15:15:26.021,63455,1.478,0.152,0.153,0.000,0.000,waitingForTarget,noEvent
6382,10,44,rld,15:15:26.077,63456,1.546,0.152,0.153,0.000,0.000,waitingForTarget,noEvent
6382,10,44,rld,15:15:26.126,63457,1.587,0.152,0.153,0.000,0.000,waitingForTarget,noEvent
6382,10,44,rld,15:15:26.158,63458,1.625,0.152,0.153,0.000,0.000,waitingForTarget,noEvent
6382,10,44,rld,15:15:26.205,63459,0.038,0.152,0.153,0.000,0.000,activeTracking,targetAppeared
6382,10,44,rld,15:15:26.256,63460,0.086,0.152,0.153,0.000,0.000,activeTracking,noEvent
6382,10,44,rld,15:15:26.297,63461,0.129,0.152,0.153,0.000,0.000,activeTracking,noEvent
6382,10,44,rld,15:15:26.333,63462,0.172,0.152,0.153,0.000,0.000,activeTracking,noEvent
6382,10,44,rld,15:15:26.371,63463,0.213,0.152,0.153,0.000,0.000,activeTracking,noEvent
6382,10,44,rld,15:15:26.419,63464,0.260,0.152,0.153,0.000,0.000,activeTracking,noEvent
6382,10,44,rld,15:15:26.457,63465,0.300,0.152,0.153,0.000,0.000,activeTracking,noEvent
6382,10,44,rld,15:15:26.555,63466,0.372,0.152,0.153,0.000,0.000,activeTracking,noEvent
6382,10,44,rld,15:15:26.613,63467,0.439,0.152,0.153,0.000,0.000,activeTracking,noEvent
6382,10,44,rld,15:15:26.736,63468,0.553,0.671,0.165,4.600,0.100,activeTracking,noEvent
6382,10,44,rld,15:15:26.906,63469,0.727,1.334,0.114,4.300,-0.500,activeTracking,noEvent
6382,10,44,rld,15:15:26.977,63470,0.796,1.627,0.086,0.600,-0.100,activeTracking,noEvent
6382,10,44,rld,15:15:27.023,63471,0.860,1.749,0.076,0.200,0.000,activeTracking,noEvent
6382,10,44,rld,15:15:27.122,63472,0.955,1.813,0.073,0.200,0.000,activeTracking,noEvent
6382,10,44,rld,15:15:27.181,63473,1.020,1.834,0.061,0.000,-0.100,activeTracking,noEvent
6382,10,44,rld,15:15:27.252,63474,1.084,1.853,0.057,0.100,0.000,activeTracking,noEvent
6382,10,44,rld,15:15:27.316,63475,1.152,1.882,0.055,0.200,0.000,activeTracking,noEvent
6382,10,44,rld,15:15:27.399,63476,1.232,1.974,0.055,0.700,0.000,activeTracking,noEvent
6382,10,44,rld,15:15:27.501,63477,1.326,2.099,0.056,0.800,0.000,activeTracking,noEvent
6382,10,44,rld,15:15:27.577,63478,1.401,2.223,0.056,0.700,0.000,activeTracking,noEvent
6382,10,44,rld,15:15:27.671,63479,1.488,2.324,0.056,0.500,0.000,activeTracking,noEvent
6382,10,44,rld,15:15:27.772,63480,1.602,2.442,0.057,0.700,0.000,onTarget,noEvent
6382,10,44,rld,15:15:27.852,63481,1.685,2.517,0.057,0.300,0.000,onTarget,noEvent
6382,10,44,rld,15:15:27.904,63482,1.737,2.566,0.057,0.200,0.000,onTarget,noEvent
6382,10,44,rld,15:15:27.936,63483,1.777,2.583,0.057,0.000,0.000,onTarget,noEvent
6382,10,44,rld,15:15:27.973,63484,1.811,2.588,0.057,0.000,0.000,onTarget,noEvent
6382,10,44,rld,15:15:28.011,63485,1.852,2.590,0.057,0.000,0.000,onTarget,noEvent
6382,10,44,rld,15:15:28.058,63486,1.899,2.591,0.057,0.000,0.000,onTarget,noEvent
6382,10,44,rld,15:15:28.122,63487,1.949,2.591,0.057,0.000,0.000,onTarget,noEvent
6382,10,44,rld,15:15:28.168,63488,2.002,2.591,0.057,0.000,0.000,onTarget,noEvent
6382,10,44,rld,15:15:28.236,63489,2.063,2.591,0.057,0.000,0.000,onTarget,targetClick
6382,10,45,rld,15:15:30.151,63515,2.124,-0.472,0.052,0.000,0.000,waitingForTarget,middleTargetClick
6382,10,45,rld,15:15:30.206,63516,2.184,-0.473,0.052,0.000,0.000,waitingForTarget,noEvent
6382,10,45,rld,15:15:30.259,63517,2.230,-0.473,0.052,0.000,0.000,waitingForTarget,noEvent
6382,10,45,rld,15:15:30.313,63518,2.294,-0.473,0.052,0.000,0.000,waitingForTarget,noEvent
6382,10,45,rld,15:15:30.351,63519,2.331,-0.473,0.052,0.000,0.000,waitingForTarget,noEvent
6382,10,45,rld,15:15:30.393,63520,2.373,-0.473,0.052,0.000,0.000,waitingForTarget,noEvent
6382,10,45,rld,15:15:30.436,63521,2.410,-0.473,0.052,0.000,0.000,waitingForTarget,noEvent
6382,10,45,rld,15:15:30.501,63522,2.472,-0.473,0.052,0.000,0.000,waitingForTarget,noEvent
6382,10,45,rld,15:15:30.531,63523,2.509,-0.473,0.052,0.000,0.000,waitingForTarget,noEvent
6382,10,45,rld,15:15:30.574,63524,2.551,-0.473,0.052,0.000,0.000,waitingForTarget,noEvent
6382,10,45,rld,15:15:30.625,63525,0.045,-0.473,0.052,0.000,0.000,activeTracking,targetAppeared
6382,10,45,rld,15:15:30.683,63526,0.110,-0.473,0.052,0.000,0.000,activeTracking,noEvent
6382,10,45,rld,15:15:30.728,63527,0.160,-0.473,0.052,0.000,0.000,activeTracking,noEvent
6382,10,45,rld,15:15:30.776,63528,0.202,-0.473,0.052,0.000,0.000,activeTracking,noEvent
6382,10,45,rld,15:15:30.824,63529,0.252,-0.473,0.052,0.000,0.000,activeTracking,noEvent
6382,10,45,rld,15:15:30.874,63530,0.303,-0.473,0.052,0.000,0.000,activeTracking,noEvent
6382,10,45,rld,15:15:30.936,63531,0.353,-0.473,0.052,0.000,0.000,activeTracking,noEvent
6382,10,45,rld,15:15:31.072,63532,0.487,-0.574,0.052,-0.900,0.000,activeTracking,noEvent
6382,10,45,rld,15:15:31.225,63533,0.628,-1.233,-0.004,-5.500,-0.500,activeTracking,noEvent
6382,10,45,rld,15:15:31.337,63534,0.769,-1.628,-0.022,-1.500,0.000,activeTracking,noEvent
6382,10,45,rld,15:15:31.466,63535,0.856,-1.982,-0.016,-1.900,0.100,activeTracking,noEvent
6382,10,45,rld,15:15:31.526,63536,0.952,-2.196,-0.003,-0.800,0.100,activeTracking,noEvent
6382,10,45,rld,15:15:31.609,63537,1.033,-2.303,0.002,-0.300,0.000,activeTracking,noEvent
6382,10,45,rld,15:15:31.648,63538,1.080,-2.339,0.003,0.000,0.000,activeTracking,noEvent
6382,10,45,rld,15:15:31.719,63539,1.138,-2.351,0.004,0.000,0.000,onTarget,noEvent
6382,10,45,rld,15:15:31.791,63540,1.210,-2.391,0.016,-0.300,0.100,onTarget,noEvent
6382,10,45,rld,15:15:31.966,63541,1.364,-2.536,0.125,-1.100,0.900,onTarget,noEvent
6382,10,45,rld,15:15:32.057,63542,1.473,-2.669,0.220,-0.700,0.500,onTarget,noEvent
6382,10,45,rld,15:15:32.092,63543,1.523,-2.714,0.252,0.000,0.000,onTarget,noEvent
6382,10,45,rld,15:15:32.149,63544,1.572,-2.729,0.263,0.000,0.000,onTarget,noEvent
6382,10,45,rld,15:15:32.193,63545,1.621,-2.734,0.267,0.000,0.000,onTarget,noEvent
6382,10,45,rld,15:15:32.241,63546,1.663,-2.735,0.268,0.000,0.000,onTarget,noEvent
6382,10,45,rld,15:15:32.323,63547,1.728,-2.736,0.268,0.000,0.000,onTarget,noEvent
6382,10,45,rld,15:15:32.388,63548,1.804,-2.736,0.268,0.000,0.000,onTarget,targetClick
6382,10,46,rld,15:15:36.186,63611,1.879,-0.186,0.153,0.000,0.000,waitingForTarget,middleTargetClick
6382,10,46,rld,15:15:36.235,63612,1.929,-0.186,0.153,0.000,0.000,waitingForTarget,noEvent
6382,10,46,rld,15:15:36.317,63613,1.993,-0.186,0.153,0.000,0.000,waitingForTarget,noEvent
6382,10,46,rld,15:15:36.401,63614,2.090,-0.186,0.153,0.000,0.000,waitingForTarget,noEvent
6382,10,46,rld,15:15:36.438,63615,2.136,-0.186,0.153,0.000,0.000,waitingForTarget,noEvent
6382,10,46,rld,15:15:36.486,63616,2.187,-0.186,0.153,0.000,0.000,waitingForTarget,noEvent
6382,10,46,rld,15:15:36.525,63617,2.220,-0.186,0.153,0.000,0.000,waitingForTarget,noEvent
6382,10,46,rld,15:15:36.570,63618,2.269,-0.186,0.153,0.000,0.000,waitingForTarget,noEvent
6382,10,46,rld,15:15:36.600,63619,2.299,-0.186,0.153,0.000,0.000,waitingForTarget,noEvent
6382,10,46,rld,15:15:36.668,63620,0.059,-0.186,0.153,0.000,0.000,activeTracking,targetAppeared
6382,10,46,rld,15:15:36.717,63621,0.113,-0.186,0.153,0.000,0.000,activeTracking,noEvent
6382,10,46,rld,15:15:36.756,63622,0.157,-0.186,0.153,0.000,0.000,activeTracking,noEvent
6382,10,46,rld,15:15:36.821,63623,0.217,-0.186,0.153,0.000,0.000,activeTracking,noEvent
6382,10,46,rld,15:15:36.883,63624,0.277,-0.186,0.153,0.000,0.000,activeTracking,noEvent
6382,10,46,rld,15:15:36.935,63625,0.335,-0.186,0.153,0.000,0.000,activeTracking,noEvent
6382,10,46,rld,15:15:36.977,63626,0.370,-0.186,0.153,0.000,0.000,activeTracking,noEvent
6382,10,46,rld,15:15:37.084,63627,0.461,-0.163,0.063,0.200,-0.800,activeTracking,noEvent
6382,10,46,rld,15:15:37.199,63628,0.591,-0.077,-0.113,0.700,-1.300,activeTracking,noEvent
6382,10,46,rld,15:15:37.260,63629,0.653,-0.003,-0.273,0.400,-0.900,activeTracking,noEvent
6382,10,46,rld,15:15:37.327,63630,0.722,0.044,-0.372,0.200,-0.400,activeTracking,noEvent
6382,10,46,rld,15:15:37.387,63631,0.777,0.060,-0.438,0.000,-0.300,activeTracking,noEvent
6382,10,46,rld,15:15:37.482,63632,0.879,0.065,-0.472,0.000,-0.100,activeTracking,noEvent
6382,10,46,rld,15:15:37.533,63633,0.928,0.067,-0.483,0.000,0.000,activeTracking,noEvent
6382,10,46,rld,15:15:37.582,63634,0.980,0.067,-0.487,0.000,0.000,activeTracking,noEvent
6382,10,46,rld,15:15:37.632,63635,1.027,0.067,-0.488,0.000,0.000,activeTracking,noEvent
6382,10,46,rld,15:15:37.735,63636,1.129,0.158,-0.432,0.800,0.500,activeTracking,noEvent
6382,10,46,rld,15:15:37.976,63637,1.363,0.548,-0.222,3.200,1.700,activeTracking,noEvent
6382,10,46,rld,15:15:38.077,63638,1.440,0.871,-0.084,1.700,0.600,activeTracking,noEvent
6382,10,46,rld,15:15:38.152,63639,1.551,1.059,-0.038,0.700,0.000,activeTracking,noEvent
6382,10,46,rld,15:15:38.269,63640,1.651,1.202,-0.023,0.700,0.000,activeTracking,noEvent
6382,10,46,rld,15:15:38.369,63641,1.759,1.364,-0.017,1.000,0.000,activeTracking,noEvent
6382,10,46,rld,15:15:38.454,63642,1.843,1.510,-0.015,0.800,0.000,activeTracking,noEvent
6382,10,46,rld,15:15:38.574,63643,1.956,1.652,-0.015,0.800,0.000,activeTracking,noEvent
6382,10,46,rld,15:15:38.668,63644,2.051,1.932,-0.003,2.000,0.100,activeTracking,noEvent
6382,10,46,rld,15:15:38.780,63645,2.172,2.345,0.060,2.700,0.500,activeTracking,noEvent
6382,10,46,rld,15:15:38.827,63646,2.227,2.485,0.081,0.000,0.000,onTarget,noEvent
6382,10,46,rld,15:15:38.853,63647,2.252,2.532,0.088,0.000,0.000,onTarget,noEvent
6382,10,46,rld,15:15:38.908,63648,2.309,2.547,0.091,0.000,0.000,onTarget,noEvent
6382,10,46,rld,15:15:38.965,63649,2.356,2.552,0.092,0.000,0.000,onTarget,noEvent
6382,10,46,rld,15:15:39.016,63650,2.410,2.554,0.092,0.000,0.000,onTarget,noEvent
6382,10,46,rld,15:15:39.048,63651,2.441,2.555,0.092,0.000,0.000,onTarget,noEvent
6382,10,46,rld,15:15:39.086,63652,2.481,2.555,0.092,0.000,0.000,onTarget,noEvent
6382,10,46,rld,15:15:39.153,63653,2.535,2.555,0.092,0.000,0.000,onTarget,noEvent
6382,10,46,rld,15:15:39.189,63654,2.590,2.555,0.092,0.000,0.000,onTarget,noEvent
6382,10,46,rld,15:15:39.255,63655,2.648,2.555,0.092,0.000,0.000,onTarget,targetClick
6382,10,47,rld,15:15:41.493,63695,2.708,-0.101,-0.387,0.000,0.000,waitingForTarget,middleTargetClick
6382,10,47,rld,15:15:41.537,63696,2.758,-0.101,-0.387,0.000,0.000,waitingForTarget,noEvent
6382,10,47,rld,15:15:41.593,63697,2.809,-0.101,-0.387,0.000,0.000,waitingForTarget,noEvent
6382,10,47,rld,15:15:41.647,63698,2.869,-0.101,-0.387,0.000,0.000,waitingForTarget,noEvent
6382,10,47,rld,15:15:41.688,63699,2.908,-0.101,-0.387,0.000,0.000,waitingForTarget,noEvent
6382,10,47,rld,15:15:41.734,63700,2.957,-0.101,-0.387,0.000,0.000,waitingForTarget,noEvent
6382,10,47,rld,15:15:41.770,63701,2.990,-0.101,-0.387,0.000,0.000,waitingForTarget,noEvent
6382,10,47,rld,15:15:41.827,63702,3.049,-0.101,-0.387,0.000,0.000,waitingForTarget,noEvent
6382,10,47,rld,15:15:41.869,63703,3.089,-0.101,-0.387,0.000,0.000,waitingForTarget,noEvent
6382,10,47,rld,15:15:41.918,63704,3.140,-0.101,-0.387,0.000,0.000,waitingForTarget,noEvent
6382,10,47,rld,15:15:41.967,63705,0.049,-0.101,-0.387,0.000,0.000,activeTracking,targetAppeared
6382,10,47,rld,15:15:42.019,63706,0.095,-0.101,-0.387,0.000,0.000,activeTracking,noEvent
6382,10,47,rld,15:15:42.076,63707,0.159,-0.101,-0.387,0.000,0.000,activeTracking,noEvent
6382,10,47,rld,15:15:42.117,63708,0.197,-0.101,-0.387,0.000,0.000,activeTracking,noEvent
6382,10,47,rld,15:15:42.149,63709,0.228,-0.101,-0.387,0.000,0.000,activeTracking,noEvent
6382,10,47,rld,15:15:42.189,63710,0.277,-0.101,-0.387,0.000,0.000,activeTracking,noEvent
6382,10,47,rld,15:15:42.232,63711,0.318,-0.101,-0.387,0.000,0.000,activeTracking,noEvent
6382,10,47,rld,15:15:42.268,63712,0.351,-0.101,-0.387,0.000,0.000,activeTracking,noEvent
6382,10,47,rld,15:15:42.299,63713,0.387,-0.101,-0.387,0.000,0.000,activeTracking,noEvent
6382,10,47,rld,15:15:42.353,63714,0.434,-0.101,-0.387,0.000,0.000,activeTracking,noEvent
6382,10,47,rld,15:15:42.379,63715,0.467,-0.101,-0.387,0.000,0.000,activeTracking,noEvent
6382,10,47,rld,15:15:42.466,63716,0.545,-0.101,-0.387,0.000,0.000,activeTracking,noEvent
6382,10,47,rld,15:15:42.507,63717,0.589,-0.101,-0.387,0.000,0.000,activeTracking,noEvent
6382,10,47,rld,15:15:42.588,63718,0.649,-0.101,-0.387,0.000,0.000,activeTracking,noEvent
6382,10,47,rld,15:15:42.722,63719,0.798,0.960,-0.072,9.400,2.800,activeTracking,noEvent
6382,10,47,rld,15:15:42.840,63720,0.916,1.432,0.046,1.000,0.100,activeTracking,noEvent
6382,10,47,rld,15:15:42.898,63721,0.988,1.637,0.086,0.400,0.000,activeTracking,noEvent
6382,10,47,rld,15:15:42.955,63722,1.039,1.706,0.099,0.000,0.000,activeTracking,noEvent
6382,10,47,rld,15:15:43.009,63723,1.093,1.728,0.104,0.000,0.000,activeTracking,noEvent
6382,10,47,rld,15:15:43.080,63724,1.150,1.748,0.105,0.100,0.000,activeTracking,noEvent
6382,10,47,rld,15:15:43.124,63725,1.210,1.766,0.106,0.100,0.000,activeTracking,noEvent
6382,10,47,rld,15:15:43.183,63726,1.259,1.772,0.106,0.000,0.000,activeTracking,noEvent
6382,10,47,rld,15:15:43.250,63727,1.334,1.785,0.106,0.100,0.000,activeTracking,noEvent
6382,10,47,rld,15:15:43.320,63728,1.394,1.813,0.095,0.200,-0.100,activeTracking,noEvent
6382,10,47,rld,15:15:43.386,63729,1.462,1.846,0.091,0.200,0.000,activeTracking,noEvent
6382,10,47,rld,15:15:43.438,63730,1.526,1.868,0.078,0.100,-0.100,activeTracking,noEvent
6382,10,47,rld,15:15:43.557,63731,1.624,1.946,0.051,0.600,-0.200,activeTracking,noEvent
6382,10,47,rld,15:15:43.749,63732,1.789,2.446,0.055,4.000,0.100,onTarget,noEvent
6382,10,47,rld,15:15:43.817,63733,1.897,2.700,0.069,0.700,0.100,onTarget,noEvent
6382,10,47,rld,15:15:43.869,63734,1.956,2.797,0.085,0.100,0.100,onTarget,noEvent
6382,10,47,rld,15:15:43.923,63735,2.008,2.830,0.091,0.000,0.000,onTarget,noEvent
6382,10,47,rld,15:15:43.979,63736,2.059,2.841,0.093,0.000,0.000,onTarget,noEvent
6382,10,47,rld,15:15:44.034,63737,2.116,2.844,0.093,0.000,0.000,onTarget,noEvent
6382,10,47,rld,15:15:44.059,63738,2.148,2.845,0.093,0.000,0.000,onTarget,noEvent
6382,10,47,rld,15:15:44.116,63739,2.200,2.846,0.094,0.000,0.000,onTarget,noEvent
6382,10,47,rld,15:15:44.148,63740,2.234,2.846,0.094,0.000,0.000,onTarget,noEvent
6382,10,47,rld,15:15:44.200,63741,2.285,2.846,0.094,0.000,0.000,onTarget,noEvent
6382,10,47,rld,15:15:44.236,63742,2.315,2.846,0.094,0.000,0.000,onTarget,noEvent
6382,10,47,rld,15:15:44.272,63743,2.360,2.846,0.094,0.000,0.000,onTarget,noEvent
6382,10,47,rld,15:15:44.321,63744,2.407,2.846,0.094,0.000,0.000,onTarget,noEvent
6382,10,47,rld,15:15:44.359,63745,2.444,2.846,0.094,0.000,0.000,onTarget,noEvent
6382,10,47,rld,15:15:44.405,63746,2.487,2.846,0.094,0.000,0.000,onTarget,noEvent
6382,10,47,rld,15:15:44.452,63747,2.532,2.846,0.094,0.000,0.000,onTarget,noEvent
6382,10,47,rld,15:15:44.505,63748,2.585,2.846,0.094,0.000,0.000,onTarget,noEvent
6382,10,47,rld,15:15:44.579,63749,2.645,2.846,0.094,0.000,0.000,onTarget,noEvent
6382,10,47,rld,15:15:44.629,63750,2.709,2.846,0.094,0.000,0.000,onTarget,noEvent
6382,10,47,rld,15:15:44.692,63751,2.777,2.846,0.094,0.000,0.000,onTarget,targetClick
6382,10,48,rld,15:15:48.567,63812,2.860,0.134,0.137,0.000,0.000,waitingForTarget,middleTargetClick
6382,10,48,rld,15:15:48.623,63813,2.930,0.135,0.136,0.000,0.000,waitingForTarget,noEvent
6382,10,48,rld,15:15:48.680,63814,2.981,0.135,0.136,0.000,0.000,waitingForTarget,noEvent
6382,10,48,rld,15:15:48.730,63815,3.031,0.135,0.136,0.000,0.000,waitingForTarget,noEvent
6382,10,48,rld,15:15:48.758,63816,3.066,0.135,0.136,0.000,0.000,waitingForTarget,noEvent
6382,10,48,rld,15:15:48.816,63817,3.116,0.135,0.136,0.000,0.000,waitingForTarget,noEvent
6382,10,48,rld,15:15:48.855,63818,3.166,0.135,0.136,0.000,0.000,waitingForTarget,noEvent
6382,10,48,rld,15:15:48.899,63819,3.204,0.135,0.136,0.000,0.000,waitingForTarget,noEvent
6382,10,48,rld,15:15:48.934,63820,3.242,0.135,0.136,0.000,0.000,waitingForTarget,noEvent
6382,10,48,rld,15:15:48.966,63821,3.269,0.135,0.136,0.000,0.000,waitingForTarget,noEvent
6382,10,48,rld,15:15:48.999,63822,0.034,0.135,0.136,0.000,0.000,activeTracking,targetAppeared
6382,10,48,rld,15:15:49.036,63823,0.070,0.135,0.136,0.000,0.000,activeTracking,noEvent
6382,10,48,rld,15:15:49.084,63824,0.118,0.135,0.136,0.000,0.000,activeTracking,noEvent
6382,10,48,rld,15:15:49.118,63825,0.150,0.135,0.136,0.000,0.000,activeTracking,noEvent
6382,10,48,rld,15:15:49.206,63826,0.209,0.135,0.136,0.000,0.000,activeTracking,noEvent
6382,10,48,rld,15:15:49.270,63827,0.308,0.135,0.136,0.000,0.000,activeTracking,noEvent
6382,10,48,rld,15:15:49.366,63828,0.400,0.056,0.136,-0.700,0.000,activeTracking,noEvent
6382,10,48,rld,15:15:49.447,63829,0.483,-0.060,0.136,-0.800,0.000,activeTracking,noEvent
6382,10,48,rld,15:15:49.675,63830,0.669,2.426,0.411,22.000,2.300,activeTracking,noEvent
6382,10,48,rld,15:15:49.759,63831,0.792,3.525,0.459,1.700,-0.500,activeTracking,noEvent
6382,10,48,rld,15:15:49.919,63832,0.945,4.040,0.419,1.000,-0.500,activeTracking,noEvent
6382,10,48,rld,15:15:49.981,63833,1.014,4.270,0.382,0.400,-0.200,activeTracking,noEvent
6382,10,48,rld,15:15:50.041,63834,1.070,4.375,0.346,0.200,-0.200,activeTracking,noEvent
6382,10,48,rld,15:15:50.113,63835,1.148,4.437,0.309,0.200,-0.200,activeTracking,noEvent
6382,10,48,rld,15:15:50.183,63836,1.201,4.458,0.297,0.000,0.000,activeTracking,noEvent
6382,10,48,rld,15:15:50.328,63837,1.364,3.466,-0.056,-7.600,-2.800,activeTracking,noEvent
6382,10,48,rld,15:15:50.422,63838,1.420,3.112,-0.192,-0.300,-0.200,activeTracking,noEvent
6382,10,48,rld,15:15:50.571,63839,1.609,2.690,-0.294,-2.500,-0.500,onTarget,noEvent
6382,10,48,rld,15:15:50.640,63840,1.668,2.468,-0.315,-0.700,0.100,activeTracking,noEvent
6382,10,48,rld,15:15:50.695,63841,1.735,2.382,-0.299,-0.100,0.200,activeTracking,noEvent
6382,10,48,rld,15:15:50.899,63842,1.930,2.389,-0.201,0.300,0.800,activeTracking,noEvent
6382,10,48,rld,15:15:50.969,63843,1.999,2.440,-0.134,0.400,0.300,onTarget,noEvent
6382,10,48,rld,15:15:51.026,63844,2.060,2.468,-0.100,0.100,0.100,onTarget,noEvent
6382,10,48,rld,15:15:51.083,63845,2.120,2.490,-0.088,0.100,0.000,onTarget,noEvent
6382,10,48,rld,15:15:51.149,63846,2.190,2.497,-0.084,0.000,0.000,onTarget,noEvent
6382,10,48,rld,15:15:51.266,63847,2.302,2.500,-0.083,0.000,0.000,onTarget,noEvent
6382,10,48,rld,15:15:51.323,63848,2.352,2.500,-0.083,0.000,0.000,onTarget,noEvent
6382,10,48,rld,15:15:51.398,63849,2.423,2.525,-0.083,0.200,0.000,onTarget,noEvent
6382,10,48,rld,15:15:51.458,63850,2.488,2.557,-0.083,0.200,0.000,onTarget,noEvent
6382,10,48,rld,15:15:51.501,63851,2.535,2.568,-0.083,0.000,0.000,onTarget,noEvent
6382,10,48,rld,15:15:51.553,63852,2.583,2.571,-0.083,0.000,0.000,onTarget,noEvent
6382,10,48,rld,15:15:51.585,63853,2.620,2.572,-0.083,0.000,0.000,onTarget,noEvent
6382,10,48,rld,15:15:51.623,63854,2.662,2.573,-0.083,0.000,0.000,onTarget,noEvent
6382,10,48,rld,15:15:51.657,63855,2.698,2.573,-0.083,0.000,0.000,onTarget,noEvent
6382,10,48,rld,15:15:51.717,63856,2.747,2.573,-0.083,0.000,0.000,onTarget,noEvent
6382,10,48,rld,15:15:51.759,63857,2.799,2.573,-0.083,0.000,0.000,onTarget,noEvent
6382,10,48,rld,15:15:51.876,63858,2.912,2.573,-0.083,0.000,0.000,onTarget,noEvent
6382,10,48,rld,15:15:51.935,63859,2.970,2.573,-0.083,0.000,0.000,onTarget,targetClick
6382,10,49,rld,15:15:54.735,63905,3.033,0.253,0.069,0.000,0.000,waitingForTarget,middleTargetClick
6382,10,49,rld,15:15:54.777,63906,3.088,0.253,0.069,0.000,0.000,waitingForTarget,noEvent
6382,10,49,rld,15:15:54.830,63907,3.132,0.253,0.069,0.000,0.000,waitingForTarget,noEvent
6382,10,49,rld,15:15:54.908,63908,3.211,0.253,0.069,0.000,0.000,waitingForTarget,noEvent
6382,10,49,rld,15:15:54.946,63909,3.255,0.253,0.069,0.000,0.000,waitingForTarget,noEvent
6382,10,49,rld,15:15:55.000,63910,3.300,0.253,0.069,0.000,0.000,waitingForTarget,noEvent
6382,10,49,rld,15:15:55.037,63911,3.337,0.253,0.069,0.000,0.000,waitingForTarget,noEvent
6382,10,49,rld,15:15:55.076,63912,3.380,0.253,0.069,0.000,0.000,waitingForTarget,noEvent
6382,10,49,rld,15:15:55.124,63913,3.423,0.253,0.069,0.000,0.000,waitingForTarget,noEvent
6382,10,49,rld,15:15:55.159,63914,3.467,0.253,0.069,0.000,0.000,waitingForTarget,noEvent
6382,10,49,rld,15:15:55.200,63915,0.044,0.253,0.069,0.000,0.000,activeTracking,targetAppeared
6382,10,49,rld,15:15:55.275,63916,0.114,0.253,0.069,0.000,0.000,activeTracking,noEvent
6382,10,49,rld,15:15:55.326,63917,0.167,0.253,0.069,0.000,0.000,activeTracking,noEvent
6382,10,49,rld,15:15:55.366,63918,0.202,0.253,0.069,0.000,0.000,activeTracking,noEvent
6382,10,49,rld,15:15:55.408,63919,0.246,0.253,0.069,0.000,0.000,activeTracking,noEvent
6382,10,49,rld,15:15:55.474,63920,0.304,0.253,0.069,0.000,0.000,activeTracking,noEvent
6382,10,49,rld,15:15:55.528,63921,0.367,0.253,0.069,0.000,0.000,activeTracking,noEvent
6382,10,49,rld,15:15:55.655,63922,0.488,-0.422,0.182,-6.000,1.000,activeTracking,noEvent
6382,10,49,rld,15:15:55.758,63923,0.601,-0.727,0.231,-0.700,0.100,activeTracking,noEvent
6382,10,49,rld,15:15:55.885,63924,0.721,-1.011,0.248,-1.600,0.000,activeTracking,noEvent
6382,10,49,rld,15:15:55.924,63925,0.765,-1.128,0.254,-0.200,0.000,activeTracking,noEvent
6382,10,49,rld,15:15:55.978,63926,0.815,-1.168,0.256,0.000,0.000,activeTracking,noEvent
6382,10,49,rld,15:15:56.024,63927,0.869,-1.169,0.257,0.100,0.000,activeTracking,noEvent
6382,10,49,rld,15:15:56.117,63928,0.929,-1.158,0.257,0.100,0.000,activeTracking,noEvent
6382,10,49,rld,15:15:56.223,63929,1.067,-1.007,0.211,1.300,-0.400,activeTracking,noEvent
6382,10,49,rld,15:15:56.299,63930,1.130,-0.911,0.173,0.400,-0.200,activeTracking,noEvent
6382,10,49,rld,15:15:56.364,63931,1.195,-0.856,0.149,0.200,-0.100,activeTracking,noEvent
6382,10,49,rld,15:15:56.440,63932,1.280,-0.815,0.096,0.200,-0.400,activeTracking,noEvent
6382,10,49,rld,15:15:56.532,63933,1.361,-0.768,0.022,0.300,-0.500,activeTracking,noEvent
6382,10,49,rld,15:15:56.575,63934,1.416,-0.741,-0.026,0.100,-0.200,activeTracking,noEvent
6382,10,49,rld,15:15:56.622,63935,1.467,-0.732,-0.041,0.000,0.000,activeTracking,noEvent
6382,10,49,rld,15:15:56.732,63936,1.576,-0.729,-0.047,0.000,0.000,activeTracking,noEvent
6382,10,49,rld,15:15:56.837,63937,1.669,-0.728,-0.048,0.000,0.000,activeTracking,failedClick
6382,10,50,rld,15:15:59.382,63981,1.734,0.051,0.001,0.000,0.000,waitingForTarget,middleTargetClick
6382,10,50,rld,15:15:59.433,63982,1.789,0.051,0.001,0.000,0.000,waitingForTarget,noEvent
6382,10,50,rld,15:15:59.476,63983,1.833,0.051,0.001,0.000,0.000,waitingForTarget,noEvent
6382,10,50,rld,15:15:59.524,63984,1.887,0.051,0.001,0.000,0.000,waitingForTarget,noEvent
6382,10,50,rld,15:15:59.585,63985,1.941,0.051,0.001,0.000,0.000,waitingForTarget,noEvent
6382,10,50,rld,15:15:59.618,63986,1.974,0.051,0.001,0.000,0.000,waitingForTarget,noEvent
6382,10,50,rld,15:15:59.666,63987,2.016,0.051,0.001,0.000,0.000,waitingForTarget,noEvent
6382,10,50,rld,15:15:59.696,63988,2.055,0.051,0.001,0.000,0.000,waitingForTarget,noEvent
6382,10,50,rld,15:15:59.746,63989,2.102,0.051,0.001,0.000,0.000,waitingForTarget,noEvent
6382,10,50,rld,15:15:59.775,63990,2.139,0.051,0.001,0.000,0.000,waitingForTarget,noEvent
6382,10,50,rld,15:15:59.835,63991,0.052,0.051,0.001,0.000,0.000,activeTracking,targetAppeared
6382,10,50,rld,15:15:59.919,63992,0.132,0.051,0.001,0.000,0.000,activeTracking,noEvent
6382,10,50,rld,15:15:59.957,63993,0.180,0.051,0.001,0.000,0.000,activeTracking,noEvent
6382,10,50,rld,15:15:59.990,63994,0.212,0.051,0.001,0.000,0.000,activeTracking,noEvent
6382,10,50,rld,15:16:00.039,63995,0.262,0.051,0.001,0.000,0.000,activeTracking,noEvent
6382,10,50,rld,15:16:00.084,63996,0.307,0.051,0.001,0.000,0.000,activeTracking,noEvent
6382,10,50,rld,15:16:00.132,63997,0.345,0.051,0.001,0.000,0.000,activeTracking,noEvent
6382,10,50,rld,15:16:00.185,63998,0.402,0.051,0.001,0.000,0.000,activeTracking,noEvent
6382,10,50,rld,15:16:00.298,63999,0.515,0.028,0.024,-0.200,0.200,activeTracking,noEvent
6382,10,50,rld,15:16:00.389,64000,0.602,0.021,0.031,0.000,0.000,activeTracking,noEvent
6382,10,50,rld,15:16:00.566,64001,0.772,0.593,-0.135,5.100,-1.500,activeTracking,noEvent
6382,10,50,rld,15:16:00.638,64002,0.849,1.239,-0.237,4.000,-0.400,activeTracking,noEvent
6382,10,50,rld,15:16:00.734,64003,0.941,1.538,-0.282,0.700,-0.100,activeTracking,noEvent
6382,10,50,rld,15:16:00.808,64004,1.031,1.684,-0.298,0.400,0.000,activeTracking,noEvent
6382,10,50,rld,15:16:00.870,64005,1.085,1.744,-0.303,0.100,0.000,activeTracking,noEvent
6382,10,50,rld,15:16:00.923,64006,1.147,1.788,-0.305,0.200,0.000,activeTracking,noEvent
6382,10,50,rld,15:16:00.984,64007,1.198,1.802,-0.306,0.000,0.000,activeTracking,noEvent
6382,10,50,rld,15:16:01.034,64008,1.245,1.807,-0.306,0.000,0.000,activeTracking,noEvent
6382,10,50,rld,15:16:01.122,64009,1.332,1.809,-0.306,0.000,0.000,activeTracking,noEvent
6382,10,50,rld,15:16:01.206,64010,1.395,1.809,-0.306,0.000,0.000,activeTracking,noEvent
6382,10,50,rld,15:16:01.303,64011,1.524,1.938,-0.215,1.100,0.800,activeTracking,noEvent
6382,10,50,rld,15:16:01.364,64012,1.580,2.005,-0.161,0.200,0.200,activeTracking,noEvent
6382,10,50,rld,15:16:01.429,64013,1.651,2.050,-0.143,0.200,0.000,activeTracking,noEvent
6382,10,50,rld,15:16:01.477,64014,1.700,2.077,-0.138,0.100,0.000,activeTracking,noEvent
6382,10,50,rld,15:16:01.527,64015,1.748,2.098,-0.136,0.100,0.000,activeTracking,noEvent
6382,10,50,rld,15:16:01.579,64016,1.797,2.129,-0.135,0.200,0.000,activeTracking,noEvent
6382,10,50,rld,15:16:01.698,64017,1.912,2.174,-0.169,0.300,-0.300,activeTracking,noEvent
6382,10,50,rld,15:16:01.757,64018,1.978,2.213,-0.181,0.200,0.000,activeTracking,noEvent
6382,10,50,rld,15:16:01.837,64019,2.052,2.250,-0.196,0.200,-0.100,activeTracking,noEvent
6382,10,50,rld,15:16:01.885,64020,2.105,2.274,-0.201,0.100,0.000,activeTracking,noEvent
6382,10,50,rld,15:16:01.937,64021,2.151,2.282,-0.203,0.000,0.000,activeTracking,noEvent
6382,10,50,rld,15:16:02.043,64022,2.246,2.344,-0.192,0.500,0.100,activeTracking,noEvent
6382,10,50,rld,15:16:02.120,64023,2.334,2.401,-0.166,0.300,0.200,onTarget,noEvent
6382,10,50,rld,15:16:02.159,64024,2.378,2.431,-0.145,0.100,0.100,onTarget,noEvent
6382,10,50,rld,15:16:02.235,64025,2.444,2.466,-0.115,0.200,0.200,onTarget,noEvent
6382,10,50,rld,15:16:02.285,64026,2.493,2.477,-0.105,0.000,0.000,onTarget,noEvent
6382,10,50,rld,15:16:02.345,64027,2.551,2.481,-0.090,0.000,0.100,onTarget,noEvent
6382,10,50,rld,15:16:02.425,64028,2.633,2.506,-0.062,0.200,0.200,onTarget,noEvent
6382,10,50,rld,15:16:02.486,64029,2.699,2.539,-0.029,0.200,0.200,onTarget,noEvent
6382,10,50,rld,15:16:02.526,64030,2.748,2.550,-0.018,0.000,0.000,onTarget,noEvent
6382,10,50,rld,15:16:02.575,64031,2.796,2.553,-0.003,0.000,0.100,onTarget,noEvent
6382,10,50,rld,15:16:02.674,64032,2.890,2.554,0.002,0.000,0.000,onTarget,noEvent
6382,10,50,rld,15:16:02.725,64033,2.943,2.555,0.004,0.000,0.000,onTarget,noEvent
6382,10,50,rld,15:16:02.783,64034,2.983,2.555,0.004,0.000,0.000,onTarget,noEvent
6382,10,50,rld,15:16:02.841,64035,3.060,2.555,0.005,0.000,0.000,onTarget,targetClick
6382,10,51,rld,15:16:05.831,64082,3.139,-0.185,0.002,0.000,0.000,waitingForTarget,middleTargetClick
6382,10,51,rld,15:16:05.871,64083,3.189,-0.186,0.001,0.000,0.000,waitingForTarget,noEvent
6382,10,51,rld,15:16:05.907,64084,3.225,-0.186,0.001,0.000,0.000,waitingForTarget,noEvent
6382,10,51,rld,15:16:05.986,64085,3.305,-0.186,0.001,0.000,0.000,waitingForTarget,noEvent
6382,10,51,rld,15:16:06.037,64086,3.356,-0.186,0.001,0.000,0.000,waitingForTarget,noEvent
6382,10,51,rld,15:16:06.075,64087,3.392,-0.186,0.001,0.000,0.000,waitingForTarget,noEvent
6382,10,51,rld,15:16:06.116,64088,3.431,-0.186,0.001,0.000,0.000,waitingForTarget,noEvent
6382,10,51,rld,15:16:06.190,64089,3.509,-0.186,0.001,0.000,0.000,waitingForTarget,noEvent
6382,10,51,rld,15:16:06.228,64090,3.548,-0.186,0.001,0.000,0.000,waitingForTarget,noEvent
6382,10,51,rld,15:16:06.275,64091,0.044,-0.186,0.001,0.000,0.000,activeTracking,targetAppeared
6382,10,51,rld,15:16:06.330,64092,0.094,-0.186,0.001,0.000,0.000,activeTracking,noEvent
6382,10,51,rld,15:16:06.381,64093,0.140,-0.186,0.001,0.000,0.000,activeTracking,noEvent
6382,10,51,rld,15:16:06.415,64094,0.179,-0.186,0.001,0.000,0.000,activeTracking,noEvent
6382,10,51,rld,15:16:06.468,64095,0.229,-0.186,0.001,0.000,0.000,activeTracking,noEvent
6382,10,51,rld,15:16:06.508,64096,0.281,-0.186,0.001,0.000,0.000,activeTracking,noEvent
6382,10,51,rld,15:16:06.567,64097,0.330,-0.186,0.001,0.000,0.000,activeTracking,noEvent
6382,10,51,rld,15:16:06.606,64098,0.378,-0.186,0.001,0.000,0.000,activeTracking,noEvent
6382,10,51,rld,15:16:06.663,64099,0.423,-0.186,0.001,0.000,0.000,activeTracking,noEvent
6382,10,51,rld,15:16:06.703,64100,0.470,-0.186,0.001,0.000,0.000,activeTracking,noEvent
6382,10,51,rld,15:16:06.764,64101,0.529,-0.186,0.001,0.000,0.000,activeTracking,noEvent
6382,10,51,rld,15:16:06.957,64102,0.699,0.886,0.171,9.500,1.500,activeTracking,noEvent
6382,10,51,rld,15:16:07.107,64103,0.847,1.522,0.173,2.400,-0.500,activeTracking,noEvent
6382,10,51,rld,15:16:07.182,64104,0.934,1.876,0.164,1.200,-0.100,activeTracking,noEvent
6382,10,51,rld,15:16:07.292,64105,1.061,2.113,0.161,1.000,0.000,activeTracking,noEvent
6382,10,51,rld,15:16:07.368,64106,1.131,2.288,0.161,0.800,0.000,activeTracking,noEvent
6382,10,51,rld,15:16:07.473,64107,1.243,2.406,0.161,0.500,0.000,onTarget,noEvent
6382,10,51,rld,15:16:07.516,64108,1.284,2.457,0.161,0.100,0.000,onTarget,noEvent
6382,10,51,rld,15:16:07.555,64109,1.327,2.474,0.161,0.000,0.000,onTarget,noEvent
6382,10,51,rld,15:16:07.604,64110,1.376,2.480,0.161,0.000,0.000,onTarget,noEvent
6382,10,51,rld,15:16:07.647,64111,1.415,2.482,0.161,0.000,0.000,onTarget,noEvent
6382,10,51,rld,15:16:07.702,64112,1.460,2.483,0.161,0.000,0.000,onTarget,noEvent
6382,10,51,rld,15:16:07.808,64113,1.554,2.555,0.162,0.600,0.000,onTarget,noEvent
6382,10,51,rld,15:16:07.885,64114,1.658,2.688,0.116,0.900,-0.400,onTarget,noEvent
6382,10,51,rld,15:16:07.916,64115,1.689,2.744,0.089,0.100,-0.100,onTarget,noEvent
6382,10,51,rld,15:16:07.956,64116,1.726,2.763,0.080,0.000,0.000,onTarget,noEvent
6382,10,51,rld,15:16:08.007,64117,1.780,2.770,0.077,0.000,0.000,onTarget,noEvent
6382,10,51,rld,15:16:08.050,64118,1.820,2.772,0.076,0.000,0.000,onTarget,noEvent
6382,10,51,rld,15:16:08.101,64119,1.874,2.773,0.076,0.000,0.000,onTarget,noEvent
6382,10,51,rld,15:16:08.168,64120,1.921,2.773,0.076,0.000,0.000,onTarget,noEvent
6382,10,51,rld,15:16:08.222,64121,1.982,2.773,0.076,0.000,0.000,onTarget,targetClick
6382,10,52,rld,15:16:10.535,64158,2.046,-0.135,0.288,0.000,0.000,waitingForTarget,middleTargetClick
6382,10,52,rld,15:16:10.579,64159,2.100,-0.135,0.288,0.000,0.000,waitingForTarget,noEvent
6382,10,52,rld,15:16:10.644,64160,2.164,-0.135,0.288,0.000,0.000,waitingForTarget,noEvent
6382,10,52,rld,15:16:10.689,64161,2.215,-0.135,0.288,0.000,0.000,waitingForTarget,noEvent
6382,10,52,rld,15:16:10.732,64162,2.247,-0.135,0.288,0.000,0.000,waitingForTarget,noEvent
6382,10,52,rld,15:16:10.764,64163,2.281,-0.135,0.288,0.000,0.000,waitingForTarget,noEvent
6382,10,52,rld,15:16:10.815,64164,2.336,-0.135,0.288,0.000,0.000,waitingForTarget,noEvent
6382,10,52,rld,15:16:10.855,64165,2.369,-0.135,0.288,0.000,0.000,waitingForTarget,noEvent
6382,10,52,rld,15:16:10.889,64166,2.416,-0.135,0.288,0.000,0.000,waitingForTarget,noEvent
6382,10,52,rld,15:16:10.932,64167,2.457,-0.135,0.288,0.000,0.000,waitingForTarget,noEvent
6382,10,52,rld,15:16:10.985,64168,0.050,-0.135,0.288,0.000,0.000,activeTracking,targetAppeared
6382,10,52,rld,15:16:11.048,64169,0.112,-0.135,0.288,0.000,0.000,activeTracking,noEvent
6382,10,52,rld,15:16:11.087,64170,0.149,-0.135,0.288,0.000,0.000,activeTracking,noEvent
6382,10,52,rld,15:16:11.125,64171,0.188,-0.135,0.288,0.000,0.000,activeTracking,noEvent
6382,10,52,rld,15:16:11.167,64172,0.226,-0.135,0.288,0.000,0.000,activeTracking,noEvent
6382,10,52,rld,15:16:11.211,64173,0.269,-0.135,0.288,0.000,0.000,activeTracking,noEvent
6382,10,52,rld,15:16:11.248,64174,0.309,-0.135,0.288,0.000,0.000,activeTracking,noEvent
6382,10,52,rld,15:16:11.291,64175,0.354,-0.135,0.288,0.000,0.000,activeTracking,noEvent
6382,10,52,rld,15:16:11.333,64176,0.389,-0.135,0.288,0.000,0.000,activeTracking,noEvent
6382,10,52,rld,15:16:11.366,64177,0.427,-0.135,0.288,0.000,0.000,activeTracking,noEvent
6382,10,52,rld,15:16:11.406,64178,0.458,-0.135,0.288,0.000,0.000,activeTracking,noEvent
6382,10,52,rld,15:16:11.456,64179,0.522,-0.135,0.288,0.000,0.000,activeTracking,noEvent
6382,10,52,rld,15:16:11.525,64180,0.569,-0.135,0.288,0.000,0.000,activeTracking,noEvent
6382,10,52,rld,15:16:11.736,64181,0.778,-1.096,0.178,-8.500,-1.000,activeTracking,noEvent
6382,10,52,rld,15:16:11.937,64182,1.004,-1.825,-0.006,-3.500,-1.300,activeTracking,noEvent
6382,10,52,rld,15:16:12.041,64183,1.094,-2.226,-0.103,-1.300,-0.300,activeTracking,noEvent
6382,10,52,rld,15:16:12.175,64184,1.237,-2.481,-0.171,-1.000,-0.300,onTarget,noEvent
6382,10,52,rld,15:16:12.218,64185,1.284,-2.614,-0.205,-0.400,-0.100,onTarget,noEvent
6382,10,52,rld,15:16:12.281,64186,1.346,-2.683,-0.217,-0.200,0.000,onTarget,noEvent
6382,10,52,rld,15:16:12.338,64187,1.405,-2.719,-0.221,-0.100,0.000,onTarget,noEvent
6382,10,52,rld,15:16:12.389,64188,1.452,-2.730,-0.222,0.000,0.000,onTarget,noEvent
6382,10,52,rld,15:16:12.434,64189,1.501,-2.734,-0.223,0.000,0.000,onTarget,noEvent
6382,10,52,rld,15:16:12.475,64190,1.542,-2.736,-0.223,0.000,0.000,onTarget,noEvent
6382,10,52,rld,15:16:12.521,64191,1.586,-2.736,-0.223,0.000,0.000,onTarget,noEvent
6382,10,52,rld,15:16:12.637,64192,1.679,-2.688,-0.153,0.400,0.600,onTarget,noEvent
6382,10,52,rld,15:16:12.707,64193,1.759,-2.647,-0.071,0.200,0.500,onTarget,noEvent
6382,10,52,rld,15:16:12.778,64194,1.828,-2.598,-0.009,0.300,0.300,onTarget,noEvent
6382,10,52,rld,15:16:12.841,64195,1.896,-2.569,0.024,0.100,0.100,onTarget,noEvent
6382,10,52,rld,15:16:12.896,64196,1.959,-2.548,0.034,0.100,0.000,onTarget,noEvent
6382,10,52,rld,15:16:12.934,64197,1.998,-2.540,0.038,0.000,0.000,onTarget,noEvent
6382,10,52,rld,15:16:13.004,64198,2.062,-2.538,0.039,0.000,0.000,onTarget,targetClick
6382,10,53,rld,15:16:15.914,64239,2.121,0.134,0.223,0.000,0.000,waitingForTarget,middleTargetClick
6382,10,53,rld,15:16:15.978,64240,2.180,0.135,0.222,0.000,0.000,waitingForTarget,noEvent
6382,10,53,rld,15:16:16.023,64241,2.231,0.135,0.221,0.000,0.000,waitingForTarget,noEvent
6382,10,53,rld,15:16:16.079,64242,2.296,0.135,0.221,0.000,0.000,waitingForTarget,noEvent
6382,10,53,rld,15:16:16.116,64243,2.330,0.135,0.221,0.000,0.000,waitingForTarget,noEvent
6382,10,53,rld,15:16:16.164,64244,2.370,0.135,0.221,0.000,0.000,waitingForTarget,noEvent
6382,10,53,rld,15:16:16.197,64245,2.413,0.135,0.221,0.000,0.000,waitingForTarget,noEvent
6382,10,53,rld,15:16:16.247,64246,2.462,0.135,0.221,0.000,0.000,waitingForTarget,noEvent
6382,10,53,rld,15:16:16.281,64247,2.491,0.135,0.221,0.000,0.000,waitingForTarget,noEvent
6382,10,53,rld,15:16:16.333,64248,2.539,0.135,0.221,0.000,0.000,waitingForTarget,noEvent
6382,10,53,rld,15:16:16.387,64249,0.057,0.135,0.221,0.000,0.000,activeTracking,targetAppeared
6382,10,53,rld,15:16:16.516,64250,0.182,0.982,0.290,7.500,0.600,activeTracking,noEvent
6382,10,53,rld,15:16:16.575,64251,0.251,1.302,0.315,0.300,0.000,activeTracking,noEvent
6382,10,53,rld,15:16:16.677,64252,0.343,1.489,0.289,0.700,-0.300,activeTracking,noEvent
6382,10,53,rld,15:16:16.807,64253,0.423,1.633,0.235,0.700,-0.400,activeTracking,noEvent
6382,10,53,rld,15:16:16.924,64254,0.590,1.855,0.115,1.500,-0.900,activeTracking,noEvent
6382,10,53,rld,15:16:16.988,64255,0.666,1.942,0.052,0.100,-0.200,activeTracking,noEvent
6382,10,53,rld,15:16:17.034,64256,0.715,1.971,0.031,0.000,0.000,activeTracking,noEvent
6382,10,53,rld,15:16:17.095,64257,0.770,1.992,0.024,0.100,0.000,activeTracking,noEvent
6382,10,53,rld,15:16:17.200,64258,0.870,2.093,-0.036,0.800,-0.500,activeTracking,noEvent
6382,10,53,rld,15:16:17.237,64259,0.908,2.127,-0.055,0.000,0.000,activeTracking,noEvent
6382,10,53,rld,15:16:17.282,64260,0.951,2.138,-0.062,0.000,0.000,activeTracking,noEvent
6382,10,53,rld,15:16:17.325,64261,0.993,2.142,-0.064,0.000,0.000,activeTracking,noEvent
6382,10,53,rld,15:16:17.367,64262,1.040,2.143,-0.065,0.000,0.000,activeTracking,noEvent
6382,10,53,rld,15:16:17.408,64263,1.087,2.144,-0.065,0.000,0.000,activeTracking,noEvent
6382,10,53,rld,15:16:17.453,64264,1.132,2.144,-0.065,0.000,0.000,activeTracking,noEvent
6382,10,53,rld,15:16:17.498,64265,1.179,2.144,-0.065,0.000,0.000,activeTracking,noEvent
6382,10,53,rld,15:16:17.536,64266,1.218,2.144,-0.065,0.000,0.000,activeTracking,noEvent
6382,10,53,rld,15:16:17.575,64267,1.250,2.144,-0.065,0.000,0.000,activeTracking,noEvent
6382,10,53,rld,15:16:17.617,64268,1.300,2.144,-0.065,0.000,0.000,activeTracking,noEvent
6382,10,53,rld,15:16:17.665,64269,1.337,2.144,-0.065,0.000,0.000,activeTracking,noEvent
6382,10,53,rld,15:16:17.725,64270,1.399,2.144,-0.065,0.000,0.000,activeTracking,noEvent
6382,10,53,rld,15:16:17.775,64271,1.451,2.144,-0.065,0.000,0.000,activeTracking,noEvent
6382,10,53,rld,15:16:17.918,64272,1.587,2.633,0.122,4.100,1.600,onTarget,noEvent
6382,10,53,rld,15:16:17.971,64273,1.643,2.824,0.185,0.200,0.000,onTarget,noEvent
6382,10,53,rld,15:16:18.006,64274,1.686,2.888,0.207,0.000,0.000,onTarget,noEvent
6382,10,53,rld,15:16:18.073,64275,1.756,2.909,0.214,0.000,0.000,onTarget,noEvent
6382,10,53,rld,15:16:18.133,64276,1.802,2.916,0.216,0.000,0.000,onTarget,noEvent
6382,10,53,rld,15:16:18.179,64277,1.850,2.918,0.217,0.000,0.000,onTarget,noEvent
6382,10,53,rld,15:16:18.221,64278,1.900,2.919,0.217,0.000,0.000,onTarget,noEvent
6382,10,53,rld,15:16:18.264,64279,1.940,2.919,0.217,0.000,0.000,onTarget,noEvent
6382,10,53,rld,15:16:18.328,64280,1.992,2.920,0.217,0.000,0.000,onTarget,noEvent
6382,10,53,rld,15:16:18.368,64281,2.049,2.920,0.217,0.000,0.000,onTarget,noEvent
6382,10,53,rld,15:16:18.421,64282,2.104,2.920,0.217,0.000,0.000,onTarget,noEvent
6382,10,53,rld,15:16:18.456,64283,2.138,2.920,0.217,0.000,0.000,onTarget,noEvent
6382,10,53,rld,15:16:18.508,64284,2.180,2.920,0.217,0.000,0.000,onTarget,noEvent
6382,10,53,rld,15:16:18.553,64285,2.230,2.920,0.217,0.000,0.000,onTarget,noEvent
6382,10,53,rld,15:16:18.597,64286,2.279,2.920,0.217,0.000,0.000,onTarget,noEvent
6382,10,53,rld,15:16:18.672,64287,2.352,2.920,0.217,0.000,0.000,onTarget,targetClick
6382,10,54,rld,15:16:21.404,64330,2.422,-0.001,0.069,0.000,0.000,waitingForTarget,middleTargetClick
6382,10,54,rld,15:16:21.446,64331,2.471,0.000,0.069,0.000,0.000,waitingForTarget,noEvent
6382,10,54,rld,15:16:21.487,64332,2.518,0.000,0.069,0.000,0.000,waitingForTarget,noEvent
6382,10,54,rld,15:16:21.548,64333,2.566,0.000,0.069,0.000,0.000,waitingForTarget,noEvent
6382,10,54,rld,15:16:21.603,64334,2.622,0.000,0.069,0.000,0.000,waitingForTarget,noEvent
6382,10,54,rld,15:16:21.646,64335,2.673,0.000,0.069,0.000,0.000,waitingForTarget,noEvent
6382,10,54,rld,15:16:21.683,64336,2.709,0.000,0.069,0.000,0.000,waitingForTarget,noEvent
6382,10,54,rld,15:16:21.738,64337,2.760,0.000,0.069,0.000,0.000,waitingForTarget,noEvent
6382,10,54,rld,15:16:21.786,64338,2.815,0.000,0.069,0.000,0.000,waitingForTarget,noEvent
6382,10,54,rld,15:16:21.828,64339,2.857,0.000,0.069,0.000,0.000,waitingForTarget,noEvent
6382,10,54,rld,15:16:21.874,64340,0.044,0.000,0.069,0.000,0.000,activeTracking,targetAppeared
6382,10,54,rld,15:16:21.918,64341,0.091,0.000,0.069,0.000,0.000,activeTracking,noEvent
6382,10,54,rld,15:16:21.973,64342,0.144,0.000,0.069,0.000,0.000,activeTracking,noEvent
6382,10,54,rld,15:16:22.189,64343,0.311,-0.450,0.114,-4.000,0.400,activeTracking,noEvent
6382,10,54,rld,15:16:22.370,64344,0.524,-0.929,0.096,-2.900,-0.300,activeTracking,noEvent
6382,10,54,rld,15:16:22.502,64345,0.625,-1.456,0.000,-3.200,-0.800,activeTracking,noEvent
6382,10,54,rld,15:16:22.587,64346,0.743,-1.784,-0.032,-1.300,0.000,activeTracking,noEvent
6382,10,54,rld,15:16:22.689,64347,0.856,-1.965,-0.043,-0.600,0.000,activeTracking,noEvent
6382,10,54,rld,15:16:22.765,64348,0.928,-2.084,-0.046,-0.500,0.000,activeTracking,noEvent
6382,10,54,rld,15:16:22.898,64349,1.054,-2.254,-0.036,-1.100,0.100,activeTracking,noEvent
6382,10,54,rld,15:16:23.020,64350,1.193,-2.550,-0.102,-2.000,-0.600,onTarget,noEvent
6382,10,54,rld,15:16:23.082,64351,1.250,-2.698,-0.124,-0.400,0.000,onTarget,noEvent
6382,10,54,rld,15:16:23.148,64352,1.315,-2.760,-0.131,-0.100,0.000,onTarget,noEvent
6382,10,54,rld,15:16:23.230,64353,1.399,-2.793,-0.110,-0.100,0.200,onTarget,noEvent
6382,10,54,rld,15:16:23.288,64354,1.462,-2.816,-0.080,-0.100,0.200,onTarget,noEvent
6382,10,54,rld,15:16:23.365,64355,1.532,-2.824,-0.070,0.000,0.000,onTarget,noEvent
6382,10,54,rld,15:16:23.451,64356,1.612,-2.826,-0.067,0.000,0.000,onTarget,noEvent
6382,10,54,rld,15:16:23.505,64357,1.671,-2.827,-0.065,0.000,0.000,onTarget,noEvent
6382,10,54,rld,15:16:23.587,64358,1.761,-2.803,-0.030,0.200,0.300,onTarget,noEvent
6382,10,54,rld,15:16:23.667,64359,1.827,-2.759,-0.018,0.300,0.000,onTarget,noEvent
6382,10,54,rld,15:16:23.701,64360,1.874,-2.744,-0.014,0.000,0.000,onTarget,noEvent
6382,10,54,rld,15:16:23.749,64361,1.911,-2.739,-0.013,0.000,0.000,onTarget,noEvent
6382,10,54,rld,15:16:23.770,64362,1.942,-2.737,-0.013,0.000,0.000,onTarget,noEvent
6382,10,54,rld,15:16:23.814,64363,1.979,-2.737,-0.012,0.000,0.000,onTarget,noEvent
6382,10,54,rld,15:16:23.869,64364,2.034,-2.736,-0.012,0.000,0.000,onTarget,noEvent
6382,10,54,rld,15:16:23.950,64365,2.111,-2.736,-0.012,0.000,0.000,onTarget,targetClick
6382,10,55,rld,15:16:25.493,64389,2.182,0.456,0.052,0.000,0.000,waitingForTarget,middleTargetClick
6382,10,55,rld,15:16:25.538,64390,2.240,0.456,0.052,0.000,0.000,waitingForTarget,noEvent
6382,10,55,rld,15:16:25.607,64391,2.290,0.456,0.052,0.000,0.000,waitingForTarget,noEvent
6382,10,55,rld,15:16:25.655,64392,2.356,0.456,0.052,0.000,0.000,waitingForTarget,noEvent
6382,10,55,rld,15:16:25.693,64393,2.395,0.456,0.052,0.000,0.000,waitingForTarget,noEvent
6382,10,55,rld,15:16:25.731,64394,2.433,0.456,0.052,0.000,0.000,waitingForTarget,noEvent
6382,10,55,rld,15:16:25.778,64395,2.473,0.456,0.052,0.000,0.000,waitingForTarget,noEvent
6382,10,55,rld,15:16:25.846,64396,2.544,0.456,0.052,0.000,0.000,waitingForTarget,noEvent
6382,10,55,rld,15:16:25.887,64397,2.584,0.456,0.052,0.000,0.000,waitingForTarget,noEvent
6382,10,55,rld,15:16:25.931,64398,0.036,0.456,0.052,0.000,0.000,activeTracking,targetAppeared
6382,10,55,rld,15:16:25.977,64399,0.083,0.456,0.052,0.000,0.000,activeTracking,noEvent
6382,10,55,rld,15:16:26.018,64400,0.135,0.456,0.052,0.000,0.000,activeTracking,noEvent
6382,10,55,rld,15:16:26.074,64401,0.176,0.456,0.052,0.000,0.000,activeTracking,noEvent
6382,10,55,rld,15:16:26.127,64402,0.237,0.456,0.052,0.000,0.000,activeTracking,noEvent
6382,10,55,rld,15:16:26.235,64403,0.326,0.524,0.052,0.600,0.000,activeTracking,noEvent
6382,10,55,rld,15:16:26.350,64404,0.442,0.931,0.019,3.400,-0.300,activeTracking,noEvent
6382,10,55,rld,15:16:26.398,64405,0.509,1.136,-0.004,0.600,-0.100,activeTracking,noEvent
6382,10,55,rld,15:16:26.461,64406,0.569,1.182,0.000,-0.200,0.100,activeTracking,noEvent
6382,10,55,rld,15:16:26.559,64407,0.671,-0.441,0.192,-14.500,1.700,activeTracking,noEvent
6382,10,55,rld,15:16:26.622,64408,0.733,-0.983,0.258,0.000,0.000,activeTracking,noEvent
6382,10,55,rld,15:16:26.667,64409,0.777,-1.165,0.280,0.000,0.000,activeTracking,noEvent
6382,10,55,rld,15:16:26.733,64410,0.835,-1.225,0.288,0.000,0.000,activeTracking,noEvent
6382,10,55,rld,15:16:26.772,64411,0.890,-1.246,0.290,0.000,0.000,activeTracking,noEvent
6382,10,55,rld,15:16:26.920,64412,1.018,-1.574,0.362,-2.800,0.600,activeTracking,noEvent
6382,10,55,rld,15:16:27.015,64413,1.110,-1.777,0.409,-0.800,0.200,activeTracking,noEvent
6382,10,55,rld,15:16:27.062,64414,1.179,-1.869,0.426,-0.200,0.000,activeTracking,noEvent
6382,10,55,rld,15:16:27.116,64415,1.223,-1.899,0.431,0.000,0.000,activeTracking,noEvent
6382,10,55,rld,15:16:27.168,64416,1.285,-1.921,0.433,-0.100,0.000,activeTracking,noEvent
6382,10,55,rld,15:16:27.253,64417,1.357,-1.952,0.434,-0.200,0.000,activeTracking,noEvent
6382,10,55,rld,15:16:27.335,64418,1.443,-1.997,0.435,-0.300,0.000,activeTracking,noEvent
6382,10,55,rld,15:16:27.415,64419,1.517,-2.048,0.435,-0.300,0.000,activeTracking,noEvent
6382,10,55,rld,15:16:27.552,64420,1.666,-2.349,0.311,-2.400,-1.100,activeTracking,noEvent
6382,10,55,rld,15:16:27.614,64421,1.724,-2.474,0.247,-0.200,-0.200,onTarget,noEvent
6382,10,55,rld,15:16:27.663,64422,1.776,-2.516,0.225,0.000,0.000,onTarget,noEvent
6382,10,55,rld,15:16:27.705,64423,1.821,-2.530,0.218,0.000,0.000,onTarget,noEvent
6382,10,55,rld,15:16:27.770,64424,1.886,-2.535,0.215,0.000,0.000,onTarget,noEvent
6382,10,55,rld,15:16:27.838,64425,1.955,-2.536,0.215,0.000,0.000,onTarget,noEvent
6382,10,55,rld,15:16:27.889,64426,2.004,-2.537,0.214,0.000,0.000,onTarget,targetClick
6382,10,56,rld,15:16:31.684,64491,2.065,0.186,-0.252,0.000,0.000,waitingForTarget,middleTargetClick
6382,10,56,rld,15:16:31.737,64492,2.122,0.186,-0.252,0.000,0.000,waitingForTarget,noEvent
6382,10,56,rld,15:16:31.799,64493,2.176,0.186,-0.252,0.000,0.000,waitingForTarget,noEvent
6382,10,56,rld,15:16:31.850,64494,2.235,0.186,-0.252,0.000,0.000,waitingForTarget,noEvent
6382,10,56,rld,15:16:31.880,64495,2.265,0.186,-0.252,0.000,0.000,waitingForTarget,noEvent
6382,10,56,rld,15:16:31.926,64496,2.301,0.186,-0.252,0.000,0.000,waitingForTarget,noEvent
6382,10,56,rld,15:16:31.963,64497,2.344,0.186,-0.252,0.000,0.000,waitingForTarget,noEvent
6382,10,56,rld,15:16:31.997,64498,2.374,0.186,-0.252,0.000,0.000,waitingForTarget,noEvent
6382,10,56,rld,15:16:32.036,64499,2.419,0.186,-0.252,0.000,0.000,waitingForTarget,noEvent
6382,10,56,rld,15:16:32.088,64500,2.473,0.186,-0.252,0.000,0.000,waitingForTarget,noEvent
6382,10,56,rld,15:16:32.136,64501,0.042,0.186,-0.252,0.000,0.000,activeTracking,targetAppeared
6382,10,56,rld,15:16:32.181,64502,0.093,0.186,-0.252,0.000,0.000,activeTracking,noEvent
6382,10,56,rld,15:16:32.267,64503,0.166,0.186,-0.252,0.000,0.000,activeTracking,noEvent
6382,10,56,rld,15:16:32.294,64504,0.203,0.186,-0.252,0.000,0.000,activeTracking,noEvent
6382,10,56,rld,15:16:32.349,64505,0.251,0.186,-0.252,0.000,0.000,activeTracking,noEvent
6382,10,56,rld,15:16:32.381,64506,0.291,0.186,-0.252,0.000,0.000,activeTracking,noEvent
6382,10,56,rld,15:16:32.428,64507,0.335,0.186,-0.252,0.000,0.000,activeTracking,noEvent
6382,10,56,rld,15:16:32.480,64508,0.381,0.186,-0.252,0.000,0.000,activeTracking,noEvent
6382,10,56,rld,15:16:32.515,64509,0.419,0.186,-0.252,0.000,0.000,activeTracking,noEvent
6382,10,56,rld,15:16:32.548,64510,0.461,0.186,-0.252,0.000,0.000,activeTracking,noEvent
6382,10,56,rld,15:16:32.584,64511,0.493,0.186,-0.252,0.000,0.000,activeTracking,noEvent
6382,10,56,rld,15:16:32.633,64512,0.544,0.186,-0.252,0.000,0.000,activeTracking,noEvent
6382,10,56,rld,15:16:32.659,64513,0.571,0.186,-0.252,0.000,0.000,activeTracking,noEvent
6382,10,56,rld,15:16:32.700,64514,0.612,0.186,-0.252,0.000,0.000,activeTracking,noEvent
6382,10,56,rld,15:16:32.741,64515,0.650,0.186,-0.252,0.000,0.000,activeTracking,noEvent
6382,10,56,rld,15:16:32.782,64516,0.687,0.186,-0.252,0.000,0.000,activeTracking,noEvent
6382,10,56,rld,15:16:32.856,64517,0.761,0.186,-0.252,0.000,0.000,activeTracking,noEvent
6382,10,56,rld,15:16:33.102,64518,0.983,-0.682,0.007,-7.700,2.300,activeTracking,noEvent
6382,10,56,rld,15:16:33.277,64519,1.151,-1.315,0.129,-3.000,0.300,activeTracking,noEvent
6382,10,56,rld,15:16:33.386,64520,1.278,-1.679,0.171,-1.300,0.000,activeTracking,noEvent
6382,10,56,rld,15:16:33.463,64521,1.369,-1.894,0.186,-0.800,0.000,activeTracking,noEvent
6382,10,56,rld,15:16:33.548,64522,1.454,-2.048,0.191,-0.700,0.000,activeTracking,noEvent
6382,10,56,rld,15:16:33.650,64523,1.532,-2.147,0.193,-0.400,0.000,activeTracking,noEvent
6382,10,56,rld,15:16:33.706,64524,1.605,-2.204,0.183,-0.200,-0.100,activeTracking,noEvent
6382,10,56,rld,15:16:33.851,64525,1.718,-2.378,0.029,-1.300,-1.300,onTarget,noEvent
6382,10,56,rld,15:16:33.931,64526,1.831,-2.508,-0.092,-0.600,-0.600,onTarget,noEvent
6382,10,56,rld,15:16:33.984,64527,1.893,-2.563,-0.144,-0.100,-0.100,onTarget,noEvent
6382,10,56,rld,15:16:34.030,64528,1.938,-2.594,-0.161,-0.100,0.000,onTarget,noEvent
6382,10,56,rld,15:16:34.073,64529,1.984,-2.604,-0.167,0.000,0.000,onTarget,noEvent
6382,10,56,rld,15:16:34.114,64530,2.020,-2.607,-0.169,0.000,0.000,onTarget,noEvent
6382,10,56,rld,15:16:34.147,64531,2.058,-2.609,-0.170,0.000,0.000,onTarget,noEvent
6382,10,56,rld,15:16:34.195,64532,2.099,-2.609,-0.170,0.000,0.000,onTarget,noEvent
6382,10,56,rld,15:16:34.253,64533,2.162,-2.609,-0.170,0.000,0.000,onTarget,noEvent
6382,10,56,rld,15:16:34.321,64534,2.220,-2.609,-0.170,0.000,0.000,onTarget,noEvent
6382,10,56,rld,15:16:34.368,64535,2.278,-2.609,-0.170,0.000,0.000,onTarget,noEvent
6382,10,56,rld,15:16:34.420,64536,2.320,-2.609,-0.170,0.000,0.000,onTarget,noEvent
6382,10,56,rld,15:16:34.495,64537,2.395,-2.609,-0.170,0.000,0.000,onTarget,targetClick
6382,10,57,rld,15:16:36.866,64577,2.466,0.034,0.373,0.000,0.000,waitingForTarget,middleTargetClick
6382,10,57,rld,15:16:36.920,64578,2.524,0.034,0.373,0.000,0.000,waitingForTarget,noEvent
6382,10,57,rld,15:16:36.971,64579,2.582,0.034,0.373,0.000,0.000,waitingForTarget,noEvent
6382,10,57,rld,15:16:37.038,64580,2.652,0.034,0.373,0.000,0.000,waitingForTarget,noEvent
6382,10,57,rld,15:16:37.099,64581,2.711,0.034,0.373,0.000,0.000,waitingForTarget,noEvent
6382,10,57,rld,15:16:37.137,64582,2.752,0.034,0.373,0.000,0.000,waitingForTarget,noEvent
6382,10,57,rld,15:16:37.183,64583,2.785,0.034,0.373,0.000,0.000,waitingForTarget,noEvent
6382,10,57,rld,15:16:37.219,64584,2.822,0.034,0.373,0.000,0.000,waitingForTarget,noEvent
6382,10,57,rld,15:16:37.271,64585,2.868,0.034,0.373,0.000,0.000,waitingForTarget,noEvent
6382,10,57,rld,15:16:37.323,64586,0.065,0.034,0.373,0.000,0.000,activeTracking,targetAppeared
6382,10,57,rld,15:16:37.368,64587,0.104,0.034,0.373,0.000,0.000,activeTracking,noEvent
6382,10,57,rld,15:16:37.417,64588,0.152,0.034,0.373,0.000,0.000,activeTracking,noEvent
6382,10,57,rld,15:16:37.481,64589,0.223,0.034,0.373,0.000,0.000,activeTracking,noEvent
6382,10,57,rld,15:16:37.514,64590,0.256,0.034,0.373,0.000,0.000,activeTracking,noEvent
6382,10,57,rld,15:16:37.557,64591,0.304,0.034,0.373,0.000,0.000,activeTracking,noEvent
6382,10,57,rld,15:16:37.621,64592,0.366,0.034,0.373,0.000,0.000,activeTracking,noEvent
6382,10,57,rld,15:16:37.666,64593,0.411,0.034,0.373,0.000,0.000,activeTracking,noEvent
6382,10,57,rld,15:16:37.853,64594,0.584,1.039,0.410,8.900,0.300,activeTracking,noEvent
6382,10,57,rld,15:16:37.986,64595,0.706,1.911,0.405,4.600,-0.200,activeTracking,noEvent
6382,10,57,rld,15:16:38.084,64596,0.820,2.410,0.407,1.700,0.000,activeTracking,noEvent
6382,10,57,rld,15:16:38.187,64597,0.930,2.687,0.409,0.900,0.000,activeTracking,noEvent
6382,10,57,rld,15:16:38.273,64598,1.018,2.805,0.410,0.200,0.000,activeTracking,noEvent
6382,10,57,rld,15:16:38.317,64599,1.053,2.845,0.411,0.000,0.000,activeTracking,noEvent
6382,10,57,rld,15:16:38.354,64600,1.101,2.858,0.411,0.000,0.000,activeTracking,noEvent
6382,10,57,rld,15:16:38.401,64601,1.145,2.862,0.411,0.000,0.000,activeTracking,noEvent
6382,10,57,rld,15:16:38.465,64602,1.200,2.864,0.411,0.000,0.000,activeTracking,noEvent
6382,10,57,rld,15:16:38.545,64603,1.281,2.815,0.375,-0.400,-0.300,activeTracking,noEvent
6382,10,57,rld,15:16:38.622,64604,1.354,2.775,0.351,-0.200,-0.100,activeTracking,noEvent
6382,10,57,rld,15:16:38.670,64605,1.415,2.749,0.331,-0.100,-0.100,onTarget,noEvent
6382,10,57,rld,15:16:38.722,64606,1.461,2.741,0.325,0.000,0.000,onTarget,noEvent
6382,10,57,rld,15:16:38.796,64607,1.522,2.738,0.311,0.000,-0.100,onTarget,noEvent
6382,10,57,rld,15:16:38.864,64608,1.603,2.713,0.282,-0.200,-0.200,onTarget,noEvent
6382,10,57,rld,15:16:38.902,64609,1.642,2.704,0.273,0.000,0.000,onTarget,noEvent
6382,10,57,rld,15:16:38.935,64610,1.682,2.701,0.270,0.000,0.000,onTarget,noEvent
6382,10,57,rld,15:16:38.966,64611,1.713,2.700,0.269,0.000,0.000,onTarget,noEvent
6382,10,57,rld,15:16:39.017,64612,1.758,2.700,0.268,0.000,0.000,onTarget,noEvent
6382,10,57,rld,15:16:39.066,64613,1.801,2.700,0.268,0.000,0.000,onTarget,noEvent
6382,10,57,rld,15:16:39.132,64614,1.867,2.700,0.268,0.000,0.000,onTarget,noEvent
6382,10,57,rld,15:16:39.186,64615,1.918,2.700,0.268,0.000,0.000,onTarget,targetClick
6382,10,58,rld,15:16:41.818,64660,2.003,0.101,0.339,0.000,0.000,waitingForTarget,middleTargetClick
6382,10,58,rld,15:16:41.871,64661,2.062,0.101,0.339,0.000,0.000,waitingForTarget,noEvent
6382,10,58,rld,15:16:41.930,64662,2.132,0.101,0.339,0.000,0.000,waitingForTarget,noEvent
6382,10,58,rld,15:16:41.966,64663,2.170,0.101,0.339,0.000,0.000,waitingForTarget,noEvent
6382,10,58,rld,15:16:41.999,64664,2.202,0.101,0.339,0.000,0.000,waitingForTarget,noEvent
6382,10,58,rld,15:16:42.071,64665,2.272,0.101,0.339,0.000,0.000,waitingForTarget,noEvent
6382,10,58,rld,15:16:42.106,64666,2.309,0.101,0.339,0.000,0.000,waitingForTarget,noEvent
6382,10,58,rld,15:16:42.139,64667,2.341,0.101,0.339,0.000,0.000,waitingForTarget,noEvent
6382,10,58,rld,15:16:42.189,64668,2.382,0.101,0.339,0.000,0.000,waitingForTarget,noEvent
6382,10,58,rld,15:16:42.229,64669,2.421,0.101,0.339,0.000,0.000,waitingForTarget,noEvent
6382,10,58,rld,15:16:42.272,64670,0.044,0.101,0.339,0.000,0.000,activeTracking,targetAppeared
6382,10,58,rld,15:16:42.328,64671,0.101,0.101,0.339,0.000,0.000,activeTracking,noEvent
6382,10,58,rld,15:16:42.363,64672,0.133,0.101,0.339,0.000,0.000,activeTracking,noEvent
6382,10,58,rld,15:16:42.399,64673,0.171,0.101,0.339,0.000,0.000,activeTracking,noEvent
6382,10,58,rld,15:16:42.454,64674,0.230,0.101,0.339,0.000,0.000,activeTracking,noEvent
6382,10,58,rld,15:16:42.479,64675,0.259,0.101,0.339,0.000,0.000,activeTracking,noEvent
6382,10,58,rld,15:16:42.557,64676,0.334,0.101,0.339,0.000,0.000,activeTracking,noEvent
6382,10,58,rld,15:16:42.634,64677,0.379,0.101,0.339,0.000,0.000,activeTracking,noEvent
6382,10,58,rld,15:16:42.739,64678,0.517,-0.169,0.317,-2.400,-0.200,activeTracking,noEvent
6382,10,58,rld,15:16:42.788,64679,0.569,-0.293,0.309,-0.300,0.000,activeTracking,noEvent
6382,10,58,rld,15:16:42.863,64680,0.643,-0.345,0.284,-0.100,-0.200,activeTracking,noEvent
6382,10,58,rld,15:16:43.028,64681,0.790,1.048,0.119,12.500,-1.400,activeTracking,noEvent
6382,10,58,rld,15:16:43.089,64682,0.855,1.600,0.042,0.700,-0.200,activeTracking,noEvent
6382,10,58,rld,15:16:43.235,64683,0.987,1.903,-0.064,1.000,-0.700,activeTracking,noEvent
6382,10,58,rld,15:16:43.364,64684,1.121,2.193,-0.180,1.600,-0.700,activeTracking,noEvent
6382,10,58,rld,15:16:43.434,64685,1.206,2.410,-0.266,1.000,-0.400,activeTracking,noEvent
6382,10,58,rld,15:16:43.497,64686,1.268,2.482,-0.295,0.000,0.000,activeTracking,noEvent
6382,10,58,rld,15:16:43.557,64687,1.331,2.507,-0.304,0.000,0.000,activeTracking,noEvent
6382,10,58,rld,15:16:43.598,64688,1.372,2.515,-0.308,0.000,0.000,activeTracking,noEvent
6382,10,58,rld,15:16:43.678,64689,1.450,2.518,-0.309,0.000,0.000,activeTracking,noEvent
6382,10,58,rld,15:16:43.745,64690,1.518,2.518,-0.309,0.000,0.000,activeTracking,noEvent
6382,10,58,rld,15:16:43.869,64691,1.639,2.507,0.144,-0.100,3.900,onTarget,noEvent
6382,10,58,rld,15:16:43.932,64692,1.713,2.491,0.330,-0.100,0.300,activeTracking,noEvent
6382,10,58,rld,15:16:43.976,64693,1.752,2.486,0.404,0.000,0.100,activeTracking,noEvent
6382,10,58,rld,15:16:44.036,64694,1.805,2.484,0.428,0.000,0.000,activeTracking,noEvent
6382,10,58,rld,15:16:44.087,64695,1.857,2.483,0.437,0.000,0.000,activeTracking,noEvent
6382,10,58,rld,15:16:44.130,64696,1.906,2.483,0.439,0.000,0.000,activeTracking,noEvent
6382,10,58,rld,15:16:44.189,64697,1.951,2.483,0.440,0.000,0.000,activeTracking,noEvent
6382,10,58,rld,15:16:44.278,64698,2.051,2.495,0.359,0.100,-0.700,activeTracking,noEvent
6382,10,58,rld,15:16:44.337,64699,2.113,2.499,0.297,0.000,-0.300,activeTracking,noEvent
6382,10,58,rld,15:16:44.390,64700,2.156,2.500,0.277,0.000,0.000,onTarget,noEvent
6382,10,58,rld,15:16:44.450,64701,2.220,2.501,0.281,0.000,0.100,onTarget,noEvent
6382,10,58,rld,15:16:44.548,64702,2.298,2.489,0.318,-0.100,0.300,activeTracking,noEvent
6382,10,58,rld,15:16:44.613,64703,2.389,2.461,0.364,-0.200,0.300,activeTracking,noEvent
6382,10,58,rld,15:16:44.654,64704,2.431,2.452,0.380,0.000,0.000,activeTracking,noEvent
6382,10,58,rld,15:16:44.706,64705,2.481,2.448,0.385,0.000,0.000,activeTracking,noEvent
6382,10,58,rld,15:16:44.776,64706,2.545,2.447,0.375,0.000,-0.100,activeTracking,noEvent
6382,10,58,rld,15:16:44.834,64707,2.606,2.447,0.372,0.000,0.000,activeTracking,noEvent
6382,10,58,rld,15:16:44.869,64708,2.650,2.447,0.371,0.000,0.000,activeTracking,noEvent
6382,10,58,rld,15:16:44.966,64709,2.706,2.459,0.371,0.100,0.000,activeTracking,noEvent
6382,10,58,rld,15:16:45.132,64710,2.889,2.777,0.351,2.600,-0.200,activeTracking,noEvent
6382,10,58,rld,15:16:45.177,64711,2.955,2.921,0.333,0.300,-0.100,activeTracking,noEvent
6382,10,58,rld,15:16:45.202,64712,2.984,2.969,0.327,0.000,0.000,activeTracking,noEvent
6382,10,58,rld,15:16:45.257,64713,3.034,2.985,0.325,0.000,0.000,activeTracking,noEvent
6382,10,58,rld,15:16:45.315,64714,3.089,2.991,0.325,0.000,0.000,activeTracking,noEvent
6382,10,58,rld,15:16:45.388,64715,3.155,2.993,0.324,0.000,0.000,activeTracking,noEvent
6382,10,58,rld,15:16:45.437,64716,3.218,2.993,0.313,0.000,-0.100,activeTracking,noEvent
6382,10,58,rld,15:16:45.481,64717,3.251,2.993,0.309,0.000,0.000,activeTracking,noEvent
6382,10,58,rld,15:16:45.519,64718,3.299,2.993,0.307,0.000,0.000,activeTracking,noEvent
6382,10,58,rld,15:16:45.568,64719,3.349,2.993,0.307,0.000,0.000,activeTracking,noEvent
6382,10,58,rld,15:16:45.618,64720,3.395,2.993,0.307,0.000,0.000,activeTracking,noEvent
6382,10,58,rld,15:16:45.667,64721,3.444,2.993,0.307,0.000,0.000,activeTracking,noEvent
6382,10,58,rld,15:16:45.711,64722,3.489,2.993,0.307,0.000,0.000,activeTracking,noEvent
6382,10,58,rld,15:16:45.763,64723,3.537,2.993,0.307,0.000,0.000,activeTracking,noEvent
6382,10,58,rld,15:16:45.819,64724,3.600,2.993,0.307,0.000,0.000,activeTracking,noEvent
6382,10,58,rld,15:16:45.868,64725,3.640,2.993,0.307,0.000,0.000,activeTracking,noEvent
6382,10,58,rld,15:16:45.919,64726,3.688,2.993,0.307,0.000,0.000,activeTracking,noEvent
6382,10,58,rld,15:16:45.986,64727,3.754,2.993,0.307,0.000,0.000,activeTracking,failedClick
6382,10,59,rld,15:16:49.433,64780,3.821,-0.186,0.187,0.000,0.000,waitingForTarget,middleTargetClick
6382,10,59,rld,15:16:49.487,64781,3.882,-0.186,0.187,0.000,0.000,waitingForTarget,noEvent
6382,10,59,rld,15:16:49.548,64782,3.945,-0.186,0.187,0.000,0.000,waitingForTarget,noEvent
6382,10,59,rld,15:16:49.599,64783,3.996,-0.186,0.187,0.000,0.000,waitingForTarget,noEvent
6382,10,59,rld,15:16:49.901,64789,0.045,-0.186,0.187,0.000,0.000,activeTracking,targetAppeared
6382,10,59,rld,15:16:49.955,64790,0.105,-0.186,0.187,0.000,0.000,activeTracking,noEvent
6382,10,59,rld,15:16:49.999,64791,0.155,-0.186,0.187,0.000,0.000,activeTracking,noEvent
6382,10,59,rld,15:16:50.049,64792,0.201,-0.186,0.187,0.000,0.000,activeTracking,noEvent
6382,10,59,rld,15:16:50.112,64793,0.256,-0.186,0.187,0.000,0.000,activeTracking,noEvent
6382,10,59,rld,15:16:50.176,64794,0.326,-0.186,0.187,0.000,0.000,activeTracking,noEvent
6382,10,59,rld,15:16:50.232,64795,0.380,-0.186,0.187,0.000,0.000,activeTracking,noEvent
6382,10,59,rld,15:16:50.278,64796,0.435,-0.186,0.187,0.000,0.000,activeTracking,noEvent
6382,10,59,rld,15:16:50.332,64797,0.488,-0.186,0.187,0.000,0.000,activeTracking,noEvent
6382,10,59,rld,15:16:50.377,64798,0.534,-0.186,0.187,0.000,0.000,activeTracking,noEvent
6382,10,59,rld,15:16:50.461,64799,0.608,-0.186,0.187,0.000,0.000,activeTracking,noEvent
6382,10,59,rld,15:16:50.520,64800,0.666,-0.186,0.187,0.000,0.000,activeTracking,noEvent
6382,10,59,rld,15:16:50.567,64801,0.712,-0.186,0.187,0.000,0.000,activeTracking,noEvent
6382,10,59,rld,15:16:50.618,64802,0.775,-0.186,0.187,0.000,0.000,activeTracking,noEvent
6382,10,59,rld,15:16:50.672,64803,0.823,-0.186,0.187,0.000,0.000,activeTracking,noEvent
6382,10,59,rld,15:16:50.723,64804,0.873,-0.186,0.187,0.000,0.000,activeTracking,noEvent
6382,10,59,rld,15:16:50.845,64805,0.975,-0.186,0.187,0.000,0.000,activeTracking,noEvent
6382,10,59,rld,15:16:51.051,64806,1.196,1.273,0.224,12.900,0.300,activeTracking,noEvent
6382,10,59,rld,15:16:51.139,64807,1.275,2.003,0.216,2.000,-0.200,activeTracking,noEvent
6382,10,59,rld,15:16:51.212,64808,1.356,2.274,0.214,0.200,0.000,activeTracking,noEvent
6382,10,59,rld,15:16:51.255,64809,1.409,2.365,0.213,0.000,0.000,activeTracking,noEvent
6382,10,59,rld,15:16:51.319,64810,1.464,2.396,0.213,0.000,0.000,activeTracking,noEvent
6382,10,59,rld,15:16:51.369,64811,1.515,2.406,0.213,0.000,0.000,activeTracking,noEvent
6382,10,59,rld,15:16:51.433,64812,1.575,2.409,0.213,0.000,0.000,activeTracking,noEvent
6382,10,59,rld,15:16:51.506,64813,1.645,2.410,0.213,0.000,0.000,activeTracking,noEvent
6382,10,59,rld,15:16:51.578,64814,1.731,2.411,0.213,0.000,0.000,activeTracking,noEvent
6382,10,59,rld,15:16:51.623,64815,1.774,2.411,0.213,0.000,0.000,activeTracking,noEvent
6382,10,59,rld,15:16:51.680,64816,1.832,2.411,0.213,0.000,0.000,activeTracking,noEvent
6382,10,59,rld,15:16:51.736,64817,1.889,2.411,0.213,0.000,0.000,activeTracking,noEvent
6382,10,59,rld,15:16:51.793,64818,1.945,2.411,0.213,0.000,0.000,activeTracking,noEvent
6382,10,59,rld,15:16:51.870,64819,2.024,2.411,0.213,0.000,0.000,activeTracking,failedClick
6382,10,60,rld,15:16:55.616,64870,2.105,-0.304,-0.083,0.000,0.000,waitingForTarget,middleTargetClick
6382,10,60,rld,15:16:55.667,64871,2.152,-0.304,-0.083,0.000,0.000,waitingForTarget,noEvent
6382,10,60,rld,15:16:55.727,64872,2.214,-0.304,-0.083,0.000,0.000,waitingForTarget,noEvent
6382,10,60,rld,15:16:55.776,64873,2.264,-0.304,-0.083,0.000,0.000,waitingForTarget,noEvent
6382,10,60,rld,15:16:55.826,64874,2.314,-0.304,-0.083,0.000,0.000,waitingForTarget,noEvent
6382,10,60,rld,15:16:55.853,64875,2.346,-0.304,-0.083,0.000,0.000,waitingForTarget,noEvent
6382,10,60,rld,15:16:55.901,64876,2.394,-0.304,-0.083,0.000,0.000,waitingForTarget,noEvent
6382,10,60,rld,15:16:55.946,64877,2.434,-0.304,-0.083,0.000,0.000,waitingForTarget,noEvent
6382,10,60,rld,15:16:55.981,64878,2.473,-0.304,-0.083,0.000,0.000,waitingForTarget,noEvent
6382,10,60,rld,15:16:56.033,64879,2.521,-0.304,-0.083,0.000,0.000,waitingForTarget,noEvent
6382,10,60,rld,15:16:56.073,64880,0.045,-0.304,-0.083,0.000,0.000,activeTracking,targetAppeared
6382,10,60,rld,15:16:56.148,64881,0.107,-0.304,-0.083,0.000,0.000,activeTracking,noEvent
6382,10,60,rld,15:16:56.198,64882,0.170,-0.304,-0.083,0.000,0.000,activeTracking,noEvent
6382,10,60,rld,15:16:56.252,64883,0.222,-0.304,-0.083,0.000,0.000,activeTracking,noEvent
6382,10,60,rld,15:16:56.289,64884,0.258,-0.304,-0.083,0.000,0.000,activeTracking,noEvent
6382,10,60,rld,15:16:56.331,64885,0.299,-0.304,-0.083,0.000,0.000,activeTracking,noEvent
6382,10,60,rld,15:16:56.373,64886,0.345,-0.304,-0.083,0.000,0.000,activeTracking,noEvent
6382,10,60,rld,15:16:56.434,64887,0.393,-0.304,-0.083,0.000,0.000,activeTracking,noEvent
6382,10,60,rld,15:16:56.488,64888,0.443,-0.304,-0.083,0.000,0.000,activeTracking,noEvent
6382,10,60,rld,15:16:56.539,64889,0.500,-0.304,-0.083,0.000,0.000,activeTracking,failedClick;
6382,11,1,rld,15:17:38.827,65777,0.565,0.017,-0.049,0.000,0.000,waitingForTarget,middleTargetClick
6382,11,1,rld,15:17:38.859,65778,0.603,0.017,-0.049,0.000,0.000,waitingForTarget,noEvent
6382,11,1,rld,15:17:38.923,65779,0.659,0.017,-0.049,0.000,0.000,waitingForTarget,noEvent
6382,11,1,rld,15:17:38.954,65780,0.702,0.017,-0.049,0.000,0.000,waitingForTarget,noEvent
6382,11,1,rld,15:17:39.036,65781,0.780,0.017,-0.049,0.000,0.000,waitingForTarget,noEvent
6382,11,1,rld,15:17:39.074,65782,0.818,0.017,-0.049,0.000,0.000,waitingForTarget,noEvent
6382,11,1,rld,15:17:39.123,65783,0.870,0.017,-0.049,0.000,0.000,waitingForTarget,noEvent
6382,11,1,rld,15:17:39.210,65784,0.937,0.017,-0.049,0.000,0.000,waitingForTarget,noEvent
6382,11,1,rld,15:17:39.236,65785,0.980,0.017,-0.049,0.000,0.000,waitingForTarget,noEvent
6382,11,1,rld,15:17:39.278,65786,0.045,0.017,-0.049,0.000,0.000,activeTracking,targetAppeared
6382,11,1,rld,15:17:39.320,65787,0.084,0.017,-0.049,0.000,0.000,activeTracking,noEvent
6382,11,1,rld,15:17:39.396,65788,0.156,0.017,-0.049,0.000,0.000,activeTracking,noEvent
6382,11,1,rld,15:17:39.433,65789,0.199,0.017,-0.049,0.000,0.000,activeTracking,noEvent
6382,11,1,rld,15:17:39.478,65790,0.237,0.017,-0.049,0.000,0.000,activeTracking,noEvent
6382,11,1,rld,15:17:39.515,65791,0.283,0.017,-0.049,0.000,0.000,activeTracking,noEvent
6382,11,1,rld,15:17:39.558,65792,0.326,0.017,-0.049,0.000,0.000,activeTracking,noEvent
6382,11,1,rld,15:17:39.618,65793,0.385,0.017,-0.049,0.000,0.000,activeTracking,noEvent
6382,11,1,rld,15:17:39.653,65794,0.419,0.017,-0.049,0.000,0.000,activeTracking,noEvent
6382,11,1,rld,15:17:39.692,65795,0.455,0.017,-0.049,0.000,0.000,activeTracking,noEvent
6382,11,1,rld,15:17:39.732,65796,0.498,0.017,-0.049,0.000,0.000,activeTracking,noEvent
6382,11,1,rld,15:17:39.759,65797,0.527,0.017,-0.049,0.000,0.000,activeTracking,noEvent
6382,11,1,rld,15:17:39.812,65798,0.569,0.017,-0.049,0.000,0.000,activeTracking,noEvent
6382,11,1,rld,15:17:39.863,65799,0.624,0.017,-0.049,0.000,0.000,activeTracking,noEvent
6382,11,1,rld,15:17:39.931,65800,0.695,0.017,-0.049,0.000,0.000,activeTracking,noEvent
6382,11,1,rld,15:17:40.067,65801,0.828,-1.480,-0.072,-13.200,-0.200,activeTracking,noEvent
6382,11,1,rld,15:17:40.116,65802,0.878,-2.061,-0.079,-0.600,0.000,activeTracking,noEvent
6382,11,1,rld,15:17:40.173,65803,0.940,-2.294,-0.081,-0.300,0.000,activeTracking,noEvent
6382,11,1,rld,15:17:40.252,65804,1.007,-2.420,-0.082,-0.400,0.000,onTarget,noEvent
6382,11,1,rld,15:17:40.316,65805,1.078,-2.498,-0.082,-0.300,0.000,onTarget,noEvent
6382,11,1,rld,15:17:40.412,65806,1.168,-2.596,-0.082,-0.600,0.000,onTarget,noEvent
6382,11,1,rld,15:17:40.478,65807,1.242,-2.702,-0.094,-0.600,-0.100,onTarget,noEvent
6382,11,1,rld,15:17:40.527,65808,1.290,-2.749,-0.098,-0.100,0.000,onTarget,noEvent
6382,11,1,rld,15:17:40.575,65809,1.337,-2.765,-0.099,0.000,0.000,onTarget,noEvent
6382,11,1,rld,15:17:40.612,65810,1.373,-2.770,-0.100,0.000,0.000,onTarget,noEvent
6382,11,1,rld,15:17:40.668,65811,1.436,-2.784,-0.088,-0.100,0.100,onTarget,noEvent
6382,11,1,rld,15:17:40.720,65812,1.480,-2.789,-0.084,0.000,0.000,onTarget,noEvent
6382,11,1,rld,15:17:40.759,65813,1.523,-2.790,-0.083,0.000,0.000,onTarget,noEvent
6382,11,1,rld,15:17:40.824,65814,1.581,-2.791,-0.071,0.000,0.100,onTarget,noEvent
6382,11,1,rld,15:17:40.868,65815,1.621,-2.791,-0.067,0.000,0.000,onTarget,noEvent
6382,11,1,rld,15:17:40.914,65816,1.677,-2.779,-0.066,0.100,0.000,onTarget,noEvent
6382,11,1,rld,15:17:40.948,65817,1.714,-2.775,-0.065,0.000,0.000,onTarget,noEvent
6382,11,1,rld,15:17:41.002,65818,1.764,-2.773,-0.065,0.000,0.000,onTarget,targetClick
6382,11,2,rld,15:17:45.170,65898,1.809,0.203,0.119,0.000,0.000,waitingForTarget,middleTargetClick
6382,11,2,rld,15:17:45.201,65899,1.849,0.203,0.119,0.000,0.000,waitingForTarget,noEvent
6382,11,2,rld,15:17:45.233,65900,1.884,0.203,0.119,0.000,0.000,waitingForTarget,noEvent
6382,11,2,rld,15:17:45.280,65901,1.930,0.203,0.119,0.000,0.000,waitingForTarget,noEvent
6382,11,2,rld,15:17:45.324,65902,1.969,0.203,0.119,0.000,0.000,waitingForTarget,noEvent
6382,11,2,rld,15:17:45.359,65903,2.002,0.203,0.119,0.000,0.000,waitingForTarget,noEvent
6382,11,2,rld,15:17:45.399,65904,2.050,0.203,0.119,0.000,0.000,waitingForTarget,noEvent
6382,11,2,rld,15:17:45.437,65905,2.082,0.203,0.119,0.000,0.000,waitingForTarget,noEvent
6382,11,2,rld,15:17:45.473,65906,2.120,0.203,0.119,0.000,0.000,waitingForTarget,noEvent
6382,11,2,rld,15:17:45.518,65907,2.169,0.203,0.119,0.000,0.000,waitingForTarget,noEvent
6382,11,2,rld,15:17:45.586,65908,2.237,0.203,0.119,0.000,0.000,waitingForTarget,noEvent
6382,11,2,rld,15:17:45.620,65909,0.032,0.203,0.119,0.000,0.000,activeTracking,targetAppeared
6382,11,2,rld,15:17:45.678,65910,0.090,0.203,0.119,0.000,0.000,activeTracking,noEvent
6382,11,2,rld,15:17:45.716,65911,0.131,0.203,0.119,0.000,0.000,activeTracking,noEvent
6382,11,2,rld,15:17:45.824,65912,0.227,0.203,0.119,0.000,0.000,activeTracking,noEvent
6382,11,2,rld,15:17:45.856,65913,0.267,0.203,0.119,0.000,0.000,activeTracking,noEvent
6382,11,2,rld,15:17:45.907,65914,0.317,0.203,0.119,0.000,0.000,activeTracking,noEvent
6382,11,2,rld,15:17:45.939,65915,0.351,0.203,0.119,0.000,0.000,activeTracking,noEvent
6382,11,2,rld,15:17:45.985,65916,0.394,0.203,0.119,0.000,0.000,activeTracking,noEvent
6382,11,2,rld,15:17:46.024,65917,0.430,0.203,0.119,0.000,0.000,activeTracking,noEvent
6382,11,2,rld,15:17:46.053,65918,0.462,0.203,0.119,0.000,0.000,activeTracking,noEvent
6382,11,2,rld,15:17:46.093,65919,0.499,0.203,0.119,0.000,0.000,activeTracking,noEvent
6382,11,2,rld,15:17:46.123,65920,0.535,0.203,0.119,0.000,0.000,activeTracking,noEvent
6382,11,2,rld,15:17:46.161,65921,0.575,0.203,0.119,0.000,0.000,activeTracking,noEvent
6382,11,2,rld,15:17:46.239,65922,0.647,0.203,0.119,0.000,0.000,activeTracking,noEvent
6382,11,2,rld,15:17:46.281,65923,0.692,0.203,0.119,0.000,0.000,activeTracking,noEvent
6382,11,2,rld,15:17:46.330,65924,0.745,0.203,0.119,0.000,0.000,activeTracking,noEvent
6382,11,2,rld,15:17:46.459,65925,0.867,1.462,0.727,11.100,5.300,activeTracking,noEvent
6382,11,2,rld,15:17:46.509,65926,0.911,1.915,0.938,0.200,0.000,activeTracking,noEvent
6382,11,2,rld,15:17:46.585,65927,0.986,2.173,1.012,0.900,0.000,activeTracking,noEvent
6382,11,2,rld,15:17:46.649,65928,1.056,2.355,1.040,0.800,0.000,activeTracking,noEvent
6382,11,2,rld,15:17:46.780,65929,1.165,2.609,1.055,1.600,0.000,activeTracking,noEvent
6382,11,2,rld,15:17:46.843,65930,1.242,2.767,1.062,0.600,0.000,activeTracking,noEvent
6382,11,2,rld,15:17:46.885,65931,1.298,2.832,1.054,0.100,-0.100,activeTracking,noEvent
6382,11,2,rld,15:17:46.941,65932,1.351,2.854,1.027,0.000,-0.200,activeTracking,noEvent
6382,11,2,rld,15:17:47.002,65933,1.414,2.861,0.982,0.000,-0.300,activeTracking,noEvent
6382,11,2,rld,15:17:47.082,65934,1.486,2.863,0.884,0.000,-0.700,activeTracking,noEvent
6382,11,2,rld,15:17:47.176,65935,1.578,2.840,0.768,-0.200,-0.700,activeTracking,noEvent
6382,11,2,rld,15:17:47.232,65936,1.641,2.807,0.682,-0.200,-0.400,activeTracking,noEvent
6382,11,2,rld,15:17:47.317,65937,1.728,2.772,0.559,-0.200,-0.800,activeTracking,noEvent
6382,11,2,rld,15:17:47.368,65938,1.781,2.748,0.482,-0.100,-0.300,activeTracking,noEvent
6382,11,2,rld,15:17:47.429,65939,1.840,2.740,0.445,0.000,-0.100,activeTracking,noEvent
6382,11,2,rld,15:17:47.460,65940,1.873,2.738,0.433,0.000,0.000,activeTracking,noEvent
6382,11,2,rld,15:17:47.516,65941,1.929,2.749,0.429,0.100,0.000,activeTracking,noEvent
6382,11,2,rld,15:17:47.604,65942,2.001,2.801,0.393,0.400,-0.300,activeTracking,noEvent
6382,11,2,rld,15:17:47.681,65943,2.093,2.856,0.335,0.300,-0.400,activeTracking,noEvent
6382,11,2,rld,15:17:47.776,65944,2.172,2.898,0.268,0.200,-0.400,onTarget,noEvent
6382,11,2,rld,15:17:47.896,65945,2.284,2.925,0.164,0.100,-0.700,onTarget,noEvent
6382,11,2,rld,15:17:47.956,65946,2.362,2.934,0.082,0.000,-0.400,onTarget,noEvent
6382,11,2,rld,15:17:48.012,65947,2.424,2.937,0.031,0.000,-0.200,onTarget,noEvent
6382,11,2,rld,15:17:48.064,65948,2.462,2.938,0.003,0.000,-0.100,onTarget,noEvent
6382,11,2,rld,15:17:48.147,65949,2.550,2.938,-0.078,0.000,-0.600,onTarget,noEvent
6382,11,2,rld,15:17:48.226,65950,2.634,2.913,-0.175,-0.200,-0.600,onTarget,noEvent
6382,11,2,rld,15:17:48.270,65951,2.682,2.881,-0.207,-0.200,0.000,onTarget,noEvent
6382,11,2,rld,15:17:48.344,65952,2.753,2.821,-0.194,-0.400,0.200,onTarget,noEvent
6382,11,2,rld,15:17:48.413,65953,2.819,2.752,-0.143,-0.400,0.400,onTarget,noEvent
6382,11,2,rld,15:17:48.507,65954,2.906,2.693,-0.056,-0.300,0.600,onTarget,noEvent
6382,11,2,rld,15:17:48.564,65955,2.966,2.661,-0.004,-0.100,0.200,onTarget,noEvent
6382,11,2,rld,15:17:48.612,65956,3.017,2.651,0.025,0.000,0.100,onTarget,noEvent
6382,11,2,rld,15:17:48.659,65957,3.072,2.647,0.070,0.000,0.300,onTarget,noEvent
6382,11,2,rld,15:17:48.716,65958,3.117,2.646,0.120,0.000,0.300,onTarget,noEvent
6382,11,2,rld,15:17:48.794,65959,3.191,2.670,0.172,0.200,0.300,onTarget,noEvent
6382,11,2,rld,15:17:48.844,65960,3.245,2.702,0.201,0.200,0.100,onTarget,noEvent
6382,11,2,rld,15:17:48.896,65961,3.307,2.737,0.199,0.200,-0.100,onTarget,noEvent
6382,11,2,rld,15:17:48.965,65962,3.363,2.761,0.187,0.100,-0.100,onTarget,noEvent
6382,11,2,rld,15:17:49.014,65963,3.420,2.781,0.171,0.100,-0.100,onTarget,noEvent
6382,11,2,rld,15:17:49.053,65964,3.468,2.788,0.166,0.000,0.000,onTarget,noEvent
6382,11,2,rld,15:17:49.115,65965,3.527,2.790,0.164,0.000,0.000,onTarget,noEvent
6382,11,2,rld,15:17:49.155,65966,3.567,2.791,0.164,0.000,0.000,onTarget,noEvent
6382,11,2,rld,15:17:49.198,65967,3.605,2.791,0.164,0.000,0.000,onTarget,noEvent
6382,11,2,rld,15:17:49.251,65968,3.657,2.791,0.164,0.000,0.000,onTarget,targetClick
6382,11,3,rld,15:17:52.163,66017,3.727,0.119,0.102,0.000,0.000,waitingForTarget,middleTargetClick
6382,11,3,rld,15:17:52.212,66018,3.777,0.118,0.102,0.000,0.000,waitingForTarget,noEvent
6382,11,3,rld,15:17:52.250,66019,3.820,0.118,0.102,0.000,0.000,waitingForTarget,noEvent
6382,11,3,rld,15:17:52.301,66020,3.872,0.118,0.103,0.000,0.000,waitingForTarget,noEvent
6382,11,3,rld,15:17:52.360,66021,3.916,0.118,0.103,0.000,0.000,waitingForTarget,noEvent
6382,11,3,rld,15:17:52.414,66022,3.984,0.118,0.103,0.000,0.000,waitingForTarget,noEvent
6382,11,3,rld,15:17:52.632,66026,0.061,0.118,0.103,0.000,0.000,activeTracking,targetAppeared
6382,11,3,rld,15:17:52.681,66027,0.099,0.118,0.103,0.000,0.000,activeTracking,noEvent
6382,11,3,rld,15:17:52.743,66028,0.175,0.118,0.103,0.000,0.000,activeTracking,noEvent
6382,11,3,rld,15:17:52.882,66029,0.271,0.118,0.103,0.000,0.000,activeTracking,noEvent
6382,11,3,rld,15:17:53.086,66030,0.469,0.512,0.103,3.500,0.000,activeTracking,noEvent
6382,11,3,rld,15:17:53.217,66031,0.642,0.927,0.103,2.500,0.000,activeTracking,noEvent
6382,11,3,rld,15:17:53.312,66032,0.737,1.135,0.104,0.600,0.000,activeTracking,noEvent
6382,11,3,rld,15:17:53.397,66033,0.822,1.261,0.104,0.500,0.000,activeTracking,noEvent
6382,11,3,rld,15:17:53.486,66034,0.915,1.349,0.093,0.400,-0.100,activeTracking,noEvent
6382,11,3,rld,15:17:53.588,66035,1.002,1.425,0.067,0.400,-0.200,activeTracking,noEvent
6382,11,3,rld,15:17:53.658,66036,1.082,1.473,0.024,0.200,-0.300,activeTracking,noEvent
6382,11,3,rld,15:17:53.767,66037,1.198,1.535,-0.059,0.400,-0.600,activeTracking,noEvent
6382,11,3,rld,15:17:53.865,66038,1.292,1.590,-0.098,0.300,-0.100,activeTracking,noEvent
6382,11,3,rld,15:17:53.984,66039,1.383,1.690,-0.099,0.700,0.100,activeTracking,noEvent
6382,11,3,rld,15:17:54.099,66040,1.517,1.945,-0.065,1.900,0.300,activeTracking,noEvent
6382,11,3,rld,15:17:54.206,66041,1.634,2.136,-0.042,0.900,0.100,activeTracking,noEvent
6382,11,3,rld,15:17:54.381,66042,1.734,2.319,0.000,1.000,0.300,activeTracking,noEvent
6382,11,3,rld,15:17:54.473,66043,1.892,2.742,0.203,3.000,1.600,onTarget,noEvent
6382,11,3,rld,15:17:54.523,66044,1.951,2.909,0.284,0.200,0.100,onTarget,noEvent
6382,11,3,rld,15:17:54.623,66045,2.046,2.990,0.335,0.200,0.200,activeTracking,noEvent
6382,11,3,rld,15:17:54.694,66046,2.124,3.029,0.364,0.100,0.100,activeTracking,noEvent
6382,11,3,rld,15:17:54.751,66047,2.182,3.042,0.373,0.000,0.000,activeTracking,noEvent
6382,11,3,rld,15:17:54.813,66048,2.248,3.047,0.377,0.000,0.000,activeTracking,noEvent
6382,11,3,rld,15:17:54.874,66049,2.299,3.048,0.378,0.000,0.000,activeTracking,noEvent
6382,11,3,rld,15:17:54.934,66050,2.365,3.049,0.378,0.000,0.000,activeTracking,noEvent
6382,11,3,rld,15:17:54.991,66051,2.415,3.049,0.378,0.000,0.000,activeTracking,noEvent
6382,11,3,rld,15:17:55.055,66052,2.473,3.049,0.378,0.000,0.000,activeTracking,noEvent
6382,11,3,rld,15:17:55.165,66053,2.586,2.987,0.330,-0.500,-0.400,activeTracking,noEvent
6382,11,3,rld,15:17:55.258,66054,2.670,2.905,0.266,-0.500,-0.400,onTarget,noEvent
6382,11,3,rld,15:17:55.316,66055,2.745,2.866,0.222,-0.100,-0.200,onTarget,noEvent
6382,11,3,rld,15:17:55.393,66056,2.826,2.828,0.183,-0.200,-0.200,onTarget,noEvent
6382,11,3,rld,15:17:55.449,66057,2.881,2.816,0.158,0.000,-0.100,onTarget,noEvent
6382,11,3,rld,15:17:55.528,66058,2.953,2.812,0.127,0.000,-0.200,onTarget,noEvent
6382,11,3,rld,15:17:55.582,66059,3.018,2.810,0.116,0.000,0.000,onTarget,noEvent
6382,11,3,rld,15:17:55.645,66060,3.081,2.810,0.113,0.000,0.000,onTarget,noEvent
6382,11,3,rld,15:17:55.713,66061,3.146,2.810,0.123,0.000,0.100,onTarget,targetClick
6382,11,4,rld,15:18:02.700,66195,3.213,0.068,0.136,0.000,0.000,waitingForTarget,middleTargetClick
6382,11,4,rld,15:18:02.755,66196,3.279,0.068,0.136,0.000,0.000,waitingForTarget,noEvent
6382,11,4,rld,15:18:02.842,66197,3.368,0.068,0.136,0.000,0.000,waitingForTarget,noEvent
6382,11,4,rld,15:18:02.872,66198,3.403,0.068,0.136,0.000,0.000,waitingForTarget,noEvent
6382,11,4,rld,15:18:02.912,66199,3.436,0.068,0.136,0.000,0.000,waitingForTarget,noEvent
6382,11,4,rld,15:18:02.961,66200,3.485,0.068,0.136,0.000,0.000,waitingForTarget,noEvent
6382,11,4,rld,15:18:02.992,66201,3.523,0.068,0.136,0.000,0.000,waitingForTarget,noEvent
6382,11,4,rld,15:18:03.044,66202,3.564,0.068,0.136,0.000,0.000,waitingForTarget,noEvent
6382,11,4,rld,15:18:03.082,66203,3.610,0.068,0.136,0.000,0.000,waitingForTarget,noEvent
6382,11,4,rld,15:18:03.124,66204,3.656,0.068,0.136,0.000,0.000,waitingForTarget,noEvent
6382,11,4,rld,15:18:03.163,66205,0.040,0.068,0.136,0.000,0.000,activeTracking,targetAppeared
6382,11,4,rld,15:18:03.210,66206,0.083,0.068,0.136,0.000,0.000,activeTracking,noEvent
6382,11,4,rld,15:18:03.279,66207,0.140,0.068,0.136,0.000,0.000,activeTracking,noEvent
6382,11,4,rld,15:18:03.325,66208,0.197,0.068,0.136,0.000,0.000,activeTracking,noEvent
6382,11,4,rld,15:18:03.363,66209,0.229,0.068,0.136,0.000,0.000,activeTracking,noEvent
6382,11,4,rld,15:18:03.410,66210,0.279,0.068,0.136,0.000,0.000,activeTracking,noEvent
6382,11,4,rld,15:18:03.451,66211,0.324,0.068,0.136,0.000,0.000,activeTracking,noEvent
6382,11,4,rld,15:18:03.493,66212,0.360,0.068,0.136,0.000,0.000,activeTracking,noEvent
6382,11,4,rld,15:18:03.532,66213,0.403,0.068,0.136,0.000,0.000,activeTracking,noEvent
6382,11,4,rld,15:18:03.573,66214,0.441,0.068,0.136,0.000,0.000,activeTracking,noEvent
6382,11,4,rld,15:18:03.619,66215,0.495,0.068,0.136,0.000,0.000,activeTracking,noEvent
6382,11,4,rld,15:18:03.661,66216,0.525,0.068,0.136,0.000,0.000,activeTracking,noEvent
6382,11,4,rld,15:18:03.861,66217,0.708,0.586,0.171,4.600,0.300,activeTracking,noEvent
6382,11,4,rld,15:18:04.050,66218,0.897,2.118,0.315,11.800,1.100,activeTracking,noEvent
6382,11,4,rld,15:18:04.139,66219,0.996,2.782,0.369,1.100,0.000,activeTracking,noEvent
6382,11,4,rld,15:18:04.218,66220,1.080,3.096,0.365,0.700,-0.200,activeTracking,noEvent
6382,11,4,rld,15:18:04.335,66221,1.207,3.301,0.330,0.800,-0.300,activeTracking,noEvent
6382,11,4,rld,15:18:04.446,66222,1.320,3.574,0.272,1.600,-0.400,activeTracking,noEvent
6382,11,4,rld,15:18:04.563,66223,1.437,3.912,0.196,1.900,-0.500,activeTracking,noEvent
6382,11,4,rld,15:18:04.604,66224,1.477,4.040,0.170,0.100,0.000,activeTracking,noEvent
6382,11,4,rld,15:18:04.680,66225,1.547,4.096,0.125,0.100,-0.300,activeTracking,noEvent
6382,11,4,rld,15:18:04.757,66226,1.612,4.075,0.060,-0.300,-0.400,activeTracking,noEvent
6382,11,4,rld,15:18:04.849,66227,1.710,4.002,-0.022,-0.500,-0.500,activeTracking,noEvent
6382,11,4,rld,15:18:04.980,66228,1.838,3.730,-0.135,-1.900,-0.700,activeTracking,noEvent
6382,11,4,rld,15:18:05.060,66229,1.919,3.513,-0.183,-1.000,-0.100,activeTracking,noEvent
6382,11,4,rld,15:18:05.168,66230,2.032,3.190,-0.187,-2.000,0.100,activeTracking,noEvent
6382,11,4,rld,15:18:05.238,66231,2.110,3.046,-0.152,-0.300,0.300,activeTracking,noEvent
6382,11,4,rld,15:18:05.312,66232,2.174,2.986,-0.129,-0.100,0.100,onTarget,noEvent
6382,11,4,rld,15:18:05.373,66233,2.242,2.954,-0.086,-0.100,0.300,onTarget,noEvent
6382,11,4,rld,15:18:05.432,66234,2.295,2.943,-0.072,0.000,0.000,onTarget,noEvent
6382,11,4,rld,15:18:05.473,66235,2.344,2.940,-0.055,0.000,0.100,onTarget,noEvent
6382,11,4,rld,15:18:05.531,66236,2.406,2.939,-0.038,0.000,0.100,onTarget,noEvent
6382,11,4,rld,15:18:05.582,66237,2.455,2.938,-0.032,0.000,0.000,onTarget,noEvent
6382,11,4,rld,15:18:05.650,66238,2.524,2.950,-0.007,0.100,0.200,onTarget,noEvent
6382,11,4,rld,15:18:05.721,66239,2.592,2.979,0.013,0.200,0.100,onTarget,noEvent
6382,11,4,rld,15:18:05.763,66240,2.638,2.989,0.032,0.000,0.100,onTarget,noEvent
6382,11,4,rld,15:18:05.825,66241,2.695,2.992,0.050,0.000,0.100,onTarget,noEvent
6382,11,4,rld,15:18:05.861,66242,2.732,2.993,0.056,0.000,0.000,onTarget,noEvent
6382,11,4,rld,15:18:05.945,66243,2.805,2.981,0.058,-0.100,0.000,onTarget,noEvent
6382,11,4,rld,15:18:06.003,66244,2.872,2.952,0.058,-0.200,0.000,onTarget,noEvent
6382,11,4,rld,15:18:06.058,66245,2.931,2.918,0.059,-0.200,0.000,onTarget,noEvent
6382,11,4,rld,15:18:06.157,66246,3.010,2.821,0.070,-0.700,0.100,onTarget,noEvent
6382,11,4,rld,15:18:06.215,66247,3.079,2.765,0.074,-0.200,0.000,onTarget,noEvent
6382,11,4,rld,15:18:06.273,66248,3.142,2.734,0.075,-0.100,0.000,onTarget,noEvent
6382,11,4,rld,15:18:06.312,66249,3.180,2.723,0.063,0.000,-0.100,onTarget,noEvent
6382,11,4,rld,15:18:06.373,66250,3.240,2.720,0.060,0.000,0.000,onTarget,noEvent
6382,11,4,rld,15:18:06.422,66251,3.293,2.719,0.058,0.000,0.000,onTarget,noEvent
6382,11,4,rld,15:18:06.455,66252,3.329,2.718,0.058,0.000,0.000,onTarget,noEvent
6382,11,4,rld,15:18:06.512,66253,3.376,2.718,0.058,0.000,0.000,onTarget,noEvent
6382,11,4,rld,15:18:06.547,66254,3.421,2.718,0.058,0.000,0.000,onTarget,noEvent
6382,11,4,rld,15:18:06.578,66255,3.453,2.718,0.058,0.000,0.000,onTarget,noEvent
6382,11,4,rld,15:18:06.632,66256,3.495,2.718,0.058,0.000,0.000,onTarget,noEvent
6382,11,4,rld,15:18:06.685,66257,3.542,2.718,0.058,0.000,0.000,onTarget,noEvent
6382,11,4,rld,15:18:06.732,66258,3.603,2.718,0.058,0.000,0.000,onTarget,noEvent
6382,11,4,rld,15:18:06.795,66259,3.668,2.718,0.058,0.000,0.000,onTarget,targetClick
6382,11,5,rld,15:18:10.949,66324,3.736,-0.135,0.204,0.000,0.000,waitingForTarget,middleTargetClick
6382,11,5,rld,15:18:11.020,66325,3.828,-0.112,0.204,0.200,0.000,waitingForTarget,noEvent
6382,11,5,rld,15:18:11.075,66326,3.881,-0.105,0.204,0.000,0.000,waitingForTarget,noEvent
6382,11,5,rld,15:18:11.105,66327,3.918,-0.102,0.204,0.000,0.000,waitingForTarget,noEvent
6382,11,5,rld,15:18:11.153,66328,3.959,-0.102,0.204,0.000,0.000,waitingForTarget,noEvent
6382,11,5,rld,15:18:11.178,66329,3.991,-0.101,0.204,0.000,0.000,waitingForTarget,noEvent
6382,11,5,rld,15:18:11.379,66334,0.034,-0.101,0.204,0.000,0.000,activeTracking,targetAppeared
6382,11,5,rld,15:18:11.433,66335,0.087,-0.101,0.204,0.000,0.000,activeTracking,noEvent
6382,11,5,rld,15:18:11.461,66336,0.114,-0.101,0.204,0.000,0.000,activeTracking,noEvent
6382,11,5,rld,15:18:11.524,66337,0.170,-0.101,0.204,0.000,0.000,activeTracking,noEvent
6382,11,5,rld,15:18:11.568,66338,0.216,-0.101,0.204,0.000,0.000,activeTracking,noEvent
6382,11,5,rld,15:18:11.612,66339,0.267,-0.101,0.204,0.000,0.000,activeTracking,noEvent
6382,11,5,rld,15:18:11.642,66340,0.297,-0.101,0.204,0.000,0.000,activeTracking,noEvent
6382,11,5,rld,15:18:11.681,66341,0.331,-0.101,0.204,0.000,0.000,activeTracking,noEvent
6382,11,5,rld,15:18:11.722,66342,0.371,-0.101,0.204,0.000,0.000,activeTracking,noEvent
6382,11,5,rld,15:18:11.775,66343,0.421,-0.101,0.204,0.000,0.000,activeTracking,noEvent
6382,11,5,rld,15:18:11.843,66344,0.491,-0.101,0.204,0.000,0.000,activeTracking,noEvent
6382,11,5,rld,15:18:11.913,66345,0.542,-0.101,0.204,0.000,0.000,activeTracking,noEvent
6382,11,5,rld,15:18:11.993,66346,0.632,-0.067,0.204,0.300,0.000,activeTracking,noEvent
6382,11,5,rld,15:18:12.057,66347,0.692,-0.045,0.204,0.100,0.000,activeTracking,noEvent
6382,11,5,rld,15:18:12.159,66348,0.803,-0.218,0.204,-1.600,0.000,activeTracking,noEvent
6382,11,5,rld,15:18:12.252,66349,0.889,-0.376,0.204,-0.900,0.000,activeTracking,noEvent
6382,11,5,rld,15:18:12.361,66350,0.999,-0.859,0.262,-3.800,0.500,activeTracking,noEvent
6382,11,5,rld,15:18:12.477,66351,1.100,-1.215,0.327,-1.700,0.400,activeTracking,noEvent
6382,11,5,rld,15:18:12.552,66352,1.192,-1.391,0.373,-0.500,0.200,activeTracking,noEvent
6382,11,5,rld,15:18:12.684,66353,1.319,-1.612,0.446,-1.400,0.500,activeTracking,noEvent
6382,11,5,rld,15:18:12.752,66354,1.406,-1.720,0.483,-0.300,0.100,activeTracking,noEvent
6382,11,5,rld,15:18:12.818,66355,1.463,-1.768,0.495,-0.100,0.000,activeTracking,noEvent
6382,11,5,rld,15:18:12.855,66356,1.511,-1.784,0.499,0.000,0.000,activeTracking,noEvent
6382,11,5,rld,15:18:12.931,66357,1.572,-1.790,0.501,0.000,0.000,activeTracking,noEvent
6382,11,5,rld,15:18:12.997,66358,1.649,-1.791,0.490,0.000,-0.100,activeTracking,noEvent
6382,11,5,rld,15:18:13.074,66359,1.725,-1.792,0.452,0.000,-0.300,activeTracking,noEvent
6382,11,5,rld,15:18:13.150,66360,1.790,-1.780,0.404,0.100,-0.300,activeTracking,noEvent
6382,11,5,rld,15:18:13.232,66361,1.875,-1.765,0.320,0.100,-0.600,activeTracking,noEvent
6382,11,5,rld,15:18:13.367,66362,1.998,-1.783,0.097,-0.200,-1.700,activeTracking,noEvent
6382,11,5,rld,15:18:13.421,66363,2.071,-1.812,0.012,-0.200,-0.100,activeTracking,noEvent
6382,11,5,rld,15:18:13.472,66364,2.123,-1.834,-0.017,-0.100,0.000,activeTracking,noEvent
6382,11,5,rld,15:18:13.549,66365,2.189,-1.864,-0.015,-0.200,0.100,activeTracking,noEvent
6382,11,5,rld,15:18:13.640,66366,2.269,-1.898,0.020,-0.200,0.300,activeTracking,noEvent
6382,11,5,rld,15:18:13.689,66367,2.340,-1.932,0.043,-0.200,0.100,activeTracking,noEvent
6382,11,5,rld,15:18:13.757,66368,2.382,-1.944,0.051,0.000,0.000,activeTracking,noEvent
6382,11,5,rld,15:18:13.860,66369,2.490,-1.960,0.088,-0.100,0.300,activeTracking,noEvent
6382,11,5,rld,15:18:13.917,66370,2.569,-1.976,0.112,-0.100,0.100,activeTracking,noEvent
6382,11,5,rld,15:18:13.968,66371,2.623,-1.982,0.132,0.000,0.100,activeTracking,noEvent
6382,11,5,rld,15:18:14.035,66372,2.680,-1.984,0.150,0.000,0.100,activeTracking,noEvent
6382,11,5,rld,15:18:14.082,66373,2.732,-1.985,0.156,0.000,0.000,activeTracking,noEvent
6382,11,5,rld,15:18:14.139,66374,2.784,-1.985,0.157,0.000,0.000,activeTracking,noEvent
6382,11,5,rld,15:18:14.188,66375,2.832,-1.985,0.158,0.000,0.000,activeTracking,noEvent
6382,11,5,rld,15:18:14.264,66376,2.907,-2.008,0.159,-0.200,0.000,activeTracking,noEvent
6382,11,5,rld,15:18:14.321,66377,2.967,-2.028,0.159,-0.100,0.000,activeTracking,noEvent
6382,11,5,rld,15:18:14.355,66378,3.008,-2.034,0.159,0.000,0.000,activeTracking,noEvent
6382,11,5,rld,15:18:14.450,66379,3.100,-2.037,0.147,0.000,-0.100,activeTracking,noEvent
6382,11,5,rld,15:18:14.505,66380,3.154,-2.037,0.132,0.000,-0.100,activeTracking,noEvent
6382,11,5,rld,15:18:14.562,66381,3.204,-2.038,0.127,0.000,0.000,activeTracking,noEvent
6382,11,5,rld,15:18:14.641,66382,3.280,-2.061,0.125,-0.200,0.000,activeTracking,noEvent
6382,11,5,rld,15:18:14.728,66383,3.371,-2.163,0.125,-0.800,0.000,activeTracking,noEvent
6382,11,5,rld,15:18:14.784,66384,3.431,-2.221,0.125,-0.200,0.000,activeTracking,noEvent
6382,11,5,rld,15:18:14.851,66385,3.504,-2.264,0.114,-0.200,-0.100,activeTracking,noEvent
6382,11,5,rld,15:18:14.932,66386,3.580,-2.291,0.087,-0.100,-0.200,activeTracking,noEvent
6382,11,5,rld,15:18:15.044,66387,3.670,-2.383,0.055,-0.700,-0.200,onTarget,noEvent
6382,11,5,rld,15:18:15.117,66388,3.756,-2.461,0.045,-0.400,0.000,onTarget,noEvent
6382,11,5,rld,15:18:15.178,66389,3.833,-2.512,0.041,-0.200,0.000,onTarget,noEvent
6382,11,5,rld,15:18:15.230,66390,3.880,-2.528,0.040,0.000,0.000,onTarget,noEvent
6382,11,5,rld,15:18:15.272,66391,3.924,-2.534,0.040,0.000,0.000,onTarget,noEvent
6382,11,5,rld,15:18:15.327,66392,3.980,-2.536,0.040,0.000,0.000,onTarget,noEvent
6382,11,6,rld,15:18:23.261,66534,0.031,0.439,0.018,0.000,0.000,activeTracking,targetAppeared
6382,11,6,rld,15:18:23.308,66535,0.079,0.439,0.018,0.000,0.000,activeTracking,noEvent
6382,11,6,rld,15:18:23.363,66536,0.136,0.439,0.018,0.000,0.000,activeTracking,noEvent
6382,11,6,rld,15:18:23.400,66537,0.178,0.439,0.018,0.000,0.000,activeTracking,noEvent
6382,11,6,rld,15:18:23.444,66538,0.221,0.439,0.018,0.000,0.000,activeTracking,noEvent
6382,11,6,rld,15:18:23.494,66539,0.275,0.439,0.018,0.000,0.000,activeTracking,noEvent
6382,11,6,rld,15:18:23.543,66540,0.318,0.439,0.018,0.000,0.000,activeTracking,noEvent
6382,11,6,rld,15:18:23.582,66541,0.367,0.439,0.018,0.000,0.000,activeTracking,noEvent
6382,11,6,rld,15:18:23.632,66542,0.409,0.439,0.018,0.000,0.000,activeTracking,noEvent
6382,11,6,rld,15:18:23.674,66543,0.450,0.439,0.018,0.000,0.000,activeTracking,noEvent
6382,11,6,rld,15:18:23.707,66544,0.490,0.439,0.018,0.000,0.000,activeTracking,noEvent
6382,11,6,rld,15:18:23.783,66545,0.550,0.439,0.018,0.000,0.000,activeTracking,noEvent
6382,11,6,rld,15:18:23.954,66546,0.670,0.462,0.018,0.200,0.000,activeTracking,noEvent
6382,11,6,rld,15:18:24.146,66547,0.911,1.390,0.019,8.100,0.000,activeTracking,noEvent
6382,11,6,rld,15:18:24.305,66548,1.066,2.160,0.056,3.900,0.300,activeTracking,noEvent
6382,11,6,rld,15:18:24.428,66549,1.183,2.567,0.104,1.200,0.300,onTarget,noEvent
6382,11,6,rld,15:18:24.501,66550,1.266,2.752,0.120,0.400,0.000,onTarget,noEvent
6382,11,6,rld,15:18:24.563,66551,1.335,2.851,0.126,0.300,0.000,onTarget,noEvent
6382,11,6,rld,15:18:24.603,66552,1.384,2.885,0.128,0.000,0.000,onTarget,noEvent
6382,11,6,rld,15:18:24.659,66553,1.429,2.896,0.129,0.000,0.000,onTarget,noEvent
6382,11,6,rld,15:18:24.707,66554,1.479,2.899,0.129,0.000,0.000,onTarget,noEvent
6382,11,6,rld,15:18:24.799,66555,1.562,2.876,0.129,-0.200,0.000,onTarget,noEvent
6382,11,6,rld,15:18:24.875,66556,1.653,2.758,0.105,-0.900,-0.200,onTarget,noEvent
6382,11,6,rld,15:18:24.934,66557,1.711,2.683,0.097,-0.300,0.000,onTarget,noEvent
6382,11,6,rld,15:18:24.995,66558,1.779,2.634,0.094,-0.200,0.000,onTarget,noEvent
6382,11,6,rld,15:18:25.032,66559,1.810,2.617,0.093,0.000,0.000,onTarget,noEvent
6382,11,6,rld,15:18:25.106,66560,1.886,2.612,0.092,0.000,0.000,onTarget,noEvent
6382,11,6,rld,15:18:25.165,66561,1.946,2.598,0.081,-0.100,-0.100,onTarget,noEvent
6382,11,6,rld,15:18:25.226,66562,2.001,2.581,0.065,-0.100,-0.100,onTarget,noEvent
6382,11,6,rld,15:18:25.262,66563,2.044,2.576,0.060,0.000,0.000,onTarget,noEvent
6382,11,6,rld,15:18:25.313,66564,2.096,2.574,0.058,0.000,0.000,onTarget,noEvent
6382,11,6,rld,15:18:25.359,66565,2.143,2.573,0.069,0.000,0.100,onTarget,noEvent
6382,11,6,rld,15:18:25.431,66566,2.201,2.573,0.073,0.000,0.000,onTarget,noEvent
6382,11,6,rld,15:18:25.485,66567,2.268,2.585,0.086,0.100,0.100,onTarget,noEvent
6382,11,6,rld,15:18:25.561,66568,2.331,2.589,0.102,0.000,0.100,onTarget,noEvent
6382,11,6,rld,15:18:25.632,66569,2.413,2.590,0.130,0.000,0.200,onTarget,noEvent
6382,11,6,rld,15:18:25.669,66570,2.452,2.591,0.140,0.000,0.000,onTarget,noEvent
6382,11,6,rld,15:18:25.716,66571,2.499,2.591,0.143,0.000,0.000,onTarget,noEvent
6382,11,6,rld,15:18:25.772,66572,2.553,2.591,0.144,0.000,0.000,onTarget,targetClick
6382,11,7,rld,15:18:30.074,66646,2.621,-0.084,0.255,0.000,0.000,waitingForTarget,middleTargetClick
6382,11,7,rld,15:18:30.132,66647,2.683,-0.084,0.255,0.000,0.000,waitingForTarget,noEvent
6382,11,7,rld,15:18:30.184,66648,2.733,-0.084,0.255,0.000,0.000,waitingForTarget,noEvent
6382,11,7,rld,15:18:30.244,66649,2.789,-0.084,0.255,0.000,0.000,waitingForTarget,noEvent
6382,11,7,rld,15:18:30.283,66650,2.841,-0.084,0.255,0.000,0.000,waitingForTarget,noEvent
6382,11,7,rld,15:18:30.321,66651,2.873,-0.084,0.255,0.000,0.000,waitingForTarget,noEvent
6382,11,7,rld,15:18:30.363,66652,2.907,-0.084,0.255,0.000,0.000,waitingForTarget,noEvent
6382,11,7,rld,15:18:30.412,66653,2.966,-0.084,0.255,0.000,0.000,waitingForTarget,noEvent
6382,11,7,rld,15:18:30.464,66654,3.020,-0.084,0.255,0.000,0.000,waitingForTarget,noEvent
6382,11,7,rld,15:18:30.511,66655,3.064,-0.084,0.255,0.000,0.000,waitingForTarget,noEvent
6382,11,7,rld,15:18:30.551,66656,0.036,-0.084,0.255,0.000,0.000,activeTracking,targetAppeared
6382,11,7,rld,15:18:30.592,66657,0.085,-0.084,0.255,0.000,0.000,activeTracking,noEvent
6382,11,7,rld,15:18:30.631,66658,0.119,-0.084,0.255,0.000,0.000,activeTracking,noEvent
6382,11,7,rld,15:18:30.673,66659,0.158,-0.084,0.255,0.000,0.000,activeTracking,noEvent
6382,11,7,rld,15:18:30.712,66660,0.203,-0.084,0.255,0.000,0.000,activeTracking,noEvent
6382,11,7,rld,15:18:30.764,66661,0.244,-0.084,0.255,0.000,0.000,activeTracking,noEvent
6382,11,7,rld,15:18:30.806,66662,0.299,-0.084,0.255,0.000,0.000,activeTracking,noEvent
6382,11,7,rld,15:18:30.873,66663,0.356,-0.084,0.255,0.000,0.000,activeTracking,noEvent
6382,11,7,rld,15:18:30.915,66664,0.400,-0.084,0.255,0.000,0.000,activeTracking,noEvent
6382,11,7,rld,15:18:30.961,66665,0.441,-0.084,0.255,0.000,0.000,activeTracking,noEvent
6382,11,7,rld,15:18:31.004,66666,0.488,-0.084,0.255,0.000,0.000,activeTracking,noEvent
6382,11,7,rld,15:18:31.050,66667,0.535,-0.084,0.255,0.000,0.000,activeTracking,noEvent
6382,11,7,rld,15:18:31.095,66668,0.583,-0.084,0.255,0.000,0.000,activeTracking,noEvent
6382,11,7,rld,15:18:31.142,66669,0.627,-0.084,0.255,0.000,0.000,activeTracking,noEvent
6382,11,7,rld,15:18:31.182,66670,0.669,-0.084,0.255,0.000,0.000,activeTracking,noEvent
6382,11,7,rld,15:18:31.239,66671,0.720,-0.084,0.255,0.000,0.000,activeTracking,noEvent
6382,11,7,rld,15:18:31.293,66672,0.776,-0.084,0.255,0.000,0.000,activeTracking,noEvent
6382,11,7,rld,15:18:31.355,66673,0.827,-0.084,0.255,0.000,0.000,activeTracking,noEvent
6382,11,7,rld,15:18:31.530,66674,0.984,0.253,0.176,3.000,-0.700,activeTracking,noEvent
6382,11,7,rld,15:18:31.665,66675,1.150,0.705,0.139,3.000,-0.100,activeTracking,noEvent
6382,11,7,rld,15:18:31.716,66676,1.203,0.935,0.127,0.700,0.000,activeTracking,noEvent
6382,11,7,rld,15:18:31.828,66677,1.308,1.126,0.123,1.000,0.000,activeTracking,noEvent
6382,11,7,rld,15:18:31.885,66678,1.377,1.247,0.122,0.500,0.000,activeTracking,noEvent
6382,11,7,rld,15:18:31.948,66679,1.442,1.310,0.122,0.200,0.000,activeTracking,noEvent
6382,11,7,rld,15:18:32.012,66680,1.505,1.343,0.133,0.100,0.100,activeTracking,noEvent
6382,11,7,rld,15:18:32.081,66681,1.557,1.365,0.137,0.100,0.000,activeTracking,noEvent
6382,11,7,rld,15:18:32.154,66682,1.635,1.453,0.150,0.700,0.100,activeTracking,noEvent
6382,11,7,rld,15:18:32.234,66683,1.711,1.505,0.154,0.200,0.000,activeTracking,noEvent
6382,11,7,rld,15:18:32.335,66684,1.804,1.604,0.156,0.700,0.000,activeTracking,noEvent
6382,11,7,rld,15:18:32.400,66685,1.886,1.706,0.157,0.600,0.000,activeTracking,noEvent
6382,11,7,rld,15:18:32.472,66686,1.958,1.763,0.157,0.200,0.000,activeTracking,noEvent
6382,11,7,rld,15:18:32.565,66687,2.039,1.853,0.158,0.600,0.000,activeTracking,noEvent
6382,11,7,rld,15:18:32.643,66688,2.119,1.929,0.158,0.400,0.000,activeTracking,noEvent
6382,11,7,rld,15:18:32.709,66689,2.201,1.990,0.159,0.300,0.000,activeTracking,noEvent
6382,11,7,rld,15:18:32.794,66690,2.267,2.069,0.159,0.500,0.000,activeTracking,noEvent
6382,11,7,rld,15:18:32.864,66691,2.342,2.131,0.159,0.300,0.000,activeTracking,noEvent
6382,11,7,rld,15:18:32.933,66692,2.419,2.187,0.160,0.300,0.000,activeTracking,noEvent
6382,11,7,rld,15:18:33.041,66693,2.521,2.443,0.161,2.000,0.000,onTarget,noEvent
6382,11,7,rld,15:18:33.117,66694,2.595,2.566,0.162,0.300,0.000,onTarget,noEvent
6382,11,7,rld,15:18:33.165,66695,2.655,2.607,0.139,0.000,-0.200,onTarget,noEvent
6382,11,7,rld,15:18:33.224,66696,2.709,2.620,0.120,0.000,-0.100,onTarget,noEvent
6382,11,7,rld,15:18:33.279,66697,2.761,2.625,0.113,0.000,0.000,onTarget,noEvent
6382,11,7,rld,15:18:33.320,66698,2.815,2.627,0.099,0.000,-0.100,onTarget,noEvent
6382,11,7,rld,15:18:33.379,66699,2.857,2.627,0.095,0.000,0.000,onTarget,noEvent
6382,11,7,rld,15:18:33.447,66700,2.930,2.627,0.093,0.000,0.000,onTarget,noEvent
6382,11,7,rld,15:18:33.491,66701,2.975,2.627,0.093,0.000,0.000,onTarget,noEvent
6382,11,7,rld,15:18:33.546,66702,3.024,2.627,0.092,0.000,0.000,onTarget,noEvent
6382,11,7,rld,15:18:33.604,66703,3.087,2.627,0.081,0.000,-0.100,onTarget,noEvent
6382,11,7,rld,15:18:33.660,66704,3.140,2.627,0.077,0.000,0.000,onTarget,noEvent
6382,11,7,rld,15:18:33.697,66705,3.189,2.627,0.076,0.000,0.000,onTarget,noEvent
6382,11,7,rld,15:18:33.745,66706,3.230,2.627,0.075,0.000,0.000,onTarget,noEvent
6382,11,7,rld,15:18:33.831,66707,3.320,2.627,0.075,0.000,0.000,onTarget,noEvent
6382,11,7,rld,15:18:33.905,66708,3.396,2.627,0.075,0.000,0.000,onTarget,noEvent
6382,11,7,rld,15:18:33.945,66709,3.428,2.627,0.075,0.000,0.000,onTarget,noEvent
6382,11,7,rld,15:18:34.010,66710,3.490,2.627,0.075,0.000,0.000,onTarget,noEvent
6382,11,7,rld,15:18:34.063,66711,3.541,2.627,0.075,0.000,0.000,onTarget,noEvent
6382,11,7,rld,15:18:34.113,66712,3.590,2.627,0.075,0.000,0.000,onTarget,noEvent
6382,11,7,rld,15:18:34.157,66713,3.650,2.627,0.075,0.000,0.000,onTarget,noEvent
6382,11,7,rld,15:18:34.206,66714,3.699,2.627,0.075,0.000,0.000,onTarget,noEvent
6382,11,7,rld,15:18:34.276,66715,3.769,2.627,0.075,0.000,0.000,onTarget,targetClick
6382,11,8,rld,15:18:37.556,66772,3.863,0.135,0.153,0.000,0.000,waitingForTarget,middleTargetClick
6382,11,8,rld,15:18:37.595,66773,3.917,0.135,0.153,0.000,0.000,waitingForTarget,noEvent
6382,11,8,rld,15:18:37.656,66774,3.970,0.135,0.153,0.000,0.000,waitingForTarget,noEvent
6382,11,8,rld,15:18:38.023,66782,0.033,0.135,0.153,0.000,0.000,activeTracking,targetAppeared
6382,11,8,rld,15:18:38.059,66783,0.076,0.135,0.153,0.000,0.000,activeTracking,noEvent
6382,11,8,rld,15:18:38.106,66784,0.116,0.135,0.153,0.000,0.000,activeTracking,noEvent
6382,11,8,rld,15:18:38.143,66785,0.155,0.135,0.153,0.000,0.000,activeTracking,noEvent
6382,11,8,rld,15:18:38.214,66786,0.222,0.135,0.153,0.000,0.000,activeTracking,noEvent
6382,11,8,rld,15:18:38.258,66787,0.264,0.135,0.153,0.000,0.000,activeTracking,noEvent
6382,11,8,rld,15:18:38.284,66788,0.302,0.135,0.153,0.000,0.000,activeTracking,noEvent
6382,11,8,rld,15:18:38.314,66789,0.331,0.135,0.153,0.000,0.000,activeTracking,noEvent
6382,11,8,rld,15:18:38.356,66790,0.370,0.135,0.153,0.000,0.000,activeTracking,noEvent
6382,11,8,rld,15:18:38.399,66791,0.412,0.135,0.153,0.000,0.000,activeTracking,noEvent
6382,11,8,rld,15:18:38.437,66792,0.453,0.135,0.153,0.000,0.000,activeTracking,noEvent
6382,11,8,rld,15:18:38.466,66793,0.483,0.135,0.153,0.000,0.000,activeTracking,noEvent
6382,11,8,rld,15:18:38.533,66794,0.544,0.135,0.153,0.000,0.000,activeTracking,noEvent
6382,11,8,rld,15:18:38.716,66795,0.689,0.417,0.041,2.500,-1.000,activeTracking,noEvent
6382,11,8,rld,15:18:38.880,66796,0.857,0.782,-0.053,2.400,-0.500,activeTracking,noEvent
6382,11,8,rld,15:18:39.017,66797,0.998,1.120,-0.084,1.900,0.000,activeTracking,noEvent
6382,11,8,rld,15:18:39.094,66798,1.102,1.440,-0.061,1.800,0.300,activeTracking,noEvent
6382,11,8,rld,15:18:39.244,66799,1.239,1.814,0.039,2.300,0.800,activeTracking,noEvent
6382,11,8,rld,15:18:39.337,66800,1.323,2.045,0.108,0.900,0.300,activeTracking,noEvent
6382,11,8,rld,15:18:39.409,66801,1.408,2.158,0.177,0.300,0.400,activeTracking,noEvent
6382,11,8,rld,15:18:39.493,66802,1.500,2.279,0.247,0.700,0.400,activeTracking,noEvent
6382,11,8,rld,15:18:39.566,66803,1.573,2.391,0.294,0.600,0.200,activeTracking,noEvent
6382,11,8,rld,15:18:39.657,66804,1.664,2.464,0.310,0.300,0.000,activeTracking,noEvent
6382,11,8,rld,15:18:39.715,66805,1.724,2.501,0.316,0.100,0.000,activeTracking,noEvent
6382,11,8,rld,15:18:39.770,66806,1.782,2.513,0.295,0.000,-0.200,onTarget,noEvent
6382,11,8,rld,15:18:39.861,66807,1.875,2.553,0.241,0.300,-0.400,onTarget,noEvent
6382,11,8,rld,15:18:39.924,66808,1.924,2.590,0.212,0.200,-0.100,onTarget,noEvent
6382,11,8,rld,15:18:40.010,66809,2.003,2.615,0.179,0.100,-0.200,onTarget,noEvent
6382,11,8,rld,15:18:40.072,66810,2.077,2.623,0.145,0.000,-0.200,onTarget,noEvent
6382,11,8,rld,15:18:40.136,66811,2.151,2.626,0.110,0.000,-0.200,onTarget,noEvent
6382,11,8,rld,15:18:40.193,66812,2.200,2.627,0.087,0.000,-0.100,onTarget,noEvent
6382,11,8,rld,15:18:40.245,66813,2.261,2.627,0.067,0.000,-0.100,onTarget,noEvent
6382,11,8,rld,15:18:40.301,66814,2.314,2.627,0.061,0.000,0.000,onTarget,noEvent
6382,11,8,rld,15:18:40.344,66815,2.361,2.627,0.058,0.000,0.000,onTarget,noEvent
6382,11,8,rld,15:18:40.407,66816,2.413,2.627,0.058,0.000,0.000,onTarget,noEvent
6382,11,8,rld,15:18:40.447,66817,2.461,2.627,0.058,0.000,0.000,onTarget,noEvent
6382,11,8,rld,15:18:40.501,66818,2.512,2.627,0.057,0.000,0.000,onTarget,noEvent
6382,11,8,rld,15:18:40.561,66819,2.563,2.639,0.057,0.100,0.000,onTarget,noEvent
6382,11,8,rld,15:18:40.605,66820,2.612,2.643,0.057,0.000,0.000,onTarget,noEvent
6382,11,8,rld,15:18:40.663,66821,2.668,2.645,0.057,0.000,0.000,onTarget,noEvent
6382,11,8,rld,15:18:40.704,66822,2.722,2.645,0.057,0.000,0.000,onTarget,noEvent
6382,11,8,rld,15:18:40.772,66823,2.781,2.645,0.057,0.000,0.000,onTarget,noEvent
6382,11,8,rld,15:18:40.838,66824,2.843,2.658,0.058,0.100,0.000,onTarget,noEvent
6382,11,8,rld,15:18:40.904,66825,2.908,2.662,0.069,0.000,0.100,onTarget,noEvent
6382,11,8,rld,15:18:40.961,66826,2.966,2.651,0.096,-0.100,0.200,onTarget,noEvent
6382,11,8,rld,15:18:40.999,66827,3.003,2.647,0.105,0.000,0.000,onTarget,noEvent
6382,11,8,rld,15:18:41.033,66828,3.048,2.646,0.108,0.000,0.000,onTarget,noEvent
6382,11,8,rld,15:18:41.079,66829,3.083,2.646,0.109,0.000,0.000,onTarget,noEvent
6382,11,8,rld,15:18:41.124,66830,3.129,2.646,0.110,0.000,0.000,onTarget,noEvent
6382,11,8,rld,15:18:41.162,66831,3.170,2.645,0.110,0.000,0.000,onTarget,noEvent
6382,11,8,rld,15:18:41.204,66832,3.211,2.645,0.110,0.000,0.000,onTarget,noEvent
6382,11,8,rld,15:18:41.243,66833,3.259,2.645,0.110,0.000,0.000,onTarget,noEvent
6382,11,8,rld,15:18:41.309,66834,3.313,2.645,0.110,0.000,0.000,onTarget,noEvent
6382,11,8,rld,15:18:41.375,66835,3.381,2.645,0.110,0.000,0.000,onTarget,targetClick
6382,11,9,rld,15:18:44.906,66890,3.445,0.029,0.237,0.000,0.000,waitingForTarget,middleTargetClick
6382,11,9,rld,15:18:44.949,66891,3.494,0.032,0.237,0.000,0.000,waitingForTarget,noEvent
6382,11,9,rld,15:18:45.012,66892,3.550,0.033,0.238,0.000,0.000,waitingForTarget,noEvent
6382,11,9,rld,15:18:45.067,66893,3.612,0.034,0.238,0.000,0.000,waitingForTarget,noEvent
6382,11,9,rld,15:18:45.110,66894,3.657,0.034,0.238,0.000,0.000,waitingForTarget,noEvent
6382,11,9,rld,15:18:45.149,66895,3.695,0.034,0.238,0.000,0.000,waitingForTarget,noEvent
6382,11,9,rld,15:18:45.184,66896,3.729,0.034,0.238,0.000,0.000,waitingForTarget,noEvent
6382,11,9,rld,15:18:45.215,66897,3.763,0.034,0.238,0.000,0.000,waitingForTarget,noEvent
6382,11,9,rld,15:18:45.246,66898,3.795,0.034,0.238,0.000,0.000,waitingForTarget,noEvent
6382,11,9,rld,15:18:45.282,66899,3.830,0.034,0.238,0.000,0.000,waitingForTarget,noEvent
6382,11,9,rld,15:18:45.324,66900,3.867,0.034,0.238,0.000,0.000,waitingForTarget,noEvent
6382,11,9,rld,15:18:45.362,66901,0.042,0.034,0.238,0.000,0.000,activeTracking,targetAppeared
6382,11,9,rld,15:18:45.403,66902,0.080,0.034,0.238,0.000,0.000,activeTracking,noEvent
6382,11,9,rld,15:18:45.479,66903,0.157,0.034,0.238,0.000,0.000,activeTracking,noEvent
6382,11,9,rld,15:18:45.520,66904,0.200,0.034,0.238,0.000,0.000,activeTracking,noEvent
6382,11,9,rld,15:18:45.554,66905,0.233,0.034,0.238,0.000,0.000,activeTracking,noEvent
6382,11,9,rld,15:18:45.594,66906,0.274,0.034,0.238,0.000,0.000,activeTracking,noEvent
6382,11,9,rld,15:18:45.631,66907,0.309,0.034,0.238,0.000,0.000,activeTracking,noEvent
6382,11,9,rld,15:18:45.665,66908,0.347,0.034,0.238,0.000,0.000,activeTracking,noEvent
6382,11,9,rld,15:18:45.709,66909,0.390,0.034,0.238,0.000,0.000,activeTracking,noEvent
6382,11,9,rld,15:18:45.758,66910,0.432,0.034,0.238,0.000,0.000,activeTracking,noEvent
6382,11,9,rld,15:18:45.813,66911,0.493,0.034,0.238,0.000,0.000,activeTracking,noEvent
6382,11,9,rld,15:18:45.897,66912,0.575,0.034,0.238,0.000,0.000,activeTracking,noEvent
6382,11,9,rld,15:18:45.941,66913,0.617,0.034,0.238,0.000,0.000,activeTracking,noEvent
6382,11,9,rld,15:18:45.975,66914,0.655,0.034,0.238,0.000,0.000,activeTracking,noEvent
6382,11,9,rld,15:18:46.012,66915,0.693,0.034,0.238,0.000,0.000,activeTracking,noEvent
6382,11,9,rld,15:18:46.056,66916,0.733,0.034,0.238,0.000,0.000,activeTracking,noEvent
6382,11,9,rld,15:18:46.092,66917,0.767,0.034,0.238,0.000,0.000,activeTracking,noEvent
6382,11,9,rld,15:18:46.125,66918,0.807,0.034,0.238,0.000,0.000,activeTracking,noEvent
6382,11,9,rld,15:18:46.165,66919,0.847,0.034,0.238,0.000,0.000,activeTracking,noEvent
6382,11,9,rld,15:18:46.213,66920,0.895,0.034,0.238,0.000,0.000,activeTracking,noEvent
6382,11,9,rld,15:18:46.274,66921,0.947,0.034,0.238,0.000,0.000,activeTracking,noEvent
6382,11,9,rld,15:18:46.509,66922,1.181,-1.555,0.585,-14.000,3.000,activeTracking,noEvent
6382,11,9,rld,15:18:46.579,66923,1.248,-2.300,0.723,-1.700,0.100,activeTracking,noEvent
6382,11,9,rld,15:18:46.638,66924,1.319,-2.578,0.772,-0.200,0.000,activeTracking,noEvent
6382,11,9,rld,15:18:46.763,66925,1.424,-2.940,0.842,-2.200,0.400,activeTracking,noEvent
6382,11,9,rld,15:18:46.812,66926,1.488,-3.099,0.867,-0.300,0.000,activeTracking,noEvent
6382,11,9,rld,15:18:46.894,66927,1.564,-3.152,0.864,0.000,-0.100,activeTracking,noEvent
6382,11,9,rld,15:18:46.932,66928,1.612,-3.170,0.863,0.000,0.000,activeTracking,noEvent
6382,11,9,rld,15:18:46.976,66929,1.658,-3.176,0.862,0.000,0.000,activeTracking,noEvent
6382,11,9,rld,15:18:47.023,66930,1.704,-3.178,0.862,0.000,0.000,activeTracking,noEvent
6382,11,9,rld,15:18:47.082,66931,1.759,-3.179,0.862,0.000,0.000,activeTracking,noEvent
6382,11,9,rld,15:18:47.167,66932,1.832,-3.154,0.850,0.200,-0.100,activeTracking,noEvent
6382,11,9,rld,15:18:47.295,66933,1.944,-2.973,0.757,1.400,-0.700,activeTracking,noEvent
6382,11,9,rld,15:18:47.381,66934,2.044,-2.839,0.643,0.600,-0.700,activeTracking,noEvent
6382,11,9,rld,15:18:47.444,66935,2.117,-2.771,0.569,0.200,-0.300,activeTracking,noEvent
6382,11,9,rld,15:18:47.523,66936,2.194,-2.748,0.509,0.000,-0.300,activeTracking,noEvent
6382,11,9,rld,15:18:47.571,66937,2.251,-2.752,0.454,-0.100,-0.300,activeTracking,noEvent
6382,11,9,rld,15:18:47.673,66938,2.348,-2.790,0.401,-0.300,-0.300,activeTracking,noEvent
6382,11,9,rld,15:18:47.744,66939,2.412,-2.827,0.361,-0.200,-0.200,activeTracking,noEvent
6382,11,9,rld,15:18:47.791,66940,2.467,-2.852,0.335,-0.100,-0.100,activeTracking,noEvent
6382,11,9,rld,15:18:47.841,66941,2.522,-2.860,0.315,0.000,-0.100,onTarget,noEvent
6382,11,9,rld,15:18:47.899,66942,2.577,-2.863,0.285,0.000,-0.200,onTarget,noEvent
6382,11,9,rld,15:18:47.947,66943,2.629,-2.864,0.275,0.000,0.000,onTarget,noEvent
6382,11,9,rld,15:18:47.982,66944,2.662,-2.864,0.271,0.000,0.000,onTarget,noEvent
6382,11,9,rld,15:18:48.045,66945,2.725,-2.864,0.270,0.000,0.000,onTarget,noEvent
6382,11,9,rld,15:18:48.116,66946,2.795,-2.864,0.270,0.000,0.000,onTarget,noEvent
6382,11,9,rld,15:18:48.193,66947,2.858,-2.864,0.270,0.000,0.000,onTarget,noEvent
6382,11,9,rld,15:18:48.272,66948,2.938,-2.852,0.246,0.100,-0.200,onTarget,noEvent
6382,11,9,rld,15:18:48.323,66949,3.000,-2.836,0.238,0.100,0.000,onTarget,noEvent
6382,11,9,rld,15:18:48.394,66950,3.062,-2.806,0.235,0.200,0.000,onTarget,noEvent
6382,11,9,rld,15:18:48.452,66951,3.131,-2.772,0.234,0.200,0.000,onTarget,noEvent
6382,11,9,rld,15:18:48.544,66952,3.206,-2.724,0.233,0.300,0.000,onTarget,noEvent
6382,11,9,rld,15:18:48.609,66953,3.282,-2.671,0.198,0.300,-0.300,onTarget,noEvent
6382,11,9,rld,15:18:48.692,66954,3.349,-2.642,0.174,0.100,-0.100,onTarget,noEvent
6382,11,9,rld,15:18:48.754,66955,3.424,-2.632,0.143,0.000,-0.200,onTarget,noEvent
6382,11,9,rld,15:18:48.812,66956,3.492,-2.629,0.109,0.000,-0.200,onTarget,noEvent
6382,11,9,rld,15:18:48.850,66957,3.526,-2.628,0.098,0.000,0.000,onTarget,noEvent
6382,11,9,rld,15:18:48.922,66958,3.587,-2.627,0.094,0.000,0.000,onTarget,noEvent
6382,11,9,rld,15:18:48.973,66959,3.644,-2.627,0.093,0.000,0.000,onTarget,noEvent
6382,11,9,rld,15:18:49.015,66960,3.696,-2.627,0.093,0.000,0.000,onTarget,noEvent
6382,11,9,rld,15:18:49.059,66961,3.740,-2.627,0.092,0.000,0.000,onTarget,noEvent
6382,11,9,rld,15:18:49.109,66962,3.777,-2.627,0.092,0.000,0.000,onTarget,noEvent
6382,11,9,rld,15:18:49.161,66963,3.833,-2.627,0.092,0.000,0.000,onTarget,noEvent
6382,11,9,rld,15:18:49.213,66964,3.887,-2.627,0.092,0.000,0.000,onTarget,noEvent
6382,11,9,rld,15:18:49.281,66965,3.951,-2.627,0.092,0.000,0.000,onTarget,targetClick
6382,11,10,rld,15:18:52.372,67018,0.047,-0.186,0.035,0.000,0.000,activeTracking,targetAppeared
6382,11,10,rld,15:18:52.446,67019,0.111,-0.186,0.035,0.000,0.000,activeTracking,noEvent
6382,11,10,rld,15:18:52.477,67020,0.153,-0.186,0.035,0.000,0.000,activeTracking,noEvent
6382,11,10,rld,15:18:52.530,67021,0.198,-0.186,0.035,0.000,0.000,activeTracking,noEvent
6382,11,10,rld,15:18:52.579,67022,0.252,-0.186,0.035,0.000,0.000,activeTracking,noEvent
6382,11,10,rld,15:18:52.644,67023,0.309,-0.186,0.035,0.000,0.000,activeTracking,noEvent
6382,11,10,rld,15:18:52.677,67024,0.350,-0.186,0.035,0.000,0.000,activeTracking,noEvent
6382,11,10,rld,15:18:52.723,67025,0.391,-0.186,0.035,0.000,0.000,activeTracking,noEvent
6382,11,10,rld,15:18:52.760,67026,0.435,-0.186,0.035,0.000,0.000,activeTracking,noEvent
6382,11,10,rld,15:18:52.833,67027,0.500,-0.186,0.035,0.000,0.000,activeTracking,noEvent
6382,11,10,rld,15:18:52.949,67028,0.582,-0.051,0.035,1.200,0.000,activeTracking,noEvent
6382,11,10,rld,15:18:53.104,67029,0.743,1.022,0.058,9.100,0.200,activeTracking,noEvent
6382,11,10,rld,15:18:53.250,67030,0.889,2.175,0.185,6.800,1.000,activeTracking,noEvent
6382,11,10,rld,15:18:53.379,67031,1.026,2.790,0.254,1.800,0.200,onTarget,noEvent
6382,11,10,rld,15:18:53.439,67032,1.110,3.173,0.280,1.400,0.000,activeTracking,noEvent
6382,11,10,rld,15:18:53.495,67033,1.166,3.327,0.289,0.200,0.000,activeTracking,noEvent
6382,11,10,rld,15:18:53.541,67034,1.207,3.379,0.292,0.000,0.000,activeTracking,noEvent
6382,11,10,rld,15:18:53.579,67035,1.250,3.397,0.293,0.000,0.000,activeTracking,noEvent
6382,11,10,rld,15:18:53.681,67036,1.355,3.402,0.258,0.000,-0.300,activeTracking,noEvent
6382,11,10,rld,15:18:53.766,67037,1.436,3.379,0.210,-0.200,-0.300,activeTracking,noEvent
6382,11,10,rld,15:18:53.965,67038,1.621,3.221,0.121,-1.200,-0.600,activeTracking,noEvent
6382,11,10,rld,15:18:54.074,67039,1.726,2.896,0.032,-2.200,-0.500,onTarget,noEvent
6382,11,10,rld,15:18:54.120,67040,1.789,2.741,0.002,-0.400,0.000,onTarget,noEvent
6382,11,10,rld,15:18:54.172,67041,1.846,2.677,-0.008,-0.100,0.000,onTarget,noEvent
6382,11,10,rld,15:18:54.231,67042,1.902,2.644,-0.011,-0.100,0.000,onTarget,noEvent
6382,11,10,rld,15:18:54.288,67043,1.961,2.621,-0.012,-0.100,0.000,onTarget,noEvent
6382,11,10,rld,15:18:54.333,67044,2.009,2.601,-0.012,-0.100,0.000,onTarget,noEvent
6382,11,10,rld,15:18:54.389,67045,2.059,2.594,-0.013,0.000,0.000,onTarget,noEvent
6382,11,10,rld,15:18:54.441,67046,2.116,2.592,-0.001,0.000,0.100,onTarget,noEvent
6382,11,10,rld,15:18:54.523,67047,2.179,2.591,0.026,0.000,0.200,onTarget,noEvent
6382,11,10,rld,15:18:54.604,67048,2.267,2.615,0.070,0.200,0.300,onTarget,noEvent
6382,11,10,rld,15:18:54.660,67049,2.333,2.623,0.085,0.000,0.000,onTarget,targetClick
6382,11,11,rld,15:18:57.638,67097,2.395,-0.029,0.120,0.000,0.000,waitingForTarget,middleTargetClick
6382,11,11,rld,15:18:57.691,67098,2.450,-0.032,0.120,0.000,0.000,waitingForTarget,noEvent
6382,11,11,rld,15:18:57.747,67099,2.515,-0.033,0.120,0.000,0.000,waitingForTarget,noEvent
6382,11,11,rld,15:18:57.813,67100,2.583,-0.034,0.119,0.000,0.000,waitingForTarget,noEvent
6382,11,11,rld,15:18:57.853,67101,2.625,-0.034,0.119,0.000,0.000,waitingForTarget,noEvent
6382,11,11,rld,15:18:57.885,67102,2.656,-0.034,0.119,0.000,0.000,waitingForTarget,noEvent
6382,11,11,rld,15:18:57.938,67103,2.697,-0.034,0.119,0.000,0.000,waitingForTarget,noEvent
6382,11,11,rld,15:18:57.978,67104,2.739,-0.034,0.119,0.000,0.000,waitingForTarget,noEvent
6382,11,11,rld,15:18:58.015,67105,2.785,-0.034,0.119,0.000,0.000,waitingForTarget,noEvent
6382,11,11,rld,15:18:58.054,67106,2.827,-0.034,0.119,0.000,0.000,waitingForTarget,noEvent
6382,11,11,rld,15:18:58.104,67107,0.041,-0.034,0.119,0.000,0.000,activeTracking,targetAppeared
6382,11,11,rld,15:18:58.144,67108,0.078,-0.034,0.119,0.000,0.000,activeTracking,noEvent
6382,11,11,rld,15:18:58.182,67109,0.129,-0.034,0.119,0.000,0.000,activeTracking,noEvent
6382,11,11,rld,15:18:58.242,67110,0.174,-0.034,0.119,0.000,0.000,activeTracking,noEvent
6382,11,11,rld,15:18:58.273,67111,0.211,-0.034,0.119,0.000,0.000,activeTracking,noEvent
6382,11,11,rld,15:18:58.306,67112,0.248,-0.034,0.119,0.000,0.000,activeTracking,noEvent
6382,11,11,rld,15:18:58.343,67113,0.288,-0.034,0.119,0.000,0.000,activeTracking,noEvent
6382,11,11,rld,15:18:58.410,67114,0.354,-0.034,0.119,0.000,0.000,activeTracking,noEvent
6382,11,11,rld,15:18:58.453,67115,0.399,-0.034,0.119,0.000,0.000,activeTracking,noEvent
6382,11,11,rld,15:18:58.487,67116,0.431,-0.034,0.119,0.000,0.000,activeTracking,noEvent
6382,11,11,rld,15:18:58.525,67117,0.471,-0.034,0.119,0.000,0.000,activeTracking,noEvent
6382,11,11,rld,15:18:58.564,67118,0.509,-0.034,0.119,0.000,0.000,activeTracking,noEvent
6382,11,11,rld,15:18:58.606,67119,0.543,-0.034,0.119,0.000,0.000,activeTracking,noEvent
6382,11,11,rld,15:18:58.648,67120,0.593,-0.034,0.119,0.000,0.000,activeTracking,noEvent
6382,11,11,rld,15:18:58.692,67121,0.631,-0.034,0.119,0.000,0.000,activeTracking,noEvent
6382,11,11,rld,15:18:58.773,67122,0.704,-0.034,0.119,0.000,0.000,activeTracking,noEvent
6382,11,11,rld,15:18:58.853,67123,0.792,-0.034,0.119,0.000,0.000,activeTracking,noEvent
6382,11,11,rld,15:18:59.044,67124,0.953,-1.142,0.302,-9.800,1.600,activeTracking,noEvent
6382,11,11,rld,15:18:59.197,67125,1.107,-2.276,0.581,-6.500,1.800,activeTracking,noEvent
6382,11,11,rld,15:18:59.273,67126,1.192,-2.751,0.693,-0.700,0.100,activeTracking,noEvent
6382,11,11,rld,15:18:59.357,67127,1.285,-3.035,0.746,-1.000,0.100,activeTracking,noEvent
6382,11,11,rld,15:18:59.464,67128,1.395,-3.319,0.793,-1.500,0.200,activeTracking,noEvent
6382,11,11,rld,15:18:59.512,67129,1.453,-3.440,0.809,-0.200,0.000,activeTracking,noEvent
6382,11,11,rld,15:18:59.569,67130,1.508,-3.480,0.815,0.000,0.000,activeTracking,noEvent
6382,11,11,rld,15:18:59.610,67131,1.556,-3.494,0.817,0.000,0.000,activeTracking,noEvent
6382,11,11,rld,15:18:59.690,67132,1.622,-3.485,0.805,0.100,-0.100,activeTracking,noEvent
6382,11,11,rld,15:18:59.783,67133,1.709,-3.394,0.750,0.700,-0.400,activeTracking,noEvent
6382,11,11,rld,15:18:59.888,67134,1.812,-3.276,0.634,0.700,-0.800,activeTracking,noEvent
6382,11,11,rld,15:18:59.980,67135,1.925,-3.174,0.476,0.500,-1.000,activeTracking,noEvent
6382,11,11,rld,15:19:00.059,67136,1.997,-3.128,0.387,0.100,-0.300,activeTracking,noEvent
6382,11,11,rld,15:19:00.162,67137,2.092,-3.162,0.240,-0.400,-1.000,activeTracking,noEvent
6382,11,11,rld,15:19:00.221,67138,2.162,-3.211,0.156,-0.300,-0.300,activeTracking,noEvent
6382,11,11,rld,15:19:00.279,67139,2.220,-3.240,0.116,-0.100,-0.100,activeTracking,noEvent
6382,11,11,rld,15:19:00.323,67140,2.262,-3.249,0.103,0.000,0.000,activeTracking,noEvent
6382,11,11,rld,15:19:00.382,67141,2.321,-3.253,0.098,0.000,0.000,activeTracking,noEvent
6382,11,11,rld,15:19:00.441,67142,2.375,-3.254,0.097,0.000,0.000,activeTracking,noEvent
6382,11,11,rld,15:19:00.487,67143,2.424,-3.254,0.096,0.000,0.000,activeTracking,noEvent
6382,11,11,rld,15:19:00.531,67144,2.472,-3.254,0.096,0.000,0.000,activeTracking,noEvent
6382,11,11,rld,15:19:00.611,67145,2.538,-3.242,0.096,0.100,0.000,activeTracking,noEvent
6382,11,11,rld,15:19:00.730,67146,2.635,-3.175,0.095,0.500,0.000,activeTracking,noEvent
6382,11,11,rld,15:19:00.796,67147,2.742,-3.103,0.142,0.400,0.400,activeTracking,noEvent
6382,11,11,rld,15:19:00.894,67148,2.822,-3.042,0.193,0.300,0.300,activeTracking,noEvent
6382,11,11,rld,15:19:01.010,67149,2.946,-2.911,0.197,0.900,-0.100,onTarget,noEvent
6382,11,11,rld,15:19:01.057,67150,3.002,-2.843,0.198,0.200,0.000,onTarget,noEvent
6382,11,11,rld,15:19:01.124,67151,3.058,-2.796,0.198,0.200,0.000,onTarget,noEvent
6382,11,11,rld,15:19:01.188,67152,3.113,-2.756,0.198,0.200,0.000,onTarget,noEvent
6382,11,11,rld,15:19:01.244,67153,3.176,-2.743,0.198,0.000,0.000,onTarget,noEvent
6382,11,11,rld,15:19:01.306,67154,3.245,-2.726,0.198,0.100,0.000,onTarget,noEvent
6382,11,11,rld,15:19:01.358,67155,3.293,-2.721,0.198,0.000,0.000,onTarget,noEvent
6382,11,11,rld,15:19:01.410,67156,3.345,-2.719,0.198,0.000,0.000,onTarget,noEvent
6382,11,11,rld,15:19:01.452,67157,3.399,-2.718,0.198,0.000,0.000,onTarget,noEvent
6382,11,11,rld,15:19:01.579,67158,3.480,-2.694,0.175,0.200,-0.200,onTarget,noEvent
6382,11,11,rld,15:19:01.657,67159,3.587,-2.686,0.097,0.000,-0.600,onTarget,noEvent
6382,11,11,rld,15:19:01.707,67160,3.650,-2.683,0.059,0.000,-0.100,onTarget,noEvent
6382,11,11,rld,15:19:01.747,67161,3.691,-2.682,0.046,0.000,0.000,onTarget,noEvent
6382,11,11,rld,15:19:01.841,67162,3.786,-2.706,0.054,-0.200,0.100,onTarget,noEvent
6382,11,11,rld,15:19:01.905,67163,3.850,-2.714,0.057,0.000,0.000,onTarget,targetClick
6382,11,12,rld,15:19:05.324,67219,3.910,0.034,-0.100,0.000,0.000,waitingForTarget,middleTargetClick
6382,11,12,rld,15:19:05.373,67220,3.972,0.034,-0.100,0.000,0.000,waitingForTarget,noEvent
6382,11,12,rld,15:19:05.780,67229,0.048,0.034,-0.100,0.000,0.000,activeTracking,targetAppeared
6382,11,12,rld,15:19:05.837,67230,0.107,0.034,-0.100,0.000,0.000,activeTracking,noEvent
6382,11,12,rld,15:19:05.873,67231,0.147,0.034,-0.100,0.000,0.000,activeTracking,noEvent
6382,11,12,rld,15:19:05.907,67232,0.180,0.034,-0.100,0.000,0.000,activeTracking,noEvent
6382,11,12,rld,15:19:05.944,67233,0.215,0.034,-0.100,0.000,0.000,activeTracking,noEvent
6382,11,12,rld,15:19:05.989,67234,0.253,0.034,-0.100,0.000,0.000,activeTracking,noEvent
6382,11,12,rld,15:19:06.025,67235,0.288,0.034,-0.100,0.000,0.000,activeTracking,noEvent
6382,11,12,rld,15:19:06.063,67236,0.337,0.034,-0.100,0.000,0.000,activeTracking,noEvent
6382,11,12,rld,15:19:06.104,67237,0.377,0.034,-0.100,0.000,0.000,activeTracking,noEvent
6382,11,12,rld,15:19:06.188,67238,0.458,0.034,-0.100,0.000,0.000,activeTracking,noEvent
6382,11,12,rld,15:19:06.234,67239,0.505,0.034,-0.100,0.000,0.000,activeTracking,noEvent
6382,11,12,rld,15:19:06.275,67240,0.541,0.034,-0.100,0.000,0.000,activeTracking,noEvent
6382,11,12,rld,15:19:06.302,67241,0.573,0.034,-0.100,0.000,0.000,activeTracking,noEvent
6382,11,12,rld,15:19:06.356,67242,0.618,0.034,-0.100,0.000,0.000,activeTracking,noEvent
6382,11,12,rld,15:19:06.406,67243,0.661,0.034,-0.100,0.000,0.000,activeTracking,noEvent
6382,11,12,rld,15:19:06.462,67244,0.728,0.034,-0.100,0.000,0.000,activeTracking,noEvent
6382,11,12,rld,15:19:06.714,67245,0.967,-0.948,0.171,-8.700,2.400,activeTracking,noEvent
6382,11,12,rld,15:19:06.832,67246,1.087,-1.566,0.333,-2.500,0.600,activeTracking,noEvent
6382,11,12,rld,15:19:06.882,67247,1.155,-1.833,0.389,-0.500,0.000,activeTracking,noEvent
6382,11,12,rld,15:19:06.938,67248,1.212,-1.946,0.408,-0.200,0.000,activeTracking,noEvent
6382,11,12,rld,15:19:07.074,67249,1.320,-2.054,0.415,-0.600,0.000,activeTracking,noEvent
6382,11,12,rld,15:19:07.160,67250,1.432,-2.232,0.454,-1.200,0.300,activeTracking,noEvent
6382,11,12,rld,15:19:07.207,67251,1.478,-2.304,0.467,-0.100,0.000,activeTracking,noEvent
6382,11,12,rld,15:19:07.273,67252,1.539,-2.316,0.460,0.100,-0.100,activeTracking,noEvent
6382,11,12,rld,15:19:07.329,67253,1.602,-2.296,0.434,0.200,-0.200,activeTracking,noEvent
6382,11,12,rld,15:19:07.397,67254,1.670,-2.265,0.402,0.200,-0.200,activeTracking,noEvent
6382,11,12,rld,15:19:07.457,67255,1.731,-2.255,0.379,0.000,-0.100,activeTracking,noEvent
6382,11,12,rld,15:19:07.548,67256,1.817,-2.264,0.349,-0.100,-0.200,activeTracking,noEvent
6382,11,12,rld,15:19:07.594,67257,1.867,-2.267,0.339,0.000,0.000,activeTracking,noEvent
6382,11,12,rld,15:19:07.645,67258,1.915,-2.268,0.335,0.000,0.000,activeTracking,noEvent
6382,11,12,rld,15:19:07.710,67259,1.978,-2.268,0.311,0.000,-0.200,activeTracking,noEvent
6382,11,12,rld,15:19:07.809,67260,2.056,-2.268,0.280,0.000,-0.200,activeTracking,noEvent
6382,11,12,rld,15:19:07.881,67261,2.150,-2.292,0.258,-0.200,-0.100,activeTracking,noEvent
6382,11,12,rld,15:19:07.973,67262,2.240,-2.335,0.274,-0.300,0.200,activeTracking,noEvent
6382,11,12,rld,15:19:08.022,67263,2.287,-2.350,0.280,0.000,0.000,activeTracking,noEvent
6382,11,12,rld,15:19:08.077,67264,2.349,-2.367,0.293,-0.100,0.100,activeTracking,noEvent
6382,11,12,rld,15:19:08.129,67265,2.403,-2.372,0.298,0.000,0.000,activeTracking,noEvent
6382,11,12,rld,15:19:08.322,67266,2.568,-2.542,0.347,-1.400,0.400,activeTracking,noEvent
6382,11,12,rld,15:19:08.375,67267,2.644,-2.623,0.364,-0.200,0.000,activeTracking,noEvent
6382,11,12,rld,15:19:08.461,67268,2.721,-2.638,0.323,0.100,-0.400,onTarget,noEvent
6382,11,12,rld,15:19:08.582,67269,2.851,-2.607,0.251,0.300,-0.500,onTarget,noEvent
6382,11,12,rld,15:19:08.641,67270,2.907,-2.572,0.215,0.200,-0.100,onTarget,noEvent
6382,11,12,rld,15:19:08.751,67271,3.020,-2.549,0.168,0.100,-0.300,onTarget,noEvent
6382,11,12,rld,15:19:08.815,67272,3.085,-2.541,0.141,0.000,-0.100,onTarget,noEvent
6382,11,12,rld,15:19:08.856,67273,3.128,-2.538,0.120,0.000,-0.100,onTarget,noEvent
6382,11,12,rld,15:19:08.923,67274,3.188,-2.537,0.101,0.000,-0.100,onTarget,noEvent
6382,11,12,rld,15:19:08.972,67275,3.234,-2.537,0.095,0.000,0.000,onTarget,noEvent
6382,11,12,rld,15:19:09.034,67276,3.296,-2.549,0.081,-0.100,-0.100,onTarget,noEvent
6382,11,12,rld,15:19:09.125,67277,3.381,-2.577,0.077,-0.200,0.000,onTarget,noEvent
6382,11,12,rld,15:19:09.170,67278,3.443,-2.610,0.076,-0.200,0.000,onTarget,noEvent
6382,11,12,rld,15:19:09.239,67279,3.505,-2.634,0.075,-0.100,0.000,onTarget,noEvent
6382,11,12,rld,15:19:09.278,67280,3.552,-2.641,0.075,0.000,0.000,onTarget,noEvent
6382,11,12,rld,15:19:09.345,67281,3.605,-2.656,0.075,-0.100,0.000,onTarget,noEvent
6382,11,12,rld,15:19:09.404,67282,3.666,-2.673,0.075,-0.100,0.000,onTarget,noEvent
6382,11,12,rld,15:19:09.449,67283,3.719,-2.679,0.075,0.000,0.000,onTarget,noEvent
6382,11,12,rld,15:19:09.502,67284,3.769,-2.693,0.075,-0.100,0.000,onTarget,noEvent
6382,11,12,rld,15:19:09.552,67285,3.821,-2.698,0.075,0.000,0.000,onTarget,noEvent
6382,11,12,rld,15:19:09.609,67286,3.872,-2.699,0.075,0.000,0.000,onTarget,noEvent
6382,11,12,rld,15:19:09.701,67287,3.951,-2.700,0.110,0.000,0.300,onTarget,noEvent
6382,11,13,rld,15:19:14.425,67360,0.038,-0.017,0.119,0.000,0.000,activeTracking,targetAppeared
6382,11,13,rld,15:19:14.464,67361,0.083,-0.017,0.119,0.000,0.000,activeTracking,noEvent
6382,11,13,rld,15:19:14.524,67362,0.130,-0.017,0.119,0.000,0.000,activeTracking,noEvent
6382,11,13,rld,15:19:14.574,67363,0.186,-0.017,0.119,0.000,0.000,activeTracking,noEvent
6382,11,13,rld,15:19:14.741,67364,0.335,0.084,0.142,0.900,0.200,activeTracking,noEvent
6382,11,13,rld,15:19:14.905,67365,0.496,0.682,0.207,5.000,0.500,activeTracking,noEvent
6382,11,13,rld,15:19:15.098,67366,0.696,1.626,0.300,6.500,0.600,activeTracking,noEvent
6382,11,13,rld,15:19:15.195,67367,0.801,2.064,0.334,1.000,0.000,activeTracking,noEvent
6382,11,13,rld,15:19:15.321,67368,0.941,2.462,0.336,2.100,-0.100,activeTracking,noEvent
6382,11,13,rld,15:19:15.412,67369,1.021,2.802,0.316,1.700,-0.200,onTarget,noEvent
6382,11,13,rld,15:19:15.503,67370,1.114,3.028,0.287,0.900,-0.200,activeTracking,noEvent
6382,11,13,rld,15:19:15.563,67371,1.168,3.129,0.278,0.200,0.000,activeTracking,noEvent
6382,11,13,rld,15:19:15.641,67372,1.249,3.175,0.263,0.100,-0.100,activeTracking,noEvent
6382,11,13,rld,15:19:15.711,67373,1.317,3.190,0.234,0.000,-0.200,activeTracking,noEvent
6382,11,13,rld,15:19:15.764,67374,1.382,3.196,0.213,0.000,-0.100,activeTracking,noEvent
6382,11,13,rld,15:19:15.843,67375,1.455,3.197,0.170,0.000,-0.300,activeTracking,noEvent
6382,11,13,rld,15:19:15.912,67376,1.517,3.185,0.109,-0.100,-0.400,activeTracking,noEvent
6382,11,13,rld,15:19:15.987,67377,1.597,3.132,0.052,-0.400,-0.300,activeTracking,noEvent
6382,11,13,rld,15:19:16.048,67378,1.665,3.064,0.021,-0.400,-0.100,onTarget,noEvent
6382,11,13,rld,15:19:16.147,67379,1.750,2.980,-0.013,-0.500,-0.200,onTarget,noEvent
6382,11,13,rld,15:19:16.242,67380,1.834,2.878,-0.024,-0.600,0.000,onTarget,noEvent
6382,11,13,rld,15:19:16.324,67381,1.935,2.796,-0.004,-0.400,0.200,onTarget,noEvent
6382,11,13,rld,15:19:16.390,67382,2.003,2.744,0.014,-0.200,0.100,onTarget,noEvent
6382,11,13,rld,15:19:16.442,67383,2.058,2.727,0.043,0.000,0.200,onTarget,noEvent
6382,11,13,rld,15:19:16.495,67384,2.115,2.721,0.065,0.000,0.100,onTarget,noEvent
6382,11,13,rld,15:19:16.548,67385,2.168,2.719,0.095,0.000,0.200,onTarget,noEvent
6382,11,13,rld,15:19:16.617,67386,2.233,2.718,0.129,0.000,0.200,onTarget,noEvent
6382,11,13,rld,15:19:16.680,67387,2.288,2.718,0.152,0.000,0.100,onTarget,noEvent
6382,11,13,rld,15:19:16.738,67388,2.359,2.755,0.171,0.300,0.100,onTarget,noEvent
6382,11,13,rld,15:19:16.810,67389,2.428,2.779,0.201,0.100,0.200,onTarget,noEvent
6382,11,13,rld,15:19:16.855,67390,2.466,2.799,0.211,0.100,0.000,onTarget,noEvent
6382,11,13,rld,15:19:16.920,67391,2.533,2.830,0.215,0.200,0.000,onTarget,noEvent
6382,11,13,rld,15:19:16.957,67392,2.571,2.841,0.216,0.000,0.000,onTarget,noEvent
6382,11,13,rld,15:19:17.028,67393,2.637,2.844,0.217,0.000,0.000,onTarget,noEvent
6382,11,13,rld,15:19:17.076,67394,2.685,2.845,0.217,0.000,0.000,onTarget,noEvent
6382,11,13,rld,15:19:17.142,67395,2.758,2.846,0.217,0.000,0.000,onTarget,targetClick
6382,11,14,rld,15:19:21.790,67474,2.835,-0.169,0.001,0.000,0.000,waitingForTarget,middleTargetClick
6382,11,14,rld,15:19:21.840,67475,2.887,-0.169,0.001,0.000,0.000,waitingForTarget,noEvent
6382,11,14,rld,15:19:21.893,67476,2.938,-0.169,0.001,0.000,0.000,waitingForTarget,noEvent
6382,11,14,rld,15:19:21.939,67477,2.979,-0.169,0.001,0.000,0.000,waitingForTarget,noEvent
6382,11,14,rld,15:19:21.996,67478,3.042,-0.169,0.001,0.000,0.000,waitingForTarget,noEvent
6382,11,14,rld,15:19:22.041,67479,3.084,-0.169,0.001,0.000,0.000,waitingForTarget,noEvent
6382,11,14,rld,15:19:22.103,67480,3.154,-0.169,0.001,0.000,0.000,waitingForTarget,noEvent
6382,11,14,rld,15:19:22.143,67481,3.185,-0.169,0.001,0.000,0.000,waitingForTarget,noEvent
6382,11,14,rld,15:19:22.179,67482,3.228,-0.169,0.001,0.000,0.000,waitingForTarget,noEvent
6382,11,14,rld,15:19:22.213,67483,3.262,-0.169,0.001,0.000,0.000,waitingForTarget,noEvent
6382,11,14,rld,15:19:22.261,67484,0.044,-0.169,0.001,0.000,0.000,activeTracking,targetAppeared
6382,11,14,rld,15:19:22.321,67485,0.094,-0.169,0.001,0.000,0.000,activeTracking,noEvent
6382,11,14,rld,15:19:22.347,67486,0.134,-0.169,0.001,0.000,0.000,activeTracking,noEvent
6382,11,14,rld,15:19:22.390,67487,0.177,-0.169,0.001,0.000,0.000,activeTracking,noEvent
6382,11,14,rld,15:19:22.437,67488,0.227,-0.169,0.001,0.000,0.000,activeTracking,noEvent
6382,11,14,rld,15:19:22.481,67489,0.264,-0.169,0.001,0.000,0.000,activeTracking,noEvent
6382,11,14,rld,15:19:22.520,67490,0.302,-0.169,0.001,0.000,0.000,activeTracking,noEvent
6382,11,14,rld,15:19:22.554,67491,0.337,-0.169,0.001,0.000,0.000,activeTracking,noEvent
6382,11,14,rld,15:19:22.595,67492,0.384,-0.169,0.001,0.000,0.000,activeTracking,noEvent
6382,11,14,rld,15:19:22.641,67493,0.431,-0.169,0.001,0.000,0.000,activeTracking,noEvent
6382,11,14,rld,15:19:22.681,67494,0.464,-0.169,0.001,0.000,0.000,activeTracking,noEvent
6382,11,14,rld,15:19:22.726,67495,0.505,-0.169,0.001,0.000,0.000,activeTracking,noEvent
6382,11,14,rld,15:19:22.804,67496,0.565,-0.169,0.001,0.000,0.000,activeTracking,noEvent
6382,11,14,rld,15:19:23.040,67497,0.779,0.496,0.001,5.900,0.000,activeTracking,noEvent
6382,11,14,rld,15:19:23.195,67498,0.983,1.424,0.219,6.200,1.900,activeTracking,noEvent
6382,11,14,rld,15:19:23.294,67499,1.076,1.972,0.398,2.000,0.900,activeTracking,noEvent
6382,11,14,rld,15:19:23.348,67500,1.133,2.181,0.471,0.200,0.100,activeTracking,noEvent
6382,11,14,rld,15:19:23.459,67501,1.234,2.429,0.545,1.500,0.400,activeTracking,noEvent
6382,11,14,rld,15:19:23.524,67502,1.294,2.561,0.570,0.400,0.000,activeTracking,noEvent
6382,11,14,rld,15:19:23.603,67503,1.383,2.629,0.579,0.200,0.000,activeTracking,noEvent
6382,11,14,rld,15:19:23.664,67504,1.446,2.652,0.571,0.000,-0.100,activeTracking,noEvent
6382,11,14,rld,15:19:23.741,67505,1.529,2.660,0.532,0.000,-0.300,activeTracking,noEvent
6382,11,14,rld,15:19:23.842,67506,1.618,2.650,0.484,-0.100,-0.300,activeTracking,noEvent
6382,11,14,rld,15:19:23.889,67507,1.676,2.647,0.457,0.000,-0.100,activeTracking,noEvent
6382,11,14,rld,15:19:23.985,67508,1.756,2.634,0.424,-0.100,-0.200,activeTracking,noEvent
6382,11,14,rld,15:19:24.055,67509,1.826,2.605,0.366,-0.200,-0.400,activeTracking,noEvent
6382,11,14,rld,15:19:24.119,67510,1.893,2.572,0.335,-0.200,-0.100,activeTracking,noEvent
6382,11,14,rld,15:19:24.162,67511,1.942,2.561,0.324,0.000,0.000,activeTracking,noEvent
6382,11,14,rld,15:19:24.212,67512,1.993,2.557,0.321,0.000,0.000,activeTracking,noEvent
6382,11,14,rld,15:19:24.264,67513,2.045,2.556,0.320,0.000,0.000,activeTracking,noEvent
6382,11,14,rld,15:19:24.313,67514,2.103,2.555,0.319,0.000,0.000,onTarget,noEvent
6382,11,14,rld,15:19:24.357,67515,2.147,2.555,0.319,0.000,0.000,onTarget,noEvent
6382,11,14,rld,15:19:24.411,67516,2.199,2.555,0.319,0.000,0.000,onTarget,noEvent
6382,11,14,rld,15:19:24.504,67517,2.273,2.567,0.296,0.100,-0.200,onTarget,noEvent
6382,11,14,rld,15:19:24.567,67518,2.346,2.595,0.289,0.200,0.000,onTarget,noEvent
6382,11,14,rld,15:19:24.623,67519,2.405,2.617,0.286,0.100,0.000,onTarget,noEvent
6382,11,14,rld,15:19:24.688,67520,2.476,2.648,0.286,0.200,0.000,onTarget,noEvent
6382,11,14,rld,15:19:24.741,67521,2.517,2.658,0.285,0.000,0.000,onTarget,noEvent
6382,11,14,rld,15:19:24.792,67522,2.571,2.662,0.274,0.000,-0.100,onTarget,noEvent
6382,11,14,rld,15:19:24.874,67523,2.664,2.663,0.258,0.000,-0.100,onTarget,noEvent
6382,11,14,rld,15:19:24.922,67524,2.706,2.663,0.241,0.000,-0.100,onTarget,noEvent
6382,11,14,rld,15:19:24.987,67525,2.754,2.664,0.236,0.000,0.000,onTarget,noEvent
6382,11,14,rld,15:19:25.038,67526,2.826,2.664,0.210,0.000,-0.200,onTarget,noEvent
6382,11,14,rld,15:19:25.093,67527,2.871,2.664,0.202,0.000,0.000,onTarget,noEvent
6382,11,14,rld,15:19:25.140,67528,2.929,2.664,0.199,0.000,0.000,onTarget,noEvent
6382,11,14,rld,15:19:25.201,67529,2.978,2.664,0.198,0.000,0.000,onTarget,noEvent
6382,11,14,rld,15:19:25.251,67530,3.034,2.664,0.198,0.000,0.000,onTarget,noEvent
6382,11,14,rld,15:19:25.293,67531,3.082,2.664,0.198,0.000,0.000,onTarget,noEvent
6382,11,14,rld,15:19:25.360,67532,3.147,2.652,0.198,-0.100,0.000,onTarget,noEvent
6382,11,14,rld,15:19:25.421,67533,3.204,2.647,0.198,0.000,0.000,onTarget,noEvent
6382,11,14,rld,15:19:25.474,67534,3.255,2.646,0.198,0.000,0.000,onTarget,noEvent
6382,11,14,rld,15:19:25.529,67535,3.304,2.646,0.198,0.000,0.000,onTarget,noEvent
6382,11,14,rld,15:19:25.574,67536,3.354,2.646,0.198,0.000,0.000,onTarget,noEvent
6382,11,14,rld,15:19:25.639,67537,3.415,2.645,0.198,0.000,0.000,onTarget,noEvent
6382,11,14,rld,15:19:25.694,67538,3.477,2.645,0.198,0.000,0.000,onTarget,noEvent
6382,11,14,rld,15:19:25.825,67539,3.606,2.621,0.279,-0.200,0.700,onTarget,noEvent
6382,11,14,rld,15:19:25.888,67540,3.653,2.613,0.306,0.000,0.000,onTarget,noEvent
6382,11,14,rld,15:19:25.940,67541,3.725,2.611,0.315,0.000,0.000,onTarget,targetClick
6382,11,15,rld,15:19:29.421,67598,3.797,0.101,0.187,0.000,0.000,waitingForTarget,middleTargetClick
6382,11,15,rld,15:19:29.478,67599,3.847,0.101,0.187,0.000,0.000,waitingForTarget,noEvent
6382,11,15,rld,15:19:29.530,67600,3.905,0.101,0.187,0.000,0.000,waitingForTarget,noEvent
6382,11,15,rld,15:19:29.564,67601,3.947,0.101,0.187,0.000,0.000,waitingForTarget,noEvent
6382,11,15,rld,15:19:29.615,67602,4.000,0.101,0.187,0.000,0.000,waitingForTarget,noEvent
6382,11,15,rld,15:19:29.879,67608,0.041,0.101,0.187,0.000,0.000,activeTracking,targetAppeared
6382,11,15,rld,15:19:29.922,67609,0.082,0.101,0.187,0.000,0.000,activeTracking,noEvent
6382,11,15,rld,15:19:29.972,67610,0.128,0.101,0.187,0.000,0.000,activeTracking,noEvent
6382,11,15,rld,15:19:29.997,67611,0.161,0.101,0.187,0.000,0.000,activeTracking,noEvent
6382,11,15,rld,15:19:30.043,67612,0.207,0.101,0.187,0.000,0.000,activeTracking,noEvent
6382,11,15,rld,15:19:30.084,67613,0.249,0.101,0.187,0.000,0.000,activeTracking,noEvent
6382,11,15,rld,15:19:30.128,67614,0.289,0.101,0.187,0.000,0.000,activeTracking,noEvent
6382,11,15,rld,15:19:30.179,67615,0.338,0.101,0.187,0.000,0.000,activeTracking,noEvent
6382,11,15,rld,15:19:30.225,67616,0.388,0.101,0.187,0.000,0.000,activeTracking,noEvent
6382,11,15,rld,15:19:30.274,67617,0.438,0.101,0.187,0.000,0.000,activeTracking,noEvent
6382,11,15,rld,15:19:30.426,67618,0.562,0.281,0.165,1.600,-0.200,activeTracking,noEvent
6382,11,15,rld,15:19:30.590,67619,0.738,1.248,0.034,8.000,-1.100,activeTracking,noEvent
6382,11,15,rld,15:19:30.708,67620,0.841,1.982,-0.009,3.500,0.000,activeTracking,noEvent
6382,11,15,rld,15:19:30.784,67621,0.930,2.350,-0.023,1.000,0.000,onTarget,noEvent
6382,11,15,rld,15:19:30.893,67622,1.023,2.535,-0.028,0.500,0.000,onTarget,noEvent
6382,11,15,rld,15:19:30.979,67623,1.134,2.766,-0.017,1.400,0.100,onTarget,noEvent
6382,11,15,rld,15:19:31.053,67624,1.196,2.868,-0.014,0.200,0.000,onTarget,noEvent
6382,11,15,rld,15:19:31.111,67625,1.261,2.915,-0.001,0.100,0.100,onTarget,noEvent
6382,11,15,rld,15:19:31.163,67626,1.320,2.930,0.015,0.000,0.100,onTarget,noEvent
6382,11,15,rld,15:19:31.254,67627,1.398,2.948,0.068,0.100,0.400,onTarget,noEvent
6382,11,15,rld,15:19:31.302,67628,1.462,2.978,0.109,0.200,0.200,onTarget,noEvent
6382,11,15,rld,15:19:31.353,67629,1.511,2.988,0.135,0.000,0.100,onTarget,noEvent
6382,11,15,rld,15:19:31.421,67630,1.578,2.992,0.155,0.000,0.100,onTarget,noEvent
6382,11,15,rld,15:19:31.523,67631,1.645,2.956,0.161,-0.300,0.000,onTarget,noEvent
6382,11,15,rld,15:19:31.612,67632,1.767,2.821,0.163,-1.000,0.000,onTarget,noEvent
6382,11,15,rld,15:19:31.696,67633,1.840,2.716,0.151,-0.500,-0.100,onTarget,noEvent
6382,11,15,rld,15:19:31.757,67634,1.917,2.657,0.112,-0.200,-0.300,onTarget,noEvent
6382,11,15,rld,15:19:31.830,67635,1.991,2.625,0.052,-0.100,-0.400,onTarget,noEvent
6382,11,15,rld,15:19:31.889,67636,2.047,2.614,0.009,0.000,-0.200,onTarget,noEvent
6382,11,15,rld,15:19:31.963,67637,2.113,2.611,-0.029,0.000,-0.200,onTarget,noEvent
6382,11,15,rld,15:19:32.009,67638,2.168,2.610,-0.053,0.000,-0.100,onTarget,noEvent
6382,11,15,rld,15:19:32.055,67639,2.218,2.609,-0.061,0.000,0.000,onTarget,noEvent
6382,11,15,rld,15:19:32.112,67640,2.267,2.609,-0.064,0.000,0.000,onTarget,noEvent
6382,11,15,rld,15:19:32.152,67641,2.310,2.609,-0.065,0.000,0.000,onTarget,noEvent
6382,11,15,rld,15:19:32.212,67642,2.359,2.609,-0.065,0.000,0.000,onTarget,noEvent
6382,11,15,rld,15:19:32.280,67643,2.440,2.621,-0.065,0.100,0.000,onTarget,noEvent
6382,11,15,rld,15:19:32.334,67644,2.487,2.625,-0.065,0.000,0.000,onTarget,noEvent
6382,11,15,rld,15:19:32.392,67645,2.552,2.639,-0.042,0.100,0.200,onTarget,noEvent
6382,11,15,rld,15:19:32.477,67646,2.616,2.667,-0.022,0.200,0.100,onTarget,noEvent
6382,11,15,rld,15:19:32.534,67647,2.685,2.701,0.008,0.200,0.200,onTarget,noEvent
6382,11,15,rld,15:19:32.604,67648,2.758,2.737,0.041,0.200,0.200,onTarget,noEvent
6382,11,15,rld,15:19:32.682,67649,2.838,2.773,0.076,0.200,0.200,onTarget,noEvent
6382,11,15,rld,15:19:32.742,67650,2.905,2.797,0.088,0.100,0.000,onTarget,noEvent
6382,11,15,rld,15:19:32.777,67651,2.938,2.805,0.091,0.000,0.000,onTarget,noEvent
6382,11,15,rld,15:19:32.854,67652,3.010,2.808,0.093,0.000,0.000,onTarget,noEvent
6382,11,15,rld,15:19:32.912,67653,3.075,2.809,0.093,0.000,0.000,onTarget,noEvent
6382,11,15,rld,15:19:32.946,67654,3.110,2.809,0.093,0.000,0.000,onTarget,noEvent
6382,11,15,rld,15:19:33.003,67655,3.157,2.809,0.093,0.000,0.000,onTarget,noEvent
6382,11,15,rld,15:19:33.063,67656,3.226,2.809,0.093,0.000,0.000,onTarget,noEvent
6382,11,15,rld,15:19:33.139,67657,3.301,2.809,0.093,0.000,0.000,onTarget,targetClick
6382,11,16,rld,15:19:35.945,67699,3.361,0.118,0.070,0.000,0.000,waitingForTarget,middleTargetClick
6382,11,16,rld,15:19:35.994,67700,3.422,0.118,0.069,0.000,0.000,waitingForTarget,noEvent
6382,11,16,rld,15:19:36.042,67701,3.468,0.118,0.069,0.000,0.000,waitingForTarget,noEvent
6382,11,16,rld,15:19:36.102,67702,3.517,0.118,0.069,0.000,0.000,waitingForTarget,noEvent
6382,11,16,rld,15:19:36.133,67703,3.563,0.118,0.069,0.000,0.000,waitingForTarget,noEvent
6382,11,16,rld,15:19:36.187,67704,3.609,0.118,0.069,0.000,0.000,waitingForTarget,noEvent
6382,11,16,rld,15:19:36.214,67705,3.640,0.118,0.069,0.000,0.000,waitingForTarget,noEvent
6382,11,16,rld,15:19:36.270,67706,3.683,0.118,0.069,0.000,0.000,waitingForTarget,noEvent
6382,11,16,rld,15:19:36.312,67707,3.725,0.118,0.069,0.000,0.000,waitingForTarget,noEvent
6382,11,16,rld,15:19:36.352,67708,3.770,0.118,0.069,0.000,0.000,waitingForTarget,noEvent
6382,11,16,rld,15:19:36.389,67709,0.046,0.118,0.069,0.000,0.000,activeTracking,targetAppeared
6382,11,16,rld,15:19:36.434,67710,0.085,0.118,0.069,0.000,0.000,activeTracking,noEvent
6382,11,16,rld,15:19:36.481,67711,0.132,0.118,0.069,0.000,0.000,activeTracking,noEvent
6382,11,16,rld,15:19:36.516,67712,0.172,0.118,0.069,0.000,0.000,activeTracking,noEvent
6382,11,16,rld,15:19:36.552,67713,0.201,0.118,0.069,0.000,0.000,activeTracking,noEvent
6382,11,16,rld,15:19:36.593,67714,0.247,0.118,0.069,0.000,0.000,activeTracking,noEvent
6382,11,16,rld,15:19:36.642,67715,0.299,0.118,0.069,0.000,0.000,activeTracking,noEvent
6382,11,16,rld,15:19:36.677,67716,0.332,0.118,0.069,0.000,0.000,activeTracking,noEvent
6382,11,16,rld,15:19:36.717,67717,0.371,0.118,0.069,0.000,0.000,activeTracking,noEvent
6382,11,16,rld,15:19:36.755,67718,0.412,0.118,0.069,0.000,0.000,activeTracking,noEvent
6382,11,16,rld,15:19:36.825,67719,0.475,0.118,0.069,0.000,0.000,activeTracking,noEvent
6382,11,16,rld,15:19:36.872,67720,0.523,0.118,0.069,0.000,0.000,activeTracking,noEvent
6382,11,16,rld,15:19:37.107,67721,0.738,1.056,0.047,8.300,-0.200,activeTracking,noEvent
6382,11,16,rld,15:19:37.235,67722,0.878,2.282,0.124,7.800,0.700,activeTracking,noEvent
6382,11,16,rld,15:19:37.287,67723,0.944,2.778,0.151,0.600,0.000,onTarget,noEvent
6382,11,16,rld,15:19:37.335,67724,0.989,2.958,0.161,0.100,0.000,onTarget,noEvent
6382,11,16,rld,15:19:37.403,67725,1.057,3.056,0.164,0.300,0.000,activeTracking,noEvent
6382,11,16,rld,15:19:37.524,67726,1.114,3.101,0.165,0.100,0.000,activeTracking,noEvent
6382,11,16,rld,15:19:37.578,67727,1.227,3.266,0.191,1.200,0.200,activeTracking,noEvent
6382,11,16,rld,15:19:37.624,67728,1.273,3.333,0.200,0.100,0.000,activeTracking,noEvent
6382,11,16,rld,15:19:37.694,67729,1.345,3.356,0.202,0.000,0.000,activeTracking,noEvent
6382,11,16,rld,15:19:37.753,67730,1.404,3.351,0.203,-0.100,0.000,activeTracking,noEvent
6382,11,16,rld,15:19:37.829,67731,1.487,3.299,0.179,-0.400,-0.200,activeTracking,noEvent
6382,11,16,rld,15:19:37.914,67732,1.562,3.219,0.135,-0.500,-0.300,activeTracking,noEvent
6382,11,16,rld,15:19:38.005,67733,1.651,3.106,0.096,-0.700,-0.200,activeTracking,noEvent
6382,11,16,rld,15:19:38.097,67734,1.731,3.006,0.071,-0.500,-0.100,onTarget,noEvent
6382,11,16,rld,15:19:38.139,67735,1.794,2.936,0.051,-0.300,-0.100,onTarget,noEvent
6382,11,16,rld,15:19:38.220,67736,1.874,2.888,0.044,-0.200,0.000,onTarget,noEvent
6382,11,16,rld,15:19:38.289,67737,1.934,2.860,0.042,-0.100,0.000,onTarget,noEvent
6382,11,16,rld,15:19:38.337,67738,1.985,2.851,0.041,0.000,0.000,onTarget,noEvent
6382,11,16,rld,15:19:38.375,67739,2.033,2.848,0.041,0.000,0.000,onTarget,noEvent
6382,11,16,rld,15:19:38.442,67740,2.088,2.847,0.041,0.000,0.000,onTarget,noEvent
6382,11,16,rld,15:19:38.492,67741,2.150,2.846,0.041,0.000,0.000,onTarget,noEvent
6382,11,16,rld,15:19:38.553,67742,2.205,2.846,0.041,0.000,0.000,onTarget,noEvent
6382,11,16,rld,15:19:38.609,67743,2.267,2.846,0.052,0.000,0.100,onTarget,noEvent
6382,11,16,rld,15:19:38.674,67744,2.328,2.858,0.056,0.100,0.000,onTarget,noEvent
6382,11,16,rld,15:19:38.747,67745,2.390,2.862,0.058,0.000,0.000,onTarget,targetClick
6382,11,17,rld,15:19:41.484,67793,2.457,0.169,0.288,0.000,0.000,waitingForTarget,middleTargetClick
6382,11,17,rld,15:19:41.524,67794,2.511,0.169,0.288,0.000,0.000,waitingForTarget,noEvent
6382,11,17,rld,15:19:41.586,67795,2.559,0.169,0.288,0.000,0.000,waitingForTarget,noEvent
6382,11,17,rld,15:19:41.628,67796,2.615,0.169,0.288,0.000,0.000,waitingForTarget,noEvent
6382,11,17,rld,15:19:41.671,67797,2.659,0.169,0.288,0.000,0.000,waitingForTarget,noEvent
6382,11,17,rld,15:19:41.725,67798,2.710,0.169,0.288,0.000,0.000,waitingForTarget,noEvent
6382,11,17,rld,15:19:41.783,67799,2.761,0.169,0.288,0.000,0.000,waitingForTarget,noEvent
6382,11,17,rld,15:19:41.832,67800,2.813,0.169,0.288,0.000,0.000,waitingForTarget,noEvent
6382,11,17,rld,15:19:41.870,67801,2.849,0.169,0.288,0.000,0.000,waitingForTarget,noEvent
6382,11,17,rld,15:19:41.895,67802,2.874,0.169,0.288,0.000,0.000,waitingForTarget,noEvent
6382,11,17,rld,15:19:41.942,67803,0.055,0.169,0.288,0.000,0.000,activeTracking,targetAppeared
6382,11,17,rld,15:19:42.004,67804,0.117,0.169,0.288,0.000,0.000,activeTracking,noEvent
6382,11,17,rld,15:19:42.051,67805,0.158,0.169,0.288,0.000,0.000,activeTracking,noEvent
6382,11,17,rld,15:19:42.092,67806,0.204,0.169,0.288,0.000,0.000,activeTracking,noEvent
6382,11,17,rld,15:19:42.144,67807,0.245,0.169,0.288,0.000,0.000,activeTracking,noEvent
6382,11,17,rld,15:19:42.176,67808,0.288,0.169,0.288,0.000,0.000,activeTracking,noEvent
6382,11,17,rld,15:19:42.230,67809,0.337,0.169,0.288,0.000,0.000,activeTracking,noEvent
6382,11,17,rld,15:19:42.293,67810,0.395,0.169,0.288,0.000,0.000,activeTracking,noEvent
6382,11,17,rld,15:19:42.344,67811,0.452,0.169,0.288,0.000,0.000,activeTracking,noEvent
6382,11,17,rld,15:19:42.395,67812,0.508,0.169,0.288,0.000,0.000,activeTracking,noEvent
6382,11,17,rld,15:19:42.472,67813,0.583,0.203,0.288,0.300,0.000,activeTracking,noEvent
6382,11,17,rld,15:19:42.534,67814,0.636,0.225,0.288,0.100,0.000,activeTracking,noEvent
6382,11,17,rld,15:19:42.622,67815,0.715,0.199,0.288,-0.300,0.000,activeTracking,noEvent
6382,11,17,rld,15:19:42.777,67816,0.856,-0.711,0.425,-8.000,1.200,activeTracking,noEvent
6382,11,17,rld,15:19:42.913,67817,1.012,-1.798,0.444,-6.800,-0.300,activeTracking,noEvent
6382,11,17,rld,15:19:43.040,67818,1.138,-2.407,0.444,-2.000,-0.100,activeTracking,noEvent
6382,11,17,rld,15:19:43.104,67819,1.217,-2.674,0.433,-0.500,-0.100,activeTracking,noEvent
6382,11,17,rld,15:19:43.195,67820,1.308,-2.789,0.430,-0.200,0.000,activeTracking,noEvent
6382,11,17,rld,15:19:43.244,67821,1.349,-2.839,0.429,-0.100,0.000,activeTracking,noEvent
6382,11,17,rld,15:19:43.289,67822,1.395,-2.856,0.429,0.000,0.000,activeTracking,noEvent
6382,11,17,rld,15:19:43.354,67823,1.456,-2.862,0.417,0.000,-0.100,activeTracking,noEvent
6382,11,17,rld,15:19:43.406,67824,1.519,-2.863,0.401,0.000,-0.100,activeTracking,noEvent
6382,11,17,rld,15:19:43.450,67825,1.558,-2.864,0.396,0.000,0.000,activeTracking,noEvent
6382,11,17,rld,15:19:43.513,67826,1.622,-2.852,0.394,0.100,0.000,activeTracking,noEvent
6382,11,17,rld,15:19:43.577,67827,1.687,-2.824,0.393,0.200,0.000,activeTracking,noEvent
6382,11,17,rld,15:19:43.675,67828,1.786,-2.741,0.368,0.600,-0.200,activeTracking,noEvent
6382,11,17,rld,15:19:43.734,67829,1.836,-2.689,0.348,0.200,-0.100,onTarget,noEvent
6382,11,17,rld,15:19:43.810,67830,1.918,-2.648,0.318,0.200,-0.200,onTarget,noEvent
6382,11,17,rld,15:19:43.909,67831,2.006,-2.622,0.284,0.100,-0.200,onTarget,noEvent
6382,11,17,rld,15:19:43.953,67832,2.060,-2.613,0.250,0.000,-0.200,onTarget,noEvent
6382,11,17,rld,15:19:44.009,67833,2.116,-2.611,0.226,0.000,-0.100,onTarget,noEvent
6382,11,17,rld,15:19:44.075,67834,2.178,-2.610,0.195,0.000,-0.200,onTarget,noEvent
6382,11,17,rld,15:19:44.122,67835,2.227,-2.609,0.173,0.000,-0.100,onTarget,noEvent
6382,11,17,rld,15:19:44.173,67836,2.285,-2.609,0.154,0.000,-0.100,onTarget,noEvent
6382,11,17,rld,15:19:44.228,67837,2.341,-2.621,0.148,-0.100,0.000,onTarget,noEvent
6382,11,17,rld,15:19:44.296,67838,2.399,-2.637,0.134,-0.100,-0.100,onTarget,noEvent
6382,11,17,rld,15:19:44.342,67839,2.444,-2.643,0.130,0.000,0.000,onTarget,noEvent
6382,11,17,rld,15:19:44.378,67840,2.490,-2.644,0.117,0.000,-0.100,onTarget,noEvent
6382,11,17,rld,15:19:44.450,67841,2.549,-2.657,0.112,-0.100,0.000,onTarget,noEvent
6382,11,17,rld,15:19:44.510,67842,2.618,-2.674,0.111,-0.100,0.000,onTarget,noEvent
6382,11,17,rld,15:19:44.609,67843,2.708,-2.703,0.181,-0.200,0.600,onTarget,noEvent
6382,11,17,rld,15:19:44.662,67844,2.757,-2.713,0.204,0.000,0.000,onTarget,noEvent
6382,11,17,rld,15:19:44.711,67845,2.819,-2.716,0.212,0.000,0.000,onTarget,noEvent
6382,11,17,rld,15:19:44.776,67846,2.875,-2.718,0.214,0.000,0.000,onTarget,targetClick
6382,11,18,rld,15:19:48.642,67916,2.940,-0.135,0.103,0.000,0.000,waitingForTarget,middleTargetClick
6382,11,18,rld,15:19:48.705,67917,3.009,-0.135,0.103,0.000,0.000,waitingForTarget,noEvent
6382,11,18,rld,15:19:48.762,67918,3.060,-0.135,0.103,0.000,0.000,waitingForTarget,noEvent
6382,11,18,rld,15:19:48.827,67919,3.121,-0.135,0.103,0.000,0.000,waitingForTarget,noEvent
6382,11,18,rld,15:19:48.880,67920,3.194,-0.135,0.103,0.000,0.000,waitingForTarget,noEvent
6382,11,18,rld,15:19:48.913,67921,3.225,-0.135,0.103,0.000,0.000,waitingForTarget,noEvent
6382,11,18,rld,15:19:48.961,67922,3.258,-0.135,0.103,0.000,0.000,waitingForTarget,noEvent
6382,11,18,rld,15:19:49.006,67923,3.311,-0.135,0.103,0.000,0.000,waitingForTarget,noEvent
6382,11,18,rld,15:19:49.046,67924,3.352,-0.135,0.103,0.000,0.000,waitingForTarget,noEvent
6382,11,18,rld,15:19:49.095,67925,0.046,-0.135,0.103,0.000,0.000,activeTracking,targetAppeared
6382,11,18,rld,15:19:49.141,67926,0.088,-0.135,0.103,0.000,0.000,activeTracking,noEvent
6382,11,18,rld,15:19:49.183,67927,0.133,-0.135,0.103,0.000,0.000,activeTracking,noEvent
6382,11,18,rld,15:19:49.221,67928,0.182,-0.135,0.103,0.000,0.000,activeTracking,noEvent
6382,11,18,rld,15:19:49.257,67929,0.219,-0.135,0.103,0.000,0.000,activeTracking,noEvent
6382,11,18,rld,15:19:49.304,67930,0.260,-0.135,0.103,0.000,0.000,activeTracking,noEvent
6382,11,18,rld,15:19:49.339,67931,0.293,-0.135,0.103,0.000,0.000,activeTracking,noEvent
6382,11,18,rld,15:19:49.373,67932,0.327,-0.135,0.103,0.000,0.000,activeTracking,noEvent
6382,11,18,rld,15:19:49.425,67933,0.387,-0.135,0.103,0.000,0.000,activeTracking,noEvent
6382,11,18,rld,15:19:49.473,67934,0.426,-0.135,0.103,0.000,0.000,activeTracking,noEvent
6382,11,18,rld,15:19:49.513,67935,0.473,-0.135,0.103,0.000,0.000,activeTracking,noEvent
6382,11,18,rld,15:19:49.561,67936,0.516,-0.135,0.103,0.000,0.000,activeTracking,noEvent
6382,11,18,rld,15:19:49.605,67937,0.564,-0.135,0.103,0.000,0.000,activeTracking,noEvent
6382,11,18,rld,15:19:49.637,67938,0.599,-0.135,0.103,0.000,0.000,activeTracking,noEvent
6382,11,18,rld,15:19:49.675,67939,0.633,-0.135,0.103,0.000,0.000,activeTracking,noEvent
6382,11,18,rld,15:19:49.705,67940,0.667,-0.135,0.103,0.000,0.000,activeTracking,noEvent
6382,11,18,rld,15:19:49.741,67941,0.703,-0.135,0.103,0.000,0.000,activeTracking,noEvent
6382,11,18,rld,15:19:49.800,67942,0.757,-0.135,0.103,0.000,0.000,activeTracking,noEvent
6382,11,18,rld,15:19:49.861,67943,0.815,-0.135,0.103,0.000,0.000,activeTracking,noEvent
6382,11,18,rld,15:19:49.905,67944,0.867,-0.135,0.103,0.000,0.000,activeTracking,noEvent
6382,11,18,rld,15:19:50.163,67945,1.105,-1.462,0.390,-11.700,2.500,activeTracking,noEvent
6382,11,18,rld,15:19:50.283,67946,1.240,-2.304,0.506,-3.300,0.100,activeTracking,noEvent
6382,11,18,rld,15:19:50.341,67947,1.292,-2.676,0.548,-0.700,0.000,activeTracking,noEvent
6382,11,18,rld,15:19:50.419,67948,1.358,-2.826,0.551,-0.200,-0.100,activeTracking,noEvent
6382,11,18,rld,15:19:50.527,67949,1.473,-3.085,0.521,-1.700,-0.300,activeTracking,noEvent
6382,11,18,rld,15:19:50.598,67950,1.549,-3.235,0.512,-0.500,0.000,activeTracking,noEvent
6382,11,18,rld,15:19:50.641,67951,1.601,-3.298,0.509,-0.100,0.000,activeTracking,noEvent
6382,11,18,rld,15:19:50.693,67952,1.642,-3.319,0.508,0.000,0.000,activeTracking,noEvent
6382,11,18,rld,15:19:50.810,67953,1.708,-3.314,0.496,0.100,-0.100,activeTracking,noEvent
6382,11,18,rld,15:19:50.932,67954,1.871,-3.124,0.405,1.500,-0.700,activeTracking,noEvent
6382,11,18,rld,15:19:51.005,67955,1.966,-3.024,0.327,0.300,-0.400,activeTracking,noEvent
6382,11,18,rld,15:19:51.083,67956,2.034,-2.967,0.278,0.200,-0.200,activeTracking,noEvent
6382,11,18,rld,15:19:51.138,67957,2.100,-2.948,0.238,0.000,-0.200,onTarget,noEvent
6382,11,18,rld,15:19:51.189,67958,2.147,-2.941,0.213,0.000,-0.100,onTarget,noEvent
6382,11,18,rld,15:19:51.243,67959,2.203,-2.939,0.192,0.000,-0.100,onTarget,noEvent
6382,11,18,rld,15:19:51.307,67960,2.260,-2.926,0.162,0.100,-0.200,onTarget,noEvent
6382,11,18,rld,15:19:51.365,67961,2.321,-2.909,0.128,0.100,-0.200,onTarget,noEvent
6382,11,18,rld,15:19:51.439,67962,2.400,-2.904,0.094,0.000,-0.200,onTarget,noEvent
6382,11,18,rld,15:19:51.505,67963,2.452,-2.902,0.059,0.000,-0.200,onTarget,noEvent
6382,11,18,rld,15:19:51.552,67964,2.515,-2.901,0.035,0.000,-0.100,onTarget,noEvent
6382,11,18,rld,15:19:51.584,67965,2.543,-2.901,0.027,0.000,0.000,onTarget,noEvent
6382,11,18,rld,15:19:51.622,67966,2.583,-2.901,0.025,0.000,0.000,onTarget,noEvent
6382,11,18,rld,15:19:51.697,67967,2.649,-2.889,0.024,0.100,0.000,onTarget,noEvent
6382,11,18,rld,15:19:51.803,67968,2.736,-2.873,0.023,0.100,0.000,onTarget,noEvent
6382,11,18,rld,15:19:51.854,67969,2.816,-2.843,0.035,0.200,0.100,onTarget,noEvent
6382,11,18,rld,15:19:51.924,67970,2.881,-2.808,0.062,0.200,0.200,onTarget,noEvent
6382,11,18,rld,15:19:52.005,67971,2.958,-2.748,0.106,0.400,0.300,onTarget,noEvent
6382,11,18,rld,15:19:52.070,67972,3.027,-2.704,0.144,0.200,0.200,onTarget,noEvent
6382,11,18,rld,15:19:52.139,67973,3.100,-2.677,0.180,0.100,0.200,onTarget,noEvent
6382,11,18,rld,15:19:52.218,67974,3.179,-2.716,0.262,-0.400,0.600,onTarget,noEvent
6382,11,18,rld,15:19:52.281,67975,3.236,-2.730,0.290,0.000,0.000,onTarget,noEvent
6382,11,18,rld,15:19:52.317,67976,3.279,-2.734,0.299,0.000,0.000,onTarget,noEvent
6382,11,18,rld,15:19:52.369,67977,3.326,-2.736,0.302,0.000,0.000,onTarget,noEvent
6382,11,18,rld,15:19:52.441,67978,3.392,-2.736,0.303,0.000,0.000,onTarget,targetClick
6382,11,19,rld,15:19:56.684,68044,3.460,-0.050,-0.001,0.000,0.000,waitingForTarget,middleTargetClick
6382,11,19,rld,15:19:56.723,68045,3.512,-0.051,0.001,0.000,0.000,waitingForTarget,noEvent
6382,11,19,rld,15:19:56.794,68046,3.564,-0.051,0.001,0.000,0.000,waitingForTarget,noEvent
6382,11,19,rld,15:19:56.835,68047,3.624,-0.051,0.001,0.000,0.000,waitingForTarget,noEvent
6382,11,19,rld,15:19:56.879,68048,3.665,-0.051,0.001,0.000,0.000,waitingForTarget,noEvent
6382,11,19,rld,15:19:56.911,68049,3.695,-0.051,0.001,0.000,0.000,waitingForTarget,noEvent
6382,11,19,rld,15:19:56.950,68050,3.734,-0.051,0.001,0.000,0.000,waitingForTarget,noEvent
6382,11,19,rld,15:19:56.994,68051,3.780,-0.051,0.001,0.000,0.000,waitingForTarget,noEvent
6382,11,19,rld,15:19:57.026,68052,3.815,-0.051,0.001,0.000,0.000,waitingForTarget,noEvent
6382,11,19,rld,15:19:57.063,68053,3.851,-0.051,0.001,0.000,0.000,waitingForTarget,noEvent
6382,11,19,rld,15:19:57.102,68054,3.887,-0.051,0.001,0.000,0.000,waitingForTarget,noEvent
6382,11,19,rld,15:19:57.141,68055,0.041,-0.051,0.001,0.000,0.000,activeTracking,targetAppeared
6382,11,19,rld,15:19:57.186,68056,0.083,-0.051,0.001,0.000,0.000,activeTracking,noEvent
6382,11,19,rld,15:19:57.234,68057,0.129,-0.051,0.001,0.000,0.000,activeTracking,noEvent
6382,11,19,rld,15:19:57.273,68058,0.175,-0.051,0.001,0.000,0.000,activeTracking,noEvent
6382,11,19,rld,15:19:57.333,68059,0.235,-0.051,0.001,0.000,0.000,activeTracking,noEvent
6382,11,19,rld,15:19:57.379,68060,0.274,-0.051,0.001,0.000,0.000,activeTracking,noEvent
6382,11,19,rld,15:19:57.415,68061,0.314,-0.051,0.001,0.000,0.000,activeTracking,noEvent
6382,11,19,rld,15:19:57.452,68062,0.349,-0.051,0.001,0.000,0.000,activeTracking,noEvent
6382,11,19,rld,15:19:57.516,68063,0.418,-0.051,0.001,0.000,0.000,activeTracking,noEvent
6382,11,19,rld,15:19:57.553,68064,0.448,-0.051,0.001,0.000,0.000,activeTracking,noEvent
6382,11,19,rld,15:19:57.593,68065,0.494,-0.051,0.001,0.000,0.000,activeTracking,noEvent
6382,11,19,rld,15:19:57.660,68066,0.556,-0.051,0.001,0.000,0.000,activeTracking,noEvent
6382,11,19,rld,15:19:57.701,68067,0.600,-0.051,0.001,0.000,0.000,activeTracking,noEvent
6382,11,19,rld,15:19:57.759,68068,0.656,-0.051,0.001,0.000,0.000,activeTracking,noEvent
6382,11,19,rld,15:19:57.894,68069,0.763,0.265,0.001,2.800,0.000,activeTracking,noEvent
6382,11,19,rld,15:19:58.071,68070,0.916,1.163,0.115,7.000,1.000,activeTracking,noEvent
6382,11,19,rld,15:19:58.169,68071,1.059,2.012,0.249,4.700,0.800,activeTracking,noEvent
6382,11,19,rld,15:19:58.292,68072,1.182,2.576,0.297,2.300,0.000,onTarget,noEvent
6382,11,19,rld,15:19:58.368,68073,1.239,2.792,0.314,0.200,0.000,onTarget,noEvent
6382,11,19,rld,15:19:58.495,68074,1.377,3.062,0.299,1.600,-0.200,activeTracking,noEvent
6382,11,19,rld,15:19:58.569,68075,1.464,3.215,0.295,0.500,0.000,activeTracking,noEvent
6382,11,19,rld,15:19:58.618,68076,1.520,3.291,0.293,0.200,0.000,activeTracking,noEvent
6382,11,19,rld,15:19:58.685,68077,1.577,3.342,0.293,0.200,0.000,activeTracking,noEvent
6382,11,19,rld,15:19:58.726,68078,1.622,3.359,0.293,0.000,0.000,activeTracking,noEvent
6382,11,19,rld,15:19:58.793,68079,1.690,3.365,0.270,0.000,-0.200,activeTracking,noEvent
6382,11,19,rld,15:19:58.892,68080,1.778,3.329,0.225,-0.300,-0.300,activeTracking,noEvent
6382,11,19,rld,15:19:58.992,68081,1.890,3.204,0.138,-0.900,-0.600,activeTracking,noEvent
6382,11,19,rld,15:19:59.065,68082,1.961,3.113,0.074,-0.400,-0.300,activeTracking,noEvent
6382,11,19,rld,15:19:59.164,68083,2.046,3.033,0.017,-0.400,-0.300,onTarget,noEvent
6382,11,19,rld,15:19:59.218,68084,2.117,2.970,-0.014,-0.300,-0.100,onTarget,noEvent
6382,11,19,rld,15:19:59.279,68085,2.173,2.936,-0.024,-0.100,0.000,onTarget,noEvent
6382,11,19,rld,15:19:59.332,68086,2.231,2.901,-0.028,-0.200,0.000,onTarget,noEvent
6382,11,19,rld,15:19:59.398,68087,2.278,2.889,-0.029,0.000,0.000,onTarget,noEvent
6382,11,19,rld,15:19:59.445,68088,2.341,2.873,-0.029,-0.100,0.000,onTarget,noEvent
6382,11,19,rld,15:19:59.503,68089,2.395,2.867,-0.030,0.000,0.000,onTarget,noEvent
6382,11,19,rld,15:19:59.562,68090,2.464,2.853,-0.030,-0.100,0.000,onTarget,noEvent
6382,11,19,rld,15:19:59.638,68091,2.540,2.848,-0.006,0.000,0.200,onTarget,noEvent
6382,11,19,rld,15:19:59.683,68092,2.584,2.847,0.002,0.000,0.000,onTarget,noEvent
6382,11,19,rld,15:19:59.734,68093,2.633,2.846,0.016,0.000,0.100,onTarget,noEvent
6382,11,19,rld,15:19:59.826,68094,2.717,2.846,0.056,0.000,0.300,onTarget,noEvent
6382,11,19,rld,15:19:59.908,68095,2.805,2.858,0.081,0.100,0.100,onTarget,noEvent
6382,11,19,rld,15:19:59.939,68096,2.840,2.862,0.089,0.000,0.000,onTarget,noEvent
6382,11,19,rld,15:20:00.001,68097,2.896,2.864,0.092,0.000,0.000,onTarget,noEvent
6382,11,19,rld,15:20:00.066,68098,2.945,2.864,0.093,0.000,0.000,onTarget,noEvent
6382,11,19,rld,15:20:00.149,68099,3.037,2.864,0.093,0.000,0.000,onTarget,targetClick
6382,11,20,rld,15:20:03.284,68154,3.109,0.411,0.180,-0.100,0.100,waitingForTarget,middleTargetClick
6382,11,20,rld,15:20:03.344,68155,3.180,0.407,0.185,0.000,0.000,waitingForTarget,noEvent
6382,11,20,rld,15:20:03.392,68156,3.227,0.406,0.186,0.000,0.000,waitingForTarget,noEvent
6382,11,20,rld,15:20:03.444,68157,3.275,0.406,0.187,0.000,0.000,waitingForTarget,noEvent
6382,11,20,rld,15:20:03.500,68158,3.334,0.405,0.187,0.000,0.000,waitingForTarget,noEvent
6382,11,20,rld,15:20:03.559,68159,3.397,0.405,0.187,0.000,0.000,waitingForTarget,noEvent
6382,11,20,rld,15:20:03.602,68160,3.440,0.405,0.187,0.000,0.000,waitingForTarget,noEvent
6382,11,20,rld,15:20:03.653,68161,3.483,0.405,0.187,0.000,0.000,waitingForTarget,noEvent
6382,11,20,rld,15:20:03.718,68162,3.546,0.405,0.187,0.000,0.000,waitingForTarget,noEvent
6382,11,20,rld,15:20:03.784,68163,0.059,0.417,0.187,0.100,0.000,activeTracking,targetAppeared
6382,11,20,rld,15:20:03.859,68164,0.152,0.443,0.187,0.200,0.000,activeTracking,noEvent
6382,11,20,rld,15:20:03.903,68165,0.195,0.452,0.187,0.000,0.000,activeTracking,noEvent
6382,11,20,rld,15:20:03.935,68166,0.226,0.455,0.187,0.000,0.000,activeTracking,noEvent
6382,11,20,rld,15:20:03.981,68167,0.268,0.456,0.187,0.000,0.000,activeTracking,noEvent
6382,11,20,rld,15:20:04.035,68168,0.316,0.456,0.187,0.000,0.000,activeTracking,noEvent
6382,11,20,rld,15:20:04.083,68169,0.369,0.456,0.187,0.000,0.000,activeTracking,noEvent
6382,11,20,rld,15:20:04.127,68170,0.408,0.456,0.187,0.000,0.000,activeTracking,noEvent
6382,11,20,rld,15:20:04.172,68171,0.460,0.456,0.187,0.000,0.000,activeTracking,noEvent
6382,11,20,rld,15:20:04.210,68172,0.495,0.456,0.187,0.000,0.000,activeTracking,noEvent
6382,11,20,rld,15:20:04.251,68173,0.540,0.456,0.187,0.000,0.000,activeTracking,noEvent
6382,11,20,rld,15:20:04.295,68174,0.583,0.456,0.187,0.000,0.000,activeTracking,noEvent
6382,11,20,rld,15:20:04.338,68175,0.631,0.456,0.187,0.000,0.000,activeTracking,noEvent
6382,11,20,rld,15:20:04.412,68176,0.700,0.456,0.187,0.000,0.000,activeTracking,noEvent
6382,11,20,rld,15:20:04.534,68177,0.816,0.501,0.187,0.400,0.000,activeTracking,noEvent
6382,11,20,rld,15:20:04.669,68178,0.935,1.243,0.189,6.400,0.000,activeTracking,noEvent
6382,11,20,rld,15:20:04.755,68179,1.036,1.585,0.191,0.800,0.000,activeTracking,noEvent
6382,11,20,rld,15:20:04.854,68180,1.128,1.956,0.193,2.200,0.000,activeTracking,noEvent
6382,11,20,rld,15:20:05.039,68181,1.298,2.318,0.195,2.000,0.000,activeTracking,noEvent
6382,11,20,rld,15:20:05.125,68182,1.404,2.680,0.186,2.000,-0.100,onTarget,noEvent
6382,11,20,rld,15:20:05.216,68183,1.497,2.913,0.172,0.900,-0.100,onTarget,noEvent
6382,11,20,rld,15:20:05.271,68184,1.554,2.991,0.156,0.000,-0.100,onTarget,noEvent
6382,11,20,rld,15:20:05.309,68185,1.601,3.017,0.150,0.000,0.000,onTarget,noEvent
6382,11,20,rld,15:20:05.348,68186,1.637,3.026,0.149,0.000,0.000,onTarget,noEvent
6382,11,20,rld,15:20:05.404,68187,1.681,3.029,0.148,0.000,0.000,onTarget,noEvent
6382,11,20,rld,15:20:05.454,68188,1.737,3.030,0.148,0.000,0.000,onTarget,noEvent
6382,11,20,rld,15:20:05.522,68189,1.814,3.030,0.148,0.000,0.000,onTarget,noEvent
6382,11,20,rld,15:20:05.561,68190,1.854,3.030,0.148,0.000,0.000,onTarget,noEvent
6382,11,20,rld,15:20:05.638,68191,1.929,3.030,0.136,0.000,-0.100,onTarget,noEvent
6382,11,20,rld,15:20:05.733,68192,2.023,3.006,0.096,-0.200,-0.300,onTarget,noEvent
6382,11,20,rld,15:20:05.859,68193,2.129,2.924,0.048,-0.600,-0.300,onTarget,noEvent
6382,11,20,rld,15:20:05.912,68194,2.205,2.835,0.031,-0.500,0.000,onTarget,noEvent
6382,11,20,rld,15:20:05.974,68195,2.262,2.781,0.026,-0.200,0.000,onTarget,noEvent
6382,11,20,rld,15:20:06.027,68196,2.318,2.751,0.024,-0.100,0.000,onTarget,noEvent
6382,11,20,rld,15:20:06.074,68197,2.366,2.741,0.023,0.000,0.000,onTarget,noEvent
6382,11,20,rld,15:20:06.129,68198,2.403,2.738,0.023,0.000,0.000,onTarget,noEvent
6382,11,20,rld,15:20:06.195,68199,2.485,2.761,0.023,0.200,0.000,onTarget,noEvent
6382,11,20,rld,15:20:06.240,68200,2.532,2.769,0.023,0.000,0.000,onTarget,noEvent
6382,11,20,rld,15:20:06.279,68201,2.570,2.772,0.023,0.000,0.000,onTarget,noEvent
6382,11,20,rld,15:20:06.335,68202,2.624,2.772,0.023,0.000,0.000,onTarget,noEvent
6382,11,20,rld,15:20:06.405,68203,2.689,2.773,0.023,0.000,0.000,onTarget,targetClick
6382,11,21,rld,15:20:08.702,68240,2.767,-0.017,-0.151,0.000,0.000,waitingForTarget,middleTargetClick
6382,11,21,rld,15:20:08.743,68241,2.816,-0.017,-0.151,0.000,0.000,waitingForTarget,noEvent
6382,11,21,rld,15:20:08.809,68242,2.876,-0.017,-0.151,0.000,0.000,waitingForTarget,noEvent
6382,11,21,rld,15:20:08.851,68243,2.924,-0.017,-0.151,0.000,0.000,waitingForTarget,noEvent
6382,11,21,rld,15:20:08.874,68244,2.947,-0.017,-0.151,0.000,0.000,waitingForTarget,noEvent
6382,11,21,rld,15:20:08.933,68245,2.991,-0.017,-0.151,0.000,0.000,waitingForTarget,noEvent
6382,11,21,rld,15:20:08.971,68246,3.030,-0.017,-0.151,0.000,0.000,waitingForTarget,noEvent
6382,11,21,rld,15:20:09.052,68247,3.119,-0.017,-0.151,0.000,0.000,waitingForTarget,noEvent
6382,11,21,rld,15:20:09.105,68248,3.167,-0.017,-0.151,0.000,0.000,waitingForTarget,noEvent
6382,11,21,rld,15:20:09.154,68249,3.215,-0.017,-0.151,0.000,0.000,waitingForTarget,noEvent
6382,11,21,rld,15:20:09.208,68250,0.055,-0.017,-0.151,0.000,0.000,activeTracking,targetAppeared
6382,11,21,rld,15:20:09.251,68251,0.103,-0.017,-0.151,0.000,0.000,activeTracking,noEvent
6382,11,21,rld,15:20:09.294,68252,0.144,-0.017,-0.151,0.000,0.000,activeTracking,noEvent
6382,11,21,rld,15:20:09.334,68253,0.193,-0.017,-0.151,0.000,0.000,activeTracking,noEvent
6382,11,21,rld,15:20:09.373,68254,0.231,-0.017,-0.151,0.000,0.000,activeTracking,noEvent
6382,11,21,rld,15:20:09.425,68255,0.272,-0.017,-0.151,0.000,0.000,activeTracking,noEvent
6382,11,21,rld,15:20:09.453,68256,0.312,-0.017,-0.151,0.000,0.000,activeTracking,noEvent
6382,11,21,rld,15:20:09.504,68257,0.352,-0.017,-0.151,0.000,0.000,activeTracking,noEvent
6382,11,21,rld,15:20:09.565,68258,0.416,-0.017,-0.151,0.000,0.000,activeTracking,noEvent
6382,11,21,rld,15:20:09.621,68259,0.463,-0.017,-0.151,0.000,0.000,activeTracking,noEvent
6382,11,21,rld,15:20:09.682,68260,0.520,-0.017,-0.151,0.000,0.000,activeTracking,noEvent
6382,11,21,rld,15:20:09.771,68261,0.625,0.039,-0.139,0.500,0.100,activeTracking,noEvent
6382,11,21,rld,15:20:09.845,68262,0.689,0.081,-0.113,0.200,0.200,activeTracking,noEvent
6382,11,21,rld,15:20:09.985,68263,0.822,-0.254,-0.104,-3.100,0.000,activeTracking,noEvent
6382,11,21,rld,15:20:10.135,68264,0.962,-1.000,-0.022,-5.600,0.700,activeTracking,noEvent
6382,11,21,rld,15:20:10.219,68265,1.061,-1.411,0.006,-1.400,0.000,activeTracking,noEvent
6382,11,21,rld,15:20:10.274,68266,1.129,-1.595,0.015,-0.400,0.000,activeTracking,noEvent
6382,11,21,rld,15:20:10.365,68267,1.214,-1.692,0.053,-0.300,0.300,activeTracking,noEvent
6382,11,21,rld,15:20:10.452,68268,1.300,-1.747,0.077,-0.200,0.100,activeTracking,noEvent
6382,11,21,rld,15:20:10.515,68269,1.355,-1.765,0.085,0.000,0.000,activeTracking,noEvent
6382,11,21,rld,15:20:10.569,68270,1.423,-1.772,0.099,0.000,0.100,activeTracking,noEvent
6382,11,21,rld,15:20:10.615,68271,1.473,-1.774,0.104,0.000,0.000,activeTracking,noEvent
6382,11,21,rld,15:20:10.689,68272,1.522,-1.774,0.105,0.000,0.000,activeTracking,noEvent
6382,11,21,rld,15:20:10.741,68273,1.593,-1.775,0.106,0.000,0.000,activeTracking,noEvent
6382,11,21,rld,15:20:10.789,68274,1.644,-1.775,0.106,0.000,0.000,activeTracking,noEvent
6382,11,21,rld,15:20:10.847,68275,1.696,-1.775,0.106,0.000,0.000,activeTracking,noEvent
6382,11,21,rld,15:20:10.903,68276,1.753,-1.775,0.106,0.000,0.000,activeTracking,noEvent
6382,11,21,rld,15:20:10.940,68277,1.799,-1.775,0.106,0.000,0.000,activeTracking,noEvent
6382,11,21,rld,15:20:11.008,68278,1.851,-1.775,0.106,0.000,0.000,activeTracking,noEvent
6382,11,21,rld,15:20:11.072,68279,1.914,-1.775,0.106,0.000,0.000,activeTracking,noEvent
6382,11,21,rld,15:20:11.111,68280,1.965,-1.775,0.106,0.000,0.000,activeTracking,noEvent
6382,11,21,rld,15:20:11.169,68281,2.014,-1.775,0.106,0.000,0.000,activeTracking,noEvent
6382,11,21,rld,15:20:11.283,68282,2.135,-1.880,0.118,-0.900,0.100,activeTracking,noEvent
6382,11,21,rld,15:20:11.350,68283,2.199,-1.950,0.122,-0.300,0.000,activeTracking,noEvent
6382,11,21,rld,15:20:11.399,68284,2.253,-1.973,0.123,0.000,0.000,activeTracking,noEvent
6382,11,21,rld,15:20:11.457,68285,2.312,-1.981,0.124,0.000,0.000,activeTracking,noEvent
6382,11,21,rld,15:20:11.507,68286,2.363,-1.995,0.124,-0.100,0.000,activeTracking,noEvent
6382,11,21,rld,15:20:11.562,68287,2.412,-2.000,0.124,0.000,0.000,activeTracking,noEvent
6382,11,21,rld,15:20:11.616,68288,2.472,-2.013,0.124,-0.100,0.000,activeTracking,noEvent
6382,11,21,rld,15:20:11.658,68289,2.514,-2.018,0.124,0.000,0.000,activeTracking,noEvent
6382,11,21,rld,15:20:11.751,68290,2.604,-2.055,0.124,-0.300,0.000,activeTracking,noEvent
6382,11,21,rld,15:20:11.849,68291,2.701,-2.149,0.125,-0.700,0.000,activeTracking,noEvent
6382,11,21,rld,15:20:11.893,68292,2.749,-2.205,0.125,-0.200,0.000,activeTracking,noEvent
6382,11,21,rld,15:20:11.961,68293,2.819,-2.247,0.125,-0.200,0.000,activeTracking,noEvent
6382,11,21,rld,15:20:12.033,68294,2.881,-2.309,0.126,-0.400,0.000,activeTracking,noEvent
6382,11,21,rld,15:20:12.119,68295,2.962,-2.401,0.149,-0.600,0.200,onTarget,noEvent
6382,11,21,rld,15:20:12.204,68296,3.049,-2.503,0.193,-0.600,0.300,onTarget,noEvent
6382,11,21,rld,15:20:12.274,68297,3.121,-2.610,0.208,-0.600,0.000,onTarget,noEvent
6382,11,21,rld,15:20:12.318,68298,3.175,-2.658,0.213,-0.100,0.000,onTarget,noEvent
6382,11,21,rld,15:20:12.364,68299,3.219,-2.674,0.215,0.000,0.000,onTarget,noEvent
6382,11,21,rld,15:20:12.415,68300,3.272,-2.679,0.203,0.000,-0.100,onTarget,noEvent
6382,11,21,rld,15:20:12.482,68301,3.334,-2.681,0.176,0.000,-0.200,onTarget,noEvent
6382,11,21,rld,15:20:12.550,68302,3.395,-2.681,0.156,0.000,-0.100,onTarget,noEvent
6382,11,21,rld,15:20:12.591,68303,3.443,-2.682,0.149,0.000,0.000,onTarget,noEvent
6382,11,21,rld,15:20:12.642,68304,3.486,-2.682,0.146,0.000,0.000,onTarget,noEvent
6382,11,21,rld,15:20:12.702,68305,3.544,-2.682,0.146,0.000,0.000,onTarget,noEvent
6382,11,21,rld,15:20:12.749,68306,3.607,-2.670,0.145,0.100,0.000,onTarget,noEvent
6382,11,21,rld,15:20:12.838,68307,3.685,-2.653,0.157,0.100,0.100,onTarget,noEvent
6382,11,21,rld,15:20:12.897,68308,3.744,-2.648,0.161,0.000,0.000,onTarget,targetClick
6382,11,22,rld,15:20:14.772,68336,3.822,0.036,-0.066,0.000,0.000,waitingForTarget,middleTargetClick
6382,11,22,rld,15:20:14.840,68337,3.886,0.034,-0.066,0.000,0.000,waitingForTarget,noEvent
6382,11,22,rld,15:20:14.894,68338,3.944,0.034,-0.066,0.000,0.000,waitingForTarget,noEvent
6382,11,22,rld,15:20:15.254,68346,0.038,0.034,-0.066,0.000,0.000,activeTracking,targetAppeared
6382,11,22,rld,15:20:15.305,68347,0.080,0.034,-0.066,0.000,0.000,activeTracking,noEvent
6382,11,22,rld,15:20:15.371,68348,0.143,0.034,-0.066,0.000,0.000,activeTracking,noEvent
6382,11,22,rld,15:20:15.426,68349,0.213,0.034,-0.066,0.000,0.000,activeTracking,noEvent
6382,11,22,rld,15:20:15.593,68350,0.358,0.473,-0.021,3.900,0.400,activeTracking,noEvent
6382,11,22,rld,15:20:15.661,68351,0.447,0.710,-0.006,0.800,0.000,activeTracking,noEvent
6382,11,22,rld,15:20:15.733,68352,0.514,0.823,-0.001,0.300,0.000,activeTracking,noEvent
6382,11,22,rld,15:20:15.833,68353,0.597,0.884,-0.010,0.200,-0.100,activeTracking,noEvent
6382,11,22,rld,15:20:15.919,68354,0.702,0.700,-0.036,-1.800,-0.200,activeTracking,noEvent
6382,11,22,rld,15:20:16.024,68355,0.794,0.515,-0.056,-1.100,-0.100,activeTracking,noEvent
6382,11,22,rld,15:20:16.223,68356,0.942,-0.042,-0.052,-4.400,0.100,activeTracking,noEvent
6382,11,22,rld,15:20:16.303,68357,1.072,-0.374,-0.050,-1.300,0.000,activeTracking,noEvent
6382,11,22,rld,15:20:16.432,68358,1.204,-0.813,0.030,-2.900,0.700,activeTracking,noEvent
6382,11,22,rld,15:20:16.495,68359,1.271,-1.085,0.068,-1.100,0.100,activeTracking,noEvent
6382,11,22,rld,15:20:16.552,68360,1.328,-1.187,0.081,-0.100,0.000,activeTracking,noEvent
6382,11,22,rld,15:20:16.633,68361,1.417,-1.256,0.085,-0.300,0.000,activeTracking,noEvent
6382,11,22,rld,15:20:16.693,68362,1.480,-1.302,0.109,-0.200,0.200,activeTracking,noEvent
6382,11,22,rld,15:20:16.764,68363,1.548,-1.340,0.118,-0.200,0.000,activeTracking,noEvent
6382,11,22,rld,15:20:16.819,68364,1.604,-1.364,0.120,-0.100,0.000,activeTracking,noEvent
6382,11,22,rld,15:20:16.886,68365,1.662,-1.395,0.121,-0.200,0.000,activeTracking,noEvent
6382,11,22,rld,15:20:16.925,68366,1.712,-1.417,0.122,-0.100,0.000,activeTracking,noEvent
6382,11,22,rld,15:20:16.974,68367,1.761,-1.424,0.122,0.000,0.000,activeTracking,noEvent
6382,11,22,rld,15:20:17.074,68368,1.854,-1.473,0.122,-0.400,0.000,activeTracking,noEvent
6382,11,22,rld,15:20:17.145,68369,1.929,-1.558,0.122,-0.600,0.000,activeTracking,noEvent
6382,11,22,rld,15:20:17.258,68370,2.010,-1.656,0.134,-0.600,0.100,activeTracking,noEvent
6382,11,22,rld,15:20:17.355,68371,2.125,-1.828,0.150,-1.200,0.100,activeTracking,noEvent
6382,11,22,rld,15:20:17.509,68372,2.273,-2.120,0.249,-2.000,0.800,activeTracking,noEvent
6382,11,22,rld,15:20:17.573,68373,2.351,-2.266,0.294,-0.400,0.100,activeTracking,noEvent
6382,11,22,rld,15:20:17.622,68374,2.402,-2.327,0.309,-0.100,0.000,activeTracking,noEvent
6382,11,22,rld,15:20:17.705,68375,2.472,-2.383,0.315,-0.300,0.000,activeTracking,noEvent
6382,11,22,rld,15:20:17.767,68376,2.547,-2.426,0.282,-0.200,-0.300,activeTracking,noEvent
6382,11,22,rld,15:20:17.857,68377,2.641,-2.440,0.202,0.000,-0.600,onTarget,noEvent
6382,11,22,rld,15:20:17.960,68378,2.732,-2.456,0.105,-0.100,-0.600,onTarget,noEvent
6382,11,22,rld,15:20:17.998,68379,2.782,-2.462,0.073,0.000,0.000,onTarget,noEvent
6382,11,22,rld,15:20:18.053,68380,2.824,-2.464,0.062,0.000,0.000,onTarget,noEvent
6382,11,22,rld,15:20:18.104,68381,2.888,-2.465,0.035,0.000,-0.200,onTarget,noEvent
6382,11,22,rld,15:20:18.169,68382,2.951,-2.465,0.015,0.000,-0.100,onTarget,noEvent
6382,11,22,rld,15:20:18.217,68383,2.998,-2.453,0.008,0.100,0.000,onTarget,noEvent
6382,11,22,rld,15:20:18.274,68384,3.057,-2.449,-0.006,0.000,-0.100,onTarget,noEvent
6382,11,22,rld,15:20:18.315,68385,3.099,-2.448,-0.011,0.000,0.000,onTarget,noEvent
6382,11,22,rld,15:20:18.359,68386,3.143,-2.447,-0.012,0.000,0.000,onTarget,noEvent
6382,11,22,rld,15:20:18.390,68387,3.176,-2.447,-0.013,0.000,0.000,onTarget,noEvent
6382,11,22,rld,15:20:18.482,68388,3.258,-2.471,-0.001,-0.200,0.100,onTarget,noEvent
6382,11,22,rld,15:20:18.534,68389,3.313,-2.491,0.003,-0.100,0.000,onTarget,noEvent
6382,11,22,rld,15:20:18.608,68390,3.392,-2.509,0.004,-0.100,0.000,onTarget,noEvent
6382,11,22,rld,15:20:18.657,68391,3.441,-2.540,0.028,-0.200,0.200,onTarget,noEvent
6382,11,22,rld,15:20:18.736,68392,3.523,-2.574,0.047,-0.200,0.100,onTarget,noEvent
6382,11,22,rld,15:20:18.780,68393,3.564,-2.585,0.054,0.000,0.000,onTarget,noEvent
6382,11,22,rld,15:20:18.858,68394,3.644,-2.589,0.068,0.000,0.100,onTarget,noEvent
6382,11,22,rld,15:20:18.920,68395,3.695,-2.602,0.096,-0.100,0.200,onTarget,noEvent
6382,11,22,rld,15:20:18.973,68396,3.751,-2.607,0.117,0.000,0.100,onTarget,noEvent
6382,11,22,rld,15:20:19.023,68397,3.800,-2.608,0.135,0.000,0.100,onTarget,noEvent
6382,11,22,rld,15:20:19.084,68398,3.863,-2.609,0.142,0.000,0.000,onTarget,noEvent
6382,11,22,rld,15:20:19.134,68399,3.922,-2.609,0.144,0.000,0.000,onTarget,noEvent
6382,11,22,rld,15:20:19.182,68400,3.967,-2.609,0.144,0.000,0.000,onTarget,noEvent
6382,11,23,rld,15:20:22.157,68448,0.048,-0.203,0.136,0.000,0.000,activeTracking,targetAppeared
6382,11,23,rld,15:20:22.210,68449,0.100,-0.203,0.136,0.000,0.000,activeTracking,noEvent
6382,11,23,rld,15:20:22.259,68450,0.138,-0.203,0.136,0.000,0.000,activeTracking,noEvent
6382,11,23,rld,15:20:22.290,68451,0.182,-0.203,0.136,0.000,0.000,activeTracking,noEvent
6382,11,23,rld,15:20:22.340,68452,0.233,-0.203,0.136,0.000,0.000,activeTracking,noEvent
6382,11,23,rld,15:20:22.372,68453,0.263,-0.203,0.136,0.000,0.000,activeTracking,noEvent
6382,11,23,rld,15:20:22.415,68454,0.306,-0.203,0.136,0.000,0.000,activeTracking,noEvent
6382,11,23,rld,15:20:22.453,68455,0.346,-0.203,0.136,0.000,0.000,activeTracking,noEvent
6382,11,23,rld,15:20:22.502,68456,0.390,-0.203,0.136,0.000,0.000,activeTracking,noEvent
6382,11,23,rld,15:20:22.552,68457,0.439,-0.203,0.136,0.000,0.000,activeTracking,noEvent
6382,11,23,rld,15:20:22.599,68458,0.487,-0.203,0.136,0.000,0.000,activeTracking,noEvent
6382,11,23,rld,15:20:22.637,68459,0.530,-0.203,0.136,0.000,0.000,activeTracking,noEvent
6382,11,23,rld,15:20:22.706,68460,0.597,-0.203,0.136,0.000,0.000,activeTracking,noEvent
6382,11,23,rld,15:20:22.752,68461,0.645,-0.203,0.136,0.000,0.000,activeTracking,noEvent
6382,11,23,rld,15:20:22.807,68462,0.699,-0.203,0.136,0.000,0.000,activeTracking,noEvent
6382,11,23,rld,15:20:22.862,68463,0.750,-0.203,0.136,0.000,0.000,activeTracking,noEvent
6382,11,23,rld,15:20:22.935,68464,0.815,-0.203,0.136,0.000,0.000,activeTracking,noEvent
6382,11,23,rld,15:20:23.061,68465,0.948,0.631,0.295,7.400,1.400,activeTracking,noEvent
6382,11,23,rld,15:20:23.171,68466,1.021,1.035,0.361,1.100,0.100,activeTracking,noEvent
6382,11,23,rld,15:20:23.288,68467,1.165,1.561,0.431,3.400,0.400,activeTracking,noEvent
6382,11,23,rld,15:20:23.420,68468,1.289,2.207,0.646,4.000,1.600,activeTracking,noEvent
6382,11,23,rld,15:20:23.475,68469,1.361,2.534,0.734,0.900,0.100,activeTracking,noEvent
6382,11,23,rld,15:20:23.527,68470,1.420,2.645,0.763,0.000,0.000,activeTracking,noEvent
6382,11,23,rld,15:20:23.584,68471,1.465,2.669,0.773,-0.100,0.000,activeTracking,noEvent
6382,11,23,rld,15:20:23.674,68472,1.550,2.641,0.764,-0.300,-0.100,activeTracking,noEvent
6382,11,23,rld,15:20:23.736,68473,1.629,2.632,0.737,0.000,-0.200,activeTracking,noEvent
6382,11,23,rld,15:20:23.804,68474,1.680,2.629,0.705,0.000,-0.200,activeTracking,noEvent
6382,11,23,rld,15:20:23.901,68475,1.786,2.616,0.670,-0.100,-0.200,activeTracking,noEvent
6382,11,23,rld,15:20:23.969,68476,1.850,2.611,0.635,0.000,-0.200,activeTracking,noEvent
6382,11,23,rld,15:20:24.068,68477,1.939,2.586,0.518,-0.200,-0.900,activeTracking,noEvent
6382,11,23,rld,15:20:24.109,68478,1.999,2.577,0.432,0.000,-0.400,activeTracking,noEvent
6382,11,23,rld,15:20:24.208,68479,2.084,2.574,0.380,0.000,-0.200,activeTracking,noEvent
6382,11,23,rld,15:20:24.376,68480,2.189,2.658,0.317,0.700,-0.400,onTarget,noEvent
6382,11,23,rld,15:20:24.445,68481,2.337,2.747,0.309,0.500,0.100,onTarget,noEvent
6382,11,23,rld,15:20:24.506,68482,2.389,2.801,0.306,0.200,0.000,onTarget,noEvent
6382,11,23,rld,15:20:24.558,68483,2.451,2.843,0.305,0.200,0.000,onTarget,noEvent
6382,11,23,rld,15:20:24.631,68484,2.508,2.870,0.305,0.100,0.000,onTarget,noEvent
6382,11,23,rld,15:20:24.677,68485,2.568,2.878,0.294,0.000,-0.100,onTarget,noEvent
6382,11,23,rld,15:20:24.719,68486,2.612,2.881,0.290,0.000,0.000,onTarget,noEvent
6382,11,23,rld,15:20:24.775,68487,2.662,2.882,0.288,0.000,0.000,onTarget,noEvent
6382,11,23,rld,15:20:24.853,68488,2.719,2.883,0.288,0.000,0.000,onTarget,noEvent
6382,11,23,rld,15:20:24.903,68489,2.786,2.883,0.264,0.000,-0.200,onTarget,noEvent
6382,11,23,rld,15:20:24.968,68490,2.837,2.883,0.256,0.000,0.000,onTarget,noEvent
6382,11,23,rld,15:20:25.032,68491,2.920,2.858,0.253,-0.200,0.000,onTarget,noEvent
6382,11,23,rld,15:20:25.097,68492,2.977,2.850,0.252,0.000,0.000,onTarget,targetClick
6382,11,24,rld,15:20:27.659,68533,3.058,0.183,-0.067,0.000,0.000,waitingForTarget,middleTargetClick
6382,11,24,rld,15:20:27.716,68534,3.131,0.185,-0.066,0.000,0.000,waitingForTarget,noEvent
6382,11,24,rld,15:20:27.773,68535,3.193,0.185,-0.066,0.000,0.000,waitingForTarget,noEvent
6382,11,24,rld,15:20:27.815,68536,3.236,0.186,-0.066,0.000,0.000,waitingForTarget,noEvent
6382,11,24,rld,15:20:27.854,68537,3.275,0.186,-0.066,0.000,0.000,waitingForTarget,noEvent
6382,11,24,rld,15:20:27.902,68538,3.316,0.186,-0.066,0.000,0.000,waitingForTarget,noEvent
6382,11,24,rld,15:20:27.944,68539,3.364,0.186,-0.066,0.000,0.000,waitingForTarget,noEvent
6382,11,24,rld,15:20:27.985,68540,3.406,0.186,-0.066,0.000,0.000,waitingForTarget,noEvent
6382,11,24,rld,15:20:28.015,68541,3.436,0.186,-0.066,0.000,0.000,waitingForTarget,noEvent
6382,11,24,rld,15:20:28.070,68542,3.483,0.186,-0.066,0.000,0.000,waitingForTarget,noEvent
6382,11,24,rld,15:20:28.109,68543,0.040,0.186,-0.066,0.000,0.000,activeTracking,targetAppeared
6382,11,24,rld,15:20:28.171,68544,0.094,0.186,-0.066,0.000,0.000,activeTracking,noEvent
6382,11,24,rld,15:20:28.205,68545,0.143,0.186,-0.066,0.000,0.000,activeTracking,noEvent
6382,11,24,rld,15:20:28.236,68546,0.173,0.186,-0.066,0.000,0.000,activeTracking,noEvent
6382,11,24,rld,15:20:28.275,68547,0.212,0.186,-0.066,0.000,0.000,activeTracking,noEvent
6382,11,24,rld,15:20:28.324,68548,0.259,0.186,-0.066,0.000,0.000,activeTracking,noEvent
6382,11,24,rld,15:20:28.363,68549,0.298,0.186,-0.066,0.000,0.000,activeTracking,noEvent
6382,11,24,rld,15:20:28.417,68550,0.349,0.186,-0.066,0.000,0.000,activeTracking,noEvent
6382,11,24,rld,15:20:28.459,68551,0.393,0.186,-0.066,0.000,0.000,activeTracking,noEvent
6382,11,24,rld,15:20:28.489,68552,0.427,0.186,-0.066,0.000,0.000,activeTracking,noEvent
6382,11,24,rld,15:20:28.535,68553,0.474,0.186,-0.066,0.000,0.000,activeTracking,noEvent
6382,11,24,rld,15:20:28.576,68554,0.513,0.186,-0.066,0.000,0.000,activeTracking,noEvent
6382,11,24,rld,15:20:28.614,68555,0.552,0.186,-0.066,0.000,0.000,activeTracking,noEvent
6382,11,24,rld,15:20:28.659,68556,0.595,0.186,-0.066,0.000,0.000,activeTracking,noEvent
6382,11,24,rld,15:20:28.707,68557,0.643,0.186,-0.066,0.000,0.000,activeTracking,noEvent
6382,11,24,rld,15:20:28.754,68558,0.693,0.186,-0.066,0.000,0.000,activeTracking,noEvent
6382,11,24,rld,15:20:28.821,68559,0.753,0.186,-0.066,0.000,0.000,activeTracking,noEvent
6382,11,24,rld,15:20:28.855,68560,0.794,0.186,-0.066,0.000,0.000,activeTracking,noEvent
6382,11,24,rld,15:20:28.931,68561,0.866,0.186,-0.066,0.000,0.000,activeTracking,noEvent
6382,11,24,rld,15:20:29.035,68562,0.942,0.186,-0.066,0.000,0.000,activeTracking,noEvent
6382,11,24,rld,15:20:29.241,68563,1.081,-0.795,-0.055,-8.700,0.100,activeTracking,noEvent
6382,11,24,rld,15:20:29.324,68564,1.254,-1.445,-0.051,-2.800,0.000,activeTracking,noEvent
6382,11,24,rld,15:20:29.409,68565,1.335,-1.711,-0.049,-0.400,0.000,activeTracking,noEvent
6382,11,24,rld,15:20:29.455,68566,1.385,-1.800,-0.049,0.000,0.000,activeTracking,noEvent
6382,11,24,rld,15:20:29.519,68567,1.449,-1.841,-0.049,-0.100,0.000,activeTracking,noEvent
6382,11,24,rld,15:20:29.624,68568,1.530,-1.902,-0.060,-0.400,-0.100,activeTracking,noEvent
6382,11,24,rld,15:20:29.693,68569,1.621,-2.028,-0.121,-0.900,-0.500,activeTracking,noEvent
6382,11,24,rld,15:20:29.752,68570,1.684,-2.093,-0.142,-0.200,0.000,activeTracking,noEvent
6382,11,24,rld,15:20:29.791,68571,1.728,-2.115,-0.148,0.000,0.000,activeTracking,noEvent
6382,11,24,rld,15:20:29.836,68572,1.763,-2.122,-0.151,0.000,0.000,activeTracking,noEvent
6382,11,24,rld,15:20:29.913,68573,1.842,-2.125,-0.151,0.000,0.000,activeTracking,noEvent
6382,11,24,rld,15:20:29.965,68574,1.894,-2.126,-0.152,0.000,0.000,activeTracking,noEvent
6382,11,24,rld,15:20:30.023,68575,1.954,-2.126,-0.152,0.000,0.000,activeTracking,noEvent
6382,11,24,rld,15:20:30.087,68576,2.011,-2.138,-0.152,-0.100,0.000,activeTracking,noEvent
6382,11,24,rld,15:20:30.175,68577,2.104,-2.284,-0.140,-1.200,0.100,activeTracking,noEvent
6382,11,24,rld,15:20:30.247,68578,2.180,-2.380,-0.137,-0.400,0.000,onTarget,noEvent
6382,11,24,rld,15:20:30.318,68579,2.243,-2.425,-0.124,-0.100,0.100,onTarget,noEvent
6382,11,24,rld,15:20:30.382,68580,2.314,-2.463,-0.096,-0.200,0.200,onTarget,noEvent
6382,11,24,rld,15:20:30.421,68581,2.358,-2.476,-0.087,0.000,0.000,onTarget,noEvent
6382,11,24,rld,15:20:30.488,68582,2.422,-2.493,-0.072,-0.100,0.100,onTarget,noEvent
6382,11,24,rld,15:20:30.573,68583,2.500,-2.510,-0.056,-0.100,0.100,onTarget,noEvent
6382,11,24,rld,15:20:30.649,68584,2.565,-2.564,-0.015,-0.400,0.300,onTarget,noEvent
6382,11,24,rld,15:20:30.719,68585,2.650,-2.606,-0.002,-0.200,0.000,onTarget,noEvent
6382,11,24,rld,15:20:30.756,68586,2.694,-2.620,0.003,0.000,0.000,onTarget,noEvent
6382,11,24,rld,15:20:30.814,68587,2.746,-2.625,0.004,0.000,0.000,onTarget,noEvent
6382,11,24,rld,15:20:30.858,68588,2.796,-2.626,0.005,0.000,0.000,onTarget,noEvent
6382,11,24,rld,15:20:30.884,68589,2.823,-2.627,0.005,0.000,0.000,onTarget,noEvent
6382,11,24,rld,15:20:30.963,68590,2.894,-2.627,0.005,0.000,0.000,onTarget,noEvent
6382,11,24,rld,15:20:31.010,68591,2.944,-2.627,0.005,0.000,0.000,onTarget,noEvent
6382,11,24,rld,15:20:31.042,68592,2.981,-2.627,0.005,0.000,0.000,onTarget,noEvent
6382,11,24,rld,15:20:31.103,68593,3.025,-2.627,0.005,0.000,0.000,onTarget,noEvent
6382,11,24,rld,15:20:31.164,68594,3.099,-2.627,0.005,0.000,0.000,onTarget,noEvent
6382,11,24,rld,15:20:31.204,68595,3.135,-2.627,0.005,0.000,0.000,onTarget,noEvent
6382,11,24,rld,15:20:31.254,68596,3.187,-2.627,0.005,0.000,0.000,onTarget,noEvent
6382,11,24,rld,15:20:31.310,68597,3.242,-2.627,0.005,0.000,0.000,onTarget,noEvent
6382,11,24,rld,15:20:31.374,68598,3.300,-2.627,0.005,0.000,0.000,onTarget,targetClick
6382,11,25,rld,15:20:36.333,68680,3.377,0.101,0.018,0.000,0.000,waitingForTarget,middleTargetClick
6382,11,25,rld,15:20:36.407,68681,3.450,0.101,0.018,0.000,0.000,waitingForTarget,noEvent
6382,11,25,rld,15:20:36.453,68682,3.508,0.101,0.018,0.000,0.000,waitingForTarget,noEvent
6382,11,25,rld,15:20:36.500,68683,3.549,0.101,0.018,0.000,0.000,waitingForTarget,noEvent
6382,11,25,rld,15:20:36.535,68684,3.584,0.101,0.018,0.000,0.000,waitingForTarget,noEvent
6382,11,25,rld,15:20:36.575,68685,3.630,0.101,0.018,0.000,0.000,waitingForTarget,noEvent
6382,11,25,rld,15:20:36.625,68686,3.671,0.101,0.018,0.000,0.000,waitingForTarget,noEvent
6382,11,25,rld,15:20:36.664,68687,3.717,0.101,0.018,0.000,0.000,waitingForTarget,noEvent
6382,11,25,rld,15:20:36.703,68688,3.758,0.101,0.018,0.000,0.000,waitingForTarget,noEvent
6382,11,25,rld,15:20:36.753,68689,3.809,0.101,0.018,0.000,0.000,waitingForTarget,noEvent
6382,11,25,rld,15:20:36.824,68690,0.069,0.101,0.018,0.000,0.000,activeTracking,targetAppeared
6382,11,25,rld,15:20:36.872,68691,0.119,0.101,0.018,0.000,0.000,activeTracking,noEvent
6382,11,25,rld,15:20:36.940,68692,0.180,0.101,0.018,0.000,0.000,activeTracking,noEvent
6382,11,25,rld,15:20:36.977,68693,0.222,0.101,0.018,0.000,0.000,activeTracking,noEvent
6382,11,25,rld,15:20:37.021,68694,0.263,0.101,0.018,0.000,0.000,activeTracking,noEvent
6382,11,25,rld,15:20:37.065,68695,0.301,0.101,0.018,0.000,0.000,activeTracking,noEvent
6382,11,25,rld,15:20:37.104,68696,0.346,0.101,0.018,0.000,0.000,activeTracking,noEvent
6382,11,25,rld,15:20:37.139,68697,0.382,0.101,0.018,0.000,0.000,activeTracking,noEvent
6382,11,25,rld,15:20:37.187,68698,0.432,0.101,0.018,0.000,0.000,activeTracking,noEvent
6382,11,25,rld,15:20:37.220,68699,0.453,0.101,0.018,0.000,0.000,activeTracking,noEvent
6382,11,25,rld,15:20:37.272,68700,0.517,0.101,0.018,0.000,0.000,activeTracking,noEvent
6382,11,25,rld,15:20:37.325,68701,0.559,0.101,0.018,0.000,0.000,activeTracking,noEvent
6382,11,25,rld,15:20:37.361,68702,0.608,0.101,0.018,0.000,0.000,activeTracking,noEvent
6382,11,25,rld,15:20:37.390,68703,0.636,0.101,0.018,0.000,0.000,activeTracking,noEvent
6382,11,25,rld,15:20:37.434,68704,0.673,0.101,0.018,0.000,0.000,activeTracking,noEvent
6382,11,25,rld,15:20:37.524,68705,0.763,0.101,0.018,0.000,0.000,activeTracking,noEvent
6382,11,25,rld,15:20:37.584,68706,0.803,0.101,0.018,0.000,0.000,activeTracking,noEvent
6382,11,25,rld,15:20:37.742,68707,0.961,1.520,0.522,12.500,4.400,activeTracking,noEvent
6382,11,25,rld,15:20:37.810,68708,1.049,2.158,0.734,1.300,0.300,activeTracking,noEvent
6382,11,25,rld,15:20:37.957,68709,1.203,2.686,0.920,2.600,0.900,activeTracking,noEvent
6382,11,25,rld,15:20:38.019,68710,1.250,2.940,0.998,0.600,0.100,activeTracking,noEvent
6382,11,25,rld,15:20:38.063,68711,1.308,3.037,1.025,0.100,0.000,activeTracking,noEvent
6382,11,25,rld,15:20:38.122,68712,1.368,3.082,1.034,0.100,0.000,activeTracking,noEvent
6382,11,25,rld,15:20:38.201,68713,1.436,3.097,1.002,0.000,-0.300,activeTracking,noEvent
6382,11,25,rld,15:20:38.281,68714,1.504,3.077,0.942,-0.200,-0.400,activeTracking,noEvent
6382,11,25,rld,15:20:38.392,68715,1.606,3.034,0.826,-0.300,-0.800,activeTracking,noEvent
6382,11,25,rld,15:20:38.510,68716,1.750,2.847,0.512,-1.400,-2.300,activeTracking,noEvent
6382,11,25,rld,15:20:38.567,68717,1.813,2.749,0.373,-0.300,-0.300,activeTracking,noEvent
6382,11,25,rld,15:20:38.623,68718,1.867,2.716,0.315,0.000,-0.100,onTarget,noEvent
6382,11,25,rld,15:20:38.681,68719,1.920,2.705,0.295,0.000,0.000,onTarget,noEvent
6382,11,25,rld,15:20:38.726,68720,1.965,2.702,0.289,0.000,0.000,onTarget,noEvent
6382,11,25,rld,15:20:38.774,68721,2.020,2.701,0.287,0.000,0.000,onTarget,noEvent
6382,11,25,rld,15:20:38.843,68722,2.079,2.700,0.286,0.000,0.000,onTarget,noEvent
6382,11,25,rld,15:20:38.891,68723,2.126,2.700,0.286,0.000,0.000,onTarget,noEvent
6382,11,25,rld,15:20:38.941,68724,2.179,2.700,0.286,0.000,0.000,onTarget,noEvent
6382,11,25,rld,15:20:38.997,68725,2.232,2.700,0.286,0.000,0.000,onTarget,noEvent
6382,11,25,rld,15:20:39.040,68726,2.284,2.700,0.286,0.000,0.000,onTarget,noEvent
6382,11,25,rld,15:20:39.092,68727,2.333,2.700,0.286,0.000,0.000,onTarget,noEvent
6382,11,25,rld,15:20:39.158,68728,2.390,2.700,0.286,0.000,0.000,onTarget,noEvent
6382,11,25,rld,15:20:39.221,68729,2.452,2.700,0.274,0.000,-0.100,onTarget,noEvent
6382,11,25,rld,15:20:39.282,68730,2.523,2.724,0.270,0.200,0.000,onTarget,noEvent
6382,11,25,rld,15:20:39.331,68731,2.570,2.732,0.269,0.000,0.000,onTarget,noEvent
6382,11,25,rld,15:20:39.385,68732,2.621,2.735,0.280,0.000,0.100,onTarget,noEvent
6382,11,25,rld,15:20:39.434,68733,2.674,2.736,0.296,0.000,0.100,onTarget,noEvent
6382,11,25,rld,15:20:39.483,68734,2.717,2.736,0.301,0.000,0.000,onTarget,noEvent
6382,11,25,rld,15:20:39.538,68735,2.784,2.736,0.303,0.000,0.000,onTarget,noEvent
6382,11,25,rld,15:20:39.591,68736,2.822,2.736,0.303,0.000,0.000,onTarget,targetClick
6382,11,26,rld,15:20:42.775,68793,2.886,0.152,0.035,0.000,0.000,waitingForTarget,middleTargetClick
6382,11,26,rld,15:20:42.833,68794,2.946,0.152,0.035,0.000,0.000,waitingForTarget,noEvent
6382,11,26,rld,15:20:42.877,68795,2.987,0.152,0.035,0.000,0.000,waitingForTarget,noEvent
6382,11,26,rld,15:20:42.947,68796,3.063,0.152,0.035,0.000,0.000,waitingForTarget,noEvent
6382,11,26,rld,15:20:43.016,68797,3.133,0.152,0.035,0.000,0.000,waitingForTarget,noEvent
6382,11,26,rld,15:20:43.056,68798,3.168,0.152,0.035,0.000,0.000,waitingForTarget,noEvent
6382,11,26,rld,15:20:43.093,68799,3.210,0.152,0.035,0.000,0.000,waitingForTarget,noEvent
6382,11,26,rld,15:20:43.136,68800,3.244,0.152,0.035,0.000,0.000,waitingForTarget,noEvent
6382,11,26,rld,15:20:43.167,68801,3.286,0.152,0.035,0.000,0.000,waitingForTarget,noEvent
6382,11,26,rld,15:20:43.201,68802,0.035,0.152,0.035,0.000,0.000,activeTracking,targetAppeared
6382,11,26,rld,15:20:43.243,68803,0.074,0.152,0.035,0.000,0.000,activeTracking,noEvent
6382,11,26,rld,15:20:43.323,68804,0.156,0.152,0.035,0.000,0.000,activeTracking,noEvent
6382,11,26,rld,15:20:43.364,68805,0.195,0.152,0.035,0.000,0.000,activeTracking,noEvent
6382,11,26,rld,15:20:43.410,68806,0.236,0.152,0.035,0.000,0.000,activeTracking,noEvent
6382,11,26,rld,15:20:43.450,68807,0.276,0.152,0.035,0.000,0.000,activeTracking,noEvent
6382,11,26,rld,15:20:43.484,68808,0.307,0.152,0.035,0.000,0.000,activeTracking,noEvent
6382,11,26,rld,15:20:43.515,68809,0.348,0.152,0.035,0.000,0.000,activeTracking,noEvent
6382,11,26,rld,15:20:43.552,68810,0.384,0.152,0.035,0.000,0.000,activeTracking,noEvent
6382,11,26,rld,15:20:43.591,68811,0.418,0.152,0.035,0.000,0.000,activeTracking,noEvent
6382,11,26,rld,15:20:43.621,68812,0.454,0.152,0.035,0.000,0.000,activeTracking,noEvent
6382,11,26,rld,15:20:43.684,68813,0.507,0.152,0.035,0.000,0.000,activeTracking,noEvent
6382,11,26,rld,15:20:43.720,68814,0.548,0.152,0.035,0.000,0.000,activeTracking,noEvent
6382,11,26,rld,15:20:43.757,68815,0.589,0.152,0.035,0.000,0.000,activeTracking,noEvent
6382,11,26,rld,15:20:43.806,68816,0.639,0.152,0.035,0.000,0.000,activeTracking,noEvent
6382,11,26,rld,15:20:43.850,68817,0.678,0.152,0.035,0.000,0.000,activeTracking,noEvent
6382,11,26,rld,15:20:43.941,68818,0.751,0.152,0.035,0.000,0.000,activeTracking,noEvent
6382,11,26,rld,15:20:44.120,68819,0.934,-0.107,-0.021,-2.300,-0.500,activeTracking,noEvent
6382,11,26,rld,15:20:44.260,68820,1.071,-0.791,-0.209,-5.300,-1.500,activeTracking,noEvent
6382,11,26,rld,15:20:44.364,68821,1.166,-1.352,-0.330,-2.900,-0.500,activeTracking,noEvent
6382,11,26,rld,15:20:44.492,68822,1.298,-2.218,-0.559,-5.800,-1.600,activeTracking,noEvent
6382,11,26,rld,15:20:44.572,68823,1.391,-2.927,-0.703,-3.400,-0.500,activeTracking,noEvent
6382,11,26,rld,15:20:44.620,68824,1.452,-3.194,-0.754,-0.200,0.000,activeTracking,noEvent
6382,11,26,rld,15:20:44.662,68825,1.495,-3.284,-0.771,0.000,0.000,activeTracking,noEvent
6382,11,26,rld,15:20:44.717,68826,1.547,-3.315,-0.776,0.000,0.000,activeTracking,noEvent
6382,11,26,rld,15:20:44.803,68827,1.609,-3.325,-0.766,0.000,0.100,activeTracking,noEvent
6382,11,26,rld,15:20:44.884,68828,1.716,-3.353,-0.752,-0.200,0.100,activeTracking,noEvent
6382,11,26,rld,15:20:44.940,68829,1.767,-3.375,-0.711,-0.100,0.300,activeTracking,noEvent
6382,11,26,rld,15:20:45.043,68830,1.859,-3.357,-0.613,0.200,0.700,activeTracking,noEvent
6382,11,26,rld,15:20:45.135,68831,1.945,-3.289,-0.520,0.500,0.500,activeTracking,noEvent
6382,11,26,rld,15:20:45.224,68832,2.045,-3.191,-0.453,0.600,0.300,activeTracking,noEvent
6382,11,26,rld,15:20:45.305,68833,2.116,-3.009,-0.394,1.200,0.300,activeTracking,noEvent
6382,11,26,rld,15:20:45.404,68834,2.221,-2.851,-0.338,0.800,0.300,activeTracking,noEvent
6382,11,26,rld,15:20:45.480,68835,2.306,-2.762,-0.320,0.300,0.000,onTarget,noEvent
6382,11,26,rld,15:20:45.531,68836,2.355,-2.733,-0.313,0.000,0.000,onTarget,noEvent
6382,11,26,rld,15:20:45.569,68837,2.398,-2.723,-0.311,0.000,0.000,onTarget,noEvent
6382,11,26,rld,15:20:45.616,68838,2.447,-2.720,-0.311,0.000,0.000,onTarget,noEvent
6382,11,26,rld,15:20:45.667,68839,2.498,-2.719,-0.311,0.000,0.000,onTarget,noEvent
6382,11,26,rld,15:20:45.726,68840,2.547,-2.718,-0.310,0.000,0.000,onTarget,noEvent
6382,11,26,rld,15:20:45.867,68841,2.678,-2.828,-0.264,-0.900,0.400,onTarget,noEvent
6382,11,26,rld,15:20:45.933,68842,2.760,-2.913,-0.214,-0.400,0.300,onTarget,noEvent
6382,11,26,rld,15:20:45.987,68843,2.808,-2.954,-0.197,-0.100,0.000,onTarget,noEvent
6382,11,26,rld,15:20:46.040,68844,2.858,-2.968,-0.179,0.000,0.100,onTarget,noEvent
6382,11,26,rld,15:20:46.083,68845,2.911,-2.973,-0.174,0.000,0.000,onTarget,noEvent
6382,11,26,rld,15:20:46.151,68846,2.972,-2.974,-0.160,0.000,0.100,onTarget,noEvent
6382,11,26,rld,15:20:46.213,68847,3.036,-2.962,-0.132,0.100,0.200,onTarget,noEvent
6382,11,26,rld,15:20:46.273,68848,3.105,-2.946,-0.111,0.100,0.100,onTarget,noEvent
6382,11,26,rld,15:20:46.340,68849,3.169,-2.916,-0.104,0.200,0.000,onTarget,noEvent
6382,11,26,rld,15:20:46.413,68850,3.240,-2.882,-0.101,0.200,0.000,onTarget,noEvent
6382,11,26,rld,15:20:46.486,68851,3.309,-2.846,-0.100,0.200,0.000,onTarget,noEvent
6382,11,26,rld,15:20:46.541,68852,3.369,-2.821,-0.100,0.100,0.000,onTarget,noEvent
6382,11,26,rld,15:20:46.609,68853,3.427,-2.789,-0.112,0.200,-0.100,onTarget,noEvent
6382,11,26,rld,15:20:46.645,68854,3.474,-2.778,-0.116,0.000,0.000,onTarget,noEvent
6382,11,26,rld,15:20:46.710,68855,3.539,-2.775,-0.117,0.000,0.000,onTarget,noEvent
6382,11,26,rld,15:20:46.763,68856,3.594,-2.749,-0.117,0.200,0.000,onTarget,noEvent
6382,11,26,rld,15:20:46.841,68857,3.658,-2.741,-0.117,0.000,0.000,onTarget,noEvent
6382,11,26,rld,15:20:46.874,68858,3.706,-2.738,-0.118,0.000,0.000,onTarget,noEvent
6382,11,26,rld,15:20:46.934,68859,3.765,-2.725,-0.118,0.100,0.000,onTarget,noEvent
6382,11,26,rld,15:20:46.999,68860,3.820,-2.708,-0.118,0.100,0.000,onTarget,noEvent
6382,11,26,rld,15:20:47.040,68861,3.871,-2.703,-0.118,0.000,0.000,onTarget,noEvent
6382,11,26,rld,15:20:47.113,68862,3.926,-2.701,-0.106,0.000,0.100,onTarget,noEvent
6382,11,26,rld,15:20:47.168,68863,3.985,-2.700,-0.102,0.000,0.000,onTarget,noEvent
6382,11,27,rld,15:20:53.773,68982,0.039,-0.101,0.069,0.000,0.000,activeTracking,targetAppeared
6382,11,27,rld,15:20:53.830,68983,0.093,-0.101,0.069,0.000,0.000,activeTracking,noEvent
6382,11,27,rld,15:20:53.874,68984,0.138,-0.101,0.069,0.000,0.000,activeTracking,noEvent
6382,11,27,rld,15:20:53.942,68985,0.185,-0.101,0.069,0.000,0.000,activeTracking,noEvent
6382,11,27,rld,15:20:53.998,68986,0.259,-0.101,0.069,0.000,0.000,activeTracking,noEvent
6382,11,27,rld,15:20:54.051,68987,0.307,-0.101,0.069,0.000,0.000,activeTracking,noEvent
6382,11,27,rld,15:20:54.085,68988,0.352,-0.101,0.069,0.000,0.000,activeTracking,noEvent
6382,11,27,rld,15:20:54.137,68989,0.394,-0.101,0.069,0.000,0.000,activeTracking,noEvent
6382,11,27,rld,15:20:54.182,68990,0.439,-0.101,0.069,0.000,0.000,activeTracking,noEvent
6382,11,27,rld,15:20:54.224,68991,0.482,-0.101,0.069,0.000,0.000,activeTracking,noEvent
6382,11,27,rld,15:20:54.267,68992,0.531,-0.101,0.069,0.000,0.000,activeTracking,noEvent
6382,11,27,rld,15:20:54.296,68993,0.562,-0.101,0.069,0.000,0.000,activeTracking,noEvent
6382,11,27,rld,15:20:54.342,68994,0.604,-0.101,0.069,0.000,0.000,activeTracking,noEvent
6382,11,27,rld,15:20:54.386,68995,0.653,-0.101,0.069,0.000,0.000,activeTracking,noEvent
6382,11,27,rld,15:20:54.432,68996,0.694,-0.101,0.069,0.000,0.000,activeTracking,noEvent
6382,11,27,rld,15:20:54.472,68997,0.740,-0.101,0.069,0.000,0.000,activeTracking,noEvent
6382,11,27,rld,15:20:54.522,68998,0.788,-0.101,0.069,0.000,0.000,activeTracking,noEvent
6382,11,27,rld,15:20:54.567,68999,0.819,-0.101,0.069,0.000,0.000,activeTracking,noEvent
6382,11,27,rld,15:20:54.607,69000,0.866,-0.101,0.069,0.000,0.000,activeTracking,noEvent
6382,11,27,rld,15:20:54.657,69001,0.922,-0.101,0.069,0.000,0.000,activeTracking,noEvent
6382,11,27,rld,15:20:54.703,69002,0.960,-0.101,0.069,0.000,0.000,activeTracking,noEvent
6382,11,27,rld,15:20:54.842,69003,1.099,-0.101,0.069,0.000,0.000,activeTracking,noEvent
6382,11,27,rld,15:20:54.884,69004,1.142,-0.101,0.069,0.000,0.000,activeTracking,noEvent
6382,11,27,rld,15:20:54.918,69005,1.186,-0.101,0.069,0.000,0.000,activeTracking,noEvent
6382,11,27,rld,15:20:54.967,69006,1.221,-0.101,0.069,0.000,0.000,activeTracking,noEvent
6382,11,27,rld,15:20:54.989,69007,1.257,-0.101,0.069,0.000,0.000,activeTracking,noEvent
6382,11,27,rld,15:20:55.037,69008,1.303,-0.101,0.069,0.000,0.000,activeTracking,noEvent
6382,11,27,rld,15:20:55.093,69009,1.361,-0.101,0.069,0.000,0.000,activeTracking,noEvent
6382,11,27,rld,15:20:55.216,69010,1.480,-0.101,0.069,0.000,0.000,activeTracking,noEvent
6382,11,27,rld,15:20:55.245,69011,1.512,-0.101,0.069,0.000,0.000,activeTracking,noEvent
6382,11,27,rld,15:20:55.279,69012,1.544,-0.101,0.069,0.000,0.000,activeTracking,noEvent
6382,11,27,rld,15:20:55.333,69013,1.588,-0.101,0.069,0.000,0.000,activeTracking,noEvent
6382,11,27,rld,15:20:55.360,69014,1.626,-0.101,0.069,0.000,0.000,activeTracking,noEvent
6382,11,27,rld,15:20:55.423,69015,1.676,-0.101,0.069,0.000,0.000,activeTracking,noEvent
6382,11,27,rld,15:20:55.473,69016,1.734,-0.101,0.069,0.000,0.000,activeTracking,noEvent
6382,11,27,rld,15:20:55.520,69017,1.773,-0.101,0.069,0.000,0.000,activeTracking,noEvent
6382,11,27,rld,15:20:55.565,69018,1.822,-0.101,0.069,0.000,0.000,activeTracking,noEvent
6382,11,27,rld,15:20:55.591,69019,1.856,-0.101,0.069,0.000,0.000,activeTracking,noEvent
6382,11,27,rld,15:20:55.648,69020,1.912,-0.101,0.069,0.000,0.000,activeTracking,noEvent
6382,11,27,rld,15:20:55.687,69021,1.949,-0.101,0.069,0.000,0.000,activeTracking,noEvent
6382,11,27,rld,15:20:55.725,69022,1.984,-0.101,0.069,0.000,0.000,activeTracking,noEvent
6382,11,27,rld,15:20:55.753,69023,2.020,-0.101,0.069,0.000,0.000,activeTracking,noEvent
6382,11,27,rld,15:20:55.837,69024,2.102,-0.101,0.069,0.000,0.000,activeTracking,noEvent
6382,11,27,rld,15:20:55.883,69025,2.146,-0.101,0.069,0.000,0.000,activeTracking,noEvent
6382,11,27,rld,15:20:55.938,69026,2.202,-0.101,0.069,0.000,0.000,activeTracking,noEvent
6382,11,27,rld,15:20:55.980,69027,2.239,-0.101,0.069,0.000,0.000,activeTracking,noEvent
6382,11,27,rld,15:20:56.012,69028,2.276,-0.101,0.069,0.000,0.000,activeTracking,noEvent
6382,11,27,rld,15:20:56.059,69029,2.319,-0.101,0.069,0.000,0.000,activeTracking,noEvent
6382,11,27,rld,15:20:56.095,69030,2.360,-0.101,0.069,0.000,0.000,activeTracking,noEvent
6382,11,27,rld,15:20:56.141,69031,2.408,-0.101,0.069,0.000,0.000,activeTracking,noEvent
6382,11,27,rld,15:20:56.167,69032,2.434,-0.101,0.069,0.000,0.000,activeTracking,noEvent
6382,11,27,rld,15:20:56.219,69033,2.472,-0.101,0.069,0.000,0.000,activeTracking,noEvent
6382,11,27,rld,15:20:56.252,69034,2.519,-0.101,0.069,0.000,0.000,activeTracking,noEvent
6382,11,27,rld,15:20:56.294,69035,2.555,-0.101,0.069,0.000,0.000,activeTracking,noEvent
6382,11,27,rld,15:20:56.334,69036,2.599,-0.101,0.069,0.000,0.000,activeTracking,noEvent
6382,11,27,rld,15:20:56.403,69037,2.668,-0.101,0.069,0.000,0.000,activeTracking,noEvent
6382,11,27,rld,15:20:56.453,69038,2.721,-0.101,0.069,0.000,0.000,activeTracking,noEvent
6382,11,27,rld,15:20:56.482,69039,2.748,-0.101,0.069,0.000,0.000,activeTracking,noEvent
6382,11,27,rld,15:20:56.549,69040,2.811,-0.101,0.069,0.000,0.000,activeTracking,noEvent
6382,11,27,rld,15:20:56.625,69041,2.892,-0.101,0.069,0.000,0.000,activeTracking,noEvent
6382,11,27,rld,15:20:56.662,69042,2.929,-0.101,0.069,0.000,0.000,activeTracking,noEvent
6382,11,27,rld,15:20:56.693,69043,2.960,-0.101,0.069,0.000,0.000,activeTracking,noEvent
6382,11,27,rld,15:20:56.771,69044,3.036,-0.101,0.069,0.000,0.000,activeTracking,noEvent
6382,11,27,rld,15:20:56.818,69045,3.086,-0.101,0.069,0.000,0.000,activeTracking,noEvent
6382,11,27,rld,15:20:56.851,69046,3.112,-0.101,0.069,0.000,0.000,activeTracking,noEvent
6382,11,27,rld,15:20:56.904,69047,3.170,-0.101,0.069,0.000,0.000,activeTracking,noEvent
6382,11,27,rld,15:20:56.952,69048,3.208,-0.101,0.069,0.000,0.000,activeTracking,noEvent
6382,11,27,rld,15:20:56.991,69049,3.250,-0.101,0.069,0.000,0.000,activeTracking,noEvent
6382,11,27,rld,15:20:57.036,69050,3.290,-0.101,0.069,0.000,0.000,activeTracking,noEvent
6382,11,27,rld,15:20:57.079,69051,3.343,-0.101,0.069,0.000,0.000,activeTracking,noEvent
6382,11,27,rld,15:20:57.136,69052,3.404,-0.101,0.069,0.000,0.000,activeTracking,noEvent
6382,11,27,rld,15:20:57.173,69053,3.438,-0.101,0.069,0.000,0.000,activeTracking,noEvent
6382,11,27,rld,15:20:57.216,69054,3.479,-0.101,0.069,0.000,0.000,activeTracking,noEvent
6382,11,27,rld,15:20:57.256,69055,3.519,-0.101,0.069,0.000,0.000,activeTracking,noEvent
6382,11,27,rld,15:20:57.299,69056,3.559,-0.101,0.069,0.000,0.000,activeTracking,noEvent
6382,11,27,rld,15:20:57.345,69057,3.595,-0.101,0.069,0.000,0.000,activeTracking,noEvent
6382,11,27,rld,15:20:57.382,69058,3.641,-0.101,0.069,0.000,0.000,activeTracking,noEvent
6382,11,27,rld,15:20:57.419,69059,3.678,-0.101,0.069,0.000,0.000,activeTracking,noEvent
6382,11,27,rld,15:20:57.466,69060,3.722,-0.101,0.069,0.000,0.000,activeTracking,noEvent
6382,11,27,rld,15:20:57.499,69061,3.759,-0.101,0.069,0.000,0.000,activeTracking,noEvent
6382,11,27,rld,15:20:57.551,69062,3.812,-0.101,0.069,0.000,0.000,activeTracking,noEvent
6382,11,27,rld,15:20:57.594,69063,3.859,-0.101,0.069,0.000,0.000,activeTracking,noEvent
6382,11,27,rld,15:20:57.641,69064,3.905,-0.101,0.069,0.000,0.000,activeTracking,noEvent
6382,11,27,rld,15:20:57.692,69065,3.955,-0.101,0.069,0.000,0.000,activeTracking,noEvent
6382,11,27,rld,15:20:57.733,69066,3.994,-0.101,0.069,0.000,0.000,activeTracking,noEvent
6382,11,28,rld,15:21:03.752,69153,0.052,0.118,0.018,0.000,0.000,activeTracking,targetAppeared
6382,11,28,rld,15:21:03.820,69154,0.128,0.118,0.018,0.000,0.000,activeTracking,noEvent
6382,11,28,rld,15:21:03.865,69155,0.159,0.118,0.018,0.000,0.000,activeTracking,noEvent
6382,11,28,rld,15:21:03.905,69156,0.213,0.118,0.018,0.000,0.000,activeTracking,noEvent
6382,11,28,rld,15:21:03.980,69157,0.280,0.118,0.018,0.000,0.000,activeTracking,noEvent
6382,11,28,rld,15:21:04.016,69158,0.322,0.118,0.018,0.000,0.000,activeTracking,noEvent
6382,11,28,rld,15:21:04.066,69159,0.364,0.118,0.018,0.000,0.000,activeTracking,noEvent
6382,11,28,rld,15:21:04.104,69160,0.401,0.118,0.018,0.000,0.000,activeTracking,noEvent
6382,11,28,rld,15:21:04.153,69161,0.448,0.118,0.018,0.000,0.000,activeTracking,noEvent
6382,11,28,rld,15:21:04.192,69162,0.495,0.118,0.018,0.000,0.000,activeTracking,noEvent
6382,11,28,rld,15:21:04.242,69163,0.540,0.118,0.018,0.000,0.000,activeTracking,noEvent
6382,11,28,rld,15:21:04.274,69164,0.581,0.118,0.018,0.000,0.000,activeTracking,noEvent
6382,11,28,rld,15:21:04.321,69165,0.622,0.118,0.018,0.000,0.000,activeTracking,noEvent
6382,11,28,rld,15:21:04.384,69166,0.678,0.118,0.018,0.000,0.000,activeTracking,noEvent
6382,11,28,rld,15:21:04.470,69167,0.734,0.118,0.018,0.000,0.000,activeTracking,noEvent
6382,11,28,rld,15:21:04.649,69168,0.928,0.840,0.177,6.400,1.400,activeTracking,noEvent
6382,11,28,rld,15:21:04.754,69169,1.059,1.738,0.463,5.700,2.000,activeTracking,noEvent
6382,11,28,rld,15:21:04.818,69170,1.120,2.090,0.585,0.400,0.200,activeTracking,noEvent
6382,11,28,rld,15:21:04.892,69171,1.193,2.256,0.650,0.400,0.200,activeTracking,noEvent
6382,11,28,rld,15:21:05.001,69172,1.292,2.539,0.747,1.900,0.600,activeTracking,noEvent
6382,11,28,rld,15:21:05.066,69173,1.361,2.658,0.780,0.200,0.000,activeTracking,noEvent
6382,11,28,rld,15:21:05.108,69174,1.412,2.698,0.791,0.000,0.000,activeTracking,noEvent
6382,11,28,rld,15:21:05.158,69175,1.454,2.711,0.795,0.000,0.000,activeTracking,noEvent
6382,11,28,rld,15:21:05.249,69176,1.533,2.704,0.772,-0.100,-0.200,activeTracking,noEvent
6382,11,28,rld,15:21:05.354,69177,1.644,2.653,0.681,-0.400,-0.700,activeTracking,noEvent
6382,11,28,rld,15:21:05.463,69178,1.744,2.600,0.603,-0.300,-0.400,activeTracking,noEvent
6382,11,28,rld,15:21:05.532,69179,1.823,2.570,0.542,-0.100,-0.300,activeTracking,noEvent
6382,11,28,rld,15:21:05.661,69180,1.958,2.620,0.394,0.500,-1.100,activeTracking,noEvent
6382,11,28,rld,15:21:05.717,69181,2.025,2.685,0.275,0.400,-0.600,onTarget,noEvent
6382,11,28,rld,15:21:05.783,69182,2.083,2.732,0.224,0.200,-0.100,onTarget,noEvent
6382,11,28,rld,15:21:05.938,69183,2.233,2.820,0.219,0.600,0.100,onTarget,noEvent
6382,11,28,rld,15:21:05.992,69184,2.294,2.862,0.218,0.100,0.000,onTarget,noEvent
6382,11,28,rld,15:21:06.038,69185,2.345,2.876,0.217,0.000,0.000,onTarget,noEvent
6382,11,28,rld,15:21:06.116,69186,2.412,2.880,0.182,0.000,-0.300,onTarget,noEvent
6382,11,28,rld,15:21:06.190,69187,2.481,2.882,0.135,0.000,-0.300,onTarget,noEvent
6382,11,28,rld,15:21:06.234,69188,2.540,2.883,0.096,0.000,-0.200,onTarget,noEvent
6382,11,28,rld,15:21:06.291,69189,2.592,2.883,0.059,0.000,-0.200,onTarget,noEvent
6382,11,28,rld,15:21:06.334,69190,2.639,2.883,0.047,0.000,0.000,onTarget,noEvent
6382,11,28,rld,15:21:06.392,69191,2.693,2.883,0.043,0.000,0.000,onTarget,noEvent
6382,11,28,rld,15:21:06.433,69192,2.741,2.883,0.042,0.000,0.000,onTarget,noEvent
6382,11,28,rld,15:21:06.514,69193,2.805,2.871,0.041,-0.100,0.000,onTarget,noEvent
6382,11,28,rld,15:21:06.573,69194,2.878,2.842,0.041,-0.200,0.000,onTarget,noEvent
6382,11,28,rld,15:21:06.640,69195,2.947,2.820,0.041,-0.100,0.000,onTarget,noEvent
6382,11,28,rld,15:21:06.674,69196,2.980,2.813,0.041,0.000,0.000,onTarget,noEvent
6382,11,28,rld,15:21:06.773,69197,3.062,2.786,0.041,-0.200,0.000,onTarget,noEvent
6382,11,28,rld,15:21:06.844,69198,3.149,2.765,0.099,-0.100,0.500,onTarget,noEvent
6382,11,28,rld,15:21:06.884,69199,3.188,2.758,0.118,0.000,0.000,onTarget,noEvent
6382,11,28,rld,15:21:06.921,69200,3.222,2.756,0.125,0.000,0.000,onTarget,noEvent
6382,11,28,rld,15:21:06.966,69201,3.270,2.755,0.127,0.000,0.000,onTarget,noEvent
6382,11,28,rld,15:21:07.009,69202,3.313,2.755,0.128,0.000,0.000,onTarget,noEvent
6382,11,28,rld,15:21:07.088,69203,3.382,2.755,0.128,0.000,0.000,onTarget,noEvent
6382,11,28,rld,15:21:07.137,69204,3.439,2.755,0.128,0.000,0.000,onTarget,noEvent
6382,11,28,rld,15:21:07.204,69205,3.502,2.755,0.128,0.000,0.000,onTarget,targetClick
6382,11,29,rld,15:21:10.394,69257,3.570,0.084,-0.049,0.000,0.000,waitingForTarget,middleTargetClick
6382,11,29,rld,15:21:10.453,69258,3.627,0.084,-0.049,0.000,0.000,waitingForTarget,noEvent
6382,11,29,rld,15:21:10.503,69259,3.683,0.084,-0.049,0.000,0.000,waitingForTarget,noEvent
6382,11,29,rld,15:21:10.574,69260,3.755,0.084,-0.049,0.000,0.000,waitingForTarget,noEvent
6382,11,29,rld,15:21:10.613,69261,3.794,0.084,-0.049,0.000,0.000,waitingForTarget,noEvent
6382,11,29,rld,15:21:10.664,69262,3.844,0.084,-0.049,0.000,0.000,waitingForTarget,noEvent
6382,11,29,rld,15:21:10.700,69263,3.875,0.084,-0.049,0.000,0.000,waitingForTarget,noEvent
6382,11,29,rld,15:21:10.753,69264,3.920,0.084,-0.049,0.000,0.000,waitingForTarget,noEvent
6382,11,29,rld,15:21:10.791,69265,3.972,0.084,-0.049,0.000,0.000,waitingForTarget,noEvent
6382,11,29,rld,15:21:10.854,69266,0.060,0.084,-0.049,0.000,0.000,activeTracking,targetAppeared
6382,11,29,rld,15:21:10.900,69267,0.098,0.084,-0.049,0.000,0.000,activeTracking,noEvent
6382,11,29,rld,15:21:10.942,69268,0.143,0.084,-0.049,0.000,0.000,activeTracking,noEvent
6382,11,29,rld,15:21:10.995,69269,0.200,0.084,-0.049,0.000,0.000,activeTracking,noEvent
6382,11,29,rld,15:21:11.034,69270,0.236,0.084,-0.049,0.000,0.000,activeTracking,noEvent
6382,11,29,rld,15:21:11.083,69271,0.279,0.084,-0.049,0.000,0.000,activeTracking,noEvent
6382,11,29,rld,15:21:11.125,69272,0.326,0.084,-0.049,0.000,0.000,activeTracking,noEvent
6382,11,29,rld,15:21:11.169,69273,0.372,0.084,-0.049,0.000,0.000,activeTracking,noEvent
6382,11,29,rld,15:21:11.202,69274,0.408,0.084,-0.049,0.000,0.000,activeTracking,noEvent
6382,11,29,rld,15:21:11.253,69275,0.460,0.084,-0.049,0.000,0.000,activeTracking,noEvent
6382,11,29,rld,15:21:11.291,69276,0.496,0.084,-0.049,0.000,0.000,activeTracking,noEvent
6382,11,29,rld,15:21:11.333,69277,0.534,0.084,-0.049,0.000,0.000,activeTracking,noEvent
6382,11,29,rld,15:21:11.367,69278,0.576,0.084,-0.049,0.000,0.000,activeTracking,noEvent
6382,11,29,rld,15:21:11.415,69279,0.612,0.084,-0.049,0.000,0.000,activeTracking,noEvent
6382,11,29,rld,15:21:11.451,69280,0.653,0.084,-0.049,0.000,0.000,activeTracking,noEvent
6382,11,29,rld,15:21:11.501,69281,0.710,0.084,-0.049,0.000,0.000,activeTracking,noEvent
6382,11,29,rld,15:21:11.541,69282,0.745,0.084,-0.049,0.000,0.000,activeTracking,noEvent
6382,11,29,rld,15:21:11.594,69283,0.796,0.084,-0.049,0.000,0.000,activeTracking,noEvent
6382,11,29,rld,15:21:11.649,69284,0.848,0.084,-0.049,0.000,0.000,activeTracking,noEvent
6382,11,29,rld,15:21:11.701,69285,0.906,0.084,-0.049,0.000,0.000,activeTracking,noEvent
6382,11,29,rld,15:21:11.772,69286,0.956,0.084,-0.049,0.000,0.000,activeTracking,noEvent
6382,11,29,rld,15:21:11.853,69287,1.060,0.039,-0.049,-0.400,0.000,activeTracking,noEvent
6382,11,29,rld,15:21:11.901,69288,1.099,0.024,-0.049,0.000,0.000,activeTracking,noEvent
6382,11,29,rld,15:21:11.963,69289,1.173,0.019,-0.027,0.000,0.200,activeTracking,noEvent
6382,11,29,rld,15:21:12.006,69290,1.209,0.018,-0.019,0.000,0.000,activeTracking,noEvent
6382,11,29,rld,15:21:12.051,69291,1.257,0.017,-0.006,0.000,0.100,activeTracking,noEvent
6382,11,29,rld,15:21:12.123,69292,1.314,0.017,0.010,0.000,0.100,activeTracking,noEvent
6382,11,29,rld,15:21:12.174,69293,1.381,0.006,0.027,-0.100,0.100,activeTracking,noEvent
6382,11,29,rld,15:21:12.218,69294,1.426,0.002,0.032,0.000,0.000,activeTracking,noEvent
6382,11,29,rld,15:21:12.280,69295,1.484,0.001,0.034,0.000,0.000,activeTracking,noEvent
6382,11,29,rld,15:21:12.334,69296,1.541,-0.034,0.057,-0.300,0.200,activeTracking,noEvent
6382,11,29,rld,15:21:12.454,69297,1.647,-0.124,0.099,-0.700,0.300,activeTracking,noEvent
6382,11,29,rld,15:21:12.515,69298,1.713,-0.176,0.135,-0.200,0.200,activeTracking,noEvent
6382,11,29,rld,15:21:12.606,69299,1.805,-0.216,0.147,-0.200,0.000,activeTracking,noEvent
6382,11,29,rld,15:21:12.725,69300,1.932,-0.399,0.208,-1.500,0.500,activeTracking,noEvent
6382,11,29,rld,15:21:12.787,69301,1.990,-0.527,0.251,-0.600,0.200,activeTracking,noEvent
6382,11,29,rld,15:21:12.983,69302,2.160,-0.830,0.288,-2.300,0.200,activeTracking,noEvent
6382,11,29,rld,15:21:13.092,69303,2.294,-1.228,0.314,-2.600,0.100,activeTracking,noEvent
6382,11,29,rld,15:21:13.190,69304,2.377,-1.441,0.323,-0.700,0.000,activeTracking,noEvent
6382,11,29,rld,15:21:13.366,69305,2.548,-1.978,0.295,-4.000,-0.300,activeTracking,noEvent
6382,11,29,rld,15:21:13.424,69306,2.631,-2.242,0.287,-0.700,0.000,activeTracking,noEvent
6382,11,29,rld,15:21:13.550,69307,2.728,-2.378,0.296,-0.400,0.100,activeTracking,noEvent
6382,11,29,rld,15:21:13.637,69308,2.834,-2.604,0.313,-1.500,0.100,onTarget,noEvent
6382,11,29,rld,15:21:13.700,69309,2.907,-2.716,0.319,-0.300,0.000,onTarget,noEvent
6382,11,29,rld,15:21:13.762,69310,2.965,-2.766,0.321,-0.100,0.000,onTarget,noEvent
6382,11,29,rld,15:21:13.819,69311,3.028,-2.783,0.321,0.000,0.000,onTarget,noEvent
6382,11,29,rld,15:21:13.868,69312,3.065,-2.788,0.322,0.000,0.000,onTarget,noEvent
6382,11,29,rld,15:21:13.921,69313,3.113,-2.790,0.322,0.000,0.000,onTarget,noEvent
6382,11,29,rld,15:21:13.991,69314,3.186,-2.791,0.322,0.000,0.000,onTarget,noEvent
6382,11,29,rld,15:21:14.096,69315,3.285,-2.791,0.310,0.000,-0.100,onTarget,noEvent
6382,11,29,rld,15:21:14.158,69316,3.364,-2.779,0.271,0.100,-0.300,onTarget,noEvent
6382,11,29,rld,15:21:14.218,69317,3.415,-2.763,0.258,0.100,0.000,onTarget,noEvent
6382,11,29,rld,15:21:14.282,69318,3.484,-2.745,0.253,0.100,0.000,onTarget,noEvent
6382,11,29,rld,15:21:14.331,69319,3.535,-2.715,0.251,0.200,0.000,onTarget,noEvent
6382,11,29,rld,15:21:14.382,69320,3.583,-2.681,0.251,0.200,0.000,onTarget,noEvent
6382,11,29,rld,15:21:14.431,69321,3.633,-2.657,0.250,0.100,0.000,onTarget,noEvent
6382,11,29,rld,15:21:14.482,69322,3.685,-2.649,0.250,0.000,0.000,onTarget,noEvent
6382,11,29,rld,15:21:14.532,69323,3.733,-2.647,0.250,0.000,0.000,onTarget,noEvent
6382,11,29,rld,15:21:14.596,69324,3.792,-2.634,0.250,0.100,0.000,onTarget,noEvent
6382,11,29,rld,15:21:14.646,69325,3.843,-2.629,0.250,0.000,0.000,onTarget,noEvent
6382,11,29,rld,15:21:14.690,69326,3.896,-2.628,0.250,0.000,0.000,onTarget,noEvent
6382,11,29,rld,15:21:14.749,69327,3.949,-2.615,0.250,0.100,0.000,onTarget,noEvent
6382,11,30,rld,15:21:28.484,69604,0.032,0.017,0.221,0.000,0.000,activeTracking,targetAppeared
6382,11,30,rld,15:21:28.534,69605,0.073,0.017,0.221,0.000,0.000,activeTracking,noEvent
6382,11,30,rld,15:21:28.580,69606,0.119,0.017,0.221,0.000,0.000,activeTracking,noEvent
6382,11,30,rld,15:21:28.648,69607,0.181,0.017,0.221,0.000,0.000,activeTracking,noEvent
6382,11,30,rld,15:21:28.686,69608,0.230,0.017,0.221,0.000,0.000,activeTracking,noEvent
6382,11,30,rld,15:21:28.735,69609,0.282,0.017,0.221,0.000,0.000,activeTracking,noEvent
6382,11,30,rld,15:21:28.800,69610,0.333,0.017,0.221,0.000,0.000,activeTracking,noEvent
6382,11,30,rld,15:21:28.857,69611,0.403,0.017,0.221,0.000,0.000,activeTracking,noEvent
6382,11,30,rld,15:21:28.898,69612,0.440,0.017,0.221,0.000,0.000,activeTracking,noEvent
6382,11,30,rld,15:21:28.946,69613,0.479,0.017,0.221,0.000,0.000,activeTracking,noEvent
6382,11,30,rld,15:21:28.982,69614,0.521,0.017,0.221,0.000,0.000,activeTracking,noEvent
6382,11,30,rld,15:21:29.032,69615,0.577,0.017,0.221,0.000,0.000,activeTracking,noEvent
6382,11,30,rld,15:21:29.085,69616,0.633,0.017,0.221,0.000,0.000,activeTracking,noEvent
6382,11,30,rld,15:21:29.121,69617,0.666,0.017,0.221,0.000,0.000,activeTracking,noEvent
6382,11,30,rld,15:21:29.186,69618,0.732,0.017,0.221,0.000,0.000,activeTracking,noEvent
6382,11,30,rld,15:21:29.220,69619,0.763,0.017,0.221,0.000,0.000,activeTracking,noEvent
6382,11,30,rld,15:21:29.272,69620,0.802,0.017,0.221,0.000,0.000,activeTracking,noEvent
6382,11,30,rld,15:21:29.311,69621,0.855,0.017,0.221,0.000,0.000,activeTracking,noEvent
6382,11,30,rld,15:21:29.350,69622,0.892,0.017,0.221,0.000,0.000,activeTracking,noEvent
6382,11,30,rld,15:21:29.396,69623,0.942,0.017,0.221,0.000,0.000,activeTracking,noEvent
6382,11,30,rld,15:21:29.454,69624,0.987,0.017,0.221,0.000,0.000,activeTracking,noEvent
6382,11,30,rld,15:21:29.497,69625,1.036,0.017,0.221,0.000,0.000,activeTracking,noEvent
6382,11,30,rld,15:21:29.538,69626,1.082,0.017,0.221,0.000,0.000,activeTracking,noEvent
6382,11,30,rld,15:21:29.600,69627,1.146,0.017,0.221,0.000,0.000,activeTracking,noEvent
6382,11,30,rld,15:21:29.654,69628,1.189,0.017,0.221,0.000,0.000,activeTracking,noEvent
6382,11,30,rld,15:21:29.699,69629,1.244,0.017,0.221,0.000,0.000,activeTracking,noEvent
6382,11,30,rld,15:21:29.744,69630,1.282,0.017,0.221,0.000,0.000,activeTracking,noEvent
6382,11,30,rld,15:21:29.798,69631,1.338,0.017,0.221,0.000,0.000,activeTracking,noEvent
6382,11,30,rld,15:21:29.832,69632,1.378,0.017,0.221,0.000,0.000,activeTracking,noEvent
6382,11,30,rld,15:21:29.881,69633,1.422,0.017,0.221,0.000,0.000,activeTracking,noEvent
6382,11,30,rld,15:21:29.919,69634,1.466,0.017,0.221,0.000,0.000,activeTracking,noEvent
6382,11,30,rld,15:21:29.964,69635,1.511,0.017,0.221,0.000,0.000,activeTracking,noEvent
6382,11,30,rld,15:21:30.004,69636,1.551,0.017,0.221,0.000,0.000,activeTracking,noEvent
6382,11,30,rld,15:21:30.048,69637,1.590,0.017,0.221,0.000,0.000,activeTracking,noEvent
6382,11,30,rld,15:21:30.099,69638,1.631,0.017,0.221,0.000,0.000,activeTracking,noEvent
6382,11,30,rld,15:21:30.161,69639,1.702,0.017,0.221,0.000,0.000,activeTracking,noEvent
6382,11,30,rld,15:21:30.213,69640,1.753,0.017,0.221,0.000,0.000,activeTracking,noEvent
6382,11,30,rld,15:21:30.254,69641,1.799,0.017,0.221,0.000,0.000,activeTracking,noEvent
6382,11,30,rld,15:21:30.290,69642,1.830,0.017,0.221,0.000,0.000,activeTracking,noEvent
6382,11,30,rld,15:21:30.334,69643,1.873,0.017,0.221,0.000,0.000,activeTracking,noEvent
6382,11,30,rld,15:21:30.371,69644,1.913,0.017,0.221,0.000,0.000,activeTracking,noEvent
6382,11,30,rld,15:21:30.407,69645,1.953,0.017,0.221,0.000,0.000,activeTracking,noEvent
6382,11,30,rld,15:21:30.439,69646,1.986,0.017,0.221,0.000,0.000,activeTracking,noEvent
6382,11,30,rld,15:21:30.483,69647,2.029,0.017,0.221,0.000,0.000,activeTracking,noEvent
6382,11,30,rld,15:21:30.530,69648,2.073,0.017,0.221,0.000,0.000,activeTracking,noEvent
6382,11,30,rld,15:21:30.567,69649,2.114,0.017,0.221,0.000,0.000,activeTracking,noEvent
6382,11,30,rld,15:21:30.603,69650,2.150,0.017,0.221,0.000,0.000,activeTracking,noEvent
6382,11,30,rld,15:21:30.649,69651,2.194,0.017,0.221,0.000,0.000,activeTracking,noEvent
6382,11,30,rld,15:21:30.693,69652,2.238,0.017,0.221,0.000,0.000,activeTracking,noEvent
6382,11,30,rld,15:21:30.741,69653,2.282,0.017,0.221,0.000,0.000,activeTracking,noEvent
6382,11,30,rld,15:21:30.834,69654,2.332,0.017,0.221,0.000,0.000,activeTracking,noEvent
6382,11,30,rld,15:21:31.003,69655,2.508,1.113,0.212,9.700,-0.100,activeTracking,noEvent
6382,11,30,rld,15:21:31.114,69656,2.637,2.529,0.391,8.900,1.500,activeTracking,noEvent
6382,11,30,rld,15:21:31.220,69657,2.748,3.121,0.398,0.800,-0.500,activeTracking,noEvent
6382,11,30,rld,15:21:31.384,69658,2.914,4.230,0.318,7.000,-0.800,activeTracking,noEvent
6382,11,30,rld,15:21:31.448,69659,2.989,5.510,0.254,6.200,-0.400,activeTracking,noEvent
6382,11,30,rld,15:21:31.534,69660,3.081,6.017,0.220,0.300,-0.100,activeTracking,noEvent
6382,11,30,rld,15:21:31.624,69661,3.152,6.192,0.168,0.000,-0.300,activeTracking,noEvent
6382,11,30,rld,15:21:31.694,69662,3.235,6.218,0.083,-0.200,-0.500,activeTracking,noEvent
6382,11,30,rld,15:21:31.782,69663,3.302,6.180,0.014,-0.300,-0.300,activeTracking,noEvent
6382,11,30,rld,15:21:31.887,69664,3.400,6.088,-0.089,-0.500,-0.600,activeTracking,noEvent
6382,11,30,rld,15:21:31.963,69665,3.500,5.980,-0.162,-0.500,-0.300,activeTracking,noEvent
6382,11,30,rld,15:21:32.033,69666,3.573,5.928,-0.226,-0.100,-0.300,activeTracking,noEvent
6382,11,30,rld,15:21:32.073,69667,3.618,5.911,-0.248,0.000,0.000,activeTracking,noEvent
6382,11,30,rld,15:21:32.132,69668,3.677,5.905,-0.255,0.000,0.000,activeTracking,noEvent
6382,11,30,rld,15:21:32.185,69669,3.722,5.904,-0.257,0.000,0.000,activeTracking,noEvent
6382,11,30,rld,15:21:32.237,69670,3.773,5.903,-0.258,0.000,0.000,activeTracking,noEvent
6382,11,30,rld,15:21:32.304,69671,3.838,5.903,-0.258,0.000,0.000,activeTracking,noEvent
6382,11,30,rld,15:21:32.388,69672,3.920,5.965,-0.232,0.400,0.200,activeTracking,noEvent
6382,11,31,rld,15:21:44.822,69902,0.058,0.118,0.018,0.000,0.000,activeTracking,targetAppeared
6382,11,31,rld,15:21:44.871,69903,0.102,0.118,0.018,0.000,0.000,activeTracking,noEvent
6382,11,31,rld,15:21:44.923,69904,0.159,0.118,0.018,0.000,0.000,activeTracking,noEvent
6382,11,31,rld,15:21:44.965,69905,0.198,0.118,0.018,0.000,0.000,activeTracking,noEvent
6382,11,31,rld,15:21:45.002,69906,0.239,0.118,0.018,0.000,0.000,activeTracking,noEvent
6382,11,31,rld,15:21:45.049,69907,0.282,0.118,0.018,0.000,0.000,activeTracking,noEvent
6382,11,31,rld,15:21:45.094,69908,0.328,0.118,0.018,0.000,0.000,activeTracking,noEvent
6382,11,31,rld,15:21:45.139,69909,0.372,0.118,0.018,0.000,0.000,activeTracking,noEvent
6382,11,31,rld,15:21:45.193,69910,0.424,0.118,0.018,0.000,0.000,activeTracking,noEvent
6382,11,31,rld,15:21:45.233,69911,0.461,0.118,0.018,0.000,0.000,activeTracking,noEvent
6382,11,31,rld,15:21:45.274,69912,0.507,0.118,0.018,0.000,0.000,activeTracking,noEvent
6382,11,31,rld,15:21:45.323,69913,0.551,0.118,0.018,0.000,0.000,activeTracking,noEvent
6382,11,31,rld,15:21:45.372,69914,0.599,0.118,0.018,0.000,0.000,activeTracking,noEvent
6382,11,31,rld,15:21:45.413,69915,0.648,0.118,0.018,0.000,0.000,activeTracking,noEvent
6382,11,31,rld,15:21:45.450,69916,0.685,0.118,0.018,0.000,0.000,activeTracking,noEvent
6382,11,31,rld,15:21:45.501,69917,0.726,0.118,0.018,0.000,0.000,activeTracking,noEvent
6382,11,31,rld,15:21:45.573,69918,0.777,0.118,0.018,0.000,0.000,activeTracking,noEvent
6382,11,31,rld,15:21:45.764,69919,0.953,-1.204,-0.015,-11.700,-0.300,activeTracking,noEvent
6382,11,31,rld,15:21:45.887,69920,1.118,-2.345,-0.025,-5.900,0.000,onTarget,noEvent
6382,11,31,rld,15:21:46.011,69921,1.226,-2.860,-0.051,-1.000,-0.200,onTarget,noEvent
6382,11,31,rld,15:21:46.056,69922,1.287,-3.259,-0.095,-1.800,-0.300,activeTracking,noEvent
6382,11,31,rld,15:21:46.123,69923,1.357,-3.432,-0.110,-0.300,0.000,activeTracking,noEvent
6382,11,31,rld,15:21:46.155,69924,1.390,-3.490,-0.115,0.000,0.000,activeTracking,noEvent
6382,11,31,rld,15:21:46.236,69925,1.460,-3.510,-0.117,0.000,0.000,activeTracking,noEvent
6382,11,31,rld,15:21:46.311,69926,1.542,-3.491,-0.094,0.200,0.200,activeTracking,noEvent
6382,11,31,rld,15:21:46.380,69927,1.599,-3.472,-0.062,0.100,0.200,activeTracking,noEvent
6382,11,31,rld,15:21:46.457,69928,1.670,-3.427,-0.040,0.300,0.100,activeTracking,noEvent
6382,11,31,rld,15:21:46.556,69929,1.769,-3.299,0.003,0.900,0.300,activeTracking,noEvent
6382,11,31,rld,15:21:46.627,69930,1.841,-3.157,0.029,0.800,0.100,activeTracking,noEvent
6382,11,31,rld,15:21:46.673,69931,1.907,-3.085,0.037,0.200,0.000,activeTracking,noEvent
6382,11,31,rld,15:21:46.749,69932,1.978,-3.036,0.040,0.200,0.000,onTarget,noEvent
6382,11,31,rld,15:21:46.818,69933,2.050,-3.008,0.041,0.100,0.000,onTarget,noEvent
6382,11,31,rld,15:21:46.882,69934,2.111,-2.986,0.041,0.100,0.000,onTarget,noEvent
6382,11,31,rld,15:21:46.922,69935,2.157,-2.978,0.041,0.000,0.000,onTarget,noEvent
6382,11,31,rld,15:21:47.000,69936,2.221,-2.976,0.041,0.000,0.000,onTarget,noEvent
6382,11,31,rld,15:21:47.054,69937,2.279,-2.975,0.041,0.000,0.000,onTarget,noEvent
6382,11,31,rld,15:21:47.126,69938,2.344,-2.950,0.029,0.200,-0.100,onTarget,noEvent
6382,11,31,rld,15:21:47.183,69939,2.419,-2.917,0.014,0.200,-0.100,onTarget,noEvent
6382,11,31,rld,15:21:47.233,69940,2.462,-2.894,0.008,0.100,0.000,onTarget,noEvent
6382,11,31,rld,15:21:47.281,69941,2.509,-2.874,0.007,0.100,0.000,onTarget,noEvent
6382,11,31,rld,15:21:47.329,69942,2.560,-2.868,0.006,0.000,0.000,onTarget,noEvent
6382,11,31,rld,15:21:47.394,69943,2.610,-2.865,0.006,0.000,0.000,onTarget,noEvent
6382,11,31,rld,15:21:47.437,69944,2.671,-2.865,0.006,0.000,0.000,onTarget,noEvent
6382,11,31,rld,15:21:47.472,69945,2.704,-2.864,0.006,0.000,0.000,onTarget,noEvent
6382,11,31,rld,15:21:47.555,69946,2.777,-2.864,0.006,0.000,0.000,onTarget,targetClick
6382,11,32,rld,15:21:50.633,69998,2.857,0.118,0.187,0.000,0.000,waitingForTarget,middleTargetClick
6382,11,32,rld,15:21:50.693,69999,2.911,0.118,0.187,0.000,0.000,waitingForTarget,noEvent
6382,11,32,rld,15:21:50.734,70000,2.960,0.129,0.187,0.100,0.000,waitingForTarget,noEvent
6382,11,32,rld,15:21:50.832,70001,3.057,0.144,0.187,0.100,0.000,waitingForTarget,noEvent
6382,11,32,rld,15:21:50.880,70002,3.107,0.149,0.187,0.000,0.000,waitingForTarget,noEvent
6382,11,32,rld,15:21:50.925,70003,3.144,0.151,0.187,0.000,0.000,waitingForTarget,noEvent
6382,11,32,rld,15:21:50.966,70004,3.190,0.152,0.187,0.000,0.000,waitingForTarget,noEvent
6382,11,32,rld,15:21:50.994,70005,3.221,0.152,0.187,0.000,0.000,waitingForTarget,noEvent
6382,11,32,rld,15:21:51.050,70006,3.273,0.152,0.187,0.000,0.000,waitingForTarget,noEvent
6382,11,32,rld,15:21:51.105,70007,0.059,0.152,0.187,0.000,0.000,activeTracking,targetAppeared
6382,11,32,rld,15:21:51.149,70008,0.099,0.152,0.187,0.000,0.000,activeTracking,noEvent
6382,11,32,rld,15:21:51.198,70009,0.150,0.152,0.187,0.000,0.000,activeTracking,noEvent
6382,11,32,rld,15:21:51.229,70010,0.179,0.152,0.187,0.000,0.000,activeTracking,noEvent
6382,11,32,rld,15:21:51.270,70011,0.221,0.152,0.187,0.000,0.000,activeTracking,noEvent
6382,11,32,rld,15:21:51.300,70012,0.254,0.152,0.187,0.000,0.000,activeTracking,noEvent
6382,11,32,rld,15:21:51.351,70013,0.304,0.152,0.187,0.000,0.000,activeTracking,noEvent
6382,11,32,rld,15:21:51.385,70014,0.339,0.152,0.187,0.000,0.000,activeTracking,noEvent
6382,11,32,rld,15:21:51.431,70015,0.378,0.152,0.187,0.000,0.000,activeTracking,noEvent
6382,11,32,rld,15:21:51.480,70016,0.428,0.152,0.187,0.000,0.000,activeTracking,noEvent
6382,11,32,rld,15:21:51.522,70017,0.469,0.152,0.187,0.000,0.000,activeTracking,noEvent
6382,11,32,rld,15:21:51.571,70018,0.519,0.152,0.187,0.000,0.000,activeTracking,noEvent
6382,11,32,rld,15:21:51.612,70019,0.559,0.152,0.187,0.000,0.000,activeTracking,noEvent
6382,11,32,rld,15:21:51.683,70020,0.625,0.152,0.187,0.000,0.000,activeTracking,noEvent
6382,11,32,rld,15:21:51.832,70021,0.725,0.377,0.232,2.000,0.400,activeTracking,noEvent
6382,11,32,rld,15:21:51.967,70022,0.895,1.269,0.478,7.200,2.000,activeTracking,noEvent
6382,11,32,rld,15:21:52.062,70023,0.995,1.698,0.563,1.100,0.000,activeTracking,noEvent
6382,11,32,rld,15:21:52.140,70024,1.087,1.959,0.594,1.000,0.000,activeTracking,noEvent
6382,11,32,rld,15:21:52.221,70025,1.168,2.094,0.605,0.400,0.000,activeTracking,noEvent
6382,11,32,rld,15:21:52.277,70026,1.226,2.151,0.609,0.100,0.000,activeTracking,noEvent
6382,11,32,rld,15:21:52.346,70027,1.287,2.170,0.610,0.000,0.000,activeTracking,noEvent
6382,11,32,rld,15:21:52.398,70028,1.340,2.176,0.599,0.000,-0.100,activeTracking,noEvent
6382,11,32,rld,15:21:52.460,70029,1.403,2.178,0.583,0.000,-0.100,activeTracking,noEvent
6382,11,32,rld,15:21:52.502,70030,1.455,2.179,0.578,0.000,0.000,activeTracking,noEvent
6382,11,32,rld,15:21:52.554,70031,1.506,2.179,0.565,0.000,-0.100,activeTracking,noEvent
6382,11,32,rld,15:21:52.642,70032,1.581,2.179,0.537,0.000,-0.200,activeTracking,noEvent
6382,11,32,rld,15:21:52.689,70033,1.637,2.179,0.517,0.000,-0.100,activeTracking,noEvent
6382,11,32,rld,15:21:52.751,70034,1.695,2.179,0.487,0.000,-0.200,activeTracking,noEvent
6382,11,32,rld,15:21:52.838,70035,1.774,2.179,0.453,0.000,-0.200,activeTracking,noEvent
6382,11,32,rld,15:21:52.902,70036,1.838,2.179,0.419,0.000,-0.200,activeTracking,noEvent
6382,11,32,rld,15:21:52.982,70037,1.927,2.203,0.397,0.200,-0.100,activeTracking,noEvent
6382,11,32,rld,15:21:53.088,70038,2.036,2.306,0.344,0.800,-0.400,activeTracking,noEvent
6382,11,32,rld,15:21:53.151,70039,2.099,2.424,0.315,0.700,-0.100,activeTracking,noEvent
6382,11,32,rld,15:21:53.196,70040,2.148,2.475,0.306,0.100,0.000,activeTracking,noEvent
6382,11,32,rld,15:21:53.299,70041,2.240,2.589,0.304,0.800,0.000,onTarget,noEvent
6382,11,32,rld,15:21:53.365,70042,2.295,2.687,0.304,0.500,0.000,onTarget,noEvent
6382,11,32,rld,15:21:53.428,70043,2.381,2.769,0.304,0.400,0.000,onTarget,noEvent
6382,11,32,rld,15:21:53.482,70044,2.427,2.796,0.304,0.000,0.000,onTarget,noEvent
6382,11,32,rld,15:21:53.549,70045,2.489,2.805,0.281,0.000,-0.200,onTarget,noEvent
6382,11,32,rld,15:21:53.605,70046,2.544,2.808,0.250,0.000,-0.200,onTarget,noEvent
6382,11,32,rld,15:21:53.653,70047,2.606,2.809,0.239,0.000,0.000,onTarget,noEvent
6382,11,32,rld,15:21:53.721,70048,2.661,2.809,0.236,0.000,0.000,onTarget,noEvent
6382,11,32,rld,15:21:53.779,70049,2.729,2.797,0.223,-0.100,-0.100,onTarget,noEvent
6382,11,32,rld,15:21:53.848,70050,2.799,2.793,0.218,0.000,0.000,onTarget,noEvent
6382,11,32,rld,15:21:53.893,70051,2.844,2.792,0.217,0.000,0.000,onTarget,noEvent
6382,11,32,rld,15:21:53.953,70052,2.904,2.791,0.217,0.000,0.000,onTarget,noEvent
6382,11,32,rld,15:21:54.034,70053,2.961,2.791,0.216,0.000,0.000,onTarget,noEvent
6382,11,32,rld,15:21:54.106,70054,3.050,2.779,0.204,-0.100,-0.100,onTarget,noEvent
6382,11,32,rld,15:21:54.181,70055,3.114,2.775,0.189,0.000,-0.100,onTarget,noEvent
6382,11,32,rld,15:21:54.228,70056,3.181,2.761,0.172,-0.100,-0.100,onTarget,noEvent
6382,11,32,rld,15:21:54.267,70057,3.217,2.757,0.166,0.000,0.000,onTarget,noEvent
6382,11,32,rld,15:21:54.346,70058,3.295,2.743,0.176,-0.100,0.100,onTarget,noEvent
6382,11,32,rld,15:21:54.398,70059,3.341,2.739,0.179,0.000,0.000,onTarget,noEvent
6382,11,32,rld,15:21:54.434,70060,3.386,2.737,0.180,0.000,0.000,onTarget,noEvent
6382,11,32,rld,15:21:54.478,70061,3.426,2.737,0.181,0.000,0.000,onTarget,noEvent
6382,11,32,rld,15:21:54.532,70062,3.475,2.736,0.181,0.000,0.000,onTarget,noEvent
6382,11,32,rld,15:21:54.569,70063,3.518,2.736,0.181,0.000,0.000,onTarget,noEvent
6382,11,32,rld,15:21:54.612,70064,3.561,2.736,0.181,0.000,0.000,onTarget,noEvent
6382,11,32,rld,15:21:54.664,70065,3.616,2.736,0.181,0.000,0.000,onTarget,noEvent
6382,11,32,rld,15:21:54.737,70066,3.686,2.736,0.181,0.000,0.000,onTarget,noEvent
6382,11,32,rld,15:21:54.789,70067,3.727,2.736,0.181,0.000,0.000,onTarget,noEvent
6382,11,32,rld,15:21:54.859,70068,3.788,2.736,0.181,0.000,0.000,onTarget,noEvent
6382,11,32,rld,15:21:54.915,70069,3.859,2.736,0.181,0.000,0.000,onTarget,targetClick
6382,11,33,rld,15:21:58.633,70134,3.920,-0.186,-0.100,0.000,0.000,waitingForTarget,middleTargetClick
6382,11,33,rld,15:21:58.693,70135,3.988,-0.186,-0.100,0.000,0.000,waitingForTarget,noEvent
6382,11,33,rld,15:21:59.084,70144,0.035,-0.186,-0.100,0.000,0.000,activeTracking,targetAppeared
6382,11,33,rld,15:21:59.118,70145,0.070,-0.186,-0.100,0.000,0.000,activeTracking,noEvent
6382,11,33,rld,15:21:59.150,70146,0.104,-0.186,-0.100,0.000,0.000,activeTracking,noEvent
6382,11,33,rld,15:21:59.200,70147,0.150,-0.186,-0.100,0.000,0.000,activeTracking,noEvent
6382,11,33,rld,15:21:59.242,70148,0.196,-0.186,-0.100,0.000,0.000,activeTracking,noEvent
6382,11,33,rld,15:21:59.281,70149,0.229,-0.186,-0.100,0.000,0.000,activeTracking,noEvent
6382,11,33,rld,15:21:59.322,70150,0.270,-0.186,-0.100,0.000,0.000,activeTracking,noEvent
6382,11,33,rld,15:21:59.362,70151,0.309,-0.186,-0.100,0.000,0.000,activeTracking,noEvent
6382,11,33,rld,15:21:59.397,70152,0.350,-0.186,-0.100,0.000,0.000,activeTracking,noEvent
6382,11,33,rld,15:21:59.432,70153,0.387,-0.186,-0.100,0.000,0.000,activeTracking,noEvent
6382,11,33,rld,15:21:59.474,70154,0.427,-0.186,-0.100,0.000,0.000,activeTracking,noEvent
6382,11,33,rld,15:21:59.519,70155,0.472,-0.186,-0.100,0.000,0.000,activeTracking,noEvent
6382,11,33,rld,15:21:59.569,70156,0.521,-0.186,-0.100,0.000,0.000,activeTracking,noEvent
6382,11,33,rld,15:21:59.622,70157,0.576,-0.186,-0.100,0.000,0.000,activeTracking,noEvent
6382,11,33,rld,15:21:59.675,70158,0.626,-0.186,-0.100,0.000,0.000,activeTracking,noEvent
6382,11,33,rld,15:21:59.920,70159,0.861,1.445,0.790,14.400,7.800,activeTracking,noEvent
6382,11,33,rld,15:21:59.984,70160,0.926,2.073,1.126,0.600,0.200,activeTracking,noEvent
6382,11,33,rld,15:22:00.033,70161,0.988,2.298,1.242,0.100,0.000,activeTracking,noEvent
6382,11,33,rld,15:22:00.113,70162,1.059,2.397,1.282,0.200,0.000,activeTracking,noEvent
6382,11,33,rld,15:22:00.176,70163,1.124,2.478,1.285,0.400,-0.100,activeTracking,noEvent
6382,11,33,rld,15:22:00.252,70164,1.199,2.529,1.287,0.200,0.000,activeTracking,noEvent
6382,11,33,rld,15:22:00.310,70165,1.259,2.558,1.288,0.100,0.000,activeTracking,noEvent
6382,11,33,rld,15:22:00.387,70166,1.316,2.592,1.265,0.200,-0.200,activeTracking,noEvent
6382,11,33,rld,15:22:00.464,70167,1.412,2.616,1.199,0.100,-0.500,activeTracking,noEvent
6382,11,33,rld,15:22:00.552,70168,1.484,2.623,1.153,0.000,-0.200,activeTracking,noEvent
6382,11,33,rld,15:22:00.633,70169,1.575,2.650,1.021,0.200,-1.000,activeTracking,noEvent
6382,11,33,rld,15:22:00.723,70170,1.670,2.659,0.917,0.000,-0.500,activeTracking,noEvent
6382,11,33,rld,15:22:00.777,70171,1.720,2.662,0.859,0.000,-0.200,activeTracking,noEvent
6382,11,33,rld,15:22:00.870,70172,1.819,2.663,0.793,0.000,-0.400,activeTracking,noEvent
6382,11,33,rld,15:22:00.961,70173,1.895,2.663,0.712,0.000,-0.500,activeTracking,noEvent
6382,11,33,rld,15:22:01.004,70174,1.957,2.664,0.662,0.000,-0.200,activeTracking,noEvent
6382,11,33,rld,15:22:01.047,70175,1.998,2.664,0.645,0.000,0.000,activeTracking,noEvent
6382,11,33,rld,15:22:01.094,70176,2.048,2.664,0.639,0.000,0.000,activeTracking,noEvent
6382,11,33,rld,15:22:01.152,70177,2.105,2.664,0.614,0.000,-0.200,activeTracking,noEvent
6382,11,33,rld,15:22:01.254,70178,2.186,2.676,0.535,0.100,-0.600,activeTracking,noEvent
6382,11,33,rld,15:22:01.316,70179,2.262,2.680,0.474,0.000,-0.300,activeTracking,noEvent
6382,11,33,rld,15:22:01.373,70180,2.319,2.681,0.442,0.000,-0.100,activeTracking,noEvent
6382,11,33,rld,15:22:01.425,70181,2.377,2.682,0.431,0.000,0.000,activeTracking,noEvent
6382,11,33,rld,15:22:01.464,70182,2.417,2.682,0.416,0.000,-0.100,activeTracking,noEvent
6382,11,33,rld,15:22:01.514,70183,2.460,2.682,0.411,0.000,0.000,activeTracking,noEvent
6382,11,33,rld,15:22:01.583,70184,2.535,2.682,0.409,0.000,0.000,activeTracking,noEvent
6382,11,33,rld,15:22:01.639,70185,2.581,2.682,0.409,0.000,0.000,activeTracking,noEvent
6382,11,33,rld,15:22:01.712,70186,2.651,2.682,0.385,0.000,-0.200,activeTracking,noEvent
6382,11,33,rld,15:22:01.803,70187,2.735,2.682,0.342,0.000,-0.300,onTarget,noEvent
6382,11,33,rld,15:22:01.847,70188,2.796,2.682,0.328,0.000,0.000,onTarget,noEvent
6382,11,33,rld,15:22:01.888,70189,2.837,2.682,0.323,0.000,0.000,onTarget,noEvent
6382,11,33,rld,15:22:01.932,70190,2.880,2.682,0.321,0.000,0.000,onTarget,noEvent
6382,11,33,rld,15:22:02.000,70191,2.951,2.682,0.321,0.000,0.000,onTarget,noEvent
6382,11,33,rld,15:22:02.060,70192,3.006,2.682,0.321,0.000,0.000,onTarget,noEvent
6382,11,33,rld,15:22:02.118,70193,3.071,2.682,0.309,0.000,-0.100,onTarget,noEvent
6382,11,33,rld,15:22:02.197,70194,3.127,2.682,0.305,0.000,0.000,onTarget,noEvent
6382,11,33,rld,15:22:02.254,70195,3.207,2.694,0.280,0.100,-0.200,onTarget,noEvent
6382,11,33,rld,15:22:02.332,70196,3.270,2.710,0.249,0.100,-0.200,onTarget,noEvent
6382,11,33,rld,15:22:02.418,70197,3.368,2.740,0.192,0.200,-0.400,onTarget,noEvent
6382,11,33,rld,15:22:02.490,70198,3.425,2.750,0.149,0.000,-0.200,onTarget,noEvent
6382,11,33,rld,15:22:02.534,70199,3.487,2.765,0.124,0.100,-0.100,onTarget,noEvent
6382,11,33,rld,15:22:02.592,70200,3.532,2.770,0.115,0.000,0.000,onTarget,noEvent
6382,11,33,rld,15:22:02.631,70201,3.570,2.772,0.112,0.000,0.000,onTarget,noEvent
6382,11,33,rld,15:22:02.674,70202,3.619,2.773,0.111,0.000,0.000,onTarget,noEvent
6382,11,33,rld,15:22:02.736,70203,3.689,2.773,0.111,0.000,0.000,onTarget,noEvent
6382,11,33,rld,15:22:02.762,70204,3.716,2.773,0.111,0.000,0.000,onTarget,noEvent
6382,11,33,rld,15:22:02.838,70205,3.789,2.773,0.111,0.000,0.000,onTarget,noEvent
6382,11,33,rld,15:22:02.882,70206,3.836,2.773,0.111,0.000,0.000,onTarget,noEvent
6382,11,33,rld,15:22:02.931,70207,3.878,2.773,0.111,0.000,0.000,onTarget,noEvent
6382,11,33,rld,15:22:02.969,70208,3.919,2.773,0.111,0.000,0.000,onTarget,noEvent
6382,11,33,rld,15:22:03.012,70209,3.958,2.773,0.111,0.000,0.000,onTarget,noEvent
6382,11,34,rld,15:22:09.724,70323,0.045,-0.152,-0.066,0.000,0.000,activeTracking,targetAppeared
6382,11,34,rld,15:22:09.771,70324,0.097,-0.152,-0.066,0.000,0.000,activeTracking,noEvent
6382,11,34,rld,15:22:09.833,70325,0.152,-0.152,-0.066,0.000,0.000,activeTracking,noEvent
6382,11,34,rld,15:22:09.887,70326,0.203,-0.152,-0.066,0.000,0.000,activeTracking,noEvent
6382,11,34,rld,15:22:09.931,70327,0.250,-0.152,-0.066,0.000,0.000,activeTracking,noEvent
6382,11,34,rld,15:22:09.965,70328,0.291,-0.152,-0.066,0.000,0.000,activeTracking,noEvent
6382,11,34,rld,15:22:10.005,70329,0.332,-0.152,-0.066,0.000,0.000,activeTracking,noEvent
6382,11,34,rld,15:22:10.061,70330,0.383,-0.152,-0.066,0.000,0.000,activeTracking,noEvent
6382,11,34,rld,15:22:10.103,70331,0.423,-0.152,-0.066,0.000,0.000,activeTracking,noEvent
6382,11,34,rld,15:22:10.152,70332,0.478,-0.152,-0.066,0.000,0.000,activeTracking,noEvent
6382,11,34,rld,15:22:10.202,70333,0.526,-0.152,-0.066,0.000,0.000,activeTracking,noEvent
6382,11,34,rld,15:22:10.268,70334,0.584,-0.152,-0.066,0.000,0.000,activeTracking,noEvent
6382,11,34,rld,15:22:10.451,70335,0.760,1.353,0.446,13.300,4.500,activeTracking,noEvent
6382,11,34,rld,15:22:10.531,70336,0.852,2.278,0.699,3.500,0.600,activeTracking,noEvent
6382,11,34,rld,15:22:10.635,70337,0.946,2.679,0.790,0.700,0.000,activeTracking,noEvent
6382,11,34,rld,15:22:10.800,70338,1.116,3.011,0.790,1.600,-0.300,activeTracking,noEvent
6382,11,34,rld,15:22:10.875,70339,1.202,3.148,0.791,0.200,0.000,activeTracking,noEvent
6382,11,34,rld,15:22:10.922,70340,1.247,3.206,0.792,0.100,0.000,activeTracking,noEvent
6382,11,34,rld,15:22:10.967,70341,1.295,3.226,0.792,0.000,0.000,activeTracking,noEvent
6382,11,34,rld,15:22:11.037,70342,1.361,3.232,0.768,0.000,-0.200,activeTracking,noEvent
6382,11,34,rld,15:22:11.117,70343,1.433,3.234,0.712,0.000,-0.400,activeTracking,noEvent
6382,11,34,rld,15:22:11.171,70344,1.492,3.235,0.670,0.000,-0.200,activeTracking,noEvent
6382,11,34,rld,15:22:11.267,70345,1.575,3.210,0.608,-0.200,-0.400,activeTracking,noEvent
6382,11,34,rld,15:22:11.338,70346,1.657,3.177,0.539,-0.200,-0.400,activeTracking,noEvent
6382,11,34,rld,15:22:11.395,70347,1.721,3.141,0.504,-0.200,-0.100,activeTracking,noEvent
6382,11,34,rld,15:22:11.449,70348,1.777,3.129,0.468,0.000,-0.200,activeTracking,noEvent
6382,11,34,rld,15:22:11.522,70349,1.845,3.125,0.421,0.000,-0.300,activeTracking,noEvent
6382,11,34,rld,15:22:11.572,70350,1.895,3.124,0.381,0.000,-0.200,activeTracking,noEvent
6382,11,34,rld,15:22:11.627,70351,1.956,3.124,0.356,0.000,-0.100,activeTracking,noEvent
6382,11,34,rld,15:22:11.688,70352,1.998,3.123,0.348,0.000,0.000,activeTracking,noEvent
6382,11,34,rld,15:22:11.765,70353,2.082,3.099,0.321,-0.200,-0.200,activeTracking,noEvent
6382,11,34,rld,15:22:11.859,70354,2.167,3.053,0.288,-0.300,-0.200,activeTracking,noEvent
6382,11,34,rld,15:22:11.933,70355,2.249,3.001,0.253,-0.300,-0.200,activeTracking,noEvent
6382,11,34,rld,15:22:12.001,70356,2.327,2.959,0.218,-0.200,-0.200,onTarget,noEvent
6382,11,34,rld,15:22:12.074,70357,2.396,2.920,0.159,-0.200,-0.400,onTarget,noEvent
6382,11,34,rld,15:22:12.165,70358,2.481,2.846,0.092,-0.500,-0.400,onTarget,noEvent
6382,11,34,rld,15:22:12.235,70359,2.544,2.797,0.057,-0.200,-0.100,onTarget,noEvent
6382,11,34,rld,15:22:12.282,70360,2.602,2.757,0.046,-0.200,0.000,onTarget,noEvent
6382,11,34,rld,15:22:12.330,70361,2.653,2.743,0.031,0.000,-0.100,onTarget,noEvent
6382,11,34,rld,15:22:12.380,70362,2.705,2.739,0.014,0.000,-0.100,onTarget,noEvent
6382,11,34,rld,15:22:12.451,70363,2.775,2.737,-0.015,0.000,-0.200,onTarget,noEvent
6382,11,34,rld,15:22:12.509,70364,2.834,2.737,-0.048,0.000,-0.200,onTarget,noEvent
6382,11,34,rld,15:22:12.555,70365,2.880,2.736,-0.059,0.000,0.000,onTarget,noEvent
6382,11,34,rld,15:22:12.596,70366,2.921,2.736,-0.063,0.000,0.000,onTarget,noEvent
6382,11,34,rld,15:22:12.655,70367,2.976,2.736,-0.064,0.000,0.000,onTarget,noEvent
6382,11,34,rld,15:22:12.703,70368,3.026,2.736,-0.065,0.000,0.000,onTarget,noEvent
6382,11,34,rld,15:22:12.810,70369,3.132,2.736,0.005,0.000,0.600,onTarget,noEvent
6382,11,34,rld,15:22:12.852,70370,3.175,2.736,0.029,0.000,0.000,onTarget,noEvent
6382,11,34,rld,15:22:12.915,70371,3.233,2.736,0.036,0.000,0.000,onTarget,targetClick
6382,11,35,rld,15:22:16.162,70422,3.305,-0.170,-0.101,0.000,0.000,waitingForTarget,middleTargetClick
6382,11,35,rld,15:22:16.213,70423,3.360,-0.169,-0.100,0.000,0.000,waitingForTarget,noEvent
6382,11,35,rld,15:22:16.243,70424,3.388,-0.169,-0.100,0.000,0.000,waitingForTarget,noEvent
6382,11,35,rld,15:22:16.332,70425,3.480,-0.169,-0.100,0.000,0.000,waitingForTarget,noEvent
6382,11,35,rld,15:22:16.370,70426,3.519,-0.169,-0.100,0.000,0.000,waitingForTarget,noEvent
6382,11,35,rld,15:22:16.403,70427,3.551,-0.169,-0.100,0.000,0.000,waitingForTarget,noEvent
6382,11,35,rld,15:22:16.469,70428,3.614,-0.169,-0.100,0.000,0.000,waitingForTarget,noEvent
6382,11,35,rld,15:22:16.514,70429,3.655,-0.169,-0.100,0.000,0.000,waitingForTarget,noEvent
6382,11,35,rld,15:22:16.545,70430,3.687,-0.169,-0.100,0.000,0.000,waitingForTarget,noEvent
6382,11,35,rld,15:22:16.602,70431,3.734,-0.169,-0.100,0.000,0.000,waitingForTarget,noEvent
6382,11,35,rld,15:22:16.638,70432,0.051,-0.169,-0.100,0.000,0.000,activeTracking,targetAppeared
6382,11,35,rld,15:22:16.693,70433,0.107,-0.169,-0.100,0.000,0.000,activeTracking,noEvent
6382,11,35,rld,15:22:16.741,70434,0.152,-0.169,-0.100,0.000,0.000,activeTracking,noEvent
6382,11,35,rld,15:22:16.773,70435,0.186,-0.169,-0.100,0.000,0.000,activeTracking,noEvent
6382,11,35,rld,15:22:16.831,70436,0.241,-0.169,-0.100,0.000,0.000,activeTracking,noEvent
6382,11,35,rld,15:22:16.879,70437,0.286,-0.169,-0.100,0.000,0.000,activeTracking,noEvent
6382,11,35,rld,15:22:16.899,70438,0.313,-0.169,-0.100,0.000,0.000,activeTracking,noEvent
6382,11,35,rld,15:22:16.942,70439,0.351,-0.169,-0.100,0.000,0.000,activeTracking,noEvent
6382,11,35,rld,15:22:16.971,70440,0.384,-0.169,-0.100,0.000,0.000,activeTracking,noEvent
6382,11,35,rld,15:22:17.005,70441,0.419,-0.169,-0.100,0.000,0.000,activeTracking,noEvent
6382,11,35,rld,15:22:17.070,70442,0.481,-0.169,-0.100,0.000,0.000,activeTracking,noEvent
6382,11,35,rld,15:22:17.102,70443,0.517,-0.169,-0.100,0.000,0.000,activeTracking,noEvent
6382,11,35,rld,15:22:17.174,70444,0.586,-0.169,-0.100,0.000,0.000,activeTracking,noEvent
6382,11,35,rld,15:22:17.302,70445,0.644,-0.169,-0.100,0.000,0.000,activeTracking,noEvent
6382,11,35,rld,15:22:17.423,70446,0.808,-0.801,-0.168,-5.600,-0.600,activeTracking,noEvent
6382,11,35,rld,15:22:17.538,70447,0.899,-1.092,-0.191,-0.700,0.000,activeTracking,noEvent
6382,11,35,rld,15:22:17.633,70448,1.027,-1.453,-0.164,-2.300,0.300,activeTracking,noEvent
6382,11,35,rld,15:22:17.691,70449,1.102,-1.609,-0.144,-0.300,0.100,activeTracking,noEvent
6382,11,35,rld,15:22:17.763,70450,1.154,-1.673,-0.115,-0.100,0.200,activeTracking,noEvent
6382,11,35,rld,15:22:17.819,70451,1.232,-1.694,-0.082,0.000,0.200,activeTracking,noEvent
6382,11,35,rld,15:22:17.863,70452,1.278,-1.701,-0.060,0.000,0.100,activeTracking,noEvent
6382,11,35,rld,15:22:17.952,70453,1.352,-1.704,-0.029,0.000,0.200,activeTracking,noEvent
6382,11,35,rld,15:22:18.035,70454,1.421,-1.716,0.015,-0.100,0.300,activeTracking,noEvent
6382,11,35,rld,15:22:18.148,70455,1.537,-1.954,0.134,-2.000,0.900,activeTracking,noEvent
6382,11,35,rld,15:22:18.218,70456,1.620,-2.104,0.185,-0.600,0.100,activeTracking,noEvent
6382,11,35,rld,15:22:18.282,70457,1.687,-2.178,0.203,-0.200,0.000,activeTracking,noEvent
6382,11,35,rld,15:22:18.395,70458,1.788,-2.393,0.175,-1.600,-0.300,onTarget,noEvent
6382,11,35,rld,15:22:18.475,70459,1.875,-2.585,0.155,-1.000,-0.100,onTarget,noEvent
6382,11,35,rld,15:22:18.531,70460,1.945,-2.686,0.149,-0.300,0.000,onTarget,noEvent
6382,11,35,rld,15:22:18.584,70461,1.998,-2.732,0.147,-0.100,0.000,onTarget,noEvent
6382,11,35,rld,15:22:18.634,70462,2.037,-2.747,0.134,0.000,-0.100,onTarget,noEvent
6382,11,35,rld,15:22:18.701,70463,2.116,-2.740,0.107,0.100,-0.200,onTarget,noEvent
6382,11,35,rld,15:22:18.793,70464,2.195,-2.737,0.086,0.000,-0.100,onTarget,noEvent
6382,11,35,rld,15:22:18.836,70465,2.249,-2.737,0.067,0.000,-0.100,onTarget,noEvent
6382,11,35,rld,15:22:18.879,70466,2.293,-2.736,0.061,0.000,0.000,onTarget,noEvent
6382,11,35,rld,15:22:18.949,70467,2.357,-2.736,0.059,0.000,0.000,onTarget,noEvent
6382,11,35,rld,15:22:18.997,70468,2.400,-2.736,0.058,0.000,0.000,onTarget,noEvent
6382,11,35,rld,15:22:19.069,70469,2.481,-2.724,0.058,0.100,0.000,onTarget,noEvent
6382,11,35,rld,15:22:19.133,70470,2.546,-2.720,0.058,0.000,0.000,onTarget,targetClick
6382,11,36,rld,15:22:21.753,70508,2.638,-0.034,0.103,0.000,0.000,waitingForTarget,middleTargetClick
6382,11,36,rld,15:22:21.833,70509,2.714,-0.034,0.103,0.000,0.000,waitingForTarget,noEvent
6382,11,36,rld,15:22:21.885,70510,2.773,-0.034,0.103,0.000,0.000,waitingForTarget,noEvent
6382,11,36,rld,15:22:21.943,70511,2.824,-0.034,0.103,0.000,0.000,waitingForTarget,noEvent
6382,11,36,rld,15:22:21.980,70512,2.868,-0.034,0.103,0.000,0.000,waitingForTarget,noEvent
6382,11,36,rld,15:22:22.031,70513,2.919,-0.034,0.103,0.000,0.000,waitingForTarget,noEvent
6382,11,36,rld,15:22:22.083,70514,2.963,-0.034,0.103,0.000,0.000,waitingForTarget,noEvent
6382,11,36,rld,15:22:22.120,70515,3.003,-0.034,0.103,0.000,0.000,waitingForTarget,noEvent
6382,11,36,rld,15:22:22.168,70516,3.051,-0.034,0.103,0.000,0.000,waitingForTarget,noEvent
6382,11,36,rld,15:22:22.220,70517,0.051,-0.034,0.103,0.000,0.000,activeTracking,targetAppeared
6382,11,36,rld,15:22:22.261,70518,0.092,-0.034,0.103,0.000,0.000,activeTracking,noEvent
6382,11,36,rld,15:22:22.304,70519,0.138,-0.034,0.103,0.000,0.000,activeTracking,noEvent
6382,11,36,rld,15:22:22.362,70520,0.188,-0.034,0.103,0.000,0.000,activeTracking,noEvent
6382,11,36,rld,15:22:22.400,70521,0.232,-0.034,0.103,0.000,0.000,activeTracking,noEvent
6382,11,36,rld,15:22:22.435,70522,0.273,-0.034,0.103,0.000,0.000,activeTracking,noEvent
6382,11,36,rld,15:22:22.485,70523,0.322,-0.034,0.103,0.000,0.000,activeTracking,noEvent
6382,11,36,rld,15:22:22.529,70524,0.367,-0.034,0.103,0.000,0.000,activeTracking,noEvent
6382,11,36,rld,15:22:22.570,70525,0.404,-0.034,0.103,0.000,0.000,activeTracking,noEvent
6382,11,36,rld,15:22:22.634,70526,0.461,-0.034,0.103,0.000,0.000,activeTracking,noEvent
6382,11,36,rld,15:22:22.670,70527,0.506,-0.034,0.103,0.000,0.000,activeTracking,noEvent
6382,11,36,rld,15:22:22.728,70528,0.552,-0.034,0.103,0.000,0.000,activeTracking,noEvent
6382,11,36,rld,15:22:22.753,70529,0.590,-0.034,0.103,0.000,0.000,activeTracking,noEvent
6382,11,36,rld,15:22:22.825,70530,0.659,-0.034,0.103,0.000,0.000,activeTracking,noEvent
6382,11,36,rld,15:22:22.869,70531,0.705,-0.034,0.103,0.000,0.000,activeTracking,noEvent
6382,11,36,rld,15:22:23.002,70532,0.820,0.586,0.283,5.500,1.600,activeTracking,noEvent
6382,11,36,rld,15:22:23.142,70533,0.951,1.283,0.552,4.300,1.800,activeTracking,noEvent
6382,11,36,rld,15:22:23.269,70534,1.069,1.819,0.693,2.600,0.400,activeTracking,noEvent
6382,11,36,rld,15:22:23.335,70535,1.171,2.106,0.743,0.900,0.000,activeTracking,noEvent
6382,11,36,rld,15:22:23.448,70536,1.275,2.249,0.761,0.400,0.000,activeTracking,noEvent
6382,11,36,rld,15:22:23.515,70537,1.344,2.381,0.734,0.700,-0.300,activeTracking,noEvent
6382,11,36,rld,15:22:23.630,70538,1.414,2.449,0.702,0.200,-0.200,activeTracking,noEvent
6382,11,36,rld,15:22:23.733,70539,1.561,2.616,0.612,1.200,-0.700,activeTracking,noEvent
6382,11,36,rld,15:22:23.818,70540,1.644,2.684,0.535,0.100,-0.400,activeTracking,noEvent
6382,11,36,rld,15:22:23.912,70541,1.723,2.731,0.463,0.200,-0.400,activeTracking,noEvent
6382,11,36,rld,15:22:23.982,70542,1.815,2.759,0.392,0.100,-0.400,activeTracking,noEvent
6382,11,36,rld,15:22:24.067,70543,1.897,2.768,0.345,0.000,-0.200,activeTracking,noEvent
6382,11,36,rld,15:22:24.164,70544,1.991,2.808,0.259,0.300,-0.600,onTarget,noEvent
6382,11,36,rld,15:22:24.250,70545,2.076,2.846,0.172,0.200,-0.500,onTarget,noEvent
6382,11,36,rld,15:22:24.300,70546,2.126,2.858,0.132,0.000,-0.100,onTarget,noEvent
6382,11,36,rld,15:22:24.349,70547,2.186,2.862,0.106,0.000,-0.100,onTarget,noEvent
6382,11,36,rld,15:22:24.403,70548,2.239,2.864,0.086,0.000,-0.100,onTarget,noEvent
6382,11,36,rld,15:22:24.454,70549,2.292,2.864,0.079,0.000,0.000,onTarget,noEvent
6382,11,36,rld,15:22:24.498,70550,2.334,2.864,0.077,0.000,0.000,onTarget,noEvent
6382,11,36,rld,15:22:24.566,70551,2.392,2.864,0.076,0.000,0.000,onTarget,noEvent
6382,11,36,rld,15:22:24.631,70552,2.457,2.864,0.076,0.000,0.000,onTarget,noEvent
6382,11,36,rld,15:22:24.673,70553,2.509,2.864,0.076,0.000,0.000,onTarget,noEvent
6382,11,36,rld,15:22:24.735,70554,2.559,2.864,0.076,0.000,0.000,onTarget,noEvent
6382,11,36,rld,15:22:24.791,70555,2.620,2.864,0.076,0.000,0.000,onTarget,noEvent
6382,11,36,rld,15:22:24.851,70556,2.682,2.864,0.076,0.000,0.000,onTarget,noEvent
6382,11,36,rld,15:22:24.896,70557,2.724,2.864,0.076,0.000,0.000,onTarget,noEvent
6382,11,36,rld,15:22:24.932,70558,2.769,2.864,0.076,0.000,0.000,onTarget,noEvent
6382,11,36,rld,15:22:24.995,70559,2.832,2.864,0.076,0.000,0.000,onTarget,noEvent
6382,11,36,rld,15:22:25.094,70560,2.924,2.864,0.076,0.000,0.000,onTarget,targetClick
6382,11,37,rld,15:22:28.374,70615,2.992,-0.101,-0.032,0.000,0.000,waitingForTarget,middleTargetClick
6382,11,37,rld,15:22:28.423,70616,3.052,-0.101,-0.032,0.000,0.000,waitingForTarget,noEvent
6382,11,37,rld,15:22:28.462,70617,3.094,-0.101,-0.032,0.000,0.000,waitingForTarget,noEvent
6382,11,37,rld,15:22:28.502,70618,3.134,-0.101,-0.032,0.000,0.000,waitingForTarget,noEvent
6382,11,37,rld,15:22:28.574,70619,3.210,-0.101,-0.032,0.000,0.000,waitingForTarget,noEvent
6382,11,37,rld,15:22:28.636,70620,3.263,-0.101,-0.032,0.000,0.000,waitingForTarget,noEvent
6382,11,37,rld,15:22:28.668,70621,3.303,-0.101,-0.032,0.000,0.000,waitingForTarget,noEvent
6382,11,37,rld,15:22:28.703,70622,3.341,-0.101,-0.032,0.000,0.000,waitingForTarget,noEvent
6382,11,37,rld,15:22:28.753,70623,3.387,-0.101,-0.032,0.000,0.000,waitingForTarget,noEvent
6382,11,37,rld,15:22:28.802,70624,3.424,-0.101,-0.032,0.000,0.000,waitingForTarget,noEvent
6382,11,37,rld,15:22:28.835,70625,0.047,-0.101,-0.032,0.000,0.000,activeTracking,targetAppeared
6382,11,37,rld,15:22:28.882,70626,0.088,-0.101,-0.032,0.000,0.000,activeTracking,noEvent
6382,11,37,rld,15:22:28.921,70627,0.135,-0.101,-0.032,0.000,0.000,activeTracking,noEvent
6382,11,37,rld,15:22:28.962,70628,0.170,-0.101,-0.032,0.000,0.000,activeTracking,noEvent
6382,11,37,rld,15:22:29.001,70629,0.210,-0.101,-0.032,0.000,0.000,activeTracking,noEvent
6382,11,37,rld,15:22:29.050,70630,0.265,-0.101,-0.032,0.000,0.000,activeTracking,noEvent
6382,11,37,rld,15:22:29.081,70631,0.294,-0.101,-0.032,0.000,0.000,activeTracking,noEvent
6382,11,37,rld,15:22:29.119,70632,0.332,-0.101,-0.032,0.000,0.000,activeTracking,noEvent
6382,11,37,rld,15:22:29.162,70633,0.370,-0.101,-0.032,0.000,0.000,activeTracking,noEvent
6382,11,37,rld,15:22:29.225,70634,0.439,-0.101,-0.032,0.000,0.000,activeTracking,noEvent
6382,11,37,rld,15:22:29.281,70635,0.493,-0.101,-0.032,0.000,0.000,activeTracking,noEvent
6382,11,37,rld,15:22:29.344,70636,0.546,-0.101,-0.032,0.000,0.000,activeTracking,noEvent
6382,11,37,rld,15:22:29.395,70637,0.597,-0.101,-0.032,0.000,0.000,activeTracking,noEvent
6382,11,37,rld,15:22:29.535,70638,0.747,-0.721,-0.134,-5.500,-0.900,activeTracking,noEvent
6382,11,37,rld,15:22:29.602,70639,0.814,-0.986,-0.168,-0.500,0.000,activeTracking,noEvent
6382,11,37,rld,15:22:29.754,70640,0.946,-1.464,-0.180,-3.400,0.000,activeTracking,noEvent
6382,11,37,rld,15:22:29.836,70641,1.043,-1.682,-0.184,-0.500,0.000,activeTracking,noEvent
6382,11,37,rld,15:22:29.893,70642,1.102,-1.779,-0.185,-0.200,0.000,activeTracking,noEvent
6382,11,37,rld,15:22:29.964,70643,1.177,-1.823,-0.174,-0.100,0.100,activeTracking,noEvent
6382,11,37,rld,15:22:30.025,70644,1.230,-1.849,-0.159,-0.100,0.100,activeTracking,noEvent
6382,11,37,rld,15:22:30.142,70645,1.349,-2.116,-0.120,-2.200,0.300,activeTracking,noEvent
6382,11,37,rld,15:22:30.216,70646,1.428,-2.253,-0.095,-0.400,0.100,activeTracking,noEvent
6382,11,37,rld,15:22:30.296,70647,1.507,-2.322,-0.075,-0.200,0.100,activeTracking,noEvent
6382,11,37,rld,15:22:30.426,70648,1.639,-2.658,-0.022,-2.600,0.400,onTarget,noEvent
6382,11,37,rld,15:22:30.493,70649,1.697,-2.820,-0.003,-0.400,0.000,onTarget,noEvent
6382,11,37,rld,15:22:30.561,70650,1.768,-2.911,0.015,-0.300,0.100,onTarget,noEvent
6382,11,37,rld,15:22:30.630,70651,1.836,-2.966,0.021,-0.200,0.000,onTarget,noEvent
6382,11,37,rld,15:22:30.684,70652,1.883,-2.984,0.023,0.000,0.000,onTarget,noEvent
6382,11,37,rld,15:22:30.744,70653,1.951,-3.003,0.035,-0.100,0.100,onTarget,noEvent
6382,11,37,rld,15:22:30.796,70654,1.996,-3.009,0.039,0.000,0.000,onTarget,noEvent
6382,11,37,rld,15:22:30.869,70655,2.066,-2.998,0.041,0.100,0.000,onTarget,noEvent
6382,11,37,rld,15:22:30.944,70656,2.135,-2.970,0.041,0.200,0.000,onTarget,noEvent
6382,11,37,rld,15:22:30.999,70657,2.200,-2.924,0.041,0.300,0.000,onTarget,noEvent
6382,11,37,rld,15:22:31.063,70658,2.269,-2.872,0.041,0.300,0.000,onTarget,noEvent
6382,11,37,rld,15:22:31.134,70659,2.329,-2.830,0.041,0.200,0.000,onTarget,noEvent
6382,11,37,rld,15:22:31.182,70660,2.396,-2.792,0.041,0.200,0.000,onTarget,noEvent
6382,11,37,rld,15:22:31.244,70661,2.447,-2.767,0.040,0.100,0.000,onTarget,noEvent
6382,11,37,rld,15:22:31.297,70662,2.503,-2.734,0.040,0.200,0.000,onTarget,noEvent
6382,11,37,rld,15:22:31.359,70663,2.561,-2.699,0.040,0.200,0.000,onTarget,noEvent
6382,11,37,rld,15:22:31.395,70664,2.608,-2.688,0.040,0.000,0.000,onTarget,noEvent
6382,11,37,rld,15:22:31.465,70665,2.670,-2.684,0.040,0.000,0.000,onTarget,noEvent
6382,11,37,rld,15:22:31.503,70666,2.716,-2.682,0.040,0.000,0.000,onTarget,noEvent
6382,11,37,rld,15:22:31.552,70667,2.748,-2.682,0.040,0.000,0.000,onTarget,noEvent
6382,11,37,rld,15:22:31.600,70668,2.814,-2.682,0.040,0.000,0.000,onTarget,noEvent
6382,11,37,rld,15:22:31.680,70669,2.881,-2.682,0.040,0.000,0.000,onTarget,targetClick
6382,11,38,rld,15:22:34.895,70711,2.937,0.126,0.071,0.400,0.200,waitingForTarget,middleTargetClick
6382,11,38,rld,15:22:34.932,70712,2.985,0.143,0.081,0.000,0.000,waitingForTarget,noEvent
6382,11,38,rld,15:22:34.979,70713,3.026,0.149,0.084,0.000,0.000,waitingForTarget,noEvent
6382,11,38,rld,15:22:35.059,70714,3.085,0.151,0.085,0.000,0.000,waitingForTarget,noEvent
6382,11,38,rld,15:22:35.117,70715,3.155,0.152,0.086,0.000,0.000,waitingForTarget,noEvent
6382,11,38,rld,15:22:35.166,70716,3.218,0.152,0.086,0.000,0.000,waitingForTarget,noEvent
6382,11,38,rld,15:22:35.197,70717,3.248,0.152,0.086,0.000,0.000,waitingForTarget,noEvent
6382,11,38,rld,15:22:35.248,70718,3.298,0.152,0.086,0.000,0.000,waitingForTarget,noEvent
6382,11,38,rld,15:22:35.293,70719,3.345,0.152,0.086,0.000,0.000,waitingForTarget,noEvent
6382,11,38,rld,15:22:35.348,70720,0.054,0.152,0.086,0.000,0.000,activeTracking,targetAppeared
6382,11,38,rld,15:22:35.378,70721,0.085,0.152,0.086,0.000,0.000,activeTracking,noEvent
6382,11,38,rld,15:22:35.419,70722,0.124,0.152,0.086,0.000,0.000,activeTracking,noEvent
6382,11,38,rld,15:22:35.480,70723,0.170,0.152,0.086,0.000,0.000,activeTracking,noEvent
6382,11,38,rld,15:22:35.511,70724,0.212,0.152,0.086,0.000,0.000,activeTracking,noEvent
6382,11,38,rld,15:22:35.560,70725,0.261,0.152,0.086,0.000,0.000,activeTracking,noEvent
6382,11,38,rld,15:22:35.626,70726,0.325,0.152,0.086,0.000,0.000,activeTracking,noEvent
6382,11,38,rld,15:22:35.696,70727,0.401,0.152,0.086,0.000,0.000,activeTracking,noEvent
6382,11,38,rld,15:22:35.753,70728,0.453,0.152,0.086,0.000,0.000,activeTracking,noEvent
6382,11,38,rld,15:22:35.819,70729,0.519,0.152,0.086,0.000,0.000,activeTracking,noEvent
6382,11,38,rld,15:22:35.930,70730,0.599,0.637,0.165,4.300,0.700,activeTracking,noEvent
6382,11,38,rld,15:22:36.118,70731,0.790,1.750,0.413,8.300,1.900,activeTracking,noEvent
6382,11,38,rld,15:22:36.177,70732,0.872,2.295,0.525,1.400,0.200,activeTracking,noEvent
6382,11,38,rld,15:22:36.247,70733,0.946,2.504,0.563,0.200,0.000,activeTracking,noEvent
6382,11,38,rld,15:22:36.299,70734,0.994,2.586,0.576,0.100,0.000,activeTracking,noEvent
6382,11,38,rld,15:22:36.362,70735,1.066,2.638,0.581,0.200,0.000,activeTracking,noEvent
6382,11,38,rld,15:22:36.413,70736,1.120,2.655,0.583,0.000,0.000,activeTracking,noEvent
6382,11,38,rld,15:22:36.501,70737,1.206,2.661,0.560,0.000,-0.200,activeTracking,noEvent
6382,11,38,rld,15:22:36.543,70738,1.244,2.663,0.541,0.000,-0.100,activeTracking,noEvent
6382,11,38,rld,15:22:36.635,70739,1.325,2.651,0.511,-0.100,-0.200,activeTracking,noEvent
6382,11,38,rld,15:22:36.720,70740,1.393,2.623,0.477,-0.200,-0.200,activeTracking,noEvent
6382,11,38,rld,15:22:36.777,70741,1.480,2.590,0.407,-0.200,-0.500,activeTracking,noEvent
6382,11,38,rld,15:22:36.873,70742,1.559,2.555,0.348,-0.200,-0.300,activeTracking,noEvent
6382,11,38,rld,15:22:36.916,70743,1.620,2.543,0.317,0.000,-0.100,activeTracking,noEvent
6382,11,38,rld,15:22:36.966,70744,1.663,2.539,0.295,0.000,-0.100,onTarget,noEvent
6382,11,38,rld,15:22:37.013,70745,1.712,2.538,0.288,0.000,0.000,onTarget,noEvent
6382,11,38,rld,15:22:37.053,70746,1.754,2.537,0.285,0.000,0.000,onTarget,noEvent
6382,11,38,rld,15:22:37.137,70747,1.829,2.561,0.285,0.200,0.000,onTarget,noEvent
6382,11,38,rld,15:22:37.248,70748,1.940,2.629,0.262,0.500,-0.200,onTarget,noEvent
6382,11,38,rld,15:22:37.269,70749,1.974,2.664,0.243,0.100,-0.100,onTarget,noEvent
6382,11,38,rld,15:22:37.386,70750,2.080,2.712,0.236,0.300,0.000,onTarget,noEvent
6382,11,38,rld,15:22:37.463,70751,2.157,2.753,0.235,0.200,0.000,onTarget,noEvent
6382,11,38,rld,15:22:37.513,70752,2.218,2.778,0.234,0.100,0.000,onTarget,noEvent
6382,11,38,rld,15:22:37.561,70753,2.268,2.787,0.234,0.000,0.000,onTarget,noEvent
6382,11,38,rld,15:22:37.607,70754,2.311,2.790,0.234,0.000,0.000,onTarget,noEvent
6382,11,38,rld,15:22:37.665,70755,2.363,2.791,0.234,0.000,0.000,onTarget,noEvent
6382,11,38,rld,15:22:37.712,70756,2.413,2.791,0.234,0.000,0.000,onTarget,noEvent
6382,11,38,rld,15:22:37.765,70757,2.472,2.791,0.234,0.000,0.000,onTarget,noEvent
6382,11,38,rld,15:22:37.817,70758,2.522,2.791,0.234,0.000,0.000,onTarget,noEvent
6382,11,38,rld,15:22:37.879,70759,2.573,2.791,0.234,0.000,0.000,onTarget,noEvent
6382,11,38,rld,15:22:37.947,70760,2.641,2.791,0.234,0.000,0.000,onTarget,targetClick
6382,11,39,rld,15:22:41.424,70817,2.711,0.118,0.001,0.000,0.000,waitingForTarget,middleTargetClick
6382,11,39,rld,15:22:41.474,70818,2.776,0.118,0.001,0.000,0.000,waitingForTarget,noEvent
6382,11,39,rld,15:22:41.502,70819,2.807,0.118,0.001,0.000,0.000,waitingForTarget,noEvent
6382,11,39,rld,15:22:41.575,70820,2.875,0.118,0.001,0.000,0.000,waitingForTarget,noEvent
6382,11,39,rld,15:22:41.635,70821,2.936,0.118,0.001,0.000,0.000,waitingForTarget,noEvent
6382,11,39,rld,15:22:41.673,70822,2.972,0.118,0.001,0.000,0.000,waitingForTarget,noEvent
6382,11,39,rld,15:22:41.736,70823,3.039,0.118,0.001,0.000,0.000,waitingForTarget,noEvent
6382,11,39,rld,15:22:41.784,70824,3.089,0.118,0.001,0.000,0.000,waitingForTarget,noEvent
6382,11,39,rld,15:22:41.822,70825,3.127,0.118,0.001,0.000,0.000,waitingForTarget,noEvent
6382,11,39,rld,15:22:41.875,70826,0.053,0.118,0.001,0.000,0.000,activeTracking,targetAppeared
6382,11,39,rld,15:22:41.923,70827,0.099,0.118,0.001,0.000,0.000,activeTracking,noEvent
6382,11,39,rld,15:22:41.949,70828,0.126,0.118,0.001,0.000,0.000,activeTracking,noEvent
6382,11,39,rld,15:22:41.994,70829,0.170,0.118,0.001,0.000,0.000,activeTracking,noEvent
6382,11,39,rld,15:22:42.049,70830,0.222,0.118,0.001,0.000,0.000,activeTracking,noEvent
6382,11,39,rld,15:22:42.094,70831,0.262,0.118,0.001,0.000,0.000,activeTracking,noEvent
6382,11,39,rld,15:22:42.133,70832,0.310,0.118,0.001,0.000,0.000,activeTracking,noEvent
6382,11,39,rld,15:22:42.178,70833,0.355,0.118,0.001,0.000,0.000,activeTracking,noEvent
6382,11,39,rld,15:22:42.264,70834,0.440,0.118,0.001,0.000,0.000,activeTracking,noEvent
6382,11,39,rld,15:22:42.297,70835,0.475,0.118,0.001,0.000,0.000,activeTracking,noEvent
6382,11,39,rld,15:22:42.354,70836,0.522,0.118,0.001,0.000,0.000,activeTracking,noEvent
6382,11,39,rld,15:22:42.425,70837,0.603,0.118,0.001,0.000,0.000,activeTracking,noEvent
6382,11,39,rld,15:22:42.464,70838,0.642,0.118,0.001,0.000,0.000,activeTracking,noEvent
6382,11,39,rld,15:22:42.494,70839,0.672,0.118,0.001,0.000,0.000,activeTracking,noEvent
6382,11,39,rld,15:22:42.560,70840,0.723,0.118,0.001,0.000,0.000,activeTracking,noEvent
6382,11,39,rld,15:22:42.623,70841,0.792,0.118,0.001,0.000,0.000,activeTracking,noEvent
6382,11,39,rld,15:22:42.752,70842,0.882,-0.422,-0.055,-4.800,-0.500,activeTracking,noEvent
6382,11,39,rld,15:22:42.915,70843,1.079,-2.038,-0.154,-12.500,-0.700,activeTracking,noEvent
6382,11,39,rld,15:22:43.025,70844,1.185,-2.901,-0.212,-2.500,-0.200,onTarget,noEvent
6382,11,39,rld,15:22:43.070,70845,1.248,-3.235,-0.233,-0.300,0.000,activeTracking,noEvent
6382,11,39,rld,15:22:43.147,70846,1.320,-3.374,-0.240,-0.200,0.000,activeTracking,noEvent
6382,11,39,rld,15:22:43.193,70847,1.362,-3.420,-0.242,0.000,0.000,activeTracking,noEvent
6382,11,39,rld,15:22:43.240,70848,1.416,-3.448,-0.243,-0.100,0.000,activeTracking,noEvent
6382,11,39,rld,15:22:43.362,70849,1.527,-3.572,-0.220,-0.900,0.200,activeTracking,noEvent
6382,11,39,rld,15:22:43.409,70850,1.581,-3.652,-0.212,-0.300,0.000,activeTracking,noEvent
6382,11,39,rld,15:22:43.449,70851,1.624,-3.679,-0.198,0.000,0.100,activeTracking,noEvent
6382,11,39,rld,15:22:43.501,70852,1.675,-3.688,-0.181,0.000,0.100,activeTracking,noEvent
6382,11,39,rld,15:22:43.577,70853,1.742,-3.678,-0.151,0.100,0.200,activeTracking,noEvent
6382,11,39,rld,15:22:43.650,70854,1.821,-3.623,-0.117,0.400,0.200,activeTracking,noEvent
6382,11,39,rld,15:22:43.712,70855,1.880,-3.580,-0.106,0.200,0.000,activeTracking,noEvent
6382,11,39,rld,15:22:43.794,70856,1.962,-3.514,-0.090,0.400,0.100,activeTracking,noEvent
6382,11,39,rld,15:22:43.845,70857,2.013,-3.467,-0.085,0.200,0.000,activeTracking,noEvent
6382,11,39,rld,15:22:43.921,70858,2.098,-3.400,-0.059,0.400,0.200,activeTracking,noEvent
6382,11,39,rld,15:22:44.005,70859,2.182,-3.265,-0.027,0.900,0.200,activeTracking,noEvent
6382,11,39,rld,15:22:44.131,70860,2.277,-3.170,-0.017,0.400,0.000,activeTracking,noEvent
6382,11,39,rld,15:22:44.203,70861,2.374,-3.027,-0.013,0.900,0.000,onTarget,noEvent
6382,11,39,rld,15:22:44.300,70862,2.458,-2.882,-0.013,0.800,0.000,onTarget,noEvent
6382,11,39,rld,15:22:44.343,70863,2.513,-2.809,-0.012,0.200,0.000,onTarget,noEvent
6382,11,39,rld,15:22:44.451,70864,2.579,-2.736,-0.012,0.400,0.000,onTarget,noEvent
6382,11,39,rld,15:22:44.501,70865,2.674,-2.639,-0.024,0.600,-0.100,onTarget,noEvent
6382,11,39,rld,15:22:44.584,70866,2.745,-2.595,-0.028,0.100,0.000,onTarget,noEvent
6382,11,39,rld,15:22:44.686,70867,2.841,-2.508,-0.030,0.600,0.000,onTarget,noEvent
6382,11,39,rld,15:22:44.764,70868,2.942,-2.455,-0.030,0.200,0.000,onTarget,noEvent
6382,11,39,rld,15:22:44.833,70869,3.003,-2.438,-0.030,0.000,0.000,onTarget,noEvent
6382,11,39,rld,15:22:44.891,70870,3.060,-2.432,-0.030,0.000,0.000,onTarget,noEvent
6382,11,39,rld,15:22:44.945,70871,3.115,-2.430,-0.042,0.000,-0.100,onTarget,noEvent
6382,11,39,rld,15:22:44.999,70872,3.177,-2.429,-0.046,0.000,0.000,onTarget,noEvent
6382,11,39,rld,15:22:45.032,70873,3.206,-2.429,-0.059,0.000,-0.100,onTarget,noEvent
6382,11,39,rld,15:22:45.072,70874,3.246,-2.429,-0.075,0.000,-0.100,onTarget,noEvent
6382,11,39,rld,15:22:45.122,70875,3.298,-2.429,-0.080,0.000,0.000,onTarget,noEvent
6382,11,39,rld,15:22:45.170,70876,3.341,-2.429,-0.082,0.000,0.000,onTarget,noEvent
6382,11,39,rld,15:22:45.234,70877,3.412,-2.429,-0.082,0.000,0.000,onTarget,noEvent
6382,11,39,rld,15:22:45.297,70878,3.461,-2.429,-0.082,0.000,0.000,onTarget,noEvent
6382,11,39,rld,15:22:45.373,70879,3.530,-2.429,-0.083,0.000,0.000,onTarget,noEvent
6382,11,39,rld,15:22:45.422,70880,3.592,-2.429,-0.083,0.000,0.000,onTarget,targetClick
6382,11,40,rld,15:22:48.481,70932,3.679,0.219,0.339,0.000,0.000,waitingForTarget,middleTargetClick
6382,11,40,rld,15:22:48.528,70933,3.721,0.219,0.339,0.000,0.000,waitingForTarget,noEvent
6382,11,40,rld,15:22:48.585,70934,3.777,0.219,0.339,0.000,0.000,waitingForTarget,noEvent
6382,11,40,rld,15:22:48.641,70935,3.840,0.219,0.339,0.000,0.000,waitingForTarget,noEvent
6382,11,40,rld,15:22:48.678,70936,3.883,0.219,0.339,0.000,0.000,waitingForTarget,noEvent
6382,11,40,rld,15:22:48.722,70937,3.918,0.219,0.339,0.000,0.000,waitingForTarget,noEvent
6382,11,40,rld,15:22:48.753,70938,3.953,0.219,0.339,0.000,0.000,waitingForTarget,noEvent
6382,11,40,rld,15:22:48.934,70942,0.038,0.219,0.339,0.000,0.000,activeTracking,targetAppeared
6382,11,40,rld,15:22:48.995,70943,0.089,0.219,0.339,0.000,0.000,activeTracking,noEvent
6382,11,40,rld,15:22:49.035,70944,0.130,0.219,0.339,0.000,0.000,activeTracking,noEvent
6382,11,40,rld,15:22:49.077,70945,0.176,0.219,0.339,0.000,0.000,activeTracking,noEvent
6382,11,40,rld,15:22:49.116,70946,0.218,0.219,0.339,0.000,0.000,activeTracking,noEvent
6382,11,40,rld,15:22:49.165,70947,0.270,0.219,0.339,0.000,0.000,activeTracking,noEvent
6382,11,40,rld,15:22:49.208,70948,0.301,0.219,0.339,0.000,0.000,activeTracking,noEvent
6382,11,40,rld,15:22:49.237,70949,0.340,0.219,0.339,0.000,0.000,activeTracking,noEvent
6382,11,40,rld,15:22:49.302,70950,0.403,0.219,0.339,0.000,0.000,activeTracking,noEvent
6382,11,40,rld,15:22:49.350,70951,0.454,0.219,0.339,0.000,0.000,activeTracking,noEvent
6382,11,40,rld,15:22:49.410,70952,0.506,0.219,0.339,0.000,0.000,activeTracking,noEvent
6382,11,40,rld,15:22:49.461,70953,0.551,0.219,0.339,0.000,0.000,activeTracking,noEvent
6382,11,40,rld,15:22:49.497,70954,0.602,0.219,0.339,0.000,0.000,activeTracking,noEvent
6382,11,40,rld,15:22:49.560,70955,0.656,0.219,0.339,0.000,0.000,activeTracking,noEvent
6382,11,40,rld,15:22:49.608,70956,0.705,0.219,0.339,0.000,0.000,activeTracking,noEvent
6382,11,40,rld,15:22:49.676,70957,0.775,0.141,0.328,-0.700,-0.100,activeTracking,noEvent
6382,11,40,rld,15:22:49.819,70958,0.890,-0.753,0.167,-7.700,-1.400,activeTracking,noEvent
6382,11,40,rld,15:22:49.961,70959,1.063,-2.094,-0.055,-9.000,-1.500,activeTracking,noEvent
6382,11,40,rld,15:22:50.029,70960,1.118,-2.604,-0.132,-0.400,0.000,onTarget,noEvent
6382,11,40,rld,15:22:50.157,70961,1.244,-2.924,-0.158,-1.200,0.000,onTarget,noEvent
6382,11,40,rld,15:22:50.251,70962,1.322,-3.231,-0.167,-1.600,0.000,activeTracking,noEvent
6382,11,40,rld,15:22:50.311,70963,1.404,-3.385,-0.170,-0.400,0.000,activeTracking,noEvent
6382,11,40,rld,15:22:50.356,70964,1.458,-3.449,-0.171,-0.100,0.000,activeTracking,noEvent
6382,11,40,rld,15:22:50.420,70965,1.523,-3.483,-0.148,-0.100,0.200,activeTracking,noEvent
6382,11,40,rld,15:22:50.502,70966,1.591,-3.495,-0.116,0.000,0.200,activeTracking,noEvent
6382,11,40,rld,15:22:50.570,70967,1.667,-3.460,-0.057,0.300,0.400,activeTracking,noEvent
6382,11,40,rld,15:22:50.674,70968,1.754,-3.348,0.009,0.800,0.400,activeTracking,noEvent
6382,11,40,rld,15:22:50.803,70969,1.889,-3.061,0.078,2.000,0.400,activeTracking,noEvent
6382,11,40,rld,15:22:50.865,70970,1.958,-2.893,0.100,0.600,0.000,onTarget,noEvent
6382,11,40,rld,15:22:50.931,70971,2.030,-2.825,0.084,0.100,-0.200,onTarget,noEvent
6382,11,40,rld,15:22:50.981,70972,2.080,-2.802,0.067,0.000,-0.100,onTarget,noEvent
6382,11,40,rld,15:22:51.066,70973,2.165,-2.795,-0.009,0.000,-0.600,onTarget,noEvent
6382,11,40,rld,15:22:51.177,70974,2.259,-2.756,-0.245,0.300,-1.800,onTarget,noEvent
6382,11,40,rld,15:22:51.233,70975,2.333,-2.743,-0.382,0.000,-0.500,activeTracking,noEvent
6382,11,40,rld,15:22:51.303,70976,2.402,-2.738,-0.440,0.000,-0.100,activeTracking,noEvent
6382,11,40,rld,15:22:51.354,70977,2.455,-2.737,-0.459,0.000,0.000,activeTracking,noEvent
6382,11,40,rld,15:22:51.416,70978,2.521,-2.737,-0.465,0.000,0.000,activeTracking,noEvent
6382,11,40,rld,15:22:51.462,70979,2.558,-2.736,-0.467,0.000,0.000,activeTracking,noEvent
6382,11,40,rld,15:22:51.512,70980,2.601,-2.736,-0.468,0.000,0.000,activeTracking,noEvent
6382,11,40,rld,15:22:51.560,70981,2.655,-2.736,-0.468,0.000,0.000,activeTracking,noEvent
6382,11,40,rld,15:22:51.598,70982,2.700,-2.736,-0.468,0.000,0.000,activeTracking,noEvent
6382,11,40,rld,15:22:51.653,70983,2.757,-2.736,-0.457,0.000,0.100,activeTracking,noEvent
6382,11,40,rld,15:22:51.758,70984,2.831,-2.736,-0.418,0.000,0.300,activeTracking,noEvent
6382,11,40,rld,15:22:51.861,70985,2.941,-2.724,-0.299,0.100,0.900,onTarget,noEvent
6382,11,40,rld,15:22:51.928,70986,3.021,-2.696,-0.190,0.200,0.600,onTarget,noEvent
6382,11,40,rld,15:22:51.999,70987,3.085,-2.686,-0.130,0.000,0.200,onTarget,noEvent
6382,11,40,rld,15:22:52.059,70988,3.155,-2.659,-0.075,0.200,0.300,onTarget,noEvent
6382,11,40,rld,15:22:52.129,70989,3.231,-2.626,-0.033,0.200,0.200,onTarget,noEvent
6382,11,40,rld,15:22:52.185,70990,3.283,-2.615,-0.008,0.000,0.100,onTarget,noEvent
6382,11,40,rld,15:22:52.249,70991,3.349,-2.611,0.024,0.000,0.200,onTarget,noEvent
6382,11,40,rld,15:22:52.327,70992,3.430,-2.610,0.035,0.000,0.000,onTarget,noEvent
6382,11,40,rld,15:22:52.383,70993,3.483,-2.609,0.038,0.000,0.000,onTarget,noEvent
6382,11,40,rld,15:22:52.425,70994,3.523,-2.609,0.039,0.000,0.000,onTarget,noEvent
6382,11,40,rld,15:22:52.500,70995,3.589,-2.609,0.040,0.000,0.000,onTarget,noEvent
6382,11,40,rld,15:22:52.594,70996,3.686,-2.633,0.005,-0.200,-0.300,onTarget,noEvent
6382,11,40,rld,15:22:52.658,70997,3.750,-2.641,-0.007,0.000,0.000,onTarget,noEvent
6382,11,40,rld,15:22:52.718,70998,3.820,-2.644,-0.011,0.000,0.000,onTarget,targetClick
6382,11,41,rld,15:22:56.717,71053,3.881,0.135,0.271,0.000,0.000,waitingForTarget,middleTargetClick
6382,11,41,rld,15:22:56.802,71054,3.963,0.157,0.271,0.200,0.000,waitingForTarget,noEvent
6382,11,41,rld,15:22:57.191,71062,0.046,0.203,0.272,0.000,0.000,activeTracking,targetAppeared
6382,11,41,rld,15:22:57.229,71063,0.084,0.203,0.272,0.000,0.000,activeTracking,noEvent
6382,11,41,rld,15:22:57.278,71064,0.127,0.203,0.272,0.000,0.000,activeTracking,noEvent
6382,11,41,rld,15:22:57.324,71065,0.168,0.203,0.272,0.000,0.000,activeTracking,noEvent
6382,11,41,rld,15:22:57.378,71066,0.231,0.203,0.272,0.000,0.000,activeTracking,noEvent
6382,11,41,rld,15:22:57.426,71067,0.289,0.203,0.272,0.000,0.000,activeTracking,noEvent
6382,11,41,rld,15:22:57.484,71068,0.340,0.203,0.272,0.000,0.000,activeTracking,noEvent
6382,11,41,rld,15:22:57.527,71069,0.380,0.203,0.272,0.000,0.000,activeTracking,noEvent
6382,11,41,rld,15:22:57.579,71070,0.429,0.203,0.272,0.000,0.000,activeTracking,noEvent
6382,11,41,rld,15:22:57.621,71071,0.478,0.203,0.272,0.000,0.000,activeTracking,noEvent
6382,11,41,rld,15:22:57.679,71072,0.528,0.203,0.272,0.000,0.000,activeTracking,noEvent
6382,11,41,rld,15:22:57.723,71073,0.585,0.203,0.272,0.000,0.000,activeTracking,noEvent
6382,11,41,rld,15:22:57.863,71074,0.711,1.062,0.592,7.600,2.800,activeTracking,noEvent
6382,11,41,rld,15:22:57.961,71075,0.800,1.420,0.702,0.600,0.000,activeTracking,noEvent
6382,11,41,rld,15:22:58.061,71076,0.915,1.772,0.708,2.000,-0.300,activeTracking,noEvent
6382,11,41,rld,15:22:58.127,71077,0.990,1.949,0.676,0.500,-0.300,activeTracking,noEvent
6382,11,41,rld,15:22:58.231,71078,1.080,2.102,0.632,0.800,-0.300,activeTracking,noEvent
6382,11,41,rld,15:22:58.299,71079,1.159,2.177,0.607,0.200,-0.100,activeTracking,noEvent
6382,11,41,rld,15:22:58.366,71080,1.225,2.202,0.575,0.000,-0.200,activeTracking,noEvent
6382,11,41,rld,15:22:58.444,71081,1.307,2.187,0.529,-0.200,-0.300,activeTracking,noEvent
6382,11,41,rld,15:22:58.533,71082,1.388,2.158,0.479,-0.200,-0.300,activeTracking,noEvent
6382,11,41,rld,15:22:58.644,71083,1.481,2.172,0.393,0.200,-0.600,activeTracking,noEvent
6382,11,41,rld,15:22:58.696,71084,1.558,2.212,0.330,0.300,-0.300,activeTracking,noEvent
6382,11,41,rld,15:22:58.759,71085,1.600,2.250,0.309,0.200,0.000,activeTracking,noEvent
6382,11,41,rld,15:22:58.849,71086,1.710,2.298,0.280,0.300,-0.200,activeTracking,noEvent
6382,11,41,rld,15:22:58.925,71087,1.771,2.397,0.236,0.700,-0.300,activeTracking,noEvent
6382,11,41,rld,15:22:58.984,71088,1.841,2.466,0.209,0.300,-0.100,onTarget,noEvent
6382,11,41,rld,15:22:59.060,71089,1.912,2.513,0.201,0.200,0.000,onTarget,noEvent
6382,11,41,rld,15:22:59.108,71090,1.972,2.541,0.198,0.100,0.000,onTarget,noEvent
6382,11,41,rld,15:22:59.160,71091,2.015,2.562,0.197,0.100,0.000,onTarget,noEvent
6382,11,41,rld,15:22:59.198,71092,2.059,2.569,0.197,0.000,0.000,onTarget,noEvent
6382,11,41,rld,15:22:59.257,71093,2.110,2.584,0.197,0.100,0.000,onTarget,noEvent
6382,11,41,rld,15:22:59.314,71094,2.168,2.589,0.197,0.000,0.000,onTarget,noEvent
6382,11,41,rld,15:22:59.363,71095,2.224,2.590,0.197,0.000,0.000,onTarget,noEvent
6382,11,41,rld,15:22:59.447,71096,2.308,2.591,0.197,0.000,0.000,onTarget,noEvent
6382,11,41,rld,15:22:59.554,71097,2.408,2.591,0.197,0.000,0.000,onTarget,noEvent
6382,11,41,rld,15:22:59.590,71098,2.451,2.591,0.197,0.000,0.000,onTarget,noEvent
6382,11,41,rld,15:22:59.635,71099,2.498,2.591,0.197,0.000,0.000,onTarget,noEvent
6382,11,41,rld,15:22:59.696,71100,2.549,2.591,0.197,0.000,0.000,onTarget,noEvent
6382,11,41,rld,15:22:59.743,71101,2.599,2.591,0.197,0.000,0.000,onTarget,noEvent
6382,11,41,rld,15:22:59.816,71102,2.668,2.591,0.197,0.000,0.000,onTarget,noEvent
6382,11,41,rld,15:22:59.858,71103,2.718,2.591,0.197,0.000,0.000,onTarget,noEvent
6382,11,41,rld,15:22:59.908,71104,2.756,2.591,0.197,0.000,0.000,onTarget,noEvent
6382,11,41,rld,15:22:59.961,71105,2.814,2.591,0.197,0.000,0.000,onTarget,noEvent
6382,11,41,rld,15:23:00.011,71106,2.861,2.591,0.197,0.000,0.000,onTarget,noEvent
6382,11,41,rld,15:23:00.046,71107,2.908,2.591,0.197,0.000,0.000,onTarget,noEvent
6382,11,41,rld,15:23:00.096,71108,2.957,2.591,0.197,0.000,0.000,onTarget,noEvent
6382,11,41,rld,15:23:00.142,71109,3.001,2.591,0.197,0.000,0.000,onTarget,noEvent
6382,11,41,rld,15:23:00.191,71110,3.045,2.591,0.197,0.000,0.000,onTarget,noEvent
6382,11,41,rld,15:23:00.250,71111,3.100,2.591,0.197,0.000,0.000,onTarget,noEvent
6382,11,41,rld,15:23:00.300,71112,3.151,2.591,0.197,0.000,0.000,onTarget,noEvent
6382,11,41,rld,15:23:00.342,71113,3.199,2.591,0.197,0.000,0.000,onTarget,noEvent
6382,11,41,rld,15:23:00.406,71114,3.264,2.591,0.197,0.000,0.000,onTarget,noEvent
6382,11,41,rld,15:23:00.463,71115,3.316,2.591,0.197,0.000,0.000,onTarget,noEvent
6382,11,41,rld,15:23:00.527,71116,3.379,2.591,0.197,0.000,0.000,onTarget,targetClick
6382,11,42,rld,15:23:03.689,71163,3.449,-0.051,-0.049,0.000,0.000,waitingForTarget,middleTargetClick
6382,11,42,rld,15:23:03.731,71164,3.505,-0.051,-0.049,0.000,0.000,waitingForTarget,noEvent
6382,11,42,rld,15:23:03.799,71165,3.558,-0.051,-0.049,0.000,0.000,waitingForTarget,noEvent
6382,11,42,rld,15:23:03.845,71166,3.619,-0.051,-0.049,0.000,0.000,waitingForTarget,noEvent
6382,11,42,rld,15:23:03.885,71167,3.659,-0.051,-0.049,0.000,0.000,waitingForTarget,noEvent
6382,11,42,rld,15:23:03.915,71168,3.690,-0.051,-0.049,0.000,0.000,waitingForTarget,noEvent
6382,11,42,rld,15:23:03.974,71169,3.735,-0.051,-0.049,0.000,0.000,waitingForTarget,noEvent
6382,11,42,rld,15:23:04.012,71170,3.779,-0.051,-0.049,0.000,0.000,waitingForTarget,noEvent
6382,11,42,rld,15:23:04.093,71171,3.859,-0.051,-0.049,0.000,0.000,waitingForTarget,noEvent
6382,11,42,rld,15:23:04.151,71172,0.049,-0.051,-0.049,0.000,0.000,activeTracking,targetAppeared
6382,11,42,rld,15:23:04.186,71173,0.099,-0.051,-0.049,0.000,0.000,activeTracking,noEvent
6382,11,42,rld,15:23:04.224,71174,0.132,-0.051,-0.049,0.000,0.000,activeTracking,noEvent
6382,11,42,rld,15:23:04.280,71175,0.178,-0.051,-0.049,0.000,0.000,activeTracking,noEvent
6382,11,42,rld,15:23:04.324,71176,0.240,-0.051,-0.049,0.000,0.000,activeTracking,noEvent
6382,11,42,rld,15:23:04.372,71177,0.282,-0.051,-0.049,0.000,0.000,activeTracking,noEvent
6382,11,42,rld,15:23:04.416,71178,0.320,-0.051,-0.049,0.000,0.000,activeTracking,noEvent
6382,11,42,rld,15:23:04.463,71179,0.362,-0.051,-0.049,0.000,0.000,activeTracking,noEvent
6382,11,42,rld,15:23:04.511,71180,0.409,-0.051,-0.049,0.000,0.000,activeTracking,noEvent
6382,11,42,rld,15:23:04.567,71181,0.470,-0.051,-0.049,0.000,0.000,activeTracking,noEvent
6382,11,42,rld,15:23:04.633,71182,0.541,-0.051,-0.049,0.000,0.000,activeTracking,noEvent
6382,11,42,rld,15:23:04.682,71183,0.592,-0.051,-0.049,0.000,0.000,activeTracking,noEvent
6382,11,42,rld,15:23:04.741,71184,0.646,-0.051,-0.049,0.000,0.000,activeTracking,noEvent
6382,11,42,rld,15:23:04.834,71185,0.731,-0.039,-0.038,0.100,0.100,activeTracking,noEvent
6382,11,42,rld,15:23:04.895,71186,0.809,-0.013,-0.023,0.200,0.100,activeTracking,noEvent
6382,11,42,rld,15:23:05.001,71187,0.911,0.345,0.004,3.100,0.200,activeTracking,noEvent
6382,11,42,rld,15:23:05.092,71188,0.997,1.133,0.139,5.900,1.100,activeTracking,noEvent
6382,11,42,rld,15:23:05.161,71189,1.065,1.490,0.196,0.800,0.100,activeTracking,noEvent
6382,11,42,rld,15:23:05.384,71190,1.282,2.242,0.359,5.400,1.200,activeTracking,noEvent
6382,11,42,rld,15:23:05.523,71191,1.432,2.703,0.405,1.700,-0.100,activeTracking,noEvent
6382,11,42,rld,15:23:05.578,71192,1.485,2.982,0.412,1.000,-0.100,activeTracking,noEvent
6382,11,42,rld,15:23:05.665,71193,1.563,3.113,0.391,0.300,-0.200,activeTracking,noEvent
6382,11,42,rld,15:23:05.712,71194,1.625,3.170,0.372,0.100,-0.100,activeTracking,noEvent
6382,11,42,rld,15:23:05.801,71195,1.698,3.214,0.354,0.200,-0.100,activeTracking,noEvent
6382,11,42,rld,15:23:05.892,71196,1.788,3.278,0.313,0.400,-0.300,activeTracking,noEvent
6382,11,42,rld,15:23:05.941,71197,1.851,3.313,0.276,0.100,-0.200,activeTracking,noEvent
6382,11,42,rld,15:23:05.994,71198,1.908,3.324,0.251,0.000,-0.100,activeTracking,noEvent
6382,11,42,rld,15:23:06.051,71199,1.964,3.328,0.220,0.000,-0.200,activeTracking,noEvent
6382,11,42,rld,15:23:06.132,71200,2.036,3.291,0.185,-0.300,-0.200,activeTracking,noEvent
6382,11,42,rld,15:23:06.228,71201,2.132,3.217,0.137,-0.500,-0.300,activeTracking,noEvent
6382,11,42,rld,15:23:06.295,71202,2.208,3.142,0.097,-0.400,-0.200,activeTracking,noEvent
6382,11,42,rld,15:23:06.360,71203,2.260,3.092,0.084,-0.200,0.000,activeTracking,noEvent
6382,11,42,rld,15:23:06.412,71204,2.325,3.051,0.079,-0.200,0.000,onTarget,noEvent
6382,11,42,rld,15:23:06.474,71205,2.378,3.013,0.078,-0.200,0.000,onTarget,noEvent
6382,11,42,rld,15:23:06.583,71206,2.482,2.938,0.053,-0.500,-0.200,onTarget,noEvent
6382,11,42,rld,15:23:06.632,71207,2.540,2.901,0.045,-0.100,0.000,onTarget,noEvent
6382,11,42,rld,15:23:06.677,71208,2.589,2.877,0.042,-0.100,0.000,onTarget,noEvent
6382,11,42,rld,15:23:06.745,71209,2.656,2.844,0.041,-0.200,0.000,onTarget,noEvent
6382,11,42,rld,15:23:06.800,71210,2.712,2.821,0.041,-0.100,0.000,onTarget,noEvent
6382,11,42,rld,15:23:06.854,71211,2.764,2.813,0.041,0.000,0.000,onTarget,noEvent
6382,11,42,rld,15:23:06.907,71212,2.803,2.811,0.041,0.000,0.000,onTarget,noEvent
6382,11,42,rld,15:23:06.948,71213,2.860,2.810,0.041,0.000,0.000,onTarget,noEvent
6382,11,42,rld,15:23:06.999,71214,2.909,2.810,0.041,0.000,0.000,onTarget,noEvent
6382,11,42,rld,15:23:07.064,71215,2.972,2.809,0.041,0.000,0.000,onTarget,noEvent
6382,11,42,rld,15:23:07.118,71216,3.027,2.809,0.041,0.000,0.000,onTarget,noEvent
6382,11,42,rld,15:23:07.150,71217,3.062,2.809,0.041,0.000,0.000,onTarget,noEvent
6382,11,42,rld,15:23:07.195,71218,3.102,2.809,0.041,0.000,0.000,onTarget,noEvent
6382,11,42,rld,15:23:07.242,71219,3.148,2.809,0.041,0.000,0.000,onTarget,noEvent
6382,11,42,rld,15:23:07.284,71220,3.184,2.809,0.041,0.000,0.000,onTarget,noEvent
6382,11,42,rld,15:23:07.328,71221,3.232,2.809,0.041,0.000,0.000,onTarget,noEvent
6382,11,42,rld,15:23:07.385,71222,3.291,2.809,0.041,0.000,0.000,onTarget,noEvent
6382,11,42,rld,15:23:07.429,71223,3.342,2.809,0.041,0.000,0.000,onTarget,noEvent
6382,11,42,rld,15:23:07.499,71224,3.411,2.809,0.041,0.000,0.000,onTarget,noEvent
6382,11,42,rld,15:23:07.569,71225,3.477,2.809,0.041,0.000,0.000,onTarget,targetClick
6382,11,43,rld,15:23:10.541,71275,3.577,0.000,0.086,0.000,0.000,waitingForTarget,middleTargetClick
6382,11,43,rld,15:23:10.594,71276,3.635,0.000,0.086,0.000,0.000,waitingForTarget,noEvent
6382,11,43,rld,15:23:10.633,71277,3.686,0.000,0.086,0.000,0.000,waitingForTarget,noEvent
6382,11,43,rld,15:23:10.704,71278,3.747,0.000,0.086,0.000,0.000,waitingForTarget,noEvent
6382,11,43,rld,15:23:10.765,71279,3.818,0.000,0.086,0.000,0.000,waitingForTarget,noEvent
6382,11,43,rld,15:23:10.799,71280,3.854,0.000,0.086,0.000,0.000,waitingForTarget,noEvent
6382,11,43,rld,15:23:10.851,71281,3.906,0.000,0.086,0.000,0.000,waitingForTarget,noEvent
6382,11,43,rld,15:23:10.892,71282,3.940,0.000,0.086,0.000,0.000,waitingForTarget,noEvent
6382,11,43,rld,15:23:10.943,71283,3.984,0.000,0.086,0.000,0.000,waitingForTarget,noEvent
6382,11,43,rld,15:23:10.981,71284,0.051,0.000,0.086,0.000,0.000,activeTracking,targetAppeared
6382,11,43,rld,15:23:11.032,71285,0.102,0.000,0.086,0.000,0.000,activeTracking,noEvent
6382,11,43,rld,15:23:11.084,71286,0.152,0.000,0.086,0.000,0.000,activeTracking,noEvent
6382,11,43,rld,15:23:11.140,71287,0.202,0.000,0.086,0.000,0.000,activeTracking,noEvent
6382,11,43,rld,15:23:11.180,71288,0.247,0.000,0.086,0.000,0.000,activeTracking,noEvent
6382,11,43,rld,15:23:11.242,71289,0.303,0.000,0.086,0.000,0.000,activeTracking,noEvent
6382,11,43,rld,15:23:11.381,71290,0.433,0.315,0.108,2.800,0.200,activeTracking,noEvent
6382,11,43,rld,15:23:11.564,71291,0.616,1.180,0.208,6.700,0.800,activeTracking,noEvent
6382,11,43,rld,15:23:11.659,71292,0.718,1.691,0.255,1.900,0.100,activeTracking,noEvent
6382,11,43,rld,15:23:11.706,71293,0.773,1.875,0.271,0.100,0.000,activeTracking,noEvent
6382,11,43,rld,15:23:11.813,71294,0.855,2.019,0.277,0.700,0.000,activeTracking,noEvent
6382,11,43,rld,15:23:11.888,71295,0.945,2.137,0.280,0.600,0.000,activeTracking,noEvent
6382,11,43,rld,15:23:11.951,71296,1.016,2.189,0.281,0.100,0.000,activeTracking,noEvent
6382,11,43,rld,15:23:12.006,71297,1.074,2.218,0.269,0.100,-0.100,activeTracking,noEvent
6382,11,43,rld,15:23:12.045,71298,1.115,2.228,0.266,0.000,0.000,activeTracking,noEvent
6382,11,43,rld,15:23:12.114,71299,1.174,2.231,0.253,0.000,-0.100,activeTracking,noEvent
6382,11,43,rld,15:23:12.163,71300,1.222,2.232,0.249,0.000,0.000,activeTracking,noEvent
6382,11,43,rld,15:23:12.217,71301,1.282,2.232,0.247,0.000,0.000,activeTracking,noEvent
6382,11,43,rld,15:23:12.266,71302,1.337,2.232,0.247,0.000,0.000,activeTracking,noEvent
6382,11,43,rld,15:23:12.331,71303,1.374,2.233,0.247,0.000,0.000,activeTracking,noEvent
6382,11,43,rld,15:23:12.441,71304,1.507,2.387,0.225,1.300,-0.200,activeTracking,noEvent
6382,11,43,rld,15:23:12.495,71305,1.565,2.463,0.217,0.200,0.000,onTarget,noEvent
6382,11,43,rld,15:23:12.573,71306,1.641,2.500,0.215,0.100,0.000,onTarget,noEvent
6382,11,43,rld,15:23:12.624,71307,1.687,2.513,0.214,0.000,0.000,onTarget,noEvent
6382,11,43,rld,15:23:12.672,71308,1.739,2.517,0.214,0.000,0.000,onTarget,noEvent
6382,11,43,rld,15:23:12.732,71309,1.797,2.530,0.203,0.100,-0.100,onTarget,noEvent
6382,11,43,rld,15:23:12.841,71310,1.903,2.619,0.164,0.700,-0.300,onTarget,noEvent
6382,11,43,rld,15:23:12.945,71311,2.015,2.673,0.140,0.200,-0.100,onTarget,noEvent
6382,11,43,rld,15:23:13.029,71312,2.090,2.691,0.120,0.000,-0.100,onTarget,noEvent
6382,11,43,rld,15:23:13.089,71313,2.157,2.697,0.102,0.000,-0.100,onTarget,noEvent
6382,11,43,rld,15:23:13.128,71314,2.196,2.699,0.096,0.000,0.000,onTarget,noEvent
6382,11,43,rld,15:23:13.191,71315,2.256,2.700,0.082,0.000,-0.100,onTarget,noEvent
6382,11,43,rld,15:23:13.228,71316,2.299,2.700,0.078,0.000,0.000,onTarget,noEvent
6382,11,43,rld,15:23:13.276,71317,2.344,2.700,0.076,0.000,0.000,onTarget,noEvent
6382,11,43,rld,15:23:13.343,71318,2.406,2.688,0.075,-0.100,0.000,onTarget,noEvent
6382,11,43,rld,15:23:13.380,71319,2.450,2.684,0.075,0.000,0.000,onTarget,noEvent
6382,11,43,rld,15:23:13.434,71320,2.499,2.682,0.075,0.000,0.000,onTarget,noEvent
6382,11,43,rld,15:23:13.493,71321,2.557,2.682,0.075,0.000,0.000,onTarget,targetClick
6382,11,44,rld,15:23:16.834,71380,2.638,0.084,0.086,0.000,0.000,waitingForTarget,middleTargetClick
6382,11,44,rld,15:23:16.893,71381,2.697,0.084,0.086,0.000,0.000,waitingForTarget,noEvent
6382,11,44,rld,15:23:16.948,71382,2.757,0.084,0.086,0.000,0.000,waitingForTarget,noEvent
6382,11,44,rld,15:23:16.998,71383,2.810,0.084,0.086,0.000,0.000,waitingForTarget,noEvent
6382,11,44,rld,15:23:17.033,71384,2.845,0.084,0.086,0.000,0.000,waitingForTarget,noEvent
6382,11,44,rld,15:23:17.070,71385,2.876,0.084,0.086,0.000,0.000,waitingForTarget,noEvent
6382,11,44,rld,15:23:17.134,71386,2.940,0.084,0.086,0.000,0.000,waitingForTarget,noEvent
6382,11,44,rld,15:23:17.172,71387,2.978,0.084,0.086,0.000,0.000,waitingForTarget,noEvent
6382,11,44,rld,15:23:17.225,71388,3.037,0.084,0.086,0.000,0.000,waitingForTarget,noEvent
6382,11,44,rld,15:23:17.248,71389,3.060,0.084,0.086,0.000,0.000,waitingForTarget,noEvent
6382,11,44,rld,15:23:17.294,71390,0.047,0.084,0.086,0.000,0.000,activeTracking,targetAppeared
6382,11,44,rld,15:23:17.351,71391,0.095,0.084,0.086,0.000,0.000,activeTracking,noEvent
6382,11,44,rld,15:23:17.394,71392,0.135,0.084,0.086,0.000,0.000,activeTracking,noEvent
6382,11,44,rld,15:23:17.440,71393,0.185,0.084,0.086,0.000,0.000,activeTracking,noEvent
6382,11,44,rld,15:23:17.475,71394,0.217,0.084,0.086,0.000,0.000,activeTracking,noEvent
6382,11,44,rld,15:23:17.517,71395,0.268,0.084,0.086,0.000,0.000,activeTracking,noEvent
6382,11,44,rld,15:23:17.545,71396,0.297,0.084,0.086,0.000,0.000,activeTracking,noEvent
6382,11,44,rld,15:23:17.593,71397,0.345,0.084,0.086,0.000,0.000,activeTracking,noEvent
6382,11,44,rld,15:23:17.635,71398,0.385,0.084,0.086,0.000,0.000,activeTracking,noEvent
6382,11,44,rld,15:23:17.684,71399,0.433,0.084,0.086,0.000,0.000,activeTracking,noEvent
6382,11,44,rld,15:23:17.718,71400,0.468,0.084,0.086,0.000,0.000,activeTracking,noEvent
6382,11,44,rld,15:23:17.801,71401,0.537,0.084,0.086,0.000,0.000,activeTracking,noEvent
6382,11,44,rld,15:23:17.835,71402,0.587,0.084,0.086,0.000,0.000,activeTracking,noEvent
6382,11,44,rld,15:23:18.048,71403,0.769,-0.999,0.064,-9.600,-0.200,activeTracking,noEvent
6382,11,44,rld,15:23:18.168,71404,0.918,-2.597,-0.125,-10.500,-1.600,onTarget,noEvent
6382,11,44,rld,15:23:18.241,71405,0.986,-3.231,-0.192,-0.600,0.000,activeTracking,noEvent
6382,11,44,rld,15:23:18.312,71406,1.059,-3.474,-0.191,-0.200,0.200,activeTracking,noEvent
6382,11,44,rld,15:23:18.362,71407,1.108,-3.568,-0.178,-0.100,0.100,activeTracking,noEvent
6382,11,44,rld,15:23:18.444,71408,1.196,-3.625,-0.138,-0.200,0.300,activeTracking,noEvent
6382,11,44,rld,15:23:18.501,71409,1.251,-3.644,-0.113,0.000,0.100,activeTracking,noEvent
6382,11,44,rld,15:23:18.562,71410,1.312,-3.664,-0.104,-0.100,0.000,activeTracking,noEvent
6382,11,44,rld,15:23:18.614,71411,1.362,-3.670,-0.089,0.000,0.100,activeTracking,noEvent
6382,11,44,rld,15:23:18.649,71412,1.396,-3.672,-0.084,0.000,0.000,activeTracking,noEvent
6382,11,44,rld,15:23:18.730,71413,1.477,-3.647,-0.071,0.200,0.100,activeTracking,noEvent
6382,11,44,rld,15:23:18.812,71414,1.553,-3.575,-0.054,0.500,0.100,activeTracking,noEvent
6382,11,44,rld,15:23:18.891,71415,1.637,-3.500,-0.049,0.400,0.000,activeTracking,noEvent
6382,11,44,rld,15:23:18.945,71416,1.695,-3.424,-0.047,0.400,0.000,activeTracking,noEvent
6382,11,44,rld,15:23:19.013,71417,1.761,-3.374,-0.047,0.200,0.000,activeTracking,noEvent
6382,11,44,rld,15:23:19.104,71418,1.844,-3.307,-0.058,0.400,-0.100,activeTracking,noEvent
6382,11,44,rld,15:23:19.213,71419,1.950,-3.134,-0.110,1.200,-0.400,activeTracking,noEvent
6382,11,44,rld,15:23:19.282,71420,2.005,-3.040,-0.150,0.300,-0.200,activeTracking,noEvent
6382,11,44,rld,15:23:19.336,71421,2.080,-2.984,-0.164,0.200,0.000,onTarget,noEvent
6382,11,44,rld,15:23:19.382,71422,2.127,-2.966,-0.168,0.000,0.000,onTarget,noEvent
6382,11,44,rld,15:23:19.449,71423,2.196,-2.947,-0.170,0.100,0.000,onTarget,noEvent
6382,11,44,rld,15:23:19.528,71424,2.278,-2.916,-0.170,0.200,0.000,onTarget,noEvent
6382,11,44,rld,15:23:19.573,71425,2.324,-2.906,-0.159,0.000,0.100,onTarget,noEvent
6382,11,44,rld,15:23:19.614,71426,2.366,-2.903,-0.155,0.000,0.000,onTarget,noEvent
6382,11,44,rld,15:23:19.663,71427,2.413,-2.902,-0.154,0.000,0.000,onTarget,noEvent
6382,11,44,rld,15:23:19.717,71428,2.467,-2.901,-0.153,0.000,0.000,onTarget,noEvent
6382,11,44,rld,15:23:19.763,71429,2.513,-2.901,-0.153,0.000,0.000,onTarget,noEvent
6382,11,44,rld,15:23:19.843,71430,2.595,-2.901,-0.118,0.000,0.300,onTarget,noEvent
6382,11,44,rld,15:23:19.900,71431,2.636,-2.901,-0.106,0.000,0.000,onTarget,noEvent
6382,11,44,rld,15:23:19.944,71432,2.693,-2.889,-0.090,0.100,0.100,onTarget,noEvent
6382,11,44,rld,15:23:20.003,71433,2.736,-2.885,-0.085,0.000,0.000,onTarget,noEvent
6382,11,44,rld,15:23:20.054,71434,2.799,-2.871,-0.083,0.100,0.000,onTarget,noEvent
6382,11,44,rld,15:23:20.111,71435,2.856,-2.854,-0.071,0.100,0.100,onTarget,noEvent
6382,11,44,rld,15:23:20.150,71436,2.884,-2.849,-0.067,0.000,0.000,onTarget,noEvent
6382,11,44,rld,15:23:20.194,71437,2.945,-2.847,-0.065,0.000,0.000,onTarget,noEvent
6382,11,44,rld,15:23:20.252,71438,3.004,-2.846,-0.065,0.000,0.000,onTarget,noEvent
6382,11,44,rld,15:23:20.302,71439,3.048,-2.846,-0.065,0.000,0.000,onTarget,noEvent
6382,11,44,rld,15:23:20.359,71440,3.096,-2.846,-0.065,0.000,0.000,onTarget,noEvent
6382,11,44,rld,15:23:20.422,71441,3.163,-2.846,-0.065,0.000,0.000,onTarget,noEvent
6382,11,44,rld,15:23:20.482,71442,3.220,-2.846,-0.065,0.000,0.000,onTarget,noEvent
6382,11,44,rld,15:23:20.548,71443,3.289,-2.846,-0.065,0.000,0.000,onTarget,noEvent
6382,11,44,rld,15:23:20.594,71444,3.344,-2.846,-0.065,0.000,0.000,onTarget,targetClick
6382,11,45,rld,15:23:22.761,71475,3.408,0.135,0.120,0.000,0.000,waitingForTarget,middleTargetClick
6382,11,45,rld,15:23:22.818,71476,3.466,0.135,0.120,0.000,0.000,waitingForTarget,noEvent
6382,11,45,rld,15:23:22.853,71477,3.501,0.135,0.120,0.000,0.000,waitingForTarget,noEvent
6382,11,45,rld,15:23:22.923,71478,3.574,0.135,0.119,0.000,0.000,waitingForTarget,noEvent
6382,11,45,rld,15:23:22.986,71479,3.635,0.135,0.119,0.000,0.000,waitingForTarget,noEvent
6382,11,45,rld,15:23:23.028,71480,3.677,0.135,0.119,0.000,0.000,waitingForTarget,noEvent
6382,11,45,rld,15:23:23.083,71481,3.734,0.135,0.119,0.000,0.000,waitingForTarget,noEvent
6382,11,45,rld,15:23:23.133,71482,3.782,0.135,0.119,0.000,0.000,waitingForTarget,noEvent
6382,11,45,rld,15:23:23.171,71483,3.817,0.135,0.119,0.000,0.000,waitingForTarget,noEvent
6382,11,45,rld,15:23:23.225,71484,0.048,0.135,0.119,0.000,0.000,activeTracking,targetAppeared
6382,11,45,rld,15:23:23.291,71485,0.119,0.135,0.119,0.000,0.000,activeTracking,noEvent
6382,11,45,rld,15:23:23.345,71486,0.169,0.135,0.119,0.000,0.000,activeTracking,noEvent
6382,11,45,rld,15:23:23.407,71487,0.227,0.135,0.119,0.000,0.000,activeTracking,noEvent
6382,11,45,rld,15:23:23.484,71488,0.297,0.135,0.119,0.000,0.000,activeTracking,noEvent
6382,11,45,rld,15:23:23.645,71489,0.459,0.744,0.233,5.400,1.000,activeTracking,noEvent
6382,11,45,rld,15:23:23.714,71490,0.542,0.994,0.272,0.400,0.000,activeTracking,noEvent
6382,11,45,rld,15:23:23.767,71491,0.601,1.077,0.284,0.000,0.000,activeTracking,noEvent
6382,11,45,rld,15:23:23.982,71492,0.786,-0.115,0.095,-10.800,-1.700,activeTracking,noEvent
6382,11,45,rld,15:23:24.166,71493,0.931,-0.703,0.010,-1.700,-0.200,activeTracking,noEvent
6382,11,45,rld,15:23:24.293,71494,1.103,-1.472,-0.074,-5.000,-0.500,activeTracking,noEvent
6382,11,45,rld,15:23:24.455,71495,1.283,-2.212,-0.103,-4.100,0.000,activeTracking,noEvent
6382,11,45,rld,15:23:24.518,71496,1.348,-2.524,-0.101,-0.500,0.100,onTarget,noEvent
6382,11,45,rld,15:23:24.582,71497,1.413,-2.641,-0.089,-0.100,0.100,onTarget,noEvent
6382,11,45,rld,15:23:24.642,71498,1.466,-2.680,-0.073,0.000,0.100,onTarget,noEvent
6382,11,45,rld,15:23:24.701,71499,1.529,-2.718,-0.044,-0.200,0.200,onTarget,noEvent
6382,11,45,rld,15:23:24.776,71500,1.604,-2.754,-0.011,-0.200,0.200,onTarget,noEvent
6382,11,45,rld,15:23:24.829,71501,1.660,-2.791,0.023,-0.200,0.200,onTarget,noEvent
6382,11,45,rld,15:23:24.915,71502,1.745,-2.815,0.047,-0.100,0.100,onTarget,noEvent
6382,11,45,rld,15:23:24.992,71503,1.821,-2.824,0.066,0.000,0.100,onTarget,noEvent
6382,11,45,rld,15:23:25.067,71504,1.890,-2.790,0.072,0.300,0.000,onTarget,noEvent
6382,11,45,rld,15:23:25.113,71505,1.948,-2.766,0.074,0.100,0.000,onTarget,noEvent
6382,11,45,rld,15:23:25.150,71506,1.981,-2.758,0.075,0.000,0.000,onTarget,noEvent
6382,11,45,rld,15:23:25.256,71507,2.074,-2.744,0.075,0.100,0.000,onTarget,noEvent
6382,11,45,rld,15:23:25.329,71508,2.150,-2.739,0.075,0.000,0.000,onTarget,targetClick
6382,11,46,rld,15:23:30.281,71586,2.208,0.354,-0.066,0.000,0.000,waitingForTarget,middleTargetClick
6382,11,46,rld,15:23:30.341,71587,2.274,0.354,-0.066,0.000,0.000,waitingForTarget,noEvent
6382,11,46,rld,15:23:30.393,71588,2.323,0.355,-0.066,0.000,0.000,waitingForTarget,noEvent
6382,11,46,rld,15:23:30.457,71589,2.384,0.355,-0.066,0.000,0.000,waitingForTarget,noEvent
6382,11,46,rld,15:23:30.514,71590,2.452,0.355,-0.066,0.000,0.000,waitingForTarget,noEvent
6382,11,46,rld,15:23:30.564,71591,2.495,0.355,-0.066,0.000,0.000,waitingForTarget,noEvent
6382,11,46,rld,15:23:30.596,71592,2.534,0.355,-0.066,0.000,0.000,waitingForTarget,noEvent
6382,11,46,rld,15:23:30.649,71593,2.584,0.355,-0.066,0.000,0.000,waitingForTarget,noEvent
6382,11,46,rld,15:23:30.681,71594,2.619,0.355,-0.066,0.000,0.000,waitingForTarget,noEvent
6382,11,46,rld,15:23:30.733,71595,0.044,0.355,-0.066,0.000,0.000,activeTracking,targetAppeared
6382,11,46,rld,15:23:30.773,71596,0.091,0.355,-0.066,0.000,0.000,activeTracking,noEvent
6382,11,46,rld,15:23:30.831,71597,0.150,0.355,-0.066,0.000,0.000,activeTracking,noEvent
6382,11,46,rld,15:23:30.882,71598,0.195,0.355,-0.066,0.000,0.000,activeTracking,noEvent
6382,11,46,rld,15:23:30.923,71599,0.243,0.355,-0.066,0.000,0.000,activeTracking,noEvent
6382,11,46,rld,15:23:30.977,71600,0.296,0.355,-0.066,0.000,0.000,activeTracking,noEvent
6382,11,46,rld,15:23:31.014,71601,0.327,0.355,-0.066,0.000,0.000,activeTracking,noEvent
6382,11,46,rld,15:23:31.066,71602,0.376,0.355,-0.066,0.000,0.000,activeTracking,noEvent
6382,11,46,rld,15:23:31.113,71603,0.421,0.355,-0.066,0.000,0.000,activeTracking,noEvent
6382,11,46,rld,15:23:31.157,71604,0.472,0.355,-0.066,0.000,0.000,activeTracking,noEvent
6382,11,46,rld,15:23:31.214,71605,0.522,0.355,-0.066,0.000,0.000,activeTracking,noEvent
6382,11,46,rld,15:23:31.248,71606,0.565,0.355,-0.066,0.000,0.000,activeTracking,noEvent
6382,11,46,rld,15:23:31.290,71607,0.604,0.355,-0.066,0.000,0.000,activeTracking,noEvent
6382,11,46,rld,15:23:31.358,71608,0.675,0.355,-0.066,0.000,0.000,activeTracking,noEvent
6382,11,46,rld,15:23:31.395,71609,0.714,0.355,-0.066,0.000,0.000,activeTracking,noEvent
6382,11,46,rld,15:23:31.437,71610,0.750,0.355,-0.066,0.000,0.000,activeTracking,noEvent
6382,11,46,rld,15:23:31.495,71611,0.814,0.355,-0.066,0.000,0.000,activeTracking,noEvent
6382,11,46,rld,15:23:31.564,71612,0.853,0.355,-0.066,0.000,0.000,activeTracking,noEvent
6382,11,46,rld,15:23:31.604,71613,0.921,0.355,-0.066,0.000,0.000,activeTracking,noEvent
6382,11,46,rld,15:23:31.643,71614,0.951,0.355,-0.066,0.000,0.000,activeTracking,noEvent
6382,11,46,rld,15:23:31.701,71615,1.016,0.355,-0.066,0.000,0.000,activeTracking,noEvent
6382,11,46,rld,15:23:31.746,71616,1.058,0.355,-0.066,0.000,0.000,activeTracking,noEvent
6382,11,46,rld,15:23:31.803,71617,1.106,0.355,-0.066,0.000,0.000,activeTracking,noEvent
6382,11,46,rld,15:23:31.851,71618,1.164,0.355,-0.066,0.000,0.000,activeTracking,noEvent
6382,11,46,rld,15:23:31.877,71619,1.196,0.355,-0.066,0.000,0.000,activeTracking,noEvent
6382,11,46,rld,15:23:31.931,71620,1.243,0.355,-0.066,0.000,0.000,activeTracking,noEvent
6382,11,46,rld,15:23:31.977,71621,1.286,0.355,-0.066,0.000,0.000,activeTracking,noEvent
6382,11,46,rld,15:23:32.026,71622,1.344,0.355,-0.066,0.000,0.000,activeTracking,noEvent
6382,11,46,rld,15:23:32.066,71623,1.385,0.355,-0.066,0.000,0.000,activeTracking,noEvent
6382,11,46,rld,15:23:32.134,71624,1.445,0.355,-0.066,0.000,0.000,activeTracking,noEvent
6382,11,46,rld,15:23:32.194,71625,1.503,0.355,-0.066,0.000,0.000,activeTracking,failedClick
6382,11,47,rld,15:23:33.311,71646,1.566,0.355,-0.066,0.000,0.000,waitingForTarget,middleTargetClick
6382,11,47,rld,15:23:33.362,71647,1.623,0.355,-0.066,0.000,0.000,waitingForTarget,noEvent
6382,11,47,rld,15:23:33.397,71648,1.664,0.355,-0.066,0.000,0.000,waitingForTarget,noEvent
6382,11,47,rld,15:23:33.466,71649,1.734,0.355,-0.066,0.000,0.000,waitingForTarget,noEvent
6382,11,47,rld,15:23:33.504,71650,1.774,0.355,-0.066,0.000,0.000,waitingForTarget,noEvent
6382,11,47,rld,15:23:33.542,71651,1.805,0.355,-0.066,0.000,0.000,waitingForTarget,noEvent
6382,11,47,rld,15:23:33.591,71652,1.852,0.355,-0.066,0.000,0.000,waitingForTarget,noEvent
6382,11,47,rld,15:23:33.671,71653,1.936,0.355,-0.066,0.000,0.000,waitingForTarget,noEvent
6382,11,47,rld,15:23:33.724,71654,1.994,0.355,-0.066,0.000,0.000,waitingForTarget,noEvent
6382,11,47,rld,15:23:33.762,71655,0.038,0.355,-0.066,0.000,0.000,activeTracking,targetAppeared
6382,11,47,rld,15:23:33.838,71656,0.108,0.355,-0.066,0.000,0.000,activeTracking,noEvent
6382,11,47,rld,15:23:33.877,71657,0.152,0.355,-0.066,0.000,0.000,activeTracking,noEvent
6382,11,47,rld,15:23:33.924,71658,0.189,0.355,-0.066,0.000,0.000,activeTracking,noEvent
6382,11,47,rld,15:23:33.973,71659,0.232,0.355,-0.066,0.000,0.000,activeTracking,noEvent
6382,11,47,rld,15:23:34.032,71660,0.302,0.355,-0.066,0.000,0.000,activeTracking,failedClick
6382,11,48,rld,15:23:34.774,71673,0.378,0.355,-0.066,0.000,0.000,waitingForTarget,middleTargetClick
6382,11,48,rld,15:23:34.836,71674,0.450,0.355,-0.066,0.000,0.000,waitingForTarget,noEvent
6382,11,48,rld,15:23:34.876,71675,0.480,0.355,-0.066,0.000,0.000,waitingForTarget,noEvent
6382,11,48,rld,15:23:34.932,71676,0.548,0.355,-0.066,0.000,0.000,waitingForTarget,noEvent
6382,11,48,rld,15:23:34.971,71677,0.587,0.355,-0.066,0.000,0.000,waitingForTarget,noEvent
6382,11,48,rld,15:23:35.011,71678,0.625,0.355,-0.066,0.000,0.000,waitingForTarget,noEvent
6382,11,48,rld,15:23:35.071,71679,0.681,0.355,-0.066,0.000,0.000,waitingForTarget,noEvent
6382,11,48,rld,15:23:35.131,71680,0.741,0.355,-0.066,0.000,0.000,waitingForTarget,noEvent
6382,11,48,rld,15:23:35.173,71681,0.782,0.355,-0.066,0.000,0.000,waitingForTarget,noEvent
6382,11,48,rld,15:23:35.226,71682,0.059,0.355,-0.066,0.000,0.000,activeTracking,targetAppeared
6382,11,48,rld,15:23:35.284,71683,0.117,0.355,-0.066,0.000,0.000,activeTracking,noEvent
6382,11,48,rld,15:23:35.326,71684,0.159,0.355,-0.066,0.000,0.000,activeTracking,noEvent
6382,11,48,rld,15:23:35.360,71685,0.186,0.355,-0.066,0.000,0.000,activeTracking,noEvent
6382,11,48,rld,15:23:35.424,71686,0.249,0.355,-0.066,0.000,0.000,activeTracking,noEvent
6382,11,48,rld,15:23:35.489,71687,0.314,0.355,-0.066,0.000,0.000,activeTracking,failedClick
6382,11,49,rld,15:23:36.243,71701,0.388,0.355,-0.066,0.000,0.000,waitingForTarget,middleTargetClick
6382,11,49,rld,15:23:36.293,71702,0.457,0.355,-0.066,0.000,0.000,waitingForTarget,noEvent
6382,11,49,rld,15:23:36.370,71703,0.521,0.355,-0.066,0.000,0.000,waitingForTarget,noEvent
6382,11,49,rld,15:23:36.414,71704,0.572,0.355,-0.066,0.000,0.000,waitingForTarget,noEvent
6382,11,49,rld,15:23:36.454,71705,0.618,0.355,-0.066,0.000,0.000,waitingForTarget,noEvent
6382,11,49,rld,15:23:36.494,71706,0.658,0.355,-0.066,0.000,0.000,waitingForTarget,noEvent
6382,11,49,rld,15:23:36.539,71707,0.698,0.355,-0.066,0.000,0.000,waitingForTarget,noEvent
6382,11,49,rld,15:23:36.594,71708,0.758,0.355,-0.066,0.000,0.000,waitingForTarget,noEvent
6382,11,49,rld,15:23:36.654,71709,0.817,0.355,-0.066,0.000,0.000,waitingForTarget,noEvent
6382,11,49,rld,15:23:36.694,71710,0.039,0.355,-0.066,0.000,0.000,activeTracking,targetAppeared
6382,11,49,rld,15:23:36.783,71711,0.116,0.355,-0.066,0.000,0.000,activeTracking,noEvent
6382,11,49,rld,15:23:36.837,71712,0.182,0.355,-0.066,0.000,0.000,activeTracking,noEvent
6382,11,49,rld,15:23:36.872,71713,0.216,0.355,-0.066,0.000,0.000,activeTracking,noEvent
6382,11,49,rld,15:23:36.927,71714,0.262,0.355,-0.066,0.000,0.000,activeTracking,noEvent
6382,11,49,rld,15:23:37.006,71715,0.336,0.355,-0.066,0.000,0.000,activeTracking,failedClick
6382,11,50,rld,15:23:37.744,71729,0.406,0.355,-0.066,0.000,0.000,waitingForTarget,middleTargetClick
6382,11,50,rld,15:23:37.809,71730,0.476,0.355,-0.066,0.000,0.000,waitingForTarget,noEvent
6382,11,50,rld,15:23:37.853,71731,0.520,0.355,-0.066,0.000,0.000,waitingForTarget,noEvent
6382,11,50,rld,15:23:37.915,71732,0.584,0.355,-0.066,0.000,0.000,waitingForTarget,noEvent
6382,11,50,rld,15:23:37.962,71733,0.623,0.355,-0.066,0.000,0.000,waitingForTarget,noEvent
6382,11,50,rld,15:23:37.983,71734,0.649,0.355,-0.066,0.000,0.000,waitingForTarget,noEvent
6382,11,50,rld,15:23:38.053,71735,0.714,0.355,-0.066,0.000,0.000,waitingForTarget,noEvent
6382,11,50,rld,15:23:38.113,71736,0.770,0.355,-0.066,0.000,0.000,waitingForTarget,noEvent
6382,11,50,rld,15:23:38.156,71737,0.824,0.355,-0.066,0.000,0.000,waitingForTarget,noEvent
6382,11,50,rld,15:23:38.208,71738,0.050,0.355,-0.066,0.000,0.000,activeTracking,targetAppeared
6382,11,50,rld,15:23:38.271,71739,0.110,0.355,-0.066,0.000,0.000,activeTracking,noEvent
6382,11,50,rld,15:23:38.324,71740,0.168,0.355,-0.066,0.000,0.000,activeTracking,noEvent
6382,11,50,rld,15:23:38.375,71741,0.207,0.355,-0.066,0.000,0.000,activeTracking,noEvent
6382,11,50,rld,15:23:38.416,71742,0.259,0.355,-0.066,0.000,0.000,activeTracking,noEvent
6382,11,50,rld,15:23:38.497,71743,0.329,0.355,-0.066,0.000,0.000,activeTracking,failedClick
6382,11,51,rld,15:23:39.861,71767,0.413,0.355,-0.066,0.000,0.000,waitingForTarget,middleTargetClick
6382,11,51,rld,15:23:39.920,71768,0.479,0.355,-0.066,0.000,0.000,waitingForTarget,noEvent
6382,11,51,rld,15:23:39.956,71769,0.520,0.355,-0.066,0.000,0.000,waitingForTarget,noEvent
6382,11,51,rld,15:23:40.017,71770,0.575,0.355,-0.066,0.000,0.000,waitingForTarget,noEvent
6382,11,51,rld,15:23:40.058,71771,0.624,0.355,-0.066,0.000,0.000,waitingForTarget,noEvent
6382,11,51,rld,15:23:40.121,71772,0.681,0.355,-0.066,0.000,0.000,waitingForTarget,noEvent
6382,11,51,rld,15:23:40.163,71773,0.723,0.355,-0.066,0.000,0.000,waitingForTarget,noEvent
6382,11,51,rld,15:23:40.232,71774,0.796,0.355,-0.066,0.000,0.000,waitingForTarget,noEvent
6382,11,51,rld,15:23:40.273,71775,0.839,0.355,-0.066,0.000,0.000,waitingForTarget,noEvent
6382,11,51,rld,15:23:40.328,71776,0.045,0.355,-0.066,0.000,0.000,activeTracking,targetAppeared
6382,11,51,rld,15:23:40.376,71777,0.105,0.355,-0.066,0.000,0.000,activeTracking,noEvent
6382,11,51,rld,15:23:40.454,71778,0.169,0.355,-0.066,0.000,0.000,activeTracking,noEvent
6382,11,51,rld,15:23:40.522,71779,0.238,0.355,-0.066,0.000,0.000,activeTracking,failedClick
6382,11,52,rld,15:23:41.680,71800,0.314,0.355,-0.066,0.000,0.000,waitingForTarget,middleTargetClick
6382,11,52,rld,15:23:41.732,71801,0.379,0.355,-0.066,0.000,0.000,waitingForTarget,noEvent
6382,11,52,rld,15:23:41.799,71802,0.429,0.355,-0.066,0.000,0.000,waitingForTarget,noEvent
6382,11,52,rld,15:23:41.855,71803,0.483,0.355,-0.066,0.000,0.000,waitingForTarget,noEvent
6382,11,52,rld,15:23:41.907,71804,0.543,0.355,-0.066,0.000,0.000,waitingForTarget,noEvent
6382,11,52,rld,15:23:41.958,71805,0.600,0.355,-0.066,0.000,0.000,waitingForTarget,noEvent
6382,11,52,rld,15:23:42.014,71806,0.655,0.355,-0.066,0.000,0.000,waitingForTarget,noEvent
6382,11,52,rld,15:23:42.048,71807,0.694,0.355,-0.066,0.000,0.000,waitingForTarget,noEvent
6382,11,52,rld,15:23:42.113,71808,0.762,0.355,-0.066,0.000,0.000,waitingForTarget,noEvent
6382,11,52,rld,15:23:42.203,71809,0.078,0.355,-0.066,0.000,0.000,activeTracking,targetAppeared
6382,11,52,rld,15:23:42.246,71810,0.128,0.355,-0.066,0.000,0.000,activeTracking,noEvent
6382,11,52,rld,15:23:42.309,71811,0.183,0.355,-0.066,0.000,0.000,activeTracking,noEvent
6382,11,52,rld,15:23:42.365,71812,0.240,0.355,-0.066,0.000,0.000,activeTracking,failedClick
6382,11,53,rld,15:23:43.212,71827,0.294,0.355,-0.066,0.000,0.000,waitingForTarget,middleTargetClick
6382,11,53,rld,15:23:43.274,71828,0.359,0.355,-0.066,0.000,0.000,waitingForTarget,noEvent
6382,11,53,rld,15:23:43.330,71829,0.414,0.355,-0.066,0.000,0.000,waitingForTarget,noEvent
6382,11,53,rld,15:23:43.397,71830,0.469,0.355,-0.066,0.000,0.000,waitingForTarget,noEvent
6382,11,53,rld,15:23:43.443,71831,0.527,0.355,-0.066,0.000,0.000,waitingForTarget,noEvent
6382,11,53,rld,15:23:43.508,71832,0.587,0.355,-0.066,0.000,0.000,waitingForTarget,noEvent
6382,11,53,rld,15:23:43.549,71833,0.634,0.355,-0.066,0.000,0.000,waitingForTarget,noEvent
6382,11,53,rld,15:23:43.613,71834,0.686,0.355,-0.066,0.000,0.000,waitingForTarget,noEvent
6382,11,53,rld,15:23:43.681,71835,0.755,0.355,-0.066,0.000,0.000,waitingForTarget,noEvent
6382,11,53,rld,15:23:43.733,71836,0.055,0.355,-0.066,0.000,0.000,activeTracking,targetAppeared
6382,11,53,rld,15:23:43.778,71837,0.108,0.355,-0.066,0.000,0.000,activeTracking,noEvent
6382,11,53,rld,15:23:43.847,71838,0.165,0.355,-0.066,0.000,0.000,activeTracking,noEvent
6382,11,53,rld,15:23:43.899,71839,0.214,0.355,-0.066,0.000,0.000,activeTracking,noEvent
6382,11,53,rld,15:23:43.953,71840,0.275,0.355,-0.066,0.000,0.000,activeTracking,noEvent
6382,11,53,rld,15:23:43.991,71841,0.320,0.355,-0.066,0.000,0.000,activeTracking,noEvent
6382,11,53,rld,15:23:44.058,71842,0.376,0.355,-0.066,0.000,0.000,activeTracking,noEvent
6382,11,53,rld,15:23:44.133,71843,0.453,0.355,-0.066,0.000,0.000,activeTracking,noEvent
6382,11,53,rld,15:23:44.209,71844,0.536,0.355,-0.066,0.000,0.000,activeTracking,noEvent
6382,11,53,rld,15:23:44.243,71845,0.571,0.355,-0.066,0.000,0.000,activeTracking,noEvent
6382,11,53,rld,15:23:44.299,71846,0.624,0.355,-0.066,0.000,0.000,activeTracking,noEvent
6382,11,53,rld,15:23:44.353,71847,0.680,0.355,-0.066,0.000,0.000,activeTracking,failedClick
6382,11,54,rld,15:23:45.739,71871,0.738,0.355,-0.066,0.000,0.000,waitingForTarget,middleTargetClick
6382,11,54,rld,15:23:45.789,71872,0.798,0.355,-0.066,0.000,0.000,waitingForTarget,noEvent
6382,11,54,rld,15:23:45.846,71873,0.856,0.355,-0.066,0.000,0.000,waitingForTarget,noEvent
6382,11,54,rld,15:23:45.895,71874,0.899,0.355,-0.066,0.000,0.000,waitingForTarget,noEvent
6382,11,54,rld,15:23:45.940,71875,0.949,0.355,-0.066,0.000,0.000,waitingForTarget,noEvent
6382,11,54,rld,15:23:46.016,71876,1.023,0.355,-0.066,0.000,0.000,waitingForTarget,noEvent
6382,11,54,rld,15:23:46.074,71877,1.085,0.355,-0.066,0.000,0.000,waitingForTarget,noEvent
6382,11,54,rld,15:23:46.125,71878,1.140,0.355,-0.066,0.000,0.000,waitingForTarget,noEvent
6382,11,54,rld,15:23:46.190,71879,1.203,0.355,-0.066,0.000,0.000,activeTracking,failedClick
6382,11,55,rld,15:23:47.000,71894,1.260,0.355,-0.066,0.000,0.000,waitingForTarget,middleTargetClick
6382,11,55,rld,15:23:47.061,71895,1.324,0.355,-0.066,0.000,0.000,waitingForTarget,noEvent
6382,11,55,rld,15:23:47.110,71896,1.381,0.355,-0.066,0.000,0.000,waitingForTarget,noEvent
6382,11,55,rld,15:23:47.173,71897,1.452,0.355,-0.066,0.000,0.000,waitingForTarget,noEvent
6382,11,55,rld,15:23:47.228,71898,1.504,0.355,-0.066,0.000,0.000,waitingForTarget,noEvent
6382,11,55,rld,15:23:47.294,71899,1.562,0.355,-0.066,0.000,0.000,waitingForTarget,noEvent
6382,11,55,rld,15:23:47.331,71900,1.609,0.355,-0.066,0.000,0.000,waitingForTarget,noEvent
6382,11,55,rld,15:23:47.397,71901,1.663,0.355,-0.066,0.000,0.000,waitingForTarget,noEvent
6382,11,55,rld,15:23:47.450,71902,0.061,0.355,-0.066,0.000,0.000,activeTracking,targetAppeared
6382,11,55,rld,15:23:47.509,71903,0.109,0.355,-0.066,0.000,0.000,activeTracking,noEvent
6382,11,55,rld,15:23:47.563,71904,0.177,0.355,-0.066,0.000,0.000,activeTracking,noEvent
6382,11,55,rld,15:23:47.648,71905,0.258,0.355,-0.066,0.000,0.000,activeTracking,noEvent
6382,11,55,rld,15:23:47.698,71906,0.313,0.355,-0.066,0.000,0.000,activeTracking,noEvent
6382,11,55,rld,15:23:47.748,71907,0.359,0.355,-0.066,0.000,0.000,activeTracking,noEvent
6382,11,55,rld,15:23:47.825,71908,0.428,0.355,-0.066,0.000,0.000,activeTracking,failedClick
6382,11,56,rld,15:23:49.147,71932,0.505,0.355,-0.066,0.000,0.000,waitingForTarget,middleTargetClick
6382,11,56,rld,15:23:49.193,71933,0.555,0.355,-0.066,0.000,0.000,waitingForTarget,noEvent
6382,11,56,rld,15:23:49.242,71934,0.604,0.355,-0.066,0.000,0.000,waitingForTarget,noEvent
6382,11,56,rld,15:23:49.316,71935,0.676,0.355,-0.066,0.000,0.000,waitingForTarget,noEvent
6382,11,56,rld,15:23:49.375,71936,0.733,0.355,-0.066,0.000,0.000,waitingForTarget,noEvent
6382,11,56,rld,15:23:49.439,71937,0.797,0.355,-0.066,0.000,0.000,waitingForTarget,noEvent
6382,11,56,rld,15:23:49.503,71938,0.862,0.355,-0.066,0.000,0.000,waitingForTarget,noEvent
6382,11,56,rld,15:23:49.544,71939,0.904,0.355,-0.066,0.000,0.000,waitingForTarget,noEvent
6382,11,56,rld,15:23:49.603,71940,0.948,0.355,-0.066,0.000,0.000,waitingForTarget,noEvent
6382,11,56,rld,15:23:49.641,71941,0.050,0.355,-0.066,0.000,0.000,activeTracking,targetAppeared
6382,11,56,rld,15:23:49.704,71942,0.116,0.355,-0.066,0.000,0.000,activeTracking,noEvent
6382,11,56,rld,15:23:49.758,71943,0.169,0.355,-0.066,0.000,0.000,activeTracking,noEvent
6382,11,56,rld,15:23:49.822,71944,0.233,0.355,-0.066,0.000,0.000,activeTracking,noEvent
6382,11,56,rld,15:23:49.865,71945,0.277,0.355,-0.066,0.000,0.000,activeTracking,noEvent
6382,11,56,rld,15:23:49.942,71946,0.345,0.355,-0.066,0.000,0.000,activeTracking,noEvent
6382,11,56,rld,15:23:49.986,71947,0.395,0.355,-0.066,0.000,0.000,activeTracking,noEvent
6382,11,56,rld,15:23:50.031,71948,0.445,0.355,-0.066,0.000,0.000,activeTracking,noEvent
6382,11,56,rld,15:23:50.093,71949,0.507,0.355,-0.066,0.000,0.000,activeTracking,noEvent
6382,11,56,rld,15:23:50.161,71950,0.566,0.355,-0.066,0.000,0.000,activeTracking,noEvent
6382,11,56,rld,15:23:50.198,71951,0.609,0.355,-0.066,0.000,0.000,activeTracking,noEvent
6382,11,56,rld,15:23:50.259,71952,0.667,0.355,-0.066,0.000,0.000,activeTracking,noEvent
6382,11,56,rld,15:23:50.313,71953,0.715,0.355,-0.066,0.000,0.000,activeTracking,noEvent
6382,11,56,rld,15:23:50.355,71954,0.765,0.355,-0.066,0.000,0.000,activeTracking,noEvent
6382,11,56,rld,15:23:50.400,71955,0.809,0.355,-0.066,0.000,0.000,activeTracking,noEvent
6382,11,56,rld,15:23:50.437,71956,0.848,0.355,-0.066,0.000,0.000,activeTracking,noEvent
6382,11,56,rld,15:23:50.512,71957,0.919,0.355,-0.066,0.000,0.000,activeTracking,noEvent
6382,11,56,rld,15:23:50.581,71958,0.994,0.355,-0.066,0.000,0.000,activeTracking,failedClick
6382,11,57,rld,15:23:51.813,71969,1.205,0.355,-0.066,0.000,0.000,waitingForTarget,middleTargetClick
6382,11,57,rld,15:23:51.854,71970,1.290,0.355,-0.066,0.000,0.000,waitingForTarget,noEvent
6382,11,57,rld,15:23:51.914,71971,1.355,0.355,-0.066,0.000,0.000,waitingForTarget,noEvent
6382,11,57,rld,15:23:51.979,71972,1.426,0.355,-0.066,0.000,0.000,waitingForTarget,noEvent
6382,11,57,rld,15:23:52.021,71973,1.468,0.355,-0.066,0.000,0.000,waitingForTarget,noEvent
6382,11,57,rld,15:23:52.078,71974,1.516,0.355,-0.066,0.000,0.000,waitingForTarget,noEvent
6382,11,57,rld,15:23:52.142,71975,1.581,0.355,-0.066,0.000,0.000,waitingForTarget,noEvent
6382,11,57,rld,15:23:52.199,71976,1.635,0.355,-0.066,0.000,0.000,waitingForTarget,noEvent
6382,11,57,rld,15:23:52.271,71977,0.084,0.355,-0.066,0.000,0.000,activeTracking,targetAppeared
6382,11,57,rld,15:23:52.323,71978,0.139,0.355,-0.066,0.000,0.000,activeTracking,noEvent
6382,11,57,rld,15:23:52.383,71979,0.192,0.355,-0.066,0.000,0.000,activeTracking,noEvent
6382,11,57,rld,15:23:52.433,71980,0.241,0.355,-0.066,0.000,0.000,activeTracking,noEvent
6382,11,57,rld,15:23:52.509,71981,0.321,0.355,-0.066,0.000,0.000,activeTracking,noEvent
6382,11,57,rld,15:23:52.552,71982,0.363,0.355,-0.066,0.000,0.000,activeTracking,noEvent
6382,11,57,rld,15:23:52.607,71983,0.411,0.355,-0.066,0.000,0.000,activeTracking,noEvent
6382,11,57,rld,15:23:52.694,71984,0.492,0.355,-0.066,0.000,0.000,activeTracking,noEvent
6382,11,57,rld,15:23:52.759,71985,0.567,0.355,-0.066,0.000,0.000,activeTracking,noEvent
6382,11,57,rld,15:23:52.821,71986,0.626,0.355,-0.066,0.000,0.000,activeTracking,noEvent
6382,11,57,rld,15:23:52.879,71987,0.683,0.355,-0.066,0.000,0.000,activeTracking,noEvent
6382,11,57,rld,15:23:52.922,71988,0.734,0.355,-0.066,0.000,0.000,activeTracking,noEvent
6382,11,57,rld,15:23:52.977,71989,0.794,0.355,-0.066,0.000,0.000,activeTracking,noEvent
6382,11,57,rld,15:23:53.048,71990,0.860,0.355,-0.066,0.000,0.000,activeTracking,noEvent
6382,11,57,rld,15:23:53.104,71991,0.910,0.355,-0.066,0.000,0.000,activeTracking,noEvent
6382,11,57,rld,15:23:53.153,71992,0.963,0.355,-0.066,0.000,0.000,activeTracking,noEvent
6382,11,57,rld,15:23:53.210,71993,1.011,0.355,-0.066,0.000,0.000,activeTracking,noEvent
6382,11,57,rld,15:23:53.281,71994,1.097,0.355,-0.066,0.000,0.000,activeTracking,noEvent
6382,11,57,rld,15:23:53.338,71995,1.149,0.355,-0.066,0.000,0.000,activeTracking,noEvent
6382,11,57,rld,15:23:53.389,71996,1.192,0.355,-0.066,0.000,0.000,activeTracking,noEvent
6382,11,57,rld,15:23:53.431,71997,1.234,0.355,-0.066,0.000,0.000,activeTracking,noEvent
6382,11,57,rld,15:23:53.490,71998,1.301,0.355,-0.066,0.000,0.000,activeTracking,failedClick
6382,11,58,rld,15:23:54.047,72008,1.377,0.355,-0.066,0.000,0.000,waitingForTarget,middleTargetClick
6382,11,58,rld,15:23:54.131,72009,1.461,0.355,-0.066,0.000,0.000,waitingForTarget,noEvent
6382,11,58,rld,15:23:54.182,72010,1.513,0.355,-0.066,0.000,0.000,waitingForTarget,noEvent
6382,11,58,rld,15:23:54.252,72011,1.582,0.355,-0.066,0.000,0.000,waitingForTarget,noEvent
6382,11,58,rld,15:23:54.304,72012,1.640,0.355,-0.066,0.000,0.000,waitingForTarget,noEvent
6382,11,58,rld,15:23:54.347,72013,1.684,0.355,-0.066,0.000,0.000,waitingForTarget,noEvent
6382,11,58,rld,15:23:54.413,72014,1.730,0.355,-0.066,0.000,0.000,waitingForTarget,noEvent
6382,11,58,rld,15:23:54.458,72015,1.793,0.355,-0.066,0.000,0.000,waitingForTarget,noEvent
6382,11,58,rld,15:23:54.507,72016,0.047,0.355,-0.066,0.000,0.000,activeTracking,targetAppeared
6382,11,58,rld,15:23:54.553,72017,0.095,0.355,-0.066,0.000,0.000,activeTracking,noEvent
6382,11,58,rld,15:23:54.607,72018,0.143,0.355,-0.066,0.000,0.000,activeTracking,noEvent
6382,11,58,rld,15:23:54.678,72019,0.209,0.355,-0.066,0.000,0.000,activeTracking,noEvent
6382,11,58,rld,15:23:54.722,72020,0.264,0.355,-0.066,0.000,0.000,activeTracking,noEvent
6382,11,58,rld,15:23:54.766,72021,0.307,0.355,-0.066,0.000,0.000,activeTracking,noEvent
6382,11,58,rld,15:23:54.849,72022,0.387,0.355,-0.066,0.000,0.000,activeTracking,failedClick
6382,11,59,rld,15:23:55.637,72037,0.442,0.355,-0.066,0.000,0.000,waitingForTarget,middleTargetClick
6382,11,59,rld,15:23:55.694,72038,0.507,0.355,-0.066,0.000,0.000,waitingForTarget,noEvent
6382,11,59,rld,15:23:55.756,72039,0.575,0.355,-0.066,0.000,0.000,waitingForTarget,noEvent
6382,11,59,rld,15:23:55.795,72040,0.608,0.355,-0.066,0.000,0.000,waitingForTarget,noEvent
6382,11,59,rld,15:23:55.862,72041,0.684,0.355,-0.066,0.000,0.000,waitingForTarget,noEvent
6382,11,59,rld,15:23:55.928,72042,0.738,0.355,-0.066,0.000,0.000,waitingForTarget,noEvent
6382,11,59,rld,15:23:55.987,72043,0.800,0.355,-0.066,0.000,0.000,waitingForTarget,noEvent
6382,11,59,rld,15:23:56.040,72044,0.858,0.355,-0.066,0.000,0.000,waitingForTarget,noEvent
6382,11,59,rld,15:23:56.083,72045,0.042,0.355,-0.066,0.000,0.000,activeTracking,targetAppeared
6382,11,59,rld,15:23:56.151,72046,0.107,0.355,-0.066,0.000,0.000,activeTracking,noEvent
6382,11,59,rld,15:23:56.204,72047,0.160,0.355,-0.066,0.000,0.000,activeTracking,noEvent
6382,11,59,rld,15:23:56.252,72048,0.210,0.355,-0.066,0.000,0.000,activeTracking,noEvent
6382,11,59,rld,15:23:56.395,72049,0.350,0.355,-0.066,0.000,0.000,activeTracking,noEvent
6382,11,59,rld,15:23:56.483,72050,0.442,0.355,-0.066,0.000,0.000,activeTracking,noEvent
6382,11,59,rld,15:23:56.515,72051,0.479,0.355,-0.066,0.000,0.000,activeTracking,noEvent
6382,11,59,rld,15:23:56.577,72052,0.530,0.355,-0.066,0.000,0.000,activeTracking,noEvent
6382,11,59,rld,15:23:56.600,72053,0.567,0.355,-0.066,0.000,0.000,activeTracking,noEvent
6382,11,59,rld,15:23:56.665,72054,0.628,0.355,-0.066,0.000,0.000,activeTracking,noEvent
6382,11,59,rld,15:23:56.712,72055,0.678,0.355,-0.066,0.000,0.000,activeTracking,noEvent
6382,11,59,rld,15:23:56.812,72056,0.746,0.355,-0.066,0.000,0.000,activeTracking,noEvent
6382,11,59,rld,15:23:56.874,72057,0.840,0.355,-0.066,0.000,0.000,activeTracking,noEvent
6382,11,59,rld,15:23:56.992,72058,0.914,0.355,-0.066,0.000,0.000,activeTracking,noEvent
6382,11,59,rld,15:23:57.023,72059,0.990,0.355,-0.066,0.000,0.000,activeTracking,noEvent
6382,11,59,rld,15:23:57.136,72060,1.099,0.355,-0.066,0.000,0.000,activeTracking,noEvent
6382,11,59,rld,15:23:57.249,72061,1.210,0.355,-0.066,0.000,0.000,activeTracking,noEvent
6382,11,59,rld,15:23:57.308,72062,1.267,0.355,-0.066,0.000,0.000,activeTracking,noEvent
6382,11,59,rld,15:23:57.392,72063,1.351,0.355,-0.066,0.000,0.000,activeTracking,noEvent
6382,11,59,rld,15:23:57.490,72064,1.445,0.355,-0.066,0.000,0.000,activeTracking,noEvent
6382,11,59,rld,15:23:57.569,72065,1.522,0.355,-0.066,0.000,0.000,activeTracking,noEvent
6382,11,59,rld,15:23:57.632,72066,1.596,0.355,-0.066,0.000,0.000,activeTracking,noEvent
6382,11,59,rld,15:23:57.720,72067,1.672,0.355,-0.066,0.000,0.000,activeTracking,noEvent
6382,11,59,rld,15:23:57.809,72068,1.750,0.355,-0.066,0.000,0.000,activeTracking,noEvent
6382,11,59,rld,15:23:57.898,72069,1.856,0.355,-0.066,0.000,0.000,activeTracking,noEvent
6382,11,59,rld,15:23:57.959,72070,1.923,0.355,-0.066,0.000,0.000,activeTracking,noEvent
6382,11,59,rld,15:23:58.015,72071,1.981,0.355,-0.066,0.000,0.000,activeTracking,noEvent
6382,11,59,rld,15:23:58.107,72072,2.070,0.355,-0.066,0.000,0.000,activeTracking,noEvent
6382,11,59,rld,15:23:58.159,72073,2.117,0.355,-0.066,0.000,0.000,activeTracking,noEvent
6382,11,59,rld,15:23:58.197,72074,2.162,0.355,-0.066,0.000,0.000,activeTracking,noEvent
6382,11,59,rld,15:23:58.242,72075,2.207,0.355,-0.066,0.000,0.000,activeTracking,noEvent
6382,11,59,rld,15:23:58.295,72076,2.257,0.355,-0.066,0.000,0.000,activeTracking,noEvent
6382,11,59,rld,15:23:58.330,72077,2.296,0.355,-0.066,0.000,0.000,activeTracking,noEvent
6382,11,59,rld,15:23:58.355,72078,2.322,0.355,-0.066,0.000,0.000,activeTracking,noEvent
6382,11,59,rld,15:23:58.397,72079,2.362,0.355,-0.066,0.000,0.000,activeTracking,noEvent
6382,11,59,rld,15:23:58.432,72080,2.394,0.355,-0.066,0.000,0.000,activeTracking,noEvent
6382,11,59,rld,15:23:58.492,72081,2.455,0.355,-0.066,0.000,0.000,activeTracking,noEvent
6382,11,59,rld,15:23:58.530,72082,2.492,0.355,-0.066,0.000,0.000,activeTracking,noEvent
6382,11,59,rld,15:23:58.572,72083,2.533,0.355,-0.066,0.000,0.000,activeTracking,noEvent
6382,11,59,rld,15:23:58.611,72084,2.577,0.355,-0.066,0.000,0.000,activeTracking,noEvent
6382,11,59,rld,15:23:58.665,72085,2.629,0.355,-0.066,0.000,0.000,activeTracking,noEvent
6382,11,59,rld,15:23:58.713,72086,2.679,0.355,-0.066,0.000,0.000,activeTracking,noEvent
6382,11,59,rld,15:23:58.763,72087,2.729,0.355,-0.066,0.000,0.000,activeTracking,noEvent
6382,11,59,rld,15:23:58.842,72088,2.805,0.355,-0.066,0.000,0.000,activeTracking,noEvent
6382,11,59,rld,15:23:58.892,72089,2.850,0.355,-0.066,0.000,0.000,activeTracking,noEvent
6382,11,59,rld,15:23:58.931,72090,2.897,0.355,-0.066,0.000,0.000,activeTracking,noEvent
6382,11,59,rld,15:23:58.992,72091,2.956,0.355,-0.066,0.000,0.000,activeTracking,noEvent
6382,11,59,rld,15:23:59.202,72092,2.976,0.355,-0.066,0.000,0.000,activeTracking,noEvent
6382,11,59,rld,15:24:35.288,72093,2.996,0.355,-0.066,0.000,0.000,activeTracking,noEvent
6382,11,59,rld,15:24:35.376,72094,3.083,0.355,-0.066,0.000,0.000,activeTracking,noEvent
6382,11,59,rld,15:24:35.455,72095,3.156,0.355,-0.066,0.000,0.000,activeTracking,noEvent
6382,11,59,rld,15:24:35.539,72096,3.244,0.355,-0.066,0.000,0.000,activeTracking,noEvent
6382,11,59,rld,15:24:35.558,72097,3.265,0.355,-0.066,0.000,0.000,activeTracking,noEvent
6382,11,59,rld,15:24:35.896,72098,3.599,0.355,-0.066,0.000,0.000,activeTracking,noEvent
6382,11,59,rld,15:24:35.997,72099,3.691,0.355,-0.066,0.000,0.000,activeTracking,noEvent
6382,11,59,rld,15:24:36.045,72100,3.749,0.355,-0.066,0.000,0.000,activeTracking,noEvent
6382,11,59,rld,15:24:36.095,72101,3.800,0.355,-0.066,0.000,0.000,activeTracking,noEvent
6382,11,59,rld,15:24:36.144,72102,3.848,0.355,-0.066,0.000,0.000,activeTracking,noEvent
6382,11,59,rld,15:24:36.191,72103,3.896,0.355,-0.066,0.000,0.000,activeTracking,noEvent
6382,11,59,rld,15:24:36.238,72104,3.937,0.355,-0.066,0.000,0.000,activeTracking,noEvent
6382,11,59,rld,15:24:36.290,72105,3.995,0.355,-0.066,0.000,0.000,activeTracking,noEvent
6382,11,60,rld,15:24:40.638,72197,0.046,0.355,-0.066,0.000,0.000,activeTracking,targetAppeared
6382,11,60,rld,15:24:40.663,72198,0.071,0.355,-0.066,0.000,0.000,activeTracking,noEvent
6382,11,60,rld,15:24:40.707,72199,0.117,0.355,-0.066,0.000,0.000,activeTracking,noEvent
6382,11,60,rld,15:24:40.734,72200,0.142,0.355,-0.066,0.000,0.000,activeTracking,noEvent
6382,11,60,rld,15:24:40.777,72201,0.181,0.355,-0.066,0.000,0.000,activeTracking,noEvent
6382,11,60,rld,15:24:40.908,72202,0.314,0.355,-0.066,0.000,0.000,activeTracking,noEvent
6382,11,60,rld,15:24:40.921,72203,0.333,0.355,-0.066,0.000,0.000,activeTracking,noEvent
6382,11,60,rld,15:24:41.091,72204,0.490,0.355,-0.066,0.000,0.000,activeTracking,noEvent
6382,11,60,rld,15:24:41.123,72205,0.533,0.355,-0.066,0.000,0.000,activeTracking,noEvent
6382,11,60,rld,15:24:41.162,72206,0.569,0.355,-0.066,0.000,0.000,activeTracking,noEvent
6382,11,60,rld,15:24:41.220,72207,0.620,0.355,-0.066,0.000,0.000,activeTracking,noEvent
6382,11,60,rld,15:24:41.255,72208,0.663,0.355,-0.066,0.000,0.000,activeTracking,noEvent
6382,11,60,rld,15:24:41.304,72209,0.708,0.355,-0.066,0.000,0.000,activeTracking,noEvent
6382,11,60,rld,15:24:41.364,72210,0.769,0.355,-0.066,0.000,0.000,activeTracking,failedClick;
6382,12,1,rld,15:25:21.211,73015,0.834,0.372,0.323,0.000,0.000,waitingForTarget,middleTargetClick
6382,12,1,rld,15:25:21.267,73016,0.897,0.372,0.323,0.000,0.000,waitingForTarget,noEvent
6382,12,1,rld,15:25:21.359,73017,0.994,0.372,0.323,0.000,0.000,waitingForTarget,noEvent
6382,12,1,rld,15:25:21.409,73018,1.035,0.372,0.323,0.000,0.000,waitingForTarget,noEvent
6382,12,1,rld,15:25:21.487,73019,1.120,0.372,0.323,0.000,0.000,waitingForTarget,noEvent
6382,12,1,rld,15:25:21.522,73020,1.161,0.372,0.323,0.000,0.000,waitingForTarget,noEvent
6382,12,1,rld,15:25:21.564,73021,1.200,0.372,0.323,0.000,0.000,waitingForTarget,noEvent
6382,12,1,rld,15:25:21.603,73022,1.234,0.372,0.323,0.000,0.000,waitingForTarget,noEvent
6382,12,1,rld,15:25:21.649,73023,0.045,0.372,0.323,0.000,0.000,activeTracking,targetAppeared
6382,12,1,rld,15:25:21.700,73024,0.095,0.372,0.323,0.000,0.000,activeTracking,noEvent
6382,12,1,rld,15:25:21.745,73025,0.149,0.372,0.323,0.000,0.000,activeTracking,noEvent
6382,12,1,rld,15:25:21.790,73026,0.194,0.372,0.323,0.000,0.000,activeTracking,noEvent
6382,12,1,rld,15:25:21.847,73027,0.247,0.372,0.323,0.000,0.000,activeTracking,noEvent
6382,12,1,rld,15:25:21.889,73028,0.295,0.372,0.323,0.000,0.000,activeTracking,noEvent
6382,12,1,rld,15:25:22.403,73029,0.629,-2.339,-0.152,-23.700,-4.200,activeTracking,noEvent
6382,12,1,rld,15:25:22.487,73030,0.724,-3.355,-0.332,-0.400,-0.100,activeTracking,noEvent
6382,12,1,rld,15:25:22.693,73031,0.901,-3.916,-0.446,-1.600,-0.400,activeTracking,noEvent
6382,12,1,rld,15:25:22.809,73032,1.058,-4.664,-0.506,-4.100,-0.100,activeTracking,noEvent
6382,12,1,rld,15:25:22.880,73033,1.142,-4.966,-0.528,-0.300,0.000,activeTracking,noEvent
6382,12,1,rld,15:25:22.954,73034,1.212,-5.068,-0.536,0.000,0.000,activeTracking,noEvent
6382,12,1,rld,15:25:23.074,73035,1.312,-4.500,-0.316,4.300,1.700,activeTracking,noEvent
6382,12,1,rld,15:25:23.304,73036,1.534,-3.956,-0.256,2.700,-0.100,activeTracking,noEvent
6382,12,1,rld,15:25:23.437,73037,1.662,-3.421,-0.330,2.800,-0.800,activeTracking,noEvent
6382,12,1,rld,15:25:23.507,73038,1.772,-3.172,-0.377,0.600,-0.200,activeTracking,noEvent
6382,12,1,rld,15:25:23.573,73039,1.831,-3.077,-0.393,0.100,0.000,activeTracking,noEvent
6382,12,1,rld,15:25:23.636,73040,1.900,-3.021,-0.398,0.200,0.000,activeTracking,noEvent
6382,12,1,rld,15:25:23.677,73041,1.949,-3.003,-0.400,0.000,0.000,activeTracking,noEvent
6382,12,1,rld,15:25:23.761,73042,2.029,-2.959,-0.400,0.300,0.000,activeTracking,noEvent
6382,12,1,rld,15:25:23.856,73043,2.127,-2.908,-0.400,0.300,0.000,activeTracking,noEvent
6382,12,1,rld,15:25:24.010,73044,2.260,-2.781,-0.328,0.900,0.600,onTarget,noEvent
6382,12,1,rld,15:25:24.076,73045,2.329,-2.715,-0.269,0.200,0.300,onTarget,noEvent
6382,12,1,rld,15:25:24.136,73046,2.398,-2.668,-0.238,0.200,0.100,onTarget,noEvent
6382,12,1,rld,15:25:24.181,73047,2.447,-2.653,-0.228,0.000,0.000,onTarget,noEvent
6382,12,1,rld,15:25:24.236,73048,2.497,-2.648,-0.224,0.000,0.000,onTarget,noEvent
6382,12,1,rld,15:25:24.291,73049,2.562,-2.646,-0.223,0.000,0.000,onTarget,noEvent
6382,12,1,rld,15:25:24.351,73050,2.616,-2.646,-0.223,0.000,0.000,onTarget,noEvent
6382,12,1,rld,15:25:24.401,73051,2.659,-2.645,-0.223,0.000,0.000,onTarget,noEvent
6382,12,1,rld,15:25:24.443,73052,2.714,-2.645,-0.223,0.000,0.000,onTarget,noEvent
6382,12,1,rld,15:25:24.533,73053,2.790,-2.645,-0.222,0.000,0.000,onTarget,targetClick
6382,12,2,rld,15:25:26.738,73086,2.851,0.220,0.170,0.000,0.000,waitingForTarget,middleTargetClick
6382,12,2,rld,15:25:26.789,73087,2.908,0.220,0.170,0.000,0.000,waitingForTarget,noEvent
6382,12,2,rld,15:25:26.860,73088,2.984,0.220,0.170,0.000,0.000,waitingForTarget,noEvent
6382,12,2,rld,15:25:26.919,73089,3.048,0.220,0.170,0.000,0.000,waitingForTarget,noEvent
6382,12,2,rld,15:25:26.967,73090,3.087,0.219,0.170,0.000,0.000,waitingForTarget,noEvent
6382,12,2,rld,15:25:27.011,73091,3.135,0.219,0.170,0.000,0.000,waitingForTarget,noEvent
6382,12,2,rld,15:25:27.048,73092,3.177,0.219,0.170,0.000,0.000,waitingForTarget,noEvent
6382,12,2,rld,15:25:27.093,73093,3.217,0.219,0.170,0.000,0.000,waitingForTarget,noEvent
6382,12,2,rld,15:25:27.134,73094,3.256,0.219,0.170,0.000,0.000,waitingForTarget,noEvent
6382,12,2,rld,15:25:27.176,73095,0.043,0.219,0.170,0.000,0.000,activeTracking,targetAppeared
6382,12,2,rld,15:25:27.210,73096,0.082,0.219,0.170,0.000,0.000,activeTracking,noEvent
6382,12,2,rld,15:25:27.271,73097,0.140,0.219,0.170,0.000,0.000,activeTracking,noEvent
6382,12,2,rld,15:25:27.354,73098,0.220,0.219,0.170,0.000,0.000,activeTracking,noEvent
6382,12,2,rld,15:25:27.540,73099,0.381,1.239,0.365,9.000,1.700,activeTracking,noEvent
6382,12,2,rld,15:25:27.721,73100,0.579,2.038,0.391,3.900,-0.400,activeTracking,noEvent
6382,12,2,rld,15:25:27.787,73101,0.648,2.417,0.390,0.900,-0.100,activeTracking,noEvent
6382,12,2,rld,15:25:27.882,73102,0.743,2.581,0.390,0.300,0.000,activeTracking,noEvent
6382,12,2,rld,15:25:27.927,73103,0.798,2.648,0.391,0.100,0.000,activeTracking,noEvent
6382,12,2,rld,15:25:27.976,73104,0.839,2.671,0.391,0.000,0.000,activeTracking,noEvent
6382,12,2,rld,15:25:28.033,73105,0.901,2.678,0.391,0.000,0.000,activeTracking,noEvent
6382,12,2,rld,15:25:28.086,73106,0.951,2.681,0.391,0.000,0.000,activeTracking,noEvent
6382,12,2,rld,15:25:28.136,73107,1.001,2.681,0.391,0.000,0.000,activeTracking,noEvent
6382,12,2,rld,15:25:28.215,73108,1.082,2.682,0.379,0.000,-0.100,activeTracking,noEvent
6382,12,2,rld,15:25:28.277,73109,1.147,2.682,0.352,0.000,-0.200,activeTracking,noEvent
6382,12,2,rld,15:25:28.421,73110,1.283,2.767,0.226,0.700,-1.000,onTarget,noEvent
6382,12,2,rld,15:25:28.488,73111,1.348,2.820,0.150,0.200,-0.300,onTarget,noEvent
6382,12,2,rld,15:25:28.544,73112,1.414,2.837,0.112,0.000,-0.100,onTarget,noEvent
6382,12,2,rld,15:25:28.594,73113,1.461,2.843,0.100,0.000,0.000,onTarget,noEvent
6382,12,2,rld,15:25:28.648,73114,1.519,2.845,0.084,0.000,-0.100,onTarget,noEvent
6382,12,2,rld,15:25:28.698,73115,1.572,2.846,0.079,0.000,0.000,onTarget,noEvent
6382,12,2,rld,15:25:28.742,73116,1.615,2.846,0.077,0.000,0.000,onTarget,noEvent
6382,12,2,rld,15:25:28.793,73117,1.664,2.846,0.076,0.000,0.000,onTarget,noEvent
6382,12,2,rld,15:25:28.888,73118,1.760,2.846,0.076,0.000,0.000,onTarget,targetClick
6382,12,3,rld,15:25:31.120,73155,1.812,0.135,0.187,0.000,0.000,waitingForTarget,middleTargetClick
6382,12,3,rld,15:25:31.183,73156,1.878,0.135,0.187,0.000,0.000,waitingForTarget,noEvent
6382,12,3,rld,15:25:31.238,73157,1.938,0.135,0.187,0.000,0.000,waitingForTarget,noEvent
6382,12,3,rld,15:25:31.301,73158,1.994,0.135,0.187,0.000,0.000,waitingForTarget,noEvent
6382,12,3,rld,15:25:31.343,73159,2.042,0.135,0.187,0.000,0.000,waitingForTarget,noEvent
6382,12,3,rld,15:25:31.385,73160,2.080,0.135,0.187,0.000,0.000,waitingForTarget,noEvent
6382,12,3,rld,15:25:31.424,73161,2.124,0.135,0.187,0.000,0.000,waitingForTarget,noEvent
6382,12,3,rld,15:25:31.470,73162,2.173,0.135,0.187,0.000,0.000,waitingForTarget,noEvent
6382,12,3,rld,15:25:31.502,73163,2.205,0.135,0.187,0.000,0.000,waitingForTarget,noEvent
6382,12,3,rld,15:25:31.570,73164,2.267,0.135,0.187,0.000,0.000,waitingForTarget,noEvent
6382,12,3,rld,15:25:31.605,73165,0.040,0.135,0.187,0.000,0.000,activeTracking,targetAppeared
6382,12,3,rld,15:25:31.639,73166,0.076,0.135,0.187,0.000,0.000,activeTracking,noEvent
6382,12,3,rld,15:25:31.704,73167,0.140,0.135,0.187,0.000,0.000,activeTracking,noEvent
6382,12,3,rld,15:25:31.727,73168,0.165,0.135,0.187,0.000,0.000,activeTracking,noEvent
6382,12,3,rld,15:25:31.787,73169,0.223,0.135,0.187,0.000,0.000,activeTracking,noEvent
6382,12,3,rld,15:25:31.876,73170,0.296,0.135,0.187,0.000,0.000,activeTracking,noEvent
6382,12,3,rld,15:25:32.028,73171,0.431,0.597,0.142,4.100,-0.400,activeTracking,noEvent
6382,12,3,rld,15:25:32.106,73172,0.529,0.786,0.094,0.300,-0.300,activeTracking,noEvent
6382,12,3,rld,15:25:32.386,73173,0.782,-1.037,0.123,-16.700,0.400,activeTracking,noEvent
6382,12,3,rld,15:25:32.471,73174,0.889,-1.980,0.113,-2.800,-0.200,activeTracking,noEvent
6382,12,3,rld,15:25:32.591,73175,1.014,-2.409,0.111,-0.900,0.000,onTarget,noEvent
6382,12,3,rld,15:25:32.777,73176,1.210,-2.724,0.123,-1.400,0.100,onTarget,noEvent
6382,12,3,rld,15:25:32.872,73177,1.304,-2.842,0.127,-0.100,0.000,onTarget,noEvent
6382,12,3,rld,15:25:32.919,73178,1.349,-2.894,0.128,-0.100,0.000,onTarget,noEvent
6382,12,3,rld,15:25:32.977,73179,1.412,-2.911,0.129,0.000,0.000,onTarget,noEvent
6382,12,3,rld,15:25:33.279,73180,1.698,-2.904,0.129,0.100,0.000,onTarget,targetClick
6382,12,4,rld,15:25:35.301,73205,1.777,0.287,-0.269,0.000,0.000,waitingForTarget,middleTargetClick
6382,12,4,rld,15:25:35.368,73206,1.837,0.287,-0.269,0.000,0.000,waitingForTarget,noEvent
6382,12,4,rld,15:25:35.422,73207,1.912,0.287,-0.269,0.000,0.000,waitingForTarget,noEvent
6382,12,4,rld,15:25:35.471,73208,1.960,0.287,-0.269,0.000,0.000,waitingForTarget,noEvent
6382,12,4,rld,15:25:35.506,73209,1.993,0.287,-0.269,0.000,0.000,waitingForTarget,noEvent
6382,12,4,rld,15:25:35.556,73210,2.044,0.287,-0.269,0.000,0.000,waitingForTarget,noEvent
6382,12,4,rld,15:25:35.615,73211,2.093,0.287,-0.269,0.000,0.000,waitingForTarget,noEvent
6382,12,4,rld,15:25:35.658,73212,2.146,0.287,-0.269,0.000,0.000,waitingForTarget,noEvent
6382,12,4,rld,15:25:35.710,73213,2.197,0.287,-0.269,0.000,0.000,waitingForTarget,noEvent
6382,12,4,rld,15:25:35.744,73214,0.035,0.287,-0.269,0.000,0.000,activeTracking,targetAppeared
6382,12,4,rld,15:25:35.816,73215,0.105,0.287,-0.269,0.000,0.000,activeTracking,noEvent
6382,12,4,rld,15:25:35.919,73216,0.195,0.287,-0.269,0.000,0.000,activeTracking,noEvent
6382,12,4,rld,15:25:35.969,73217,0.257,0.287,-0.269,0.000,0.000,activeTracking,noEvent
6382,12,4,rld,15:25:36.027,73218,0.314,0.287,-0.269,0.000,0.000,activeTracking,noEvent
6382,12,4,rld,15:25:36.075,73219,0.365,0.287,-0.269,0.000,0.000,activeTracking,noEvent
6382,12,4,rld,15:25:36.123,73220,0.406,0.287,-0.269,0.000,0.000,activeTracking,noEvent
6382,12,4,rld,15:25:36.190,73221,0.473,0.287,-0.269,0.000,0.000,activeTracking,noEvent
6382,12,4,rld,15:25:36.244,73222,0.523,0.287,-0.269,0.000,0.000,activeTracking,noEvent
6382,12,4,rld,15:25:36.524,73223,0.796,1.033,-0.100,6.600,1.500,activeTracking,noEvent
6382,12,4,rld,15:25:36.641,73224,0.924,1.526,0.048,2.100,0.800,activeTracking,noEvent
6382,12,4,rld,15:25:36.718,73225,0.995,1.808,0.133,1.000,0.300,activeTracking,noEvent
6382,12,4,rld,15:25:36.799,73226,1.090,1.938,0.173,0.300,0.100,activeTracking,noEvent
6382,12,4,rld,15:25:36.874,73227,1.163,2.004,0.186,0.200,0.000,activeTracking,noEvent
6382,12,4,rld,15:25:36.918,73228,1.211,2.027,0.191,0.000,0.000,activeTracking,noEvent
6382,12,4,rld,15:25:36.991,73229,1.281,2.034,0.193,0.000,0.000,activeTracking,noEvent
6382,12,4,rld,15:25:37.009,73230,1.304,2.037,0.193,0.000,0.000,activeTracking,noEvent
6382,12,4,rld,15:25:37.085,73231,1.371,2.037,0.193,0.000,0.000,activeTracking,noEvent
6382,12,4,rld,15:25:37.138,73232,1.423,2.038,0.193,0.000,0.000,activeTracking,noEvent
6382,12,4,rld,15:25:37.219,73233,1.510,2.038,0.193,0.000,0.000,activeTracking,noEvent
6382,12,4,rld,15:25:37.316,73234,1.595,2.085,0.194,0.400,0.000,activeTracking,noEvent
6382,12,4,rld,15:25:37.410,73235,1.682,2.160,0.183,0.500,-0.100,activeTracking,noEvent
6382,12,4,rld,15:25:37.481,73236,1.759,2.220,0.168,0.300,-0.100,activeTracking,noEvent
6382,12,4,rld,15:25:37.577,73237,1.852,2.335,0.151,0.800,-0.100,activeTracking,noEvent
6382,12,4,rld,15:25:37.668,73238,1.954,2.410,0.146,0.300,0.000,onTarget,noEvent
6382,12,4,rld,15:25:37.717,73239,2.004,2.434,0.145,0.000,0.000,onTarget,noEvent
6382,12,4,rld,15:25:37.757,73240,2.047,2.443,0.144,0.000,0.000,onTarget,noEvent
6382,12,4,rld,15:25:37.809,73241,2.093,2.446,0.144,0.000,0.000,onTarget,noEvent
6382,12,4,rld,15:25:37.885,73242,2.172,2.446,0.144,0.000,0.000,onTarget,noEvent
6382,12,4,rld,15:25:37.927,73243,2.216,2.447,0.144,0.000,0.000,onTarget,noEvent
6382,12,4,rld,15:25:37.984,73244,2.273,2.447,0.144,0.000,0.000,onTarget,noEvent
6382,12,4,rld,15:25:38.039,73245,2.333,2.459,0.144,0.100,0.000,onTarget,noEvent
6382,12,4,rld,15:25:38.089,73246,2.378,2.463,0.144,0.000,0.000,onTarget,noEvent
6382,12,4,rld,15:25:38.148,73247,2.439,2.464,0.144,0.000,0.000,onTarget,noEvent
6382,12,4,rld,15:25:38.194,73248,2.485,2.465,0.144,0.000,0.000,onTarget,noEvent
6382,12,4,rld,15:25:38.270,73249,2.561,2.465,0.144,0.000,0.000,onTarget,noEvent
6382,12,4,rld,15:25:38.331,73250,2.621,2.465,0.144,0.000,0.000,onTarget,noEvent
6382,12,4,rld,15:25:38.401,73251,2.684,2.465,0.144,0.000,0.000,onTarget,noEvent
6382,12,4,rld,15:25:38.487,73252,2.772,2.465,0.144,0.000,0.000,onTarget,noEvent
6382,12,4,rld,15:25:38.544,73253,2.834,2.465,0.144,0.000,0.000,onTarget,noEvent
6382,12,4,rld,15:25:38.605,73254,2.898,2.465,0.144,0.000,0.000,onTarget,noEvent
6382,12,4,rld,15:25:38.687,73255,2.968,2.477,0.132,0.100,-0.100,onTarget,noEvent
6382,12,4,rld,15:25:38.786,73256,3.071,2.553,0.117,0.600,-0.100,onTarget,noEvent
6382,12,4,rld,15:25:38.837,73257,3.131,2.615,0.112,0.300,0.000,onTarget,noEvent
6382,12,4,rld,15:25:38.877,73258,3.161,2.635,0.111,0.000,0.000,onTarget,noEvent
6382,12,4,rld,15:25:38.901,73259,3.195,2.642,0.110,0.000,0.000,onTarget,noEvent
6382,12,4,rld,15:25:38.952,73260,3.246,2.644,0.110,0.000,0.000,onTarget,noEvent
6382,12,4,rld,15:25:39.010,73261,3.302,2.645,0.110,0.000,0.000,onTarget,noEvent
6382,12,4,rld,15:25:39.089,73262,3.372,2.645,0.110,0.000,0.000,onTarget,noEvent
6382,12,4,rld,15:25:39.147,73263,3.432,2.645,0.110,0.000,0.000,onTarget,noEvent
6382,12,4,rld,15:25:39.206,73264,3.484,2.645,0.110,0.000,0.000,onTarget,noEvent
6382,12,4,rld,15:25:39.283,73265,3.565,2.645,0.110,0.000,0.000,onTarget,targetClick
6382,12,5,rld,15:25:42.237,73312,3.646,0.135,-0.032,0.000,0.000,waitingForTarget,middleTargetClick
6382,12,5,rld,15:25:42.308,73313,3.713,0.135,-0.032,0.000,0.000,waitingForTarget,noEvent
6382,12,5,rld,15:25:42.358,73314,3.772,0.135,-0.032,0.000,0.000,waitingForTarget,noEvent
6382,12,5,rld,15:25:42.419,73315,3.841,0.135,-0.032,0.000,0.000,waitingForTarget,noEvent
6382,12,5,rld,15:25:42.465,73316,3.883,0.135,-0.032,0.000,0.000,waitingForTarget,noEvent
6382,12,5,rld,15:25:42.504,73317,3.923,0.135,-0.032,0.000,0.000,waitingForTarget,noEvent
6382,12,5,rld,15:25:42.552,73318,3.974,0.135,-0.032,0.000,0.000,waitingForTarget,noEvent
6382,12,5,rld,15:25:43.027,73321,0.333,0.135,-0.032,0.000,0.000,activeTracking,targetAppeared
6382,12,5,rld,15:25:43.067,73322,0.373,0.135,-0.032,0.000,0.000,activeTracking,noEvent
6382,12,5,rld,15:25:43.109,73323,0.423,0.135,-0.032,0.000,0.000,activeTracking,noEvent
6382,12,5,rld,15:25:43.174,73324,0.475,0.135,-0.032,0.000,0.000,activeTracking,noEvent
6382,12,5,rld,15:25:43.227,73325,0.535,0.135,-0.032,0.000,0.000,activeTracking,noEvent
6382,12,5,rld,15:25:43.275,73326,0.583,0.135,-0.032,0.000,0.000,activeTracking,noEvent
6382,12,5,rld,15:25:43.334,73327,0.640,0.135,-0.032,0.000,0.000,activeTracking,noEvent
6382,12,5,rld,15:25:43.539,73328,0.826,-1.119,-0.100,-11.100,-0.600,activeTracking,noEvent
6382,12,5,rld,15:25:43.663,73329,0.960,-1.845,-0.111,-2.600,0.100,activeTracking,noEvent
6382,12,5,rld,15:25:43.719,73330,1.024,-2.138,-0.115,-0.400,0.000,activeTracking,noEvent
6382,12,5,rld,15:25:43.785,73331,1.084,-2.248,-0.117,-0.100,0.000,activeTracking,noEvent
6382,12,5,rld,15:25:43.903,73332,1.213,-2.285,-0.106,0.000,0.100,activeTracking,noEvent
6382,12,5,rld,15:25:43.967,73333,1.272,-2.298,-0.102,0.000,0.000,activeTracking,noEvent
6382,12,5,rld,15:25:44.025,73334,1.332,-2.302,-0.089,0.000,0.100,activeTracking,noEvent
6382,12,5,rld,15:25:44.073,73335,1.384,-2.303,-0.085,0.000,0.000,activeTracking,noEvent
6382,12,5,rld,15:25:44.137,73336,1.439,-2.303,-0.072,0.000,0.100,activeTracking,noEvent
6382,12,5,rld,15:25:44.201,73337,1.505,-2.304,-0.044,0.000,0.200,activeTracking,noEvent
6382,12,5,rld,15:25:44.259,73338,1.568,-2.316,-0.024,-0.100,0.100,activeTracking,noEvent
6382,12,5,rld,15:25:44.387,73339,1.692,-2.415,0.053,-0.800,0.600,onTarget,noEvent
6382,12,5,rld,15:25:44.490,73340,1.768,-2.484,0.091,-0.300,0.100,onTarget,noEvent
6382,12,5,rld,15:25:44.568,73341,1.865,-2.604,0.104,-0.800,0.000,onTarget,noEvent
6382,12,5,rld,15:25:44.634,73342,1.943,-2.680,0.096,-0.300,-0.100,onTarget,noEvent
6382,12,5,rld,15:25:44.691,73343,2.003,-2.705,0.082,0.000,-0.100,onTarget,noEvent
6382,12,5,rld,15:25:44.749,73344,2.055,-2.714,0.078,0.000,0.000,onTarget,noEvent
6382,12,5,rld,15:25:44.804,73345,2.104,-2.717,0.064,0.000,-0.100,onTarget,noEvent
6382,12,5,rld,15:25:44.908,73346,2.214,-2.718,0.048,0.000,-0.100,onTarget,noEvent
6382,12,5,rld,15:25:44.951,73347,2.256,-2.718,0.043,0.000,0.000,onTarget,noEvent
6382,12,5,rld,15:25:45.000,73348,2.304,-2.718,0.041,0.000,0.000,onTarget,noEvent
6382,12,5,rld,15:25:45.066,73349,2.356,-2.718,0.041,0.000,0.000,onTarget,noEvent
6382,12,5,rld,15:25:45.121,73350,2.426,-2.718,0.040,0.000,0.000,onTarget,targetClick
6382,12,6,rld,15:25:47.478,73384,2.497,0.169,0.103,0.000,0.000,waitingForTarget,middleTargetClick
6382,12,6,rld,15:25:47.532,73385,2.567,0.169,0.103,0.000,0.000,waitingForTarget,noEvent
6382,12,6,rld,15:25:47.585,73386,2.616,0.169,0.103,0.000,0.000,waitingForTarget,noEvent
6382,12,6,rld,15:25:47.651,73387,2.677,0.169,0.103,0.000,0.000,waitingForTarget,noEvent
6382,12,6,rld,15:25:47.696,73388,2.734,0.169,0.103,0.000,0.000,waitingForTarget,noEvent
6382,12,6,rld,15:25:47.729,73389,2.766,0.169,0.103,0.000,0.000,waitingForTarget,noEvent
6382,12,6,rld,15:25:47.760,73390,2.798,0.169,0.103,0.000,0.000,waitingForTarget,noEvent
6382,12,6,rld,15:25:47.808,73391,2.839,0.169,0.103,0.000,0.000,waitingForTarget,noEvent
6382,12,6,rld,15:25:47.889,73392,2.918,0.169,0.103,0.000,0.000,waitingForTarget,noEvent
6382,12,6,rld,15:25:47.927,73393,0.042,0.169,0.103,0.000,0.000,activeTracking,targetAppeared
6382,12,6,rld,15:25:47.972,73394,0.091,0.169,0.103,0.000,0.000,activeTracking,noEvent
6382,12,6,rld,15:25:48.066,73395,0.183,0.169,0.103,0.000,0.000,activeTracking,noEvent
6382,12,6,rld,15:25:48.370,73396,0.473,1.798,0.370,14.300,2.300,activeTracking,noEvent
6382,12,6,rld,15:25:48.450,73397,0.550,2.539,0.490,1.500,0.200,activeTracking,noEvent
6382,12,6,rld,15:25:48.521,73398,0.623,2.853,0.533,0.500,0.000,activeTracking,noEvent
6382,12,6,rld,15:25:48.589,73399,0.695,2.996,0.548,0.300,0.000,activeTracking,noEvent
6382,12,6,rld,15:25:48.641,73400,0.761,3.056,0.554,0.100,0.000,activeTracking,noEvent
6382,12,6,rld,15:25:48.685,73401,0.799,3.076,0.555,0.000,0.000,activeTracking,noEvent
6382,12,6,rld,15:25:48.737,73402,0.850,3.083,0.556,0.000,0.000,activeTracking,noEvent
6382,12,6,rld,15:25:48.788,73403,0.898,3.085,0.556,0.000,0.000,activeTracking,noEvent
6382,12,6,rld,15:25:48.953,73404,1.057,3.073,0.521,-0.100,-0.300,activeTracking,noEvent
6382,12,6,rld,15:25:49.052,73405,1.163,3.020,0.390,-0.400,-1.000,activeTracking,noEvent
6382,12,6,rld,15:25:49.102,73406,1.215,2.990,0.322,-0.100,-0.200,activeTracking,noEvent
6382,12,6,rld,15:25:49.180,73407,1.282,2.980,0.276,0.000,-0.200,activeTracking,noEvent
6382,12,6,rld,15:25:49.270,73408,1.381,2.952,0.225,-0.200,-0.300,onTarget,noEvent
6382,12,6,rld,15:25:49.420,73409,1.523,2.943,0.185,0.000,-0.200,onTarget,noEvent
6382,12,6,rld,15:25:49.483,73410,1.600,2.927,0.171,-0.100,0.000,onTarget,noEvent
6382,12,6,rld,15:25:49.541,73411,1.648,2.922,0.167,0.000,0.000,onTarget,noEvent
6382,12,6,rld,15:25:49.593,73412,1.710,2.920,0.165,0.000,0.000,onTarget,noEvent
6382,12,6,rld,15:25:49.659,73413,1.772,2.920,0.165,0.000,0.000,onTarget,targetClick
6382,12,7,rld,15:25:52.589,73452,1.847,0.194,0.133,0.000,0.000,waitingForTarget,middleTargetClick
6382,12,7,rld,15:25:52.644,73453,1.912,0.200,0.135,0.000,0.000,waitingForTarget,noEvent
6382,12,7,rld,15:25:52.700,73454,1.968,0.202,0.136,0.000,0.000,waitingForTarget,noEvent
6382,12,7,rld,15:25:52.746,73455,2.016,0.202,0.136,0.000,0.000,waitingForTarget,noEvent
6382,12,7,rld,15:25:52.809,73456,2.085,0.202,0.136,0.000,0.000,waitingForTarget,noEvent
6382,12,7,rld,15:25:52.873,73457,2.151,0.203,0.136,0.000,0.000,waitingForTarget,noEvent
6382,12,7,rld,15:25:52.911,73458,2.186,0.203,0.136,0.000,0.000,waitingForTarget,noEvent
6382,12,7,rld,15:25:52.954,73459,2.222,0.203,0.136,0.000,0.000,waitingForTarget,noEvent
6382,12,7,rld,15:25:52.988,73460,2.262,0.203,0.136,0.000,0.000,waitingForTarget,noEvent
6382,12,7,rld,15:25:53.686,73461,0.333,-1.532,-0.100,-15.300,-2.100,activeTracking,targetAppeared
6382,12,7,rld,15:25:53.808,73462,0.552,-2.399,-0.181,-2.300,0.000,onTarget,noEvent
6382,12,7,rld,15:25:53.883,73463,0.636,-2.720,-0.209,-0.200,0.000,onTarget,noEvent
6382,12,7,rld,15:25:53.929,73464,0.681,-2.828,-0.219,0.000,0.000,onTarget,noEvent
6382,12,7,rld,15:25:54.049,73465,0.800,-2.865,-0.222,0.000,0.000,onTarget,noEvent
6382,12,7,rld,15:25:54.125,73466,0.865,-2.877,-0.199,0.000,0.200,onTarget,noEvent
6382,12,7,rld,15:25:54.218,73467,0.958,-2.881,-0.168,0.000,0.200,onTarget,noEvent
6382,12,7,rld,15:25:54.286,73468,1.035,-2.882,-0.135,0.000,0.200,onTarget,noEvent
6382,12,7,rld,15:25:54.338,73469,1.094,-2.882,-0.112,0.000,0.100,onTarget,noEvent
6382,12,7,rld,15:25:54.465,73470,1.220,-2.870,-0.080,0.100,0.200,onTarget,noEvent
6382,12,7,rld,15:25:54.502,73471,1.259,-2.866,-0.070,0.000,0.000,onTarget,noEvent
6382,12,7,rld,15:25:54.559,73472,1.312,-2.853,-0.067,0.100,0.000,onTarget,noEvent
6382,12,7,rld,15:25:54.615,73473,1.367,-2.848,-0.065,0.000,0.000,onTarget,noEvent
6382,12,7,rld,15:25:54.668,73474,1.420,-2.822,-0.065,0.200,0.000,onTarget,noEvent
6382,12,7,rld,15:25:54.706,73475,1.459,-2.814,-0.065,0.000,0.000,onTarget,noEvent
6382,12,7,rld,15:25:54.788,73476,1.540,-2.811,-0.065,0.000,0.000,onTarget,targetClick
6382,12,8,rld,15:25:56.586,73496,1.610,0.405,0.137,0.000,0.000,waitingForTarget,middleTargetClick
6382,12,8,rld,15:25:56.648,73497,1.674,0.405,0.137,0.000,0.000,waitingForTarget,noEvent
6382,12,8,rld,15:25:56.700,73498,1.728,0.405,0.137,0.000,0.000,waitingForTarget,noEvent
6382,12,8,rld,15:25:56.759,73499,1.790,0.405,0.137,0.000,0.000,waitingForTarget,noEvent
6382,12,8,rld,15:25:56.818,73500,1.823,0.405,0.137,0.000,0.000,waitingForTarget,noEvent
6382,12,8,rld,15:25:56.867,73501,1.899,0.405,0.137,0.000,0.000,waitingForTarget,noEvent
6382,12,8,rld,15:25:56.908,73502,1.934,0.405,0.137,0.000,0.000,waitingForTarget,noEvent
6382,12,8,rld,15:25:56.927,73503,1.959,0.405,0.137,0.000,0.000,waitingForTarget,noEvent
6382,12,8,rld,15:25:56.974,73504,2.006,0.405,0.137,0.000,0.000,waitingForTarget,noEvent
6382,12,8,rld,15:25:57.034,73505,2.059,0.405,0.137,0.000,0.000,waitingForTarget,noEvent
6382,12,8,rld,15:25:57.076,73506,0.047,0.405,0.137,0.000,0.000,activeTracking,targetAppeared
6382,12,8,rld,15:25:57.124,73507,0.095,0.405,0.137,0.000,0.000,activeTracking,noEvent
6382,12,8,rld,15:25:57.175,73508,0.135,0.405,0.137,0.000,0.000,activeTracking,noEvent
6382,12,8,rld,15:25:57.238,73509,0.210,0.405,0.137,0.000,0.000,activeTracking,noEvent
6382,12,8,rld,15:25:57.287,73510,0.255,0.405,0.137,0.000,0.000,activeTracking,noEvent
6382,12,8,rld,15:25:57.477,73511,0.431,1.359,0.469,8.400,2.900,activeTracking,noEvent
6382,12,8,rld,15:25:57.671,73512,0.625,2.328,0.825,5.500,2.000,activeTracking,noEvent
6382,12,8,rld,15:25:57.735,73513,0.699,2.708,0.962,0.400,0.100,activeTracking,noEvent
6382,12,8,rld,15:25:57.987,73514,0.931,-0.042,0.477,-24.900,-4.300,activeTracking,noEvent
6382,12,8,rld,15:25:58.155,73515,1.093,-1.976,0.039,-9.000,-2.600,activeTracking,noEvent
6382,12,8,rld,15:25:58.303,73516,1.196,-2.806,-0.193,-1.300,-0.700,onTarget,noEvent
6382,12,8,rld,15:25:58.430,73517,1.364,-3.253,-0.345,-1.300,-0.600,activeTracking,noEvent
6382,12,8,rld,15:25:58.520,73518,1.467,-3.557,-0.398,-1.200,0.000,activeTracking,noEvent
6382,12,8,rld,15:25:58.598,73519,1.554,-3.712,-0.417,-0.400,0.000,activeTracking,noEvent
6382,12,8,rld,15:25:58.668,73520,1.630,-3.777,-0.399,-0.100,0.200,activeTracking,noEvent
6382,12,8,rld,15:25:58.782,73521,1.739,-3.785,-0.357,0.100,0.300,activeTracking,noEvent
6382,12,8,rld,15:25:58.910,73522,1.859,-3.698,-0.318,0.700,0.200,activeTracking,noEvent
6382,12,8,rld,15:25:59.046,73523,1.991,-3.413,-0.220,2.000,0.700,activeTracking,noEvent
6382,12,8,rld,15:25:59.138,73524,2.097,-3.207,-0.163,0.900,0.200,activeTracking,noEvent
6382,12,8,rld,15:25:59.204,73525,2.175,-3.101,-0.133,0.300,0.100,activeTracking,noEvent
6382,12,8,rld,15:25:59.259,73526,2.232,-3.054,-0.123,0.100,0.000,activeTracking,noEvent
6382,12,8,rld,15:25:59.307,73527,2.278,-3.038,-0.119,0.000,0.000,onTarget,noEvent
6382,12,8,rld,15:25:59.357,73528,2.330,-3.033,-0.118,0.000,0.000,onTarget,noEvent
6382,12,8,rld,15:25:59.399,73529,2.365,-3.031,-0.118,0.000,0.000,onTarget,noEvent
6382,12,8,rld,15:25:59.454,73530,2.415,-3.031,-0.118,0.000,0.000,onTarget,noEvent
6382,12,8,rld,15:25:59.513,73531,2.472,-3.030,-0.118,0.000,0.000,onTarget,noEvent
6382,12,8,rld,15:25:59.560,73532,2.525,-3.030,-0.118,0.000,0.000,onTarget,noEvent
6382,12,8,rld,15:25:59.610,73533,2.576,-3.030,-0.118,0.000,0.000,onTarget,noEvent
6382,12,8,rld,15:25:59.667,73534,2.628,-3.030,-0.118,0.000,0.000,onTarget,noEvent
6382,12,8,rld,15:25:59.787,73535,2.735,-2.956,-0.106,0.600,0.100,onTarget,noEvent
6382,12,8,rld,15:25:59.886,73536,2.843,-2.883,-0.102,0.400,0.000,onTarget,noEvent
6382,12,8,rld,15:25:59.954,73537,2.926,-2.858,-0.101,0.000,0.000,onTarget,noEvent
6382,12,8,rld,15:26:00.016,73538,2.983,-2.850,-0.100,0.000,0.000,onTarget,noEvent
6382,12,8,rld,15:26:00.075,73539,3.042,-2.847,-0.100,0.000,0.000,onTarget,noEvent
6382,12,8,rld,15:26:00.138,73540,3.094,-2.834,-0.100,0.100,0.000,onTarget,noEvent
6382,12,8,rld,15:26:00.206,73541,3.167,-2.781,-0.088,0.400,0.100,onTarget,noEvent
6382,12,8,rld,15:26:00.266,73542,3.238,-2.751,-0.084,0.100,0.000,onTarget,noEvent
6382,12,8,rld,15:26:00.321,73543,3.291,-2.741,-0.083,0.000,0.000,onTarget,noEvent
6382,12,8,rld,15:26:00.398,73544,3.362,-2.714,-0.083,0.200,0.000,onTarget,noEvent
6382,12,8,rld,15:26:00.455,73545,3.425,-2.704,-0.083,0.000,0.000,onTarget,noEvent
6382,12,8,rld,15:26:00.536,73546,3.499,-2.701,-0.083,0.000,0.000,onTarget,targetClick
6382,12,9,rld,15:26:03.137,73586,3.571,0.000,0.153,0.000,0.000,waitingForTarget,middleTargetClick
6382,12,9,rld,15:26:03.191,73587,3.628,0.000,0.153,0.000,0.000,waitingForTarget,noEvent
6382,12,9,rld,15:26:03.250,73588,3.681,0.000,0.153,0.000,0.000,waitingForTarget,noEvent
6382,12,9,rld,15:26:03.304,73589,3.732,0.000,0.153,0.000,0.000,waitingForTarget,noEvent
6382,12,9,rld,15:26:03.351,73590,3.779,0.000,0.153,0.000,0.000,waitingForTarget,noEvent
6382,12,9,rld,15:26:03.387,73591,3.826,0.000,0.153,0.000,0.000,waitingForTarget,noEvent
6382,12,9,rld,15:26:03.432,73592,3.864,0.000,0.153,0.000,0.000,waitingForTarget,noEvent
6382,12,9,rld,15:26:03.479,73593,3.917,0.000,0.153,0.000,0.000,waitingForTarget,noEvent
6382,12,9,rld,15:26:03.536,73594,3.966,0.000,0.153,0.000,0.000,waitingForTarget,noEvent
6382,12,9,rld,15:26:03.618,73596,0.039,0.000,0.153,0.000,0.000,activeTracking,targetAppeared
6382,12,9,rld,15:26:03.644,73597,0.073,0.000,0.153,0.000,0.000,activeTracking,noEvent
6382,12,9,rld,15:26:03.725,73598,0.150,0.000,0.153,0.000,0.000,activeTracking,noEvent
6382,12,9,rld,15:26:04.018,73599,0.392,0.812,0.267,7.200,1.000,activeTracking,noEvent
6382,12,9,rld,15:26:04.193,73600,0.608,1.624,0.446,4.700,1.200,activeTracking,noEvent
6382,12,9,rld,15:26:04.350,73601,0.738,2.063,0.510,1.400,0.000,activeTracking,noEvent
6382,12,9,rld,15:26:04.448,73602,0.852,2.414,0.535,1.700,0.000,activeTracking,noEvent
6382,12,9,rld,15:26:04.519,73603,0.949,2.568,0.544,0.300,0.000,activeTracking,noEvent
6382,12,9,rld,15:26:04.588,73604,1.008,2.632,0.547,0.100,0.000,activeTracking,noEvent
6382,12,9,rld,15:26:04.642,73605,1.071,2.665,0.548,0.100,0.000,activeTracking,noEvent
6382,12,9,rld,15:26:04.717,73606,1.139,2.688,0.549,0.100,0.000,activeTracking,noEvent
6382,12,9,rld,15:26:04.787,73607,1.206,2.732,0.526,0.300,-0.200,activeTracking,noEvent
6382,12,9,rld,15:26:04.902,73608,1.327,2.772,0.472,0.200,-0.400,activeTracking,noEvent
6382,12,9,rld,15:26:04.969,73609,1.384,2.785,0.442,0.000,-0.100,activeTracking,noEvent
6382,12,9,rld,15:26:05.084,73610,1.498,2.826,0.351,0.300,-0.700,activeTracking,noEvent
6382,12,9,rld,15:26:05.136,73611,1.557,2.851,0.285,0.100,-0.300,onTarget,noEvent
6382,12,9,rld,15:26:05.217,73612,1.639,2.860,0.240,0.000,-0.200,onTarget,noEvent
6382,12,9,rld,15:26:05.310,73613,1.738,2.863,0.213,0.000,-0.100,onTarget,noEvent
6382,12,9,rld,15:26:05.356,73614,1.784,2.864,0.192,0.000,-0.100,onTarget,noEvent
6382,12,9,rld,15:26:05.398,73615,1.822,2.864,0.185,0.000,0.000,onTarget,noEvent
6382,12,9,rld,15:26:05.454,73616,1.880,2.864,0.183,0.000,0.000,onTarget,noEvent
6382,12,9,rld,15:26:05.516,73617,1.941,2.864,0.170,0.000,-0.100,onTarget,noEvent
6382,12,9,rld,15:26:05.567,73618,1.990,2.864,0.166,0.000,0.000,onTarget,noEvent
6382,12,9,rld,15:26:05.618,73619,2.041,2.852,0.165,-0.100,0.000,onTarget,noEvent
6382,12,9,rld,15:26:05.691,73620,2.108,2.811,0.152,-0.300,-0.100,onTarget,noEvent
6382,12,9,rld,15:26:05.759,73621,2.186,2.774,0.148,-0.200,0.000,onTarget,noEvent
6382,12,9,rld,15:26:05.810,73622,2.231,2.761,0.146,0.000,0.000,onTarget,noEvent
6382,12,9,rld,15:26:05.895,73623,2.317,2.757,0.146,0.000,0.000,onTarget,noEvent
6382,12,9,rld,15:26:05.937,73624,2.365,2.755,0.146,0.000,0.000,onTarget,noEvent
6382,12,9,rld,15:26:06.008,73625,2.432,2.755,0.146,0.000,0.000,onTarget,targetClick
6382,12,10,rld,15:26:10.893,73679,2.530,0.085,-0.100,0.000,0.000,waitingForTarget,middleTargetClick
6382,12,10,rld,15:26:10.949,73680,2.595,0.085,-0.100,0.000,0.000,waitingForTarget,noEvent
6382,12,10,rld,15:26:10.999,73681,2.639,0.085,-0.100,0.000,0.000,waitingForTarget,noEvent
6382,12,10,rld,15:26:11.033,73682,2.679,0.084,-0.100,0.000,0.000,waitingForTarget,noEvent
6382,12,10,rld,15:26:11.102,73683,2.723,0.084,-0.100,0.000,0.000,waitingForTarget,noEvent
6382,12,10,rld,15:26:11.155,73684,2.798,0.084,-0.100,0.000,0.000,waitingForTarget,noEvent
6382,12,10,rld,15:26:11.208,73685,2.854,0.084,-0.100,0.000,0.000,waitingForTarget,noEvent
6382,12,10,rld,15:26:11.247,73686,2.888,0.084,-0.100,0.000,0.000,waitingForTarget,noEvent
6382,12,10,rld,15:26:11.291,73687,2.937,0.084,-0.100,0.000,0.000,waitingForTarget,noEvent
6382,12,10,rld,15:26:11.339,73688,0.048,0.084,-0.100,0.000,0.000,activeTracking,targetAppeared
6382,12,10,rld,15:26:11.388,73689,0.098,0.084,-0.100,0.000,0.000,activeTracking,noEvent
6382,12,10,rld,15:26:11.406,73690,0.114,0.084,-0.100,0.000,0.000,activeTracking,noEvent
6382,12,10,rld,15:26:11.482,73691,0.179,0.084,-0.100,0.000,0.000,activeTracking,noEvent
6382,12,10,rld,15:26:11.609,73692,0.284,-0.129,-0.089,-1.900,0.100,activeTracking,noEvent
6382,12,10,rld,15:26:11.860,73693,0.518,-1.208,-0.130,-8.900,-0.400,activeTracking,noEvent
6382,12,10,rld,15:26:11.963,73694,0.645,-2.004,-0.133,-3.700,0.100,activeTracking,noEvent
6382,12,10,rld,15:26:12.023,73695,0.719,-2.322,-0.123,-0.400,0.100,activeTracking,noEvent
6382,12,10,rld,15:26:12.088,73696,0.790,-2.441,-0.119,-0.100,0.000,onTarget,noEvent
6382,12,10,rld,15:26:12.138,73697,0.847,-2.481,-0.118,0.000,0.000,onTarget,noEvent
6382,12,10,rld,15:26:12.293,73698,0.989,-2.494,-0.118,0.000,0.000,onTarget,noEvent
6382,12,10,rld,15:26:12.352,73699,1.058,-2.511,-0.106,-0.100,0.100,onTarget,noEvent
6382,12,10,rld,15:26:12.437,73700,1.141,-2.552,-0.079,-0.300,0.200,onTarget,noEvent
6382,12,10,rld,15:26:12.486,73701,1.188,-2.566,-0.070,0.000,0.000,onTarget,noEvent
6382,12,10,rld,15:26:12.542,73702,1.248,-2.571,-0.067,0.000,0.000,onTarget,noEvent
6382,12,10,rld,15:26:12.586,73703,1.290,-2.572,-0.066,0.000,0.000,onTarget,noEvent
6382,12,10,rld,15:26:12.610,73704,1.317,-2.573,-0.065,0.000,0.000,onTarget,noEvent
6382,12,10,rld,15:26:12.686,73705,1.379,-2.573,-0.065,0.000,0.000,onTarget,noEvent
6382,12,10,rld,15:26:12.735,73706,1.436,-2.573,-0.065,0.000,0.000,onTarget,noEvent
6382,12,10,rld,15:26:12.788,73707,1.493,-2.573,-0.065,0.000,0.000,onTarget,noEvent
6382,12,10,rld,15:26:12.887,73708,1.591,-2.573,-0.065,0.000,0.000,onTarget,targetClick
6382,12,11,rld,15:26:15.342,73737,1.878,0.017,-0.083,0.000,0.000,waitingForTarget,middleTargetClick
6382,12,11,rld,15:26:15.403,73738,1.949,0.017,-0.083,0.000,0.000,waitingForTarget,noEvent
6382,12,11,rld,15:26:15.450,73739,2.006,0.017,-0.083,0.000,0.000,waitingForTarget,noEvent
6382,12,11,rld,15:26:15.490,73740,2.045,0.017,-0.083,0.000,0.000,waitingForTarget,noEvent
6382,12,11,rld,15:26:15.539,73741,2.091,0.017,-0.083,0.000,0.000,waitingForTarget,noEvent
6382,12,11,rld,15:26:15.585,73742,2.135,0.017,-0.083,0.000,0.000,waitingForTarget,noEvent
6382,12,11,rld,15:26:15.631,73743,2.178,0.017,-0.083,0.000,0.000,waitingForTarget,noEvent
6382,12,11,rld,15:26:15.669,73744,2.218,0.017,-0.083,0.000,0.000,waitingForTarget,noEvent
6382,12,11,rld,15:26:15.717,73745,2.266,0.017,-0.083,0.000,0.000,waitingForTarget,noEvent
6382,12,11,rld,15:26:15.752,73746,2.301,0.017,-0.083,0.000,0.000,waitingForTarget,noEvent
6382,12,11,rld,15:26:15.799,73747,0.046,0.017,-0.083,0.000,0.000,activeTracking,targetAppeared
6382,12,11,rld,15:26:15.875,73748,0.123,0.017,-0.083,0.000,0.000,activeTracking,noEvent
6382,12,11,rld,15:26:15.930,73749,0.176,0.017,-0.083,0.000,0.000,activeTracking,noEvent
6382,12,11,rld,15:26:15.976,73750,0.224,0.017,-0.083,0.000,0.000,activeTracking,noEvent
6382,12,11,rld,15:26:16.019,73751,0.271,0.017,-0.083,0.000,0.000,activeTracking,noEvent
6382,12,11,rld,15:26:16.073,73752,0.324,0.017,-0.083,0.000,0.000,activeTracking,noEvent
6382,12,11,rld,15:26:16.128,73753,0.378,0.017,-0.083,0.000,0.000,activeTracking,noEvent
6382,12,11,rld,15:26:16.184,73754,0.430,0.017,-0.083,0.000,0.000,activeTracking,noEvent
6382,12,11,rld,15:26:16.240,73755,0.484,0.017,-0.083,0.000,0.000,activeTracking,noEvent
6382,12,11,rld,15:26:16.442,73756,0.684,-0.920,-0.027,-8.300,0.500,activeTracking,noEvent
6382,12,11,rld,15:26:16.506,73757,0.746,-1.430,-0.007,-1.700,0.000,activeTracking,noEvent
6382,12,11,rld,15:26:16.603,73758,0.845,-1.764,0.000,-1.400,0.000,activeTracking,noEvent
6382,12,11,rld,15:26:16.682,73759,0.927,-1.923,0.002,-0.400,0.000,activeTracking,noEvent
6382,12,11,rld,15:26:16.746,73760,0.992,-1.988,0.003,-0.100,0.000,activeTracking,noEvent
6382,12,11,rld,15:26:16.797,73761,1.047,-2.009,0.003,0.000,0.000,activeTracking,noEvent
6382,12,11,rld,15:26:16.894,73762,1.143,-2.017,0.003,0.000,0.000,activeTracking,noEvent
6382,12,11,rld,15:26:16.947,73763,1.193,-2.019,0.003,0.000,0.000,activeTracking,noEvent
6382,12,11,rld,15:26:17.001,73764,1.246,-2.020,0.003,0.000,0.000,activeTracking,noEvent
6382,12,11,rld,15:26:17.068,73765,1.314,-2.020,0.003,0.000,0.000,activeTracking,noEvent
6382,12,11,rld,15:26:17.122,73766,1.376,-2.020,0.003,0.000,0.000,activeTracking,noEvent
6382,12,11,rld,15:26:17.237,73767,1.481,-2.244,0.016,-1.900,0.100,activeTracking,noEvent
6382,12,11,rld,15:26:17.320,73768,1.573,-2.379,0.020,-0.500,0.000,onTarget,noEvent
6382,12,11,rld,15:26:17.371,73769,1.621,-2.448,0.021,-0.200,0.000,onTarget,noEvent
6382,12,11,rld,15:26:17.398,73770,1.654,-2.471,0.022,0.000,0.000,onTarget,noEvent
6382,12,11,rld,15:26:17.483,73771,1.737,-2.479,0.022,0.000,0.000,onTarget,noEvent
6382,12,11,rld,15:26:17.550,73772,1.795,-2.482,0.022,0.000,0.000,onTarget,noEvent
6382,12,11,rld,15:26:17.597,73773,1.846,-2.482,0.022,0.000,0.000,onTarget,noEvent
6382,12,11,rld,15:26:17.647,73774,1.903,-2.483,0.022,0.000,0.000,onTarget,noEvent
6382,12,11,rld,15:26:17.705,73775,1.959,-2.483,0.022,0.000,0.000,onTarget,noEvent
6382,12,11,rld,15:26:17.788,73776,2.032,-2.483,0.022,0.000,0.000,onTarget,noEvent
6382,12,11,rld,15:26:17.857,73777,2.109,-2.483,0.022,0.000,0.000,onTarget,noEvent
6382,12,11,rld,15:26:17.905,73778,2.160,-2.483,0.022,0.000,0.000,onTarget,noEvent
6382,12,11,rld,15:26:17.974,73779,2.227,-2.483,0.022,0.000,0.000,onTarget,targetClick
6382,12,12,rld,15:26:21.034,73812,2.295,-0.029,0.136,0.000,0.000,waitingForTarget,middleTargetClick
6382,12,12,rld,15:26:21.085,73813,2.370,-0.032,0.136,0.000,0.000,waitingForTarget,noEvent
6382,12,12,rld,15:26:21.132,73814,2.409,-0.033,0.136,0.000,0.000,waitingForTarget,noEvent
6382,12,12,rld,15:26:21.165,73815,2.447,-0.034,0.136,0.000,0.000,waitingForTarget,noEvent
6382,12,12,rld,15:26:21.221,73816,2.507,-0.034,0.136,0.000,0.000,waitingForTarget,noEvent
6382,12,12,rld,15:26:21.297,73817,2.574,-0.034,0.136,0.000,0.000,waitingForTarget,noEvent
6382,12,12,rld,15:26:21.340,73818,2.626,-0.034,0.136,0.000,0.000,waitingForTarget,noEvent
6382,12,12,rld,15:26:21.372,73819,2.659,-0.034,0.136,0.000,0.000,waitingForTarget,noEvent
6382,12,12,rld,15:26:21.425,73820,2.710,-0.034,0.136,0.000,0.000,waitingForTarget,noEvent
6382,12,12,rld,15:26:21.470,73821,0.046,-0.034,0.136,0.000,0.000,activeTracking,targetAppeared
6382,12,12,rld,15:26:21.526,73822,0.099,-0.034,0.136,0.000,0.000,activeTracking,noEvent
6382,12,12,rld,15:26:21.563,73823,0.139,-0.034,0.136,0.000,0.000,activeTracking,noEvent
6382,12,12,rld,15:26:21.617,73824,0.181,-0.034,0.136,0.000,0.000,activeTracking,noEvent
6382,12,12,rld,15:26:21.657,73825,0.229,-0.034,0.136,0.000,0.000,activeTracking,noEvent
6382,12,12,rld,15:26:21.699,73826,0.267,-0.034,0.136,0.000,0.000,activeTracking,noEvent
6382,12,12,rld,15:26:21.749,73827,0.317,-0.034,0.136,0.000,0.000,activeTracking,noEvent
6382,12,12,rld,15:26:21.789,73828,0.360,-0.034,0.136,0.000,0.000,activeTracking,noEvent
6382,12,12,rld,15:26:21.848,73829,0.420,-0.034,0.136,0.000,0.000,activeTracking,noEvent
6382,12,12,rld,15:26:21.896,73830,0.465,-0.034,0.136,0.000,0.000,activeTracking,noEvent
6382,12,12,rld,15:26:21.918,73831,0.495,-0.034,0.136,0.000,0.000,activeTracking,noEvent
6382,12,12,rld,15:26:21.975,73832,0.534,-0.034,0.136,0.000,0.000,activeTracking,noEvent
6382,12,12,rld,15:26:22.120,73833,0.680,0.733,0.216,6.800,0.700,activeTracking,noEvent
6382,12,12,rld,15:26:22.511,73834,1.013,1.390,0.199,3.500,-0.400,activeTracking,noEvent
6382,12,12,rld,15:26:22.582,73835,1.090,1.611,0.194,0.000,0.000,activeTracking,noEvent
6382,12,12,rld,15:26:22.625,73836,1.155,1.685,0.192,0.000,0.000,activeTracking,noEvent
6382,12,12,rld,15:26:22.757,73837,1.273,1.803,0.158,0.800,-0.300,activeTracking,noEvent
6382,12,12,rld,15:26:22.859,73838,1.363,1.877,0.147,0.300,0.000,activeTracking,noEvent
6382,12,12,rld,15:26:22.908,73839,1.439,1.914,0.143,0.100,0.000,activeTracking,noEvent
6382,12,12,rld,15:26:22.958,73840,1.481,1.926,0.142,0.000,0.000,activeTracking,noEvent
6382,12,12,rld,15:26:23.000,73841,1.523,1.930,0.141,0.000,0.000,activeTracking,noEvent
6382,12,12,rld,15:26:23.055,73842,1.573,1.932,0.141,0.000,0.000,activeTracking,noEvent
6382,12,12,rld,15:26:23.116,73843,1.640,1.932,0.141,0.000,0.000,activeTracking,noEvent
6382,12,12,rld,15:26:23.168,73844,1.690,1.932,0.141,0.000,0.000,activeTracking,noEvent
6382,12,12,rld,15:26:23.225,73845,1.751,1.932,0.141,0.000,0.000,activeTracking,noEvent
6382,12,12,rld,15:26:23.330,73846,1.838,1.956,0.130,0.200,-0.100,activeTracking,noEvent
6382,12,12,rld,15:26:23.520,73847,2.040,2.116,0.080,1.300,-0.400,activeTracking,noEvent
6382,12,12,rld,15:26:23.603,73848,2.132,2.277,0.030,0.900,-0.300,activeTracking,noEvent
6382,12,12,rld,15:26:23.673,73849,2.203,2.342,0.013,0.100,0.000,onTarget,noEvent
6382,12,12,rld,15:26:23.767,73850,2.284,2.412,0.007,0.400,0.000,onTarget,noEvent
6382,12,12,rld,15:26:23.889,73851,2.403,2.531,0.006,0.800,0.000,onTarget,noEvent
6382,12,12,rld,15:26:23.965,73852,2.488,2.595,0.005,0.200,0.000,onTarget,noEvent
6382,12,12,rld,15:26:24.020,73853,2.550,2.617,0.005,0.000,0.000,onTarget,noEvent
6382,12,12,rld,15:26:24.070,73854,2.597,2.624,0.005,0.000,0.000,onTarget,noEvent
6382,12,12,rld,15:26:24.131,73855,2.651,2.626,0.005,0.000,0.000,onTarget,noEvent
6382,12,12,rld,15:26:24.206,73856,2.719,2.627,0.005,0.000,0.000,onTarget,noEvent
6382,12,12,rld,15:26:24.287,73857,2.802,2.688,0.028,0.500,0.200,onTarget,noEvent
6382,12,12,rld,15:26:24.335,73858,2.858,2.720,0.036,0.100,0.000,onTarget,noEvent
6382,12,12,rld,15:26:24.375,73859,2.901,2.731,0.039,0.000,0.000,onTarget,noEvent
6382,12,12,rld,15:26:24.408,73860,2.938,2.735,0.040,0.000,0.000,onTarget,noEvent
6382,12,12,rld,15:26:24.467,73861,2.990,2.736,0.040,0.000,0.000,onTarget,noEvent
6382,12,12,rld,15:26:24.532,73862,3.052,2.736,0.040,0.000,0.000,onTarget,targetClick
6382,12,13,rld,15:26:30.365,73937,3.108,0.000,0.001,0.000,0.000,waitingForTarget,middleTargetClick
6382,12,13,rld,15:26:30.420,73938,3.173,0.000,0.001,0.000,0.000,waitingForTarget,noEvent
6382,12,13,rld,15:26:30.463,73939,3.214,0.000,0.001,0.000,0.000,waitingForTarget,noEvent
6382,12,13,rld,15:26:30.522,73940,3.274,0.000,0.001,0.000,0.000,waitingForTarget,noEvent
6382,12,13,rld,15:26:30.569,73941,3.322,0.000,0.001,0.000,0.000,waitingForTarget,noEvent
6382,12,13,rld,15:26:30.608,73942,3.360,0.000,0.001,0.000,0.000,waitingForTarget,noEvent
6382,12,13,rld,15:26:30.656,73943,3.410,0.000,0.001,0.000,0.000,waitingForTarget,noEvent
6382,12,13,rld,15:26:30.704,73944,3.453,0.000,0.001,0.000,0.000,waitingForTarget,noEvent
6382,12,13,rld,15:26:30.750,73945,3.503,0.000,0.001,0.000,0.000,waitingForTarget,noEvent
6382,12,13,rld,15:26:30.805,73946,3.556,0.000,0.001,0.000,0.000,waitingForTarget,noEvent
6382,12,13,rld,15:26:30.868,73947,0.064,0.000,0.001,0.000,0.000,activeTracking,targetAppeared
6382,12,13,rld,15:26:30.904,73948,0.089,0.000,0.001,0.000,0.000,activeTracking,noEvent
6382,12,13,rld,15:26:30.956,73949,0.150,0.000,0.001,0.000,0.000,activeTracking,noEvent
6382,12,13,rld,15:26:31.030,73950,0.218,0.000,0.001,0.000,0.000,activeTracking,noEvent
6382,12,13,rld,15:26:31.074,73951,0.271,0.000,0.001,0.000,0.000,activeTracking,noEvent
6382,12,13,rld,15:26:31.118,73952,0.316,0.000,0.001,0.000,0.000,activeTracking,noEvent
6382,12,13,rld,15:26:31.338,73953,0.472,-0.620,-0.021,-5.500,-0.200,activeTracking,noEvent
6382,12,13,rld,15:26:31.487,73954,0.684,-1.744,-0.062,-8.000,-0.300,activeTracking,noEvent
6382,12,13,rld,15:26:31.594,73955,0.788,-2.317,-0.076,-1.600,0.000,activeTracking,noEvent
6382,12,13,rld,15:26:31.684,73956,0.874,-2.559,-0.080,-0.400,0.000,onTarget,noEvent
6382,12,13,rld,15:26:31.732,73957,0.919,-2.641,-0.082,0.000,0.000,onTarget,noEvent
6382,12,13,rld,15:26:31.786,73958,0.982,-2.680,-0.082,-0.100,0.000,onTarget,noEvent
6382,12,13,rld,15:26:31.866,73959,1.052,-2.693,-0.082,0.000,0.000,onTarget,noEvent
6382,12,13,rld,15:26:31.918,73960,1.108,-2.698,-0.071,0.000,0.100,onTarget,noEvent
6382,12,13,rld,15:26:31.986,73961,1.179,-2.699,-0.067,0.000,0.000,onTarget,noEvent
6382,12,13,rld,15:26:32.039,73962,1.230,-2.700,-0.066,0.000,0.000,onTarget,noEvent
6382,12,13,rld,15:26:32.104,73963,1.295,-2.700,-0.065,0.000,0.000,onTarget,noEvent
6382,12,13,rld,15:26:32.148,73964,1.338,-2.700,-0.065,0.000,0.000,onTarget,noEvent
6382,12,13,rld,15:26:32.215,73965,1.407,-2.700,-0.065,0.000,0.000,onTarget,noEvent
6382,12,13,rld,15:26:32.266,73966,1.458,-2.700,-0.065,0.000,0.000,onTarget,noEvent
6382,12,13,rld,15:26:32.329,73967,1.517,-2.700,-0.065,0.000,0.000,onTarget,targetClick
6382,12,14,rld,15:26:34.215,73994,1.593,0.135,0.389,0.000,0.000,waitingForTarget,middleTargetClick
6382,12,14,rld,15:26:34.411,73995,1.790,0.880,-0.660,6.600,-9.300,waitingForTarget,noEvent
6382,12,14,rld,15:26:34.478,73996,1.858,1.130,-1.015,0.000,0.000,waitingForTarget,noEvent
6382,12,14,rld,15:26:34.530,73997,1.912,1.214,-1.134,0.000,0.000,waitingForTarget,noEvent
6382,12,14,rld,15:26:34.582,73998,1.962,1.242,-1.174,0.000,0.000,waitingForTarget,noEvent
6382,12,14,rld,15:26:34.630,73999,2.011,1.251,-1.187,0.000,0.000,waitingForTarget,noEvent
6382,12,14,rld,15:26:34.697,74000,0.066,1.254,-1.192,0.000,0.000,activeTracking,targetAppeared
6382,12,14,rld,15:26:34.757,74001,0.123,1.255,-1.193,0.000,0.000,activeTracking,noEvent
6382,12,14,rld,15:26:34.802,74002,0.174,1.256,-1.194,0.000,0.000,activeTracking,noEvent
6382,12,14,rld,15:26:34.882,74003,0.246,1.256,-1.194,0.000,0.000,activeTracking,noEvent
6382,12,14,rld,15:26:34.949,74004,0.323,1.256,-1.194,0.000,0.000,activeTracking,noEvent
6382,12,14,rld,15:26:34.995,74005,0.363,1.256,-1.194,0.000,0.000,activeTracking,noEvent
6382,12,14,rld,15:26:35.056,74006,0.412,1.256,-1.194,0.000,0.000,activeTracking,noEvent
6382,12,14,rld,15:26:35.116,74007,0.481,1.256,-1.194,0.000,0.000,activeTracking,noEvent
6382,12,14,rld,15:26:35.148,74008,0.520,1.256,-1.194,0.000,0.000,activeTracking,noEvent
6382,12,14,rld,15:26:35.370,74009,0.676,0.473,-0.992,-6.900,1.700,activeTracking,noEvent
6382,12,14,rld,15:26:35.568,74010,0.879,-0.450,-0.735,-5.900,1.700,activeTracking,noEvent
6382,12,14,rld,15:26:35.667,74011,1.015,-0.861,-0.629,-0.900,0.200,activeTracking,noEvent
6382,12,14,rld,15:26:35.769,74012,1.127,-1.056,-0.571,-0.500,0.200,activeTracking,noEvent
6382,12,14,rld,15:26:35.920,74013,1.282,-1.178,-0.507,-0.500,0.400,activeTracking,noEvent
6382,12,14,rld,15:26:35.995,74014,1.363,-1.218,-0.463,0.000,0.200,activeTracking,noEvent
6382,12,14,rld,15:26:37.008,74015,1.697,-1.565,-0.267,-2.900,1.600,activeTracking,noEvent
6382,12,14,rld,15:26:37.201,74016,1.855,-1.926,-0.133,-2.100,0.600,activeTracking,noEvent
6382,12,14,rld,15:26:37.404,74017,2.097,-2.511,-0.065,-3.900,0.200,onTarget,noEvent
6382,12,14,rld,15:26:37.530,74018,2.266,-3.015,0.006,-2.500,0.400,onTarget,noEvent
6382,12,14,rld,15:26:37.610,74019,2.331,-3.199,0.030,-0.100,0.000,activeTracking,noEvent
6382,12,14,rld,15:26:37.730,74020,2.451,-3.349,0.039,-0.700,0.000,activeTracking,noEvent
6382,12,14,rld,15:26:37.846,74021,2.586,-3.475,0.042,-0.600,0.000,activeTracking,noEvent
6382,12,14,rld,15:26:37.964,74022,2.698,-3.671,0.044,-1.200,0.000,activeTracking,noEvent
6382,12,14,rld,15:26:38.049,74023,2.794,-3.763,0.045,-0.200,0.000,activeTracking,noEvent
6382,12,14,rld,15:26:38.218,74024,2.940,-3.536,0.044,2.000,0.000,activeTracking,noEvent
6382,12,14,rld,15:26:38.325,74025,3.038,-2.778,0.040,5.500,0.000,onTarget,noEvent
6382,12,14,rld,15:26:38.452,74026,3.188,-2.317,0.004,1.800,-0.300,activeTracking,noEvent
6382,12,14,rld,15:26:38.519,74027,3.250,-2.131,-0.008,0.300,0.000,activeTracking,noEvent
6382,12,14,rld,15:26:38.574,74028,3.321,-2.057,-0.023,0.100,-0.100,activeTracking,noEvent
6382,12,14,rld,15:26:38.665,74029,3.408,-2.032,-0.028,0.000,0.000,activeTracking,noEvent
6382,12,14,rld,15:26:38.735,74030,3.478,-2.024,-0.030,0.000,0.000,activeTracking,noEvent
6382,12,14,rld,15:26:38.785,74031,3.521,-2.021,-0.031,0.000,0.000,activeTracking,noEvent
6382,12,14,rld,15:26:38.879,74032,3.620,-2.021,-0.054,0.000,-0.200,activeTracking,noEvent
6382,12,14,rld,15:26:39.007,74033,3.736,-2.114,-0.062,-0.800,0.000,activeTracking,noEvent
6382,12,14,rld,15:26:39.148,74034,3.879,-2.479,-0.041,-2.800,0.200,onTarget,noEvent
6382,12,14,rld,15:26:39.202,74035,3.947,-2.626,-0.033,-0.200,0.000,onTarget,noEvent
6382,12,15,rld,15:26:43.216,74090,0.043,0.038,0.613,0.000,0.000,activeTracking,targetAppeared
6382,12,15,rld,15:26:43.288,74091,0.113,0.035,0.622,0.000,0.000,activeTracking,noEvent
6382,12,15,rld,15:26:43.339,74092,0.170,0.034,0.625,0.000,0.000,activeTracking,noEvent
6382,12,15,rld,15:26:43.397,74093,0.227,0.034,0.627,0.000,0.000,activeTracking,noEvent
6382,12,15,rld,15:26:43.440,74094,0.271,0.034,0.627,0.000,0.000,activeTracking,noEvent
6382,12,15,rld,15:26:43.499,74095,0.322,0.034,0.627,0.000,0.000,activeTracking,noEvent
6382,12,15,rld,15:26:43.700,74096,0.465,0.383,0.741,3.100,1.000,activeTracking,noEvent
6382,12,15,rld,15:26:43.912,74097,0.640,1.111,0.852,5.400,0.600,activeTracking,noEvent
6382,12,15,rld,15:26:44.016,74098,0.834,1.552,0.894,1.700,0.000,activeTracking,noEvent
6382,12,15,rld,15:26:44.237,74099,1.037,1.782,0.910,0.700,0.000,activeTracking,noEvent
6382,12,15,rld,15:26:44.362,74100,1.171,1.987,0.918,1.100,0.000,activeTracking,noEvent
6382,12,15,rld,15:26:44.428,74101,1.248,2.092,0.922,0.300,0.000,activeTracking,noEvent
6382,12,15,rld,15:26:44.474,74102,1.306,2.138,0.923,0.100,0.000,activeTracking,noEvent
6382,12,15,rld,15:26:44.535,74103,1.357,2.177,0.924,0.200,0.000,activeTracking,noEvent
6382,12,15,rld,15:26:44.589,74104,1.418,2.190,0.925,0.000,0.000,activeTracking,noEvent
6382,12,15,rld,15:26:44.632,74105,1.463,2.195,0.925,0.000,0.000,activeTracking,noEvent
6382,12,15,rld,15:26:44.726,74106,1.540,2.196,0.925,0.000,0.000,activeTracking,noEvent
6382,12,15,rld,15:26:44.860,74107,1.683,2.220,0.855,0.200,-0.600,activeTracking,noEvent
6382,12,15,rld,15:26:45.040,74108,1.866,2.419,0.638,1.600,-1.700,activeTracking,noEvent
6382,12,15,rld,15:26:45.188,74109,1.938,2.582,0.508,0.800,-0.500,activeTracking,noEvent
6382,12,15,rld,15:26:45.287,74110,2.109,2.758,0.373,1.000,-0.800,activeTracking,noEvent
6382,12,15,rld,15:26:45.358,74111,2.173,2.829,0.316,0.100,-0.100,onTarget,noEvent
6382,12,15,rld,15:26:45.450,74112,2.255,2.889,0.274,0.300,-0.200,onTarget,noEvent
6382,12,15,rld,15:26:45.569,74113,2.392,2.971,0.190,0.500,-0.600,onTarget,noEvent
6382,12,15,rld,15:26:45.616,74114,2.443,2.998,0.150,0.000,-0.100,onTarget,noEvent
6382,12,15,rld,15:26:45.681,74115,2.505,3.007,0.136,0.000,0.000,onTarget,noEvent
6382,12,15,rld,15:26:45.722,74116,2.553,3.010,0.132,0.000,0.000,onTarget,noEvent
6382,12,15,rld,15:26:45.770,74117,2.602,3.011,0.131,0.000,0.000,onTarget,noEvent
6382,12,15,rld,15:26:45.830,74118,2.656,3.012,0.130,0.000,0.000,onTarget,noEvent
6382,12,15,rld,15:26:45.880,74119,2.709,3.012,0.130,0.000,0.000,onTarget,noEvent
6382,12,15,rld,15:26:45.937,74120,2.755,3.012,0.130,0.000,0.000,onTarget,noEvent
6382,12,15,rld,15:26:45.987,74121,2.818,3.012,0.130,0.000,0.000,onTarget,noEvent
6382,12,15,rld,15:26:46.024,74122,2.856,3.012,0.130,0.000,0.000,onTarget,noEvent
6382,12,15,rld,15:26:46.078,74123,2.904,3.012,0.130,0.000,0.000,onTarget,noEvent
6382,12,15,rld,15:26:46.121,74124,2.951,3.012,0.130,0.000,0.000,onTarget,noEvent
6382,12,15,rld,15:26:46.166,74125,2.996,3.012,0.130,0.000,0.000,onTarget,noEvent
6382,12,15,rld,15:26:46.217,74126,3.047,3.012,0.130,0.000,0.000,onTarget,noEvent
6382,12,15,rld,15:26:46.282,74127,3.109,3.012,0.130,0.000,0.000,onTarget,noEvent
6382,12,15,rld,15:26:46.339,74128,3.168,3.012,0.130,0.000,0.000,onTarget,noEvent
6382,12,15,rld,15:26:46.385,74129,3.218,3.012,0.130,0.000,0.000,onTarget,noEvent
6382,12,15,rld,15:26:46.438,74130,3.271,3.012,0.130,0.000,0.000,onTarget,noEvent
6382,12,15,rld,15:26:46.495,74131,3.322,3.012,0.130,0.000,0.000,onTarget,noEvent
6382,12,15,rld,15:26:46.555,74132,3.387,3.012,0.130,0.000,0.000,onTarget,targetClick
6382,12,16,rld,15:26:49.528,74177,3.456,0.270,0.170,0.000,0.000,waitingForTarget,middleTargetClick
6382,12,16,rld,15:26:49.585,74178,3.504,0.270,0.170,0.000,0.000,waitingForTarget,noEvent
6382,12,16,rld,15:26:49.658,74179,3.587,0.270,0.170,0.000,0.000,waitingForTarget,noEvent
6382,12,16,rld,15:26:49.728,74180,3.662,0.270,0.170,0.000,0.000,waitingForTarget,noEvent
6382,12,16,rld,15:26:49.759,74181,3.695,0.270,0.170,0.000,0.000,waitingForTarget,noEvent
6382,12,16,rld,15:26:49.806,74182,3.743,0.270,0.170,0.000,0.000,waitingForTarget,noEvent
6382,12,16,rld,15:26:49.859,74183,3.793,0.270,0.170,0.000,0.000,waitingForTarget,noEvent
6382,12,16,rld,15:26:49.928,74184,3.856,0.270,0.170,0.000,0.000,waitingForTarget,noEvent
6382,12,16,rld,15:26:49.999,74185,3.928,0.270,0.170,0.000,0.000,waitingForTarget,noEvent
6382,12,16,rld,15:26:50.086,74186,0.079,0.270,0.170,0.000,0.000,activeTracking,targetAppeared
6382,12,16,rld,15:26:50.139,74187,0.148,0.270,0.170,0.000,0.000,activeTracking,noEvent
6382,12,16,rld,15:26:50.362,74188,0.336,-0.293,0.170,-5.000,0.000,activeTracking,noEvent
6382,12,16,rld,15:26:50.609,74189,0.584,-1.309,0.070,-7.300,-0.900,activeTracking,noEvent
6382,12,16,rld,15:26:50.681,74190,0.675,-1.863,0.038,-1.800,0.000,activeTracking,noEvent
6382,12,16,rld,15:26:50.767,74191,0.759,-2.085,0.027,-0.300,0.000,activeTracking,noEvent
6382,12,16,rld,15:26:50.835,74192,0.842,-2.160,0.023,0.000,0.000,activeTracking,noEvent
6382,12,16,rld,15:26:50.917,74193,0.916,-2.184,0.022,0.000,0.000,activeTracking,noEvent
6382,12,16,rld,15:26:51.035,74194,1.016,-2.228,0.021,-0.300,0.000,activeTracking,noEvent
6382,12,16,rld,15:26:51.138,74195,1.132,-2.410,0.033,-1.400,0.100,onTarget,noEvent
6382,12,16,rld,15:26:51.217,74196,1.224,-2.518,0.038,-0.400,0.000,onTarget,noEvent
6382,12,16,rld,15:26:51.282,74197,1.289,-2.579,0.039,-0.200,0.000,onTarget,noEvent
6382,12,16,rld,15:26:51.376,74198,1.369,-2.672,0.040,-0.600,0.000,onTarget,noEvent
6382,12,16,rld,15:26:51.453,74199,1.457,-2.727,0.040,-0.200,0.000,onTarget,noEvent
6382,12,16,rld,15:26:51.506,74200,1.512,-2.770,0.040,-0.200,0.000,onTarget,noEvent
6382,12,16,rld,15:26:51.548,74201,1.552,-2.784,0.041,0.000,0.000,onTarget,noEvent
6382,12,16,rld,15:26:51.587,74202,1.588,-2.789,0.041,0.000,0.000,onTarget,noEvent
6382,12,16,rld,15:26:51.651,74203,1.648,-2.790,0.041,0.000,0.000,onTarget,noEvent
6382,12,16,rld,15:26:51.694,74204,1.699,-2.791,0.041,0.000,0.000,onTarget,noEvent
6382,12,16,rld,15:26:51.739,74205,1.746,-2.791,0.041,0.000,0.000,onTarget,noEvent
6382,12,16,rld,15:26:51.825,74206,1.827,-2.791,0.041,0.000,0.000,onTarget,targetClick
6382,12,17,rld,15:26:54.017,74236,1.899,0.270,0.069,0.000,0.000,waitingForTarget,middleTargetClick
6382,12,17,rld,15:26:54.097,74237,1.982,0.270,0.069,0.000,0.000,waitingForTarget,noEvent
6382,12,17,rld,15:26:54.138,74238,2.025,0.270,0.069,0.000,0.000,waitingForTarget,noEvent
6382,12,17,rld,15:26:54.196,74239,2.084,0.270,0.069,0.000,0.000,waitingForTarget,noEvent
6382,12,17,rld,15:26:54.237,74240,2.123,0.270,0.069,0.000,0.000,waitingForTarget,noEvent
6382,12,17,rld,15:26:54.279,74241,2.165,0.270,0.069,0.000,0.000,waitingForTarget,noEvent
6382,12,17,rld,15:26:54.321,74242,2.213,0.270,0.069,0.000,0.000,waitingForTarget,noEvent
6382,12,17,rld,15:26:54.368,74243,2.252,0.270,0.069,0.000,0.000,waitingForTarget,noEvent
6382,12,17,rld,15:26:54.406,74244,2.294,0.270,0.069,0.000,0.000,waitingForTarget,noEvent
6382,12,17,rld,15:26:54.454,74245,2.335,0.270,0.069,0.000,0.000,waitingForTarget,noEvent
6382,12,17,rld,15:26:54.503,74246,0.056,0.270,0.069,0.000,0.000,activeTracking,targetAppeared
6382,12,17,rld,15:26:54.549,74247,0.107,0.270,0.069,0.000,0.000,activeTracking,noEvent
6382,12,17,rld,15:26:54.585,74248,0.139,0.270,0.069,0.000,0.000,activeTracking,noEvent
6382,12,17,rld,15:26:54.628,74249,0.179,0.270,0.069,0.000,0.000,activeTracking,noEvent
6382,12,17,rld,15:26:54.676,74250,0.223,0.270,0.069,0.000,0.000,activeTracking,noEvent
6382,12,17,rld,15:26:54.733,74251,0.289,0.270,0.069,0.000,0.000,activeTracking,noEvent
6382,12,17,rld,15:26:54.790,74252,0.343,0.270,0.069,0.000,0.000,activeTracking,noEvent
6382,12,17,rld,15:26:54.939,74253,0.420,0.270,0.069,0.000,0.000,activeTracking,noEvent
6382,12,17,rld,15:26:55.036,74254,0.577,1.636,0.403,12.000,2.900,activeTracking,noEvent
6382,12,17,rld,15:26:55.101,74255,0.653,2.233,0.521,1.100,0.000,activeTracking,noEvent
6382,12,17,rld,15:26:55.229,74256,0.763,2.567,0.563,1.100,0.000,activeTracking,noEvent
6382,12,17,rld,15:26:55.326,74257,0.874,2.753,0.579,0.600,0.000,activeTracking,noEvent
6382,12,17,rld,15:26:55.405,74258,0.950,2.827,0.585,0.100,0.000,activeTracking,noEvent
6382,12,17,rld,15:26:55.502,74259,1.038,2.864,0.575,0.100,-0.100,activeTracking,noEvent
6382,12,17,rld,15:26:55.605,74260,1.150,2.963,0.550,0.700,-0.200,activeTracking,noEvent
6382,12,17,rld,15:26:55.683,74261,1.220,3.008,0.530,0.100,-0.100,activeTracking,noEvent
6382,12,17,rld,15:26:55.785,74262,1.339,2.900,0.415,-1.000,-0.900,activeTracking,noEvent
6382,12,17,rld,15:26:55.923,74263,1.463,2.803,0.294,-0.500,-0.700,onTarget,noEvent
6382,12,17,rld,15:26:55.998,74264,1.546,2.734,0.195,-0.300,-0.500,onTarget,noEvent
6382,12,17,rld,15:26:56.106,74265,1.640,2.687,0.127,-0.200,-0.300,onTarget,noEvent
6382,12,17,rld,15:26:56.158,74266,1.712,2.671,0.081,0.000,-0.200,onTarget,noEvent
6382,12,17,rld,15:26:56.215,74267,1.772,2.666,0.065,0.000,0.000,onTarget,noEvent
6382,12,17,rld,15:26:56.255,74268,1.811,2.664,0.060,0.000,0.000,onTarget,noEvent
6382,12,17,rld,15:26:56.312,74269,1.867,2.664,0.058,0.000,0.000,onTarget,noEvent
6382,12,17,rld,15:26:56.430,74270,1.980,2.664,0.058,0.000,0.000,onTarget,noEvent
6382,12,17,rld,15:26:56.468,74271,2.024,2.664,0.058,0.000,0.000,onTarget,noEvent
6382,12,17,rld,15:26:56.532,74272,2.087,2.664,0.058,0.000,0.000,onTarget,noEvent
6382,12,17,rld,15:26:56.615,74273,2.162,2.664,0.058,0.000,0.000,onTarget,targetClick
6382,12,18,rld,15:27:00.167,74316,2.242,0.338,-0.151,0.000,0.000,waitingForTarget,middleTargetClick
6382,12,18,rld,15:27:00.208,74317,2.288,0.338,-0.151,0.000,0.000,waitingForTarget,noEvent
6382,12,18,rld,15:27:00.270,74318,2.353,0.338,-0.151,0.000,0.000,waitingForTarget,noEvent
6382,12,18,rld,15:27:00.332,74319,2.409,0.338,-0.151,0.000,0.000,waitingForTarget,noEvent
6382,12,18,rld,15:27:00.384,74320,2.459,0.338,-0.151,0.000,0.000,waitingForTarget,noEvent
6382,12,18,rld,15:27:00.428,74321,2.504,0.338,-0.151,0.000,0.000,waitingForTarget,noEvent
6382,12,18,rld,15:27:00.500,74322,2.579,0.338,-0.151,0.000,0.000,waitingForTarget,noEvent
6382,12,18,rld,15:27:00.545,74323,2.621,0.338,-0.151,0.000,0.000,waitingForTarget,noEvent
6382,12,18,rld,15:27:00.604,74324,2.681,0.338,-0.151,0.000,0.000,waitingForTarget,noEvent
6382,12,18,rld,15:27:00.652,74325,0.053,0.338,-0.151,0.000,0.000,activeTracking,targetAppeared
6382,12,18,rld,15:27:00.701,74326,0.104,0.338,-0.151,0.000,0.000,activeTracking,noEvent
6382,12,18,rld,15:27:00.752,74327,0.154,0.338,-0.151,0.000,0.000,activeTracking,noEvent
6382,12,18,rld,15:27:00.827,74328,0.225,0.338,-0.151,0.000,0.000,activeTracking,noEvent
6382,12,18,rld,15:27:01.013,74329,0.372,-0.034,-0.139,-3.300,0.100,activeTracking,noEvent
6382,12,18,rld,15:27:01.081,74330,0.480,-0.203,-0.124,-0.400,0.100,activeTracking,noEvent
6382,12,18,rld,15:27:01.282,74331,0.655,0.744,0.084,8.900,1.800,activeTracking,noEvent
6382,12,18,rld,15:27:01.451,74332,0.808,1.647,0.122,5.100,-0.300,activeTracking,noEvent
6382,12,18,rld,15:27:01.528,74333,0.921,2.048,0.113,0.800,-0.200,activeTracking,noEvent
6382,12,18,rld,15:27:01.596,74334,0.992,2.206,0.110,0.200,0.000,activeTracking,noEvent
6382,12,18,rld,15:27:01.643,74335,1.042,2.259,0.097,0.000,-0.100,activeTracking,noEvent
6382,12,18,rld,15:27:01.699,74336,1.091,2.277,0.093,0.000,0.000,activeTracking,noEvent
6382,12,18,rld,15:27:01.761,74337,1.155,2.283,0.091,0.000,0.000,activeTracking,noEvent
6382,12,18,rld,15:27:01.805,74338,1.204,2.285,0.091,0.000,0.000,activeTracking,noEvent
6382,12,18,rld,15:27:01.896,74339,1.291,2.286,0.079,0.000,-0.100,activeTracking,noEvent
6382,12,18,rld,15:27:01.951,74340,1.351,2.286,0.075,0.000,0.000,activeTracking,noEvent
6382,12,18,rld,15:27:02.016,74341,1.416,2.286,0.074,0.000,0.000,activeTracking,noEvent
6382,12,18,rld,15:27:02.067,74342,1.460,2.286,0.074,0.000,0.000,activeTracking,noEvent
6382,12,18,rld,15:27:02.155,74343,1.524,2.286,0.074,0.000,0.000,activeTracking,noEvent
6382,12,18,rld,15:27:02.252,74344,1.645,2.453,0.097,1.400,0.200,onTarget,noEvent
6382,12,18,rld,15:27:02.311,74345,1.706,2.545,0.106,0.300,0.000,onTarget,noEvent
6382,12,18,rld,15:27:02.366,74346,1.764,2.576,0.108,0.000,0.000,onTarget,noEvent
6382,12,18,rld,15:27:02.407,74347,1.804,2.586,0.109,0.000,0.000,onTarget,noEvent
6382,12,18,rld,15:27:02.451,74348,1.849,2.589,0.110,0.000,0.000,onTarget,noEvent
6382,12,18,rld,15:27:02.498,74349,1.891,2.591,0.110,0.000,0.000,onTarget,noEvent
6382,12,18,rld,15:27:02.565,74350,1.962,2.591,0.110,0.000,0.000,onTarget,noEvent
6382,12,18,rld,15:27:02.617,74351,2.019,2.591,0.110,0.000,0.000,onTarget,targetClick
6382,12,19,rld,15:27:06.633,74408,2.081,0.169,0.153,0.000,0.000,waitingForTarget,middleTargetClick
6382,12,19,rld,15:27:06.694,74409,2.147,0.169,0.153,0.000,0.000,waitingForTarget,noEvent
6382,12,19,rld,15:27:06.747,74410,2.200,0.169,0.153,0.000,0.000,waitingForTarget,noEvent
6382,12,19,rld,15:27:06.813,74411,2.266,0.169,0.153,0.000,0.000,waitingForTarget,noEvent
6382,12,19,rld,15:27:06.883,74412,2.343,0.169,0.153,0.000,0.000,waitingForTarget,noEvent
6382,12,19,rld,15:27:06.903,74413,2.364,0.169,0.153,0.000,0.000,waitingForTarget,noEvent
6382,12,19,rld,15:27:06.938,74414,2.397,0.169,0.153,0.000,0.000,waitingForTarget,noEvent
6382,12,19,rld,15:27:06.994,74415,2.451,0.169,0.153,0.000,0.000,waitingForTarget,noEvent
6382,12,19,rld,15:27:07.031,74416,2.492,0.169,0.153,0.000,0.000,waitingForTarget,noEvent
6382,12,19,rld,15:27:07.098,74417,0.060,0.169,0.153,0.000,0.000,activeTracking,targetAppeared
6382,12,19,rld,15:27:07.217,74418,0.183,0.169,0.153,0.000,0.000,activeTracking,noEvent
6382,12,19,rld,15:27:07.285,74419,0.249,0.169,0.153,0.000,0.000,activeTracking,noEvent
6382,12,19,rld,15:27:07.381,74420,0.341,0.169,0.153,0.000,0.000,activeTracking,noEvent
6382,12,19,rld,15:27:07.750,74421,0.639,-1.370,0.076,-13.600,-0.700,activeTracking,noEvent
6382,12,19,rld,15:27:07.918,74422,0.863,-2.367,-0.052,-4.000,-0.900,onTarget,noEvent
6382,12,19,rld,15:27:08.044,74423,0.971,-2.734,-0.095,-0.200,0.000,onTarget,noEvent
6382,12,19,rld,15:27:08.179,74424,1.121,-2.992,-0.110,-1.100,0.000,onTarget,noEvent
6382,12,19,rld,15:27:08.279,74425,1.240,-3.142,-0.115,-0.500,0.000,activeTracking,noEvent
6382,12,19,rld,15:27:08.349,74426,1.307,-3.192,-0.117,0.000,0.000,activeTracking,noEvent
6382,12,19,rld,15:27:08.458,74427,1.419,-3.208,-0.106,0.000,0.100,activeTracking,noEvent
6382,12,19,rld,15:27:08.546,74428,1.503,-3.189,-0.090,0.200,0.100,activeTracking,noEvent
6382,12,19,rld,15:27:08.619,74429,1.581,-3.145,-0.061,0.300,0.200,activeTracking,noEvent
6382,12,19,rld,15:27:08.767,74430,1.710,-2.921,0.007,1.700,0.500,onTarget,noEvent
6382,12,19,rld,15:27:08.921,74431,1.867,-2.688,0.029,1.300,0.000,onTarget,noEvent
6382,12,19,rld,15:27:08.986,74432,1.949,-2.575,0.036,0.300,0.000,onTarget,noEvent
6382,12,19,rld,15:27:09.027,74433,1.991,-2.538,0.038,0.000,0.000,onTarget,noEvent
6382,12,19,rld,15:27:09.087,74434,2.041,-2.525,0.039,0.000,0.000,onTarget,noEvent
6382,12,19,rld,15:27:09.145,74435,2.098,-2.521,0.039,0.000,0.000,onTarget,noEvent
6382,12,19,rld,15:27:09.189,74436,2.155,-2.519,0.039,0.000,0.000,onTarget,noEvent
6382,12,19,rld,15:27:09.256,74437,2.218,-2.519,0.040,0.000,0.000,onTarget,noEvent
6382,12,19,rld,15:27:09.297,74438,2.259,-2.519,0.040,0.000,0.000,onTarget,noEvent
6382,12,19,rld,15:27:09.346,74439,2.306,-2.519,0.040,0.000,0.000,onTarget,noEvent
6382,12,19,rld,15:27:09.399,74440,2.359,-2.519,0.040,0.000,0.000,onTarget,noEvent
6382,12,19,rld,15:27:09.475,74441,2.427,-2.519,0.040,0.000,0.000,onTarget,targetClick
6382,12,20,rld,15:27:11.294,74468,2.504,-0.152,0.238,0.000,0.000,waitingForTarget,middleTargetClick
6382,12,20,rld,15:27:11.351,74469,2.568,-0.152,0.238,0.000,0.000,waitingForTarget,noEvent
6382,12,20,rld,15:27:11.400,74470,2.609,-0.152,0.238,0.000,0.000,waitingForTarget,noEvent
6382,12,20,rld,15:27:11.458,74471,2.669,-0.152,0.238,0.000,0.000,waitingForTarget,noEvent
6382,12,20,rld,15:27:11.500,74472,2.717,-0.152,0.238,0.000,0.000,waitingForTarget,noEvent
6382,12,20,rld,15:27:11.545,74473,2.759,-0.152,0.238,0.000,0.000,waitingForTarget,noEvent
6382,12,20,rld,15:27:11.588,74474,2.803,-0.152,0.238,0.000,0.000,waitingForTarget,noEvent
6382,12,20,rld,15:27:11.635,74475,2.848,-0.152,0.238,0.000,0.000,waitingForTarget,noEvent
6382,12,20,rld,15:27:11.677,74476,2.897,-0.152,0.238,0.000,0.000,waitingForTarget,noEvent
6382,12,20,rld,15:27:11.719,74477,2.935,-0.152,0.238,0.000,0.000,waitingForTarget,noEvent
6382,12,20,rld,15:27:11.768,74478,0.042,-0.152,0.238,0.000,0.000,activeTracking,targetAppeared
6382,12,20,rld,15:27:11.861,74479,0.134,-0.152,0.238,0.000,0.000,activeTracking,noEvent
6382,12,20,rld,15:27:11.935,74480,0.213,-0.152,0.238,0.000,0.000,activeTracking,noEvent
6382,12,20,rld,15:27:12.017,74481,0.286,-0.152,0.238,0.000,0.000,activeTracking,noEvent
6382,12,20,rld,15:27:12.305,74482,0.533,0.727,0.453,7.800,1.900,activeTracking,noEvent
6382,12,20,rld,15:27:12.500,74483,0.754,1.967,0.686,8.200,1.300,activeTracking,noEvent
6382,12,20,rld,15:27:12.565,74484,0.839,2.429,0.770,0.300,0.000,activeTracking,noEvent
6382,12,20,rld,15:27:12.618,74485,0.893,2.585,0.798,0.000,0.000,activeTracking,noEvent
6382,12,20,rld,15:27:12.698,74486,0.973,2.637,0.796,0.000,-0.100,activeTracking,noEvent
6382,12,20,rld,15:27:12.777,74487,1.048,2.655,0.796,0.000,0.000,activeTracking,noEvent
6382,12,20,rld,15:27:12.857,74488,1.132,2.661,0.795,0.000,0.000,activeTracking,noEvent
6382,12,20,rld,15:27:12.904,74489,1.184,2.663,0.795,0.000,0.000,activeTracking,noEvent
6382,12,20,rld,15:27:12.962,74490,1.225,2.663,0.795,0.000,0.000,activeTracking,noEvent
6382,12,20,rld,15:27:13.048,74491,1.324,2.639,0.759,-0.200,-0.300,activeTracking,noEvent
6382,12,20,rld,15:27:13.186,74492,1.455,2.607,0.618,-0.200,-1.100,activeTracking,noEvent
6382,12,20,rld,15:27:13.269,74493,1.532,2.609,0.513,0.100,-0.500,activeTracking,noEvent
6382,12,20,rld,15:27:13.403,74494,1.674,2.718,0.385,0.900,-0.800,activeTracking,noEvent
6382,12,20,rld,15:27:13.479,74495,1.744,2.815,0.332,0.500,-0.100,onTarget,noEvent
6382,12,20,rld,15:27:13.562,74496,1.835,2.873,0.314,0.200,0.000,activeTracking,noEvent
6382,12,20,rld,15:27:13.626,74497,1.906,2.892,0.308,0.000,0.000,activeTracking,noEvent
6382,12,20,rld,15:27:13.684,74498,1.965,2.898,0.295,0.000,-0.100,onTarget,noEvent
6382,12,20,rld,15:27:13.755,74499,2.034,2.900,0.267,0.000,-0.200,onTarget,noEvent
6382,12,20,rld,15:27:13.819,74500,2.104,2.901,0.245,0.000,-0.100,onTarget,noEvent
6382,12,20,rld,15:27:13.876,74501,2.154,2.901,0.227,0.000,-0.100,onTarget,noEvent
6382,12,20,rld,15:27:13.919,74502,2.190,2.901,0.220,0.000,0.000,onTarget,noEvent
6382,12,20,rld,15:27:13.969,74503,2.254,2.901,0.218,0.000,0.000,onTarget,noEvent
6382,12,20,rld,15:27:14.028,74504,2.300,2.901,0.218,0.000,0.000,onTarget,noEvent
6382,12,20,rld,15:27:14.068,74505,2.347,2.901,0.217,0.000,0.000,onTarget,noEvent
6382,12,20,rld,15:27:14.128,74506,2.404,2.901,0.217,0.000,0.000,onTarget,noEvent
6382,12,20,rld,15:27:14.185,74507,2.453,2.901,0.217,0.000,0.000,onTarget,noEvent
6382,12,20,rld,15:27:14.239,74508,2.522,2.901,0.217,0.000,0.000,onTarget,targetClick
6382,12,21,rld,15:27:16.888,74540,2.607,-0.118,0.204,0.000,0.000,waitingForTarget,middleTargetClick
6382,12,21,rld,15:27:16.947,74541,2.684,-0.118,0.204,0.000,0.000,waitingForTarget,noEvent
6382,12,21,rld,15:27:17.017,74542,2.744,-0.118,0.204,0.000,0.000,waitingForTarget,noEvent
6382,12,21,rld,15:27:17.097,74543,2.827,-0.118,0.204,0.000,0.000,waitingForTarget,noEvent
6382,12,21,rld,15:27:17.145,74544,2.873,-0.118,0.204,0.000,0.000,waitingForTarget,noEvent
6382,12,21,rld,15:27:17.187,74545,2.919,-0.118,0.204,0.000,0.000,waitingForTarget,noEvent
6382,12,21,rld,15:27:17.238,74546,2.975,-0.118,0.204,0.000,0.000,waitingForTarget,noEvent
6382,12,21,rld,15:27:17.298,74547,3.024,-0.118,0.204,0.000,0.000,waitingForTarget,noEvent
6382,12,21,rld,15:27:17.351,74548,0.051,-0.118,0.204,0.000,0.000,activeTracking,targetAppeared
6382,12,21,rld,15:27:17.419,74549,0.114,-0.118,0.204,0.000,0.000,activeTracking,noEvent
6382,12,21,rld,15:27:17.483,74550,0.183,-0.118,0.204,0.000,0.000,activeTracking,noEvent
6382,12,21,rld,15:27:17.686,74551,0.369,-0.298,0.204,-1.600,0.000,activeTracking,noEvent
6382,12,21,rld,15:27:17.969,74552,0.654,-1.403,0.218,-9.200,0.100,activeTracking,noEvent
6382,12,21,rld,15:27:18.048,74553,0.749,-1.848,0.225,-0.600,0.000,activeTracking,noEvent
6382,12,21,rld,15:27:18.094,74554,0.801,-1.998,0.227,0.000,0.000,activeTracking,noEvent
6382,12,21,rld,15:27:18.147,74555,0.850,-2.048,0.228,0.000,0.000,activeTracking,noEvent
6382,12,21,rld,15:27:18.186,74556,0.895,-2.065,0.228,0.000,0.000,activeTracking,noEvent
6382,12,21,rld,15:27:18.253,74557,0.951,-2.070,0.228,0.000,0.000,activeTracking,noEvent
6382,12,21,rld,15:27:18.343,74558,1.042,-2.084,0.228,-0.100,0.000,activeTracking,noEvent
6382,12,21,rld,15:27:18.445,74559,1.148,-2.159,0.229,-0.600,0.000,activeTracking,noEvent
6382,12,21,rld,15:27:18.519,74560,1.232,-2.255,0.218,-0.600,-0.100,activeTracking,noEvent
6382,12,21,rld,15:27:18.614,74561,1.323,-2.383,0.169,-0.800,-0.400,activeTracking,noEvent
6382,12,21,rld,15:27:18.733,74562,1.432,-2.509,0.083,-0.700,-0.600,onTarget,noEvent
6382,12,21,rld,15:27:18.815,74563,1.508,-2.576,0.043,-0.200,-0.100,onTarget,noEvent
6382,12,21,rld,15:27:18.866,74564,1.574,-2.598,0.029,0.000,0.000,onTarget,noEvent
6382,12,21,rld,15:27:18.907,74565,1.620,-2.605,0.025,0.000,0.000,onTarget,noEvent
6382,12,21,rld,15:27:18.947,74566,1.651,-2.608,0.023,0.000,0.000,onTarget,noEvent
6382,12,21,rld,15:27:18.998,74567,1.710,-2.609,0.023,0.000,0.000,onTarget,noEvent
6382,12,21,rld,15:27:19.069,74568,1.774,-2.609,0.022,0.000,0.000,onTarget,targetClick
6382,12,22,rld,15:27:21.634,74607,1.885,0.321,-0.016,0.000,0.000,waitingForTarget,middleTargetClick
6382,12,22,rld,15:27:21.709,74608,1.951,0.321,-0.016,0.000,0.000,waitingForTarget,noEvent
6382,12,22,rld,15:27:21.731,74609,1.987,0.321,-0.016,0.000,0.000,waitingForTarget,noEvent
6382,12,22,rld,15:27:21.777,74610,2.029,0.321,-0.016,0.000,0.000,waitingForTarget,noEvent
6382,12,22,rld,15:27:21.927,74611,2.172,0.321,-0.016,0.000,0.000,waitingForTarget,noEvent
6382,12,22,rld,15:27:21.979,74612,2.227,0.321,-0.016,0.000,0.000,waitingForTarget,noEvent
6382,12,22,rld,15:27:22.012,74613,2.264,0.321,-0.016,0.000,0.000,waitingForTarget,noEvent
6382,12,22,rld,15:27:22.064,74614,2.309,0.321,-0.016,0.000,0.000,waitingForTarget,noEvent
6382,12,22,rld,15:27:22.111,74615,0.047,0.321,-0.016,0.000,0.000,activeTracking,targetAppeared
6382,12,22,rld,15:27:22.182,74616,0.112,0.321,-0.016,0.000,0.000,activeTracking,noEvent
6382,12,22,rld,15:27:22.336,74617,0.185,0.321,-0.016,0.000,0.000,activeTracking,noEvent
6382,12,22,rld,15:27:22.566,74618,0.466,2.393,0.288,18.000,2.600,activeTracking,noEvent
6382,12,22,rld,15:27:22.627,74619,0.563,3.261,0.401,1.100,0.000,activeTracking,noEvent
6382,12,22,rld,15:27:22.694,74620,0.630,3.598,0.441,0.300,0.000,activeTracking,noEvent
6382,12,22,rld,15:27:22.757,74621,0.685,3.713,0.455,0.000,0.000,activeTracking,noEvent
6382,12,22,rld,15:27:22.798,74622,0.736,3.751,0.460,0.000,0.000,activeTracking,noEvent
6382,12,22,rld,15:27:22.876,74623,0.813,3.764,0.461,0.000,0.000,activeTracking,noEvent
6382,12,22,rld,15:27:22.921,74624,0.862,3.768,0.462,0.000,0.000,activeTracking,noEvent
6382,12,22,rld,15:27:23.001,74625,0.915,3.770,0.462,0.000,0.000,activeTracking,noEvent
6382,12,22,rld,15:27:23.179,74626,1.118,3.475,0.301,-2.300,-1.300,activeTracking,noEvent
6382,12,22,rld,15:27:23.248,74627,1.194,3.328,0.223,-0.400,-0.200,activeTracking,noEvent
6382,12,22,rld,15:27:23.311,74628,1.247,3.266,0.174,-0.100,-0.200,activeTracking,noEvent
6382,12,22,rld,15:27:23.385,74629,1.317,3.208,0.133,-0.300,-0.200,activeTracking,noEvent
6382,12,22,rld,15:27:23.446,74630,1.383,3.177,0.120,-0.100,0.000,activeTracking,noEvent
6382,12,22,rld,15:27:23.500,74631,1.443,3.154,0.115,-0.100,0.000,activeTracking,noEvent
6382,12,22,rld,15:27:23.547,74632,1.485,3.146,0.114,0.000,0.000,activeTracking,noEvent
6382,12,22,rld,15:27:23.602,74633,1.548,3.143,0.113,0.000,0.000,activeTracking,noEvent
6382,12,22,rld,15:27:23.655,74634,1.594,3.142,0.113,0.000,0.000,activeTracking,noEvent
6382,12,22,rld,15:27:23.713,74635,1.650,3.142,0.113,0.000,0.000,activeTracking,noEvent
6382,12,22,rld,15:27:23.758,74636,1.701,3.142,0.113,0.000,0.000,activeTracking,noEvent
6382,12,22,rld,15:27:23.819,74637,1.763,3.142,0.113,0.000,0.000,activeTracking,noEvent
6382,12,22,rld,15:27:23.953,74638,1.885,3.018,0.112,-1.000,0.000,onTarget,noEvent
6382,12,22,rld,15:27:24.017,74639,1.962,2.928,0.112,-0.400,0.000,onTarget,noEvent
6382,12,22,rld,15:27:24.066,74640,2.006,2.898,0.111,0.000,0.000,onTarget,noEvent
6382,12,22,rld,15:27:24.098,74641,2.045,2.888,0.111,0.000,0.000,onTarget,noEvent
6382,12,22,rld,15:27:24.159,74642,2.096,2.884,0.111,0.000,0.000,onTarget,noEvent
6382,12,22,rld,15:27:24.211,74643,2.146,2.883,0.111,0.000,0.000,onTarget,noEvent
6382,12,22,rld,15:27:24.259,74644,2.196,2.883,0.111,0.000,0.000,onTarget,noEvent
6382,12,22,rld,15:27:24.304,74645,2.244,2.883,0.111,0.000,0.000,onTarget,noEvent
6382,12,22,rld,15:27:24.346,74646,2.286,2.883,0.111,0.000,0.000,onTarget,noEvent
6382,12,22,rld,15:27:24.397,74647,2.336,2.883,0.111,0.000,0.000,onTarget,noEvent
6382,12,22,rld,15:27:24.446,74648,2.386,2.883,0.111,0.000,0.000,onTarget,noEvent
6382,12,22,rld,15:27:24.516,74649,2.456,2.883,0.111,0.000,0.000,onTarget,targetClick
6382,12,23,rld,15:27:30.698,74736,2.531,-0.067,-0.201,0.000,0.000,waitingForTarget,middleTargetClick
6382,12,23,rld,15:27:30.750,74737,2.601,-0.067,-0.201,0.000,0.000,waitingForTarget,noEvent
6382,12,23,rld,15:27:30.814,74738,2.673,-0.067,-0.201,0.000,0.000,waitingForTarget,noEvent
6382,12,23,rld,15:27:30.873,74739,2.724,-0.067,-0.201,0.000,0.000,waitingForTarget,noEvent
6382,12,23,rld,15:27:30.907,74740,2.763,-0.067,-0.201,0.000,0.000,waitingForTarget,noEvent
6382,12,23,rld,15:27:30.948,74741,2.809,-0.067,-0.201,0.000,0.000,waitingForTarget,noEvent
6382,12,23,rld,15:27:30.999,74742,2.850,-0.067,-0.201,0.000,0.000,waitingForTarget,noEvent
6382,12,23,rld,15:27:31.048,74743,2.900,-0.067,-0.201,0.000,0.000,waitingForTarget,noEvent
6382,12,23,rld,15:27:31.095,74744,2.948,-0.067,-0.201,0.000,0.000,waitingForTarget,noEvent
6382,12,23,rld,15:27:31.133,74745,0.044,-0.067,-0.201,0.000,0.000,activeTracking,targetAppeared
6382,12,23,rld,15:27:31.169,74746,0.082,-0.067,-0.201,0.000,0.000,activeTracking,noEvent
6382,12,23,rld,15:27:31.225,74747,0.131,-0.067,-0.201,0.000,0.000,activeTracking,noEvent
6382,12,23,rld,15:27:31.249,74748,0.163,-0.067,-0.201,0.000,0.000,activeTracking,noEvent
6382,12,23,rld,15:27:31.298,74749,0.211,-0.067,-0.201,0.000,0.000,activeTracking,noEvent
6382,12,23,rld,15:27:31.326,74750,0.238,-0.067,-0.201,0.000,0.000,activeTracking,noEvent
6382,12,23,rld,15:27:31.377,74751,0.283,-0.067,-0.201,0.000,0.000,activeTracking,noEvent
6382,12,23,rld,15:27:31.505,74752,0.353,-0.067,-0.201,0.000,0.000,activeTracking,noEvent
6382,12,23,rld,15:27:31.714,74753,0.624,-1.164,-0.100,-9.700,0.900,activeTracking,noEvent
6382,12,23,rld,15:27:31.795,74754,0.699,-1.674,-0.066,-1.200,0.000,activeTracking,noEvent
6382,12,23,rld,15:27:31.881,74755,0.781,-1.904,-0.066,-0.500,-0.100,activeTracking,noEvent
6382,12,23,rld,15:27:31.914,74756,0.826,-2.005,-0.066,-0.200,0.000,activeTracking,noEvent
6382,12,23,rld,15:27:31.986,74757,0.898,-2.074,-0.065,-0.300,0.000,activeTracking,noEvent
6382,12,23,rld,15:27:32.048,74758,0.947,-2.120,-0.077,-0.200,-0.100,activeTracking,noEvent
6382,12,23,rld,15:27:32.099,74759,1.002,-2.148,-0.081,-0.100,0.000,activeTracking,noEvent
6382,12,23,rld,15:27:32.153,74760,1.059,-2.157,-0.082,0.000,0.000,activeTracking,noEvent
6382,12,23,rld,15:27:32.219,74761,1.124,-2.160,-0.082,0.000,0.000,activeTracking,noEvent
6382,12,23,rld,15:27:32.265,74762,1.173,-2.161,-0.083,0.000,0.000,activeTracking,noEvent
6382,12,23,rld,15:27:32.400,74763,1.296,-2.339,-0.071,-1.500,0.100,activeTracking,noEvent
6382,12,23,rld,15:27:32.516,74764,1.414,-2.531,-0.067,-1.100,0.000,onTarget,noEvent
6382,12,23,rld,15:27:32.611,74765,1.508,-2.716,-0.066,-1.000,0.000,onTarget,noEvent
6382,12,23,rld,15:27:32.677,74766,1.591,-2.815,-0.065,-0.300,0.000,onTarget,noEvent
6382,12,23,rld,15:27:32.732,74767,1.635,-2.860,-0.065,-0.100,0.000,onTarget,noEvent
6382,12,23,rld,15:27:32.781,74768,1.685,-2.875,-0.065,0.000,0.000,onTarget,noEvent
6382,12,23,rld,15:27:32.862,74769,1.763,-2.880,-0.053,0.000,0.100,onTarget,noEvent
6382,12,23,rld,15:27:32.917,74770,1.824,-2.882,-0.049,0.000,0.000,onTarget,noEvent
6382,12,23,rld,15:27:32.980,74771,1.868,-2.882,-0.048,0.000,0.000,onTarget,noEvent
6382,12,23,rld,15:27:33.031,74772,1.934,-2.883,-0.047,0.000,0.000,onTarget,targetClick
6382,12,24,rld,15:27:35.561,74808,2.018,-0.084,0.153,0.000,0.000,waitingForTarget,middleTargetClick
6382,12,24,rld,15:27:35.608,74809,2.075,-0.084,0.153,0.000,0.000,waitingForTarget,noEvent
6382,12,24,rld,15:27:35.652,74810,2.122,-0.084,0.153,0.000,0.000,waitingForTarget,noEvent
6382,12,24,rld,15:27:35.718,74811,2.188,-0.084,0.153,0.000,0.000,waitingForTarget,noEvent
6382,12,24,rld,15:27:35.765,74812,2.230,-0.084,0.153,0.000,0.000,waitingForTarget,noEvent
6382,12,24,rld,15:27:35.814,74813,2.273,-0.084,0.153,0.000,0.000,waitingForTarget,noEvent
6382,12,24,rld,15:27:35.859,74814,2.333,-0.084,0.153,0.000,0.000,waitingForTarget,noEvent
6382,12,24,rld,15:27:35.897,74815,2.372,-0.084,0.153,0.000,0.000,waitingForTarget,noEvent
6382,12,24,rld,15:27:35.937,74816,2.408,-0.084,0.153,0.000,0.000,waitingForTarget,noEvent
6382,12,24,rld,15:27:35.979,74817,2.451,-0.084,0.153,0.000,0.000,waitingForTarget,noEvent
6382,12,24,rld,15:27:36.018,74818,0.040,-0.084,0.153,0.000,0.000,activeTracking,targetAppeared
6382,12,24,rld,15:27:36.068,74819,0.089,-0.084,0.153,0.000,0.000,activeTracking,noEvent
6382,12,24,rld,15:27:36.124,74820,0.136,-0.084,0.153,0.000,0.000,activeTracking,noEvent
6382,12,24,rld,15:27:36.165,74821,0.188,-0.084,0.153,0.000,0.000,activeTracking,noEvent
6382,12,24,rld,15:27:36.214,74822,0.223,-0.084,0.153,0.000,0.000,activeTracking,noEvent
6382,12,24,rld,15:27:36.262,74823,0.277,-0.084,0.153,0.000,0.000,activeTracking,noEvent
6382,12,24,rld,15:27:36.386,74824,0.392,0.186,0.176,2.400,0.200,activeTracking,noEvent
6382,12,24,rld,15:27:36.467,74825,0.483,0.659,0.218,3.400,0.300,activeTracking,noEvent
6382,12,24,rld,15:27:36.570,74826,0.546,0.738,0.232,-0.700,0.000,activeTracking,noEvent
6382,12,24,rld,15:27:36.704,74827,0.706,-0.576,0.146,-11.900,-0.800,activeTracking,noEvent
6382,12,24,rld,15:27:36.977,74828,0.961,-1.601,0.028,-5.100,-0.800,activeTracking,noEvent
6382,12,24,rld,15:27:37.044,74829,1.045,-2.044,-0.022,-0.800,-0.100,activeTracking,noEvent
6382,12,24,rld,15:27:37.093,74830,1.109,-2.217,-0.039,-0.200,0.000,activeTracking,noEvent
6382,12,24,rld,15:27:37.147,74831,1.161,-2.275,-0.045,0.000,0.000,activeTracking,noEvent
6382,12,24,rld,15:27:37.198,74832,1.208,-2.294,-0.047,0.000,0.000,activeTracking,noEvent
6382,12,24,rld,15:27:37.262,74833,1.278,-2.300,-0.048,0.000,0.000,activeTracking,noEvent
6382,12,24,rld,15:27:37.332,74834,1.354,-2.303,-0.048,0.000,0.000,activeTracking,noEvent
6382,12,24,rld,15:27:37.399,74835,1.415,-2.303,-0.048,0.000,0.000,activeTracking,noEvent
6382,12,24,rld,15:27:37.452,74836,1.462,-2.304,-0.048,0.000,0.000,activeTracking,noEvent
6382,12,24,rld,15:27:37.502,74837,1.522,-2.304,-0.048,0.000,0.000,activeTracking,noEvent
6382,12,24,rld,15:27:37.554,74838,1.576,-2.304,-0.048,0.000,0.000,activeTracking,noEvent
6382,12,24,rld,15:27:37.675,74839,1.683,-2.375,-0.036,-0.600,0.100,onTarget,noEvent
6382,12,24,rld,15:27:37.747,74840,1.753,-2.435,-0.032,-0.300,0.000,onTarget,noEvent
6382,12,24,rld,15:27:37.808,74841,1.831,-2.491,-0.031,-0.300,0.000,onTarget,noEvent
6382,12,24,rld,15:27:37.864,74842,1.884,-2.509,-0.030,0.000,0.000,onTarget,noEvent
6382,12,24,rld,15:27:37.936,74843,1.946,-2.528,-0.030,-0.100,0.000,onTarget,noEvent
6382,12,24,rld,15:27:38.015,74844,2.034,-2.582,-0.030,-0.400,0.000,onTarget,noEvent
6382,12,24,rld,15:27:38.076,74845,2.088,-2.600,-0.030,0.000,0.000,onTarget,noEvent
6382,12,24,rld,15:27:38.129,74846,2.141,-2.606,-0.030,0.000,0.000,onTarget,noEvent
6382,12,24,rld,15:27:38.184,74847,2.200,-2.608,-0.030,0.000,0.000,onTarget,noEvent
6382,12,24,rld,15:27:38.246,74848,2.265,-2.609,-0.030,0.000,0.000,onTarget,targetClick
6382,12,25,rld,15:27:41.785,74893,2.345,0.017,0.136,0.000,0.000,waitingForTarget,middleTargetClick
6382,12,25,rld,15:27:41.844,74894,2.419,0.017,0.136,0.000,0.000,waitingForTarget,noEvent
6382,12,25,rld,15:27:41.928,74895,2.500,0.017,0.136,0.000,0.000,waitingForTarget,noEvent
6382,12,25,rld,15:27:41.979,74896,2.558,0.017,0.136,0.000,0.000,waitingForTarget,noEvent
6382,12,25,rld,15:27:42.029,74897,2.600,0.017,0.136,0.000,0.000,waitingForTarget,noEvent
6382,12,25,rld,15:27:42.078,74898,2.657,0.017,0.136,0.000,0.000,waitingForTarget,noEvent
6382,12,25,rld,15:27:42.117,74899,2.695,0.017,0.136,0.000,0.000,waitingForTarget,noEvent
6382,12,25,rld,15:27:42.168,74900,2.745,0.017,0.136,0.000,0.000,waitingForTarget,noEvent
6382,12,25,rld,15:27:42.280,74901,2.853,0.017,0.136,0.000,0.000,waitingForTarget,noEvent
6382,12,25,rld,15:27:43.836,74902,0.333,2.038,0.626,17.700,4.200,activeTracking,targetAppeared
6382,12,25,rld,15:27:43.947,74903,0.530,2.864,0.806,1.000,0.000,activeTracking,noEvent
6382,12,25,rld,15:27:44.026,74904,0.618,3.286,0.873,1.100,0.000,activeTracking,noEvent
6382,12,25,rld,15:27:44.136,74905,0.730,3.530,0.900,0.800,0.000,activeTracking,noEvent
6382,12,25,rld,15:27:44.198,74906,0.782,3.677,0.911,0.500,0.000,activeTracking,noEvent
6382,12,25,rld,15:27:44.266,74907,0.852,3.778,0.917,0.400,0.000,activeTracking,noEvent
6382,12,25,rld,15:27:44.315,74908,0.911,3.812,0.919,0.000,0.000,activeTracking,noEvent
6382,12,25,rld,15:27:44.366,74909,0.959,3.823,0.919,0.000,0.000,activeTracking,noEvent
6382,12,25,rld,15:27:44.523,74910,1.115,3.684,0.757,-1.100,-1.300,activeTracking,noEvent
6382,12,25,rld,15:27:44.700,74911,1.296,3.409,0.409,-1.800,-2.400,activeTracking,noEvent
6382,12,25,rld,15:27:44.820,74912,1.368,3.181,0.199,-1.100,-0.800,activeTracking,noEvent
6382,12,25,rld,15:27:44.895,74913,1.482,3.043,0.094,-0.500,-0.300,onTarget,noEvent
6382,12,25,rld,15:27:44.979,74914,1.574,2.973,0.059,-0.200,0.000,onTarget,noEvent
6382,12,25,rld,15:27:45.028,74915,1.617,2.950,0.047,0.000,0.000,onTarget,noEvent
6382,12,25,rld,15:27:45.100,74916,1.695,2.917,0.043,-0.200,0.000,onTarget,noEvent
6382,12,25,rld,15:27:45.198,74917,1.784,2.845,0.041,-0.500,0.000,onTarget,noEvent
6382,12,25,rld,15:27:45.308,74918,1.895,2.627,0.063,-1.600,0.200,onTarget,noEvent
6382,12,25,rld,15:27:45.394,74919,1.977,2.507,0.082,-0.400,0.100,onTarget,noEvent
6382,12,25,rld,15:27:45.435,74920,2.027,2.443,0.088,-0.200,0.000,onTarget,noEvent
6382,12,25,rld,15:27:45.490,74921,2.074,2.422,0.090,0.000,0.000,onTarget,noEvent
6382,12,25,rld,15:27:45.531,74922,2.123,2.415,0.091,0.000,0.000,onTarget,noEvent
6382,12,25,rld,15:27:45.586,74923,2.175,2.412,0.091,0.000,0.000,onTarget,noEvent
6382,12,25,rld,15:27:45.636,74924,2.219,2.411,0.091,0.000,0.000,onTarget,noEvent
6382,12,25,rld,15:27:45.700,74925,2.292,2.411,0.091,0.000,0.000,onTarget,targetClick
6382,12,26,rld,15:27:49.381,74968,2.375,-0.038,-0.067,0.000,0.000,waitingForTarget,middleTargetClick
6382,12,26,rld,15:27:49.446,74969,2.442,-0.035,-0.067,0.000,0.000,waitingForTarget,noEvent
6382,12,26,rld,15:27:49.499,74970,2.491,-0.034,-0.066,0.000,0.000,waitingForTarget,noEvent
6382,12,26,rld,15:27:49.561,74971,2.555,-0.034,-0.066,0.000,0.000,waitingForTarget,noEvent
6382,12,26,rld,15:27:49.618,74972,2.620,-0.158,-0.021,-1.100,0.400,waitingForTarget,noEvent
6382,12,26,rld,15:27:49.651,74973,2.653,-0.199,-0.006,0.000,0.000,waitingForTarget,noEvent
6382,12,26,rld,15:27:49.696,74974,2.699,-0.213,-0.001,0.000,0.000,waitingForTarget,noEvent
6382,12,26,rld,15:27:49.742,74975,2.735,-0.217,0.000,0.000,0.000,waitingForTarget,noEvent
6382,12,26,rld,15:27:49.778,74976,2.775,-0.219,0.001,0.000,0.000,waitingForTarget,noEvent
6382,12,26,rld,15:27:49.836,74977,0.061,-0.219,0.001,0.000,0.000,activeTracking,targetAppeared
6382,12,26,rld,15:27:49.885,74978,0.108,-0.219,0.001,0.000,0.000,activeTracking,noEvent
6382,12,26,rld,15:27:49.933,74979,0.156,-0.219,0.001,0.000,0.000,activeTracking,noEvent
6382,12,26,rld,15:27:49.989,74980,0.210,-0.219,0.001,0.000,0.000,activeTracking,noEvent
6382,12,26,rld,15:27:50.145,74981,0.362,-0.648,-0.066,-3.800,-0.600,activeTracking,noEvent
6382,12,26,rld,15:27:50.245,74982,0.462,-1.166,-0.157,-3.300,-0.600,activeTracking,noEvent
6382,12,26,rld,15:27:50.291,74983,0.510,-1.363,-0.187,-0.200,0.000,activeTracking,noEvent
6382,12,26,rld,15:27:50.338,74984,0.558,-1.429,-0.197,0.000,0.000,activeTracking,noEvent
6382,12,26,rld,15:27:50.501,74985,0.716,-0.428,0.037,9.000,2.100,activeTracking,noEvent
6382,12,26,rld,15:27:50.578,74986,0.794,0.918,0.444,9.000,2.900,activeTracking,noEvent
6382,12,26,rld,15:27:50.767,74987,0.982,2.281,0.769,7.800,1.500,activeTracking,noEvent
6382,12,26,rld,15:27:50.852,74988,1.079,2.949,0.891,1.600,0.000,activeTracking,noEvent
6382,12,26,rld,15:27:50.919,74989,1.140,3.202,0.935,0.200,0.000,activeTracking,noEvent
6382,12,26,rld,15:27:50.982,74990,1.210,3.299,0.950,0.100,0.000,activeTracking,noEvent
6382,12,26,rld,15:27:51.038,74991,1.259,3.332,0.955,0.000,0.000,activeTracking,noEvent
6382,12,26,rld,15:27:51.096,74992,1.315,3.343,0.957,0.000,0.000,activeTracking,noEvent
6382,12,26,rld,15:27:51.194,74993,1.398,3.385,0.922,0.300,-0.300,activeTracking,noEvent
6382,12,26,rld,15:27:51.357,74994,1.566,3.424,0.695,0.200,-1.800,activeTracking,noEvent
6382,12,26,rld,15:27:51.441,74995,1.639,3.374,0.439,-0.500,-1.500,activeTracking,noEvent
6382,12,26,rld,15:27:51.499,74996,1.714,3.332,0.341,-0.200,-0.100,activeTracking,noEvent
6382,12,26,rld,15:27:51.583,74997,1.799,3.293,0.309,-0.200,0.000,activeTracking,noEvent
6382,12,26,rld,15:27:51.715,74998,1.931,3.192,0.297,-0.700,0.000,activeTracking,noEvent
6382,12,26,rld,15:27:51.783,74999,2.010,3.097,0.292,-0.500,0.000,activeTracking,noEvent
6382,12,26,rld,15:27:51.895,75000,2.120,3.065,0.290,0.000,0.000,activeTracking,noEvent
6382,12,26,rld,15:27:51.935,75001,2.164,3.054,0.290,0.000,0.000,activeTracking,noEvent
6382,12,26,rld,15:27:51.995,75002,2.224,3.051,0.290,0.000,0.000,activeTracking,noEvent
6382,12,26,rld,15:27:52.048,75003,2.265,3.050,0.290,0.000,0.000,activeTracking,noEvent
6382,12,26,rld,15:27:52.116,75004,2.340,3.037,0.289,-0.100,0.000,activeTracking,noEvent
6382,12,26,rld,15:27:52.165,75005,2.394,3.033,0.289,0.000,0.000,activeTracking,noEvent
6382,12,26,rld,15:27:52.235,75006,2.457,3.031,0.289,0.000,0.000,activeTracking,noEvent
6382,12,26,rld,15:27:52.298,75007,2.523,3.031,0.289,0.000,0.000,activeTracking,noEvent
6382,12,26,rld,15:27:52.347,75008,2.566,3.031,0.289,0.000,0.000,activeTracking,noEvent
6382,12,26,rld,15:27:52.397,75009,2.626,3.030,0.289,0.000,0.000,activeTracking,noEvent
6382,12,26,rld,15:27:52.450,75010,2.667,3.030,0.289,0.000,0.000,activeTracking,noEvent
6382,12,26,rld,15:27:52.472,75011,2.698,3.030,0.289,0.000,0.000,activeTracking,noEvent
6382,12,26,rld,15:27:52.529,75012,2.756,3.030,0.289,0.000,0.000,activeTracking,noEvent
6382,12,26,rld,15:27:52.579,75013,2.808,3.030,0.289,0.000,0.000,activeTracking,noEvent
6382,12,26,rld,15:27:52.893,75014,3.108,3.030,0.289,0.000,0.000,activeTracking,failedClick
6382,12,27,rld,15:27:56.638,75075,3.171,-0.286,0.069,0.000,0.000,waitingForTarget,middleTargetClick
6382,12,27,rld,15:27:56.696,75076,3.234,-0.287,0.069,0.000,0.000,waitingForTarget,noEvent
6382,12,27,rld,15:27:56.764,75077,3.306,-0.287,0.069,0.000,0.000,waitingForTarget,noEvent
6382,12,27,rld,15:27:56.817,75078,3.362,-0.287,0.069,0.000,0.000,waitingForTarget,noEvent
6382,12,27,rld,15:27:56.859,75079,3.400,-0.287,0.069,0.000,0.000,waitingForTarget,noEvent
6382,12,27,rld,15:27:56.901,75080,3.445,-0.287,0.069,0.000,0.000,waitingForTarget,noEvent
6382,12,27,rld,15:27:56.944,75081,3.483,-0.287,0.069,0.000,0.000,waitingForTarget,noEvent
6382,12,27,rld,15:27:56.985,75082,3.528,-0.287,0.069,0.000,0.000,waitingForTarget,noEvent
6382,12,27,rld,15:27:57.027,75083,3.573,-0.287,0.069,0.000,0.000,waitingForTarget,noEvent
6382,12,27,rld,15:27:57.079,75084,0.042,-0.287,0.069,0.000,0.000,activeTracking,targetAppeared
6382,12,27,rld,15:27:57.135,75085,0.094,-0.287,0.069,0.000,0.000,activeTracking,noEvent
6382,12,27,rld,15:27:57.176,75086,0.145,-0.287,0.069,0.000,0.000,activeTracking,noEvent
6382,12,27,rld,15:27:57.222,75087,0.191,-0.287,0.069,0.000,0.000,activeTracking,noEvent
6382,12,27,rld,15:27:57.249,75088,0.222,-0.287,0.069,0.000,0.000,activeTracking,noEvent
6382,12,27,rld,15:27:57.295,75089,0.268,-0.287,0.069,0.000,0.000,activeTracking,noEvent
6382,12,27,rld,15:27:57.446,75090,0.409,-0.287,0.069,0.000,0.000,activeTracking,noEvent
6382,12,27,rld,15:27:57.507,75091,0.472,-0.287,0.069,0.000,0.000,activeTracking,noEvent
6382,12,27,rld,15:27:57.567,75092,0.536,-0.287,0.069,0.000,0.000,activeTracking,noEvent
6382,12,27,rld,15:27:57.717,75093,0.653,2.108,0.050,21.000,-0.200,activeTracking,noEvent
6382,12,27,rld,15:27:57.894,75094,0.861,4.461,0.090,11.700,0.300,activeTracking,noEvent
6382,12,27,rld,15:27:57.957,75095,0.930,5.387,0.108,0.300,0.000,activeTracking,noEvent
6382,12,27,rld,15:27:57.997,75096,0.969,5.728,0.114,0.100,0.000,activeTracking,noEvent
6382,12,27,rld,15:27:58.055,75097,1.025,5.844,0.116,0.000,0.000,activeTracking,noEvent
6382,12,27,rld,15:27:58.083,75098,1.055,5.883,0.117,0.000,0.000,activeTracking,noEvent
6382,12,27,rld,15:27:58.148,75099,1.114,5.896,0.117,0.000,0.000,activeTracking,noEvent
6382,12,27,rld,15:27:58.209,75100,1.174,5.900,0.117,0.000,0.000,activeTracking,noEvent
6382,12,27,rld,15:27:58.257,75101,1.230,5.902,0.118,0.000,0.000,activeTracking,noEvent
6382,12,27,rld,15:27:58.309,75102,1.276,5.902,0.118,0.000,0.000,activeTracking,noEvent
6382,12,27,rld,15:27:58.384,75103,1.338,5.903,0.118,0.000,0.000,activeTracking,noEvent
6382,12,27,rld,15:27:58.549,75104,1.507,4.387,-0.069,-10.500,-1.400,activeTracking,noEvent
6382,12,27,rld,15:27:58.680,75105,1.621,3.764,-0.126,-1.200,0.000,activeTracking,noEvent
6382,12,27,rld,15:27:58.797,75106,1.735,3.259,-0.144,-2.400,0.000,activeTracking,noEvent
6382,12,27,rld,15:27:58.859,75107,1.824,3.057,-0.138,-0.300,0.100,activeTracking,noEvent
6382,12,27,rld,15:27:58.922,75108,1.891,2.965,-0.136,-0.200,0.000,onTarget,noEvent
6382,12,27,rld,15:27:58.984,75109,1.952,2.910,-0.136,-0.200,0.000,onTarget,noEvent
6382,12,27,rld,15:27:59.046,75110,2.009,2.892,-0.135,0.000,0.000,onTarget,noEvent
6382,12,27,rld,15:27:59.108,75111,2.072,2.886,-0.124,0.000,0.100,onTarget,noEvent
6382,12,27,rld,15:27:59.148,75112,2.110,2.884,-0.120,0.000,0.000,onTarget,noEvent
6382,12,27,rld,15:27:59.249,75113,2.189,2.859,-0.107,-0.200,0.100,onTarget,noEvent
6382,12,27,rld,15:27:59.345,75114,2.287,2.753,-0.044,-0.800,0.500,onTarget,noEvent
6382,12,27,rld,15:27:59.407,75115,2.364,2.681,0.000,-0.300,0.200,onTarget,noEvent
6382,12,27,rld,15:27:59.452,75116,2.422,2.657,0.015,0.000,0.000,onTarget,noEvent
6382,12,27,rld,15:27:59.501,75117,2.469,2.649,0.020,0.000,0.000,onTarget,noEvent
6382,12,27,rld,15:27:59.558,75118,2.524,2.647,0.022,0.000,0.000,onTarget,noEvent
6382,12,27,rld,15:27:59.595,75119,2.562,2.646,0.022,0.000,0.000,onTarget,noEvent
6382,12,27,rld,15:27:59.664,75120,2.624,2.646,0.022,0.000,0.000,onTarget,noEvent
6382,12,27,rld,15:27:59.741,75121,2.701,2.646,0.022,0.000,0.000,onTarget,noEvent
6382,12,27,rld,15:27:59.799,75122,2.761,2.645,0.022,0.000,0.000,onTarget,targetClick
6382,12,28,rld,15:28:02.863,75159,2.840,0.270,-0.117,0.000,0.000,waitingForTarget,middleTargetClick
6382,12,28,rld,15:28:02.916,75160,2.899,0.270,-0.117,0.000,0.000,waitingForTarget,noEvent
6382,12,28,rld,15:28:02.976,75161,2.954,0.270,-0.117,0.000,0.000,waitingForTarget,noEvent
6382,12,28,rld,15:28:03.044,75162,3.032,0.270,-0.117,0.000,0.000,waitingForTarget,noEvent
6382,12,28,rld,15:28:03.083,75163,3.071,0.270,-0.117,0.000,0.000,waitingForTarget,noEvent
6382,12,28,rld,15:28:03.119,75164,3.108,0.270,-0.117,0.000,0.000,waitingForTarget,noEvent
6382,12,28,rld,15:28:03.162,75165,3.150,0.270,-0.117,0.000,0.000,waitingForTarget,noEvent
6382,12,28,rld,15:28:03.206,75166,3.192,0.270,-0.117,0.000,0.000,waitingForTarget,noEvent
6382,12,28,rld,15:28:03.236,75167,3.226,0.270,-0.117,0.000,0.000,waitingForTarget,noEvent
6382,12,28,rld,15:28:03.279,75168,3.267,0.270,-0.117,0.000,0.000,waitingForTarget,noEvent
6382,12,28,rld,15:28:03.317,75169,0.039,0.270,-0.117,0.000,0.000,activeTracking,targetAppeared
6382,12,28,rld,15:28:03.339,75170,0.061,0.270,-0.117,0.000,0.000,activeTracking,noEvent
6382,12,28,rld,15:28:03.408,75171,0.117,0.270,-0.117,0.000,0.000,activeTracking,noEvent
6382,12,28,rld,15:28:03.451,75172,0.171,0.270,-0.117,0.000,0.000,activeTracking,noEvent
6382,12,28,rld,15:28:03.513,75173,0.210,0.270,-0.117,0.000,0.000,activeTracking,noEvent
6382,12,28,rld,15:28:03.549,75174,0.268,0.270,-0.117,0.000,0.000,activeTracking,noEvent
6382,12,28,rld,15:28:03.642,75175,0.352,0.270,-0.117,0.000,0.000,activeTracking,noEvent
6382,12,28,rld,15:28:03.694,75176,0.409,0.270,-0.117,0.000,0.000,activeTracking,noEvent
6382,12,28,rld,15:28:03.733,75177,0.452,0.270,-0.117,0.000,0.000,activeTracking,noEvent
6382,12,28,rld,15:28:03.776,75178,0.493,0.270,-0.117,0.000,0.000,activeTracking,noEvent
6382,12,28,rld,15:28:03.838,75179,0.559,0.270,-0.117,0.000,0.000,activeTracking,noEvent
6382,12,28,rld,15:28:03.884,75180,0.602,0.270,-0.117,0.000,0.000,activeTracking,noEvent
6382,12,28,rld,15:28:03.944,75181,0.658,0.270,-0.117,0.000,0.000,activeTracking,noEvent
6382,12,28,rld,15:28:03.995,75182,0.708,0.270,-0.117,0.000,0.000,activeTracking,noEvent
6382,12,28,rld,15:28:04.189,75183,0.909,-0.869,0.007,-10.100,1.100,activeTracking,noEvent
6382,12,28,rld,15:28:04.293,75184,1.011,-1.378,0.072,-1.100,0.200,activeTracking,noEvent
6382,12,28,rld,15:28:04.351,75185,1.068,-1.584,0.094,-0.300,0.000,activeTracking,noEvent
6382,12,28,rld,15:28:04.425,75186,1.126,-1.676,0.102,-0.200,0.000,activeTracking,noEvent
6382,12,28,rld,15:28:04.498,75187,1.210,-1.765,0.116,-0.500,0.100,activeTracking,noEvent
6382,12,28,rld,15:28:04.569,75188,1.286,-1.841,0.133,-0.400,0.100,activeTracking,noEvent
6382,12,28,rld,15:28:04.628,75189,1.343,-1.879,0.138,-0.100,0.000,activeTracking,noEvent
6382,12,28,rld,15:28:04.681,75190,1.392,-1.891,0.140,0.000,0.000,activeTracking,noEvent
6382,12,28,rld,15:28:04.726,75191,1.443,-1.895,0.141,0.000,0.000,activeTracking,noEvent
6382,12,28,rld,15:28:04.789,75192,1.508,-1.896,0.141,0.000,0.000,activeTracking,noEvent
6382,12,28,rld,15:28:04.916,75193,1.638,-2.085,0.084,-1.600,-0.500,activeTracking,noEvent
6382,12,28,rld,15:28:05.102,75194,1.807,-2.397,-0.061,-2.100,-1.100,onTarget,noEvent
6382,12,28,rld,15:28:05.195,75195,1.905,-2.586,-0.169,-0.700,-0.500,onTarget,noEvent
6382,12,28,rld,15:28:05.247,75196,1.958,-2.674,-0.205,-0.200,0.000,onTarget,noEvent
6382,12,28,rld,15:28:05.315,75197,2.033,-2.703,-0.217,0.000,0.000,onTarget,noEvent
6382,12,28,rld,15:28:05.369,75198,2.088,-2.713,-0.221,0.000,0.000,onTarget,noEvent
6382,12,28,rld,15:28:05.430,75199,2.153,-2.716,-0.222,0.000,0.000,onTarget,noEvent
6382,12,28,rld,15:28:05.478,75200,2.192,-2.718,-0.223,0.000,0.000,onTarget,noEvent
6382,12,28,rld,15:28:05.515,75201,2.237,-2.718,-0.223,0.000,0.000,onTarget,noEvent
6382,12,28,rld,15:28:05.568,75202,2.287,-2.718,-0.223,0.000,0.000,onTarget,noEvent
6382,12,28,rld,15:28:05.654,75203,2.371,-2.718,-0.223,0.000,0.000,onTarget,targetClick
6382,12,29,rld,15:28:07.435,75225,2.450,0.373,-0.100,0.000,0.000,waitingForTarget,middleTargetClick
6382,12,29,rld,15:28:07.500,75226,2.536,0.372,-0.100,0.000,0.000,waitingForTarget,noEvent
6382,12,29,rld,15:28:07.562,75227,2.610,0.372,-0.100,0.000,0.000,waitingForTarget,noEvent
6382,12,29,rld,15:28:07.607,75228,2.651,0.372,-0.100,0.000,0.000,waitingForTarget,noEvent
6382,12,29,rld,15:28:07.658,75229,2.698,0.372,-0.100,0.000,0.000,waitingForTarget,noEvent
6382,12,29,rld,15:28:07.697,75230,2.742,0.372,-0.100,0.000,0.000,waitingForTarget,noEvent
6382,12,29,rld,15:28:07.747,75231,2.786,0.372,-0.100,0.000,0.000,waitingForTarget,noEvent
6382,12,29,rld,15:28:07.788,75232,2.831,0.372,-0.100,0.000,0.000,waitingForTarget,noEvent
6382,12,29,rld,15:28:07.828,75233,2.878,0.372,-0.100,0.000,0.000,waitingForTarget,noEvent
6382,12,29,rld,15:28:07.874,75234,0.040,0.372,-0.100,0.000,0.000,activeTracking,targetAppeared
6382,12,29,rld,15:28:07.917,75235,0.076,0.372,-0.100,0.000,0.000,activeTracking,noEvent
6382,12,29,rld,15:28:07.990,75236,0.153,0.372,-0.100,0.000,0.000,activeTracking,noEvent
6382,12,29,rld,15:28:08.024,75237,0.191,0.372,-0.100,0.000,0.000,activeTracking,noEvent
6382,12,29,rld,15:28:08.067,75238,0.237,0.372,-0.100,0.000,0.000,activeTracking,noEvent
6382,12,29,rld,15:28:08.113,75239,0.281,0.372,-0.100,0.000,0.000,activeTracking,noEvent
6382,12,29,rld,15:28:08.196,75240,0.361,0.372,-0.100,0.000,0.000,activeTracking,noEvent
6382,12,29,rld,15:28:08.259,75241,0.422,0.372,-0.100,0.000,0.000,activeTracking,failedClick
6382,12,30,rld,15:28:08.896,75253,0.491,0.372,-0.100,0.000,0.000,waitingForTarget,middleTargetClick
6382,12,30,rld,15:28:08.972,75254,0.566,0.372,-0.100,0.000,0.000,waitingForTarget,noEvent
6382,12,30,rld,15:28:09.014,75255,0.611,0.372,-0.100,0.000,0.000,waitingForTarget,noEvent
6382,12,30,rld,15:28:09.049,75256,0.653,0.372,-0.100,0.000,0.000,waitingForTarget,noEvent
6382,12,30,rld,15:28:09.135,75257,0.735,0.372,-0.100,0.000,0.000,waitingForTarget,noEvent
6382,12,30,rld,15:28:09.194,75258,0.790,0.372,-0.100,0.000,0.000,waitingForTarget,noEvent
6382,12,30,rld,15:28:09.244,75259,0.840,0.372,-0.100,0.000,0.000,waitingForTarget,noEvent
6382,12,30,rld,15:28:09.283,75260,0.882,0.372,-0.100,0.000,0.000,waitingForTarget,noEvent
6382,12,30,rld,15:28:09.317,75261,0.916,0.372,-0.100,0.000,0.000,waitingForTarget,noEvent
6382,12,30,rld,15:28:09.366,75262,0.041,0.372,-0.100,0.000,0.000,activeTracking,targetAppeared
6382,12,30,rld,15:28:09.415,75263,0.102,0.372,-0.100,0.000,0.000,activeTracking,noEvent
6382,12,30,rld,15:28:09.467,75264,0.152,0.372,-0.100,0.000,0.000,activeTracking,noEvent
6382,12,30,rld,15:28:09.516,75265,0.198,0.372,-0.100,0.000,0.000,activeTracking,noEvent
6382,12,30,rld,15:28:09.581,75266,0.258,0.372,-0.100,0.000,0.000,activeTracking,failedClick
6382,12,31,rld,15:28:10.321,75280,0.344,0.349,-0.100,-0.200,0.000,waitingForTarget,middleTargetClick
6382,12,31,rld,15:28:10.368,75281,0.397,0.341,-0.100,0.000,0.000,waitingForTarget,noEvent
6382,12,31,rld,15:28:10.425,75282,0.448,0.339,-0.100,0.000,0.000,waitingForTarget,noEvent
6382,12,31,rld,15:28:10.469,75283,0.498,0.338,-0.100,0.000,0.000,waitingForTarget,noEvent
6382,12,31,rld,15:28:10.565,75284,0.590,0.248,0.418,-0.800,4.600,waitingForTarget,noEvent
6382,12,31,rld,15:28:10.608,75285,0.631,0.218,0.591,0.000,0.000,waitingForTarget,noEvent
6382,12,31,rld,15:28:10.650,75286,0.677,0.208,0.649,0.000,0.000,waitingForTarget,noEvent
6382,12,31,rld,15:28:10.683,75287,0.711,0.204,0.669,0.000,0.000,waitingForTarget,noEvent
6382,12,31,rld,15:28:10.728,75288,0.759,0.203,0.675,0.000,0.000,waitingForTarget,noEvent
6382,12,31,rld,15:28:10.772,75289,0.038,0.203,0.677,0.000,0.000,activeTracking,targetAppeared
6382,12,31,rld,15:28:10.833,75290,0.099,0.203,0.678,0.000,0.000,activeTracking,noEvent
6382,12,31,rld,15:28:10.878,75291,0.140,0.203,0.678,0.000,0.000,activeTracking,noEvent
6382,12,31,rld,15:28:10.929,75292,0.188,0.203,0.678,0.000,0.000,activeTracking,noEvent
6382,12,31,rld,15:28:10.997,75293,0.265,0.203,0.678,0.000,0.000,activeTracking,failedClick
6382,12,32,rld,15:28:15.957,75375,0.332,-0.118,0.018,0.000,0.000,waitingForTarget,middleTargetClick
6382,12,32,rld,15:28:16.005,75376,0.384,-0.118,0.018,0.000,0.000,waitingForTarget,noEvent
6382,12,32,rld,15:28:16.067,75377,0.448,-0.118,0.018,0.000,0.000,waitingForTarget,noEvent
6382,12,32,rld,15:28:16.102,75378,0.486,-0.118,0.018,0.000,0.000,waitingForTarget,noEvent
6382,12,32,rld,15:28:16.149,75379,0.530,-0.118,0.018,0.000,0.000,waitingForTarget,noEvent
6382,12,32,rld,15:28:16.198,75380,0.582,-0.118,0.018,0.000,0.000,waitingForTarget,noEvent
6382,12,32,rld,15:28:16.232,75381,0.615,-0.118,0.018,0.000,0.000,waitingForTarget,noEvent
6382,12,32,rld,15:28:16.279,75382,0.663,-0.118,0.018,0.000,0.000,waitingForTarget,noEvent
6382,12,32,rld,15:28:16.325,75383,0.705,-0.118,0.018,0.000,0.000,waitingForTarget,noEvent
6382,12,32,rld,15:28:16.367,75384,0.748,-0.118,0.018,0.000,0.000,waitingForTarget,noEvent
6382,12,32,rld,15:28:16.417,75385,0.049,-0.118,0.018,0.000,0.000,activeTracking,targetAppeared
6382,12,32,rld,15:28:16.493,75386,0.120,-0.118,0.018,0.000,0.000,activeTracking,failedClick
6382,12,33,rld,15:28:17.228,75400,0.197,-0.118,0.018,0.000,0.000,waitingForTarget,middleTargetClick
6382,12,33,rld,15:28:17.295,75401,0.259,-0.118,0.018,0.000,0.000,waitingForTarget,noEvent
6382,12,33,rld,15:28:17.331,75402,0.308,-0.118,0.018,0.000,0.000,waitingForTarget,noEvent
6382,12,33,rld,15:28:17.394,75403,0.369,-0.118,0.018,0.000,0.000,waitingForTarget,noEvent
6382,12,33,rld,15:28:17.431,75404,0.408,-0.118,0.018,0.000,0.000,waitingForTarget,noEvent
6382,12,33,rld,15:28:17.479,75405,0.448,-0.118,0.018,0.000,0.000,waitingForTarget,noEvent
6382,12,33,rld,15:28:17.517,75406,0.488,-0.118,0.018,0.000,0.000,waitingForTarget,noEvent
6382,12,33,rld,15:28:17.560,75407,0.536,-0.118,0.018,0.000,0.000,waitingForTarget,noEvent
6382,12,33,rld,15:28:17.602,75408,0.573,-0.118,0.018,0.000,0.000,waitingForTarget,noEvent
6382,12,33,rld,15:28:17.642,75409,0.619,-0.118,0.018,0.000,0.000,waitingForTarget,noEvent
6382,12,33,rld,15:28:17.708,75410,0.053,-0.118,0.018,0.000,0.000,activeTracking,targetAppeared
6382,12,33,rld,15:28:17.788,75411,0.140,-0.118,0.018,0.000,0.000,activeTracking,failedClick
6382,12,34,rld,15:28:18.897,75433,0.212,-0.118,0.018,0.000,0.000,waitingForTarget,middleTargetClick
6382,12,34,rld,15:28:18.939,75434,0.259,-0.118,0.018,0.000,0.000,waitingForTarget,noEvent
6382,12,34,rld,15:28:18.995,75435,0.313,-0.118,0.018,0.000,0.000,waitingForTarget,noEvent
6382,12,34,rld,15:28:19.066,75436,0.376,-0.118,0.018,0.000,0.000,waitingForTarget,noEvent
6382,12,34,rld,15:28:19.113,75437,0.422,-0.118,0.018,0.000,0.000,waitingForTarget,noEvent
6382,12,34,rld,15:28:19.146,75438,0.467,-0.118,0.018,0.000,0.000,waitingForTarget,noEvent
6382,12,34,rld,15:28:19.196,75439,0.515,-0.118,0.018,0.000,0.000,waitingForTarget,noEvent
6382,12,34,rld,15:28:19.245,75440,0.563,-0.118,0.018,0.000,0.000,waitingForTarget,noEvent
6382,12,34,rld,15:28:19.306,75441,0.625,-0.118,0.018,0.000,0.000,waitingForTarget,noEvent
6382,12,34,rld,15:28:19.365,75442,0.682,-0.118,0.018,0.000,0.000,activeTracking,failedClick
6382,12,35,rld,15:28:20.513,75464,0.748,-0.118,0.018,0.000,0.000,waitingForTarget,middleTargetClick
6382,12,35,rld,15:28:20.578,75465,0.815,-0.118,0.018,0.000,0.000,waitingForTarget,noEvent
6382,12,35,rld,15:28:20.640,75466,0.875,-0.118,0.018,0.000,0.000,waitingForTarget,noEvent
6382,12,35,rld,15:28:20.683,75467,0.923,-0.118,0.018,0.000,0.000,waitingForTarget,noEvent
6382,12,35,rld,15:28:20.718,75468,0.958,-0.118,0.018,0.000,0.000,waitingForTarget,noEvent
6382,12,35,rld,15:28:20.783,75469,1.010,-0.118,0.018,0.000,0.000,waitingForTarget,noEvent
6382,12,35,rld,15:28:20.857,75470,1.090,-0.118,0.018,0.000,0.000,waitingForTarget,noEvent
6382,12,35,rld,15:28:20.899,75471,1.136,-0.118,0.018,0.000,0.000,waitingForTarget,noEvent
6382,12,35,rld,15:28:20.951,75472,1.192,-0.118,0.018,0.000,0.000,waitingForTarget,noEvent
6382,12,35,rld,15:28:21.009,75473,0.051,-0.118,0.018,0.000,0.000,activeTracking,targetAppeared
6382,12,35,rld,15:28:21.059,75474,0.107,-0.118,0.018,0.000,0.000,activeTracking,noEvent
6382,12,35,rld,15:28:21.122,75475,0.159,-0.118,0.018,0.000,0.000,activeTracking,noEvent
6382,12,35,rld,15:28:21.174,75476,0.210,-0.118,0.018,0.000,0.000,activeTracking,noEvent
6382,12,35,rld,15:28:21.213,75477,0.259,-0.118,0.018,0.000,0.000,activeTracking,noEvent
6382,12,35,rld,15:28:21.282,75478,0.318,-0.118,0.018,0.000,0.000,activeTracking,noEvent
6382,12,35,rld,15:28:21.341,75479,0.378,-0.118,0.018,0.000,0.000,activeTracking,noEvent
6382,12,35,rld,15:28:21.390,75480,0.428,-0.118,0.018,0.000,0.000,activeTracking,failedClick
6382,12,36,rld,15:28:22.831,75502,0.514,-0.219,-0.032,0.000,0.000,waitingForTarget,middleTargetClick
6382,12,36,rld,15:28:22.889,75503,0.585,-0.219,-0.032,0.000,0.000,waitingForTarget,noEvent
6382,12,36,rld,15:28:22.942,75504,0.638,-0.219,-0.032,0.000,0.000,waitingForTarget,noEvent
6382,12,36,rld,15:28:22.995,75505,0.690,-0.219,-0.032,0.000,0.000,waitingForTarget,noEvent
6382,12,36,rld,15:28:23.272,75506,0.957,-0.231,-0.032,-0.100,0.000,waitingForTarget,noEvent
6382,12,36,rld,15:28:23.310,75507,0.049,-0.234,-0.032,0.000,0.000,activeTracking,targetAppeared
6382,12,36,rld,15:28:23.373,75508,0.100,-0.236,-0.032,0.000,0.000,activeTracking,noEvent
6382,12,36,rld,15:28:23.411,75509,0.152,-0.236,-0.032,0.000,0.000,activeTracking,noEvent
6382,12,36,rld,15:28:23.461,75510,0.199,-0.236,-0.032,0.000,0.000,activeTracking,noEvent
6382,12,36,rld,15:28:23.516,75511,0.241,-0.236,-0.032,0.000,0.000,activeTracking,noEvent
6382,12,36,rld,15:28:23.578,75512,0.319,-0.225,-0.010,0.100,0.200,activeTracking,noEvent
6382,12,36,rld,15:28:23.616,75513,0.352,-0.221,-0.002,0.000,0.000,activeTracking,noEvent
6382,12,36,rld,15:28:23.667,75514,0.402,-0.220,0.000,0.000,0.000,activeTracking,noEvent
6382,12,36,rld,15:28:23.717,75515,0.459,-0.220,0.001,0.000,0.000,activeTracking,noEvent
6382,12,36,rld,15:28:23.790,75516,0.530,-0.219,0.001,0.000,0.000,activeTracking,failedClick
6382,12,37,rld,15:28:24.800,75534,0.593,-0.203,0.068,0.000,0.000,waitingForTarget,middleTargetClick
6382,12,37,rld,15:28:24.859,75535,0.661,-0.203,0.069,0.000,0.000,waitingForTarget,noEvent
6382,12,37,rld,15:28:24.920,75536,0.720,-0.203,0.069,0.000,0.000,waitingForTarget,noEvent
6382,12,37,rld,15:28:24.968,75537,0.775,-0.203,0.069,0.000,0.000,waitingForTarget,noEvent
6382,12,37,rld,15:28:25.033,75538,0.840,-0.203,0.069,0.000,0.000,waitingForTarget,noEvent
6382,12,37,rld,15:28:25.098,75539,0.897,-0.203,0.069,0.000,0.000,waitingForTarget,noEvent
6382,12,37,rld,15:28:25.157,75540,0.952,-0.203,0.069,0.000,0.000,waitingForTarget,noEvent
6382,12,37,rld,15:28:25.206,75541,1.011,-0.203,0.069,0.000,0.000,waitingForTarget,noEvent
6382,12,37,rld,15:28:25.275,75542,0.069,-0.203,0.069,0.000,0.000,activeTracking,targetAppeared
6382,12,37,rld,15:28:25.324,75543,0.124,-0.203,0.069,0.000,0.000,activeTracking,noEvent
6382,12,37,rld,15:28:25.372,75544,0.170,-0.203,0.069,0.000,0.000,activeTracking,noEvent
6382,12,37,rld,15:28:25.411,75545,0.203,-0.203,0.069,0.000,0.000,activeTracking,noEvent
6382,12,37,rld,15:28:25.461,75546,0.261,-0.203,0.069,0.000,0.000,activeTracking,noEvent
6382,12,37,rld,15:28:25.524,75547,0.306,-0.203,0.069,0.000,0.000,activeTracking,noEvent
6382,12,37,rld,15:28:25.577,75548,0.364,-0.203,0.069,0.000,0.000,activeTracking,failedClick
6382,12,38,rld,15:28:26.958,75572,0.468,-0.203,0.069,0.000,0.000,waitingForTarget,middleTargetClick
6382,12,38,rld,15:28:27.006,75573,0.520,-0.203,0.069,0.000,0.000,waitingForTarget,noEvent
6382,12,38,rld,15:28:27.062,75574,0.572,-0.203,0.069,0.000,0.000,waitingForTarget,noEvent
6382,12,38,rld,15:28:27.127,75575,0.648,-0.203,0.069,0.000,0.000,waitingForTarget,noEvent
6382,12,38,rld,15:28:27.174,75576,0.694,-0.203,0.069,0.000,0.000,waitingForTarget,noEvent
6382,12,38,rld,15:28:27.198,75577,0.715,-0.203,0.069,0.000,0.000,waitingForTarget,noEvent
6382,12,38,rld,15:28:27.289,75578,0.806,-0.203,0.069,0.000,0.000,waitingForTarget,noEvent
6382,12,38,rld,15:28:27.338,75579,0.856,-0.203,0.069,0.000,0.000,waitingForTarget,noEvent
6382,12,38,rld,15:28:27.395,75580,0.916,-0.203,0.069,0.000,0.000,waitingForTarget,noEvent
6382,12,38,rld,15:28:27.439,75581,0.041,-0.203,0.069,0.000,0.000,activeTracking,targetAppeared
6382,12,38,rld,15:28:27.480,75582,0.085,-0.203,0.069,0.000,0.000,activeTracking,noEvent
6382,12,38,rld,15:28:27.547,75583,0.145,-0.203,0.069,0.000,0.000,activeTracking,noEvent
6382,12,38,rld,15:28:27.624,75584,0.216,-0.203,0.069,0.000,0.000,activeTracking,failedClick
6382,12,39,rld,15:28:28.426,75595,0.266,-0.203,0.069,0.000,0.000,waitingForTarget,middleTargetClick
6382,12,39,rld,15:28:28.475,75596,0.319,-0.203,0.069,0.000,0.000,waitingForTarget,noEvent
6382,12,39,rld,15:28:28.530,75597,0.368,-0.203,0.069,0.000,0.000,waitingForTarget,noEvent
6382,12,39,rld,15:28:28.589,75598,0.431,-0.203,0.069,0.000,0.000,waitingForTarget,noEvent
6382,12,39,rld,15:28:28.644,75599,0.484,-0.203,0.069,0.000,0.000,waitingForTarget,noEvent
6382,12,39,rld,15:28:28.698,75600,0.539,-0.203,0.069,0.000,0.000,waitingForTarget,noEvent
6382,12,39,rld,15:28:28.746,75601,0.597,-0.203,0.069,0.000,0.000,waitingForTarget,noEvent
6382,12,39,rld,15:28:28.790,75602,0.637,-0.203,0.069,0.000,0.000,waitingForTarget,noEvent
6382,12,39,rld,15:28:28.857,75603,0.696,-0.203,0.069,0.000,0.000,waitingForTarget,noEvent
6382,12,39,rld,15:28:28.907,75604,0.062,-0.203,0.069,0.000,0.000,activeTracking,targetAppeared
6382,12,39,rld,15:28:28.965,75605,0.119,-0.203,0.069,0.000,0.000,activeTracking,noEvent
6382,12,39,rld,15:28:29.025,75606,0.178,-0.203,0.069,0.000,0.000,activeTracking,noEvent
6382,12,39,rld,15:28:29.075,75607,0.227,-0.203,0.069,0.000,0.000,activeTracking,failedClick
6382,12,40,rld,15:28:30.236,75625,0.298,-0.203,0.069,0.000,0.000,waitingForTarget,middleTargetClick
6382,12,40,rld,15:28:30.353,75626,0.415,-0.203,0.069,0.000,0.000,waitingForTarget,noEvent
6382,12,40,rld,15:28:30.410,75627,0.475,-0.203,0.069,0.000,0.000,waitingForTarget,noEvent
6382,12,40,rld,15:28:30.544,75628,0.585,-0.203,0.069,0.000,0.000,waitingForTarget,noEvent
6382,12,40,rld,15:28:30.594,75629,0.656,-0.203,0.069,0.000,0.000,waitingForTarget,noEvent
6382,12,40,rld,15:28:30.627,75630,0.686,-0.203,0.069,0.000,0.000,waitingForTarget,noEvent
6382,12,40,rld,15:28:31.698,75631,1.019,-0.203,0.069,0.000,0.000,waitingForTarget,noEvent
6382,12,40,rld,15:28:31.757,75632,1.098,-0.203,0.069,0.000,0.000,activeTracking,failedClick
6382,12,41,rld,15:28:32.444,75644,1.172,-0.203,0.069,0.000,0.000,waitingForTarget,middleTargetClick
6382,12,41,rld,15:28:32.483,75645,1.219,-0.203,0.069,0.000,0.000,waitingForTarget,noEvent
6382,12,41,rld,15:28:32.537,75646,1.270,-0.203,0.069,0.000,0.000,waitingForTarget,noEvent
6382,12,41,rld,15:28:32.601,75647,1.334,-0.203,0.069,0.000,0.000,waitingForTarget,noEvent
6382,12,41,rld,15:28:32.658,75648,1.389,-0.203,0.069,0.000,0.000,waitingForTarget,noEvent
6382,12,41,rld,15:28:32.699,75649,1.430,-0.203,0.069,0.000,0.000,waitingForTarget,noEvent
6382,12,41,rld,15:28:32.758,75650,1.486,-0.203,0.069,0.000,0.000,waitingForTarget,noEvent
6382,12,41,rld,15:28:32.815,75651,1.550,-0.203,0.069,0.000,0.000,waitingForTarget,noEvent
6382,12,41,rld,15:28:32.871,75652,1.607,-0.203,0.069,0.000,0.000,waitingForTarget,noEvent
6382,12,41,rld,15:28:32.928,75653,0.051,-0.203,0.069,0.000,0.000,activeTracking,targetAppeared
6382,12,41,rld,15:28:32.983,75654,0.113,-0.203,0.069,0.000,0.000,activeTracking,noEvent
6382,12,41,rld,15:28:33.036,75655,0.166,-0.203,0.069,0.000,0.000,activeTracking,noEvent
6382,12,41,rld,15:28:33.118,75656,0.248,-0.203,0.069,0.000,0.000,activeTracking,failedClick
6382,12,42,rld,15:28:34.543,75679,0.324,-0.203,0.069,0.000,0.000,waitingForTarget,middleTargetClick
6382,12,42,rld,15:28:34.596,75680,0.376,-0.203,0.069,0.000,0.000,waitingForTarget,noEvent
6382,12,42,rld,15:28:34.655,75681,0.426,-0.203,0.069,0.000,0.000,waitingForTarget,noEvent
6382,12,42,rld,15:28:34.711,75682,0.494,-0.203,0.069,0.000,0.000,waitingForTarget,noEvent
6382,12,42,rld,15:28:34.761,75683,0.535,-0.203,0.069,0.000,0.000,waitingForTarget,noEvent
6382,12,42,rld,15:28:34.826,75684,0.584,-0.203,0.069,0.000,0.000,waitingForTarget,noEvent
6382,12,42,rld,15:28:34.880,75685,0.664,-0.203,0.069,0.000,0.000,waitingForTarget,noEvent
6382,12,42,rld,15:28:34.931,75686,0.716,-0.203,0.069,0.000,0.000,waitingForTarget,noEvent
6382,12,42,rld,15:28:34.984,75687,0.765,-0.203,0.069,0.000,0.000,waitingForTarget,noEvent
6382,12,42,rld,15:28:35.055,75688,0.070,-0.203,0.069,0.000,0.000,activeTracking,targetAppeared
6382,12,42,rld,15:28:35.173,75689,0.187,-0.203,0.069,0.000,0.000,activeTracking,noEvent
6382,12,42,rld,15:28:35.237,75690,0.250,-0.203,0.069,0.000,0.000,activeTracking,failedClick
6382,12,43,rld,15:28:35.831,75700,0.318,-0.203,0.069,0.000,0.000,waitingForTarget,middleTargetClick
6382,12,43,rld,15:28:35.897,75701,0.391,-0.203,0.069,0.000,0.000,waitingForTarget,noEvent
6382,12,43,rld,15:28:35.937,75702,0.431,-0.203,0.069,0.000,0.000,waitingForTarget,noEvent
6382,12,43,rld,15:28:36.016,75703,0.509,-0.203,0.069,0.000,0.000,waitingForTarget,noEvent
6382,12,43,rld,15:28:36.065,75704,0.559,-0.203,0.069,0.000,0.000,waitingForTarget,noEvent
6382,12,43,rld,15:28:36.115,75705,0.601,-0.203,0.069,0.000,0.000,waitingForTarget,noEvent
6382,12,43,rld,15:28:36.179,75706,0.678,-0.203,0.069,0.000,0.000,waitingForTarget,noEvent
6382,12,43,rld,15:28:36.234,75707,0.729,-0.203,0.069,0.000,0.000,waitingForTarget,noEvent
6382,12,43,rld,15:28:36.305,75708,0.071,-0.203,0.069,0.000,0.000,activeTracking,targetAppeared
6382,12,43,rld,15:28:36.359,75709,0.130,-0.203,0.069,0.000,0.000,activeTracking,noEvent
6382,12,43,rld,15:28:36.399,75710,0.168,-0.203,0.069,0.000,0.000,activeTracking,noEvent
6382,12,43,rld,15:28:36.447,75711,0.216,-0.203,0.069,0.000,0.000,activeTracking,noEvent
6382,12,43,rld,15:28:36.763,75712,0.517,-0.203,0.069,0.000,0.000,activeTracking,failedClick
6382,12,44,rld,15:28:37.677,75727,0.581,-0.203,0.069,0.000,0.000,waitingForTarget,middleTargetClick
6382,12,44,rld,15:28:37.731,75728,0.635,-0.203,0.069,0.000,0.000,waitingForTarget,noEvent
6382,12,44,rld,15:28:37.788,75729,0.691,-0.203,0.069,0.000,0.000,waitingForTarget,noEvent
6382,12,44,rld,15:28:37.872,75730,0.767,-0.203,0.069,0.000,0.000,waitingForTarget,noEvent
6382,12,44,rld,15:28:37.923,75731,0.825,-0.203,0.069,0.000,0.000,waitingForTarget,noEvent
6382,12,44,rld,15:28:37.980,75732,0.887,-0.203,0.069,0.000,0.000,waitingForTarget,noEvent
6382,12,44,rld,15:28:38.028,75733,0.925,-0.203,0.069,0.000,0.000,waitingForTarget,noEvent
6382,12,44,rld,15:28:38.075,75734,0.973,-0.203,0.069,0.000,0.000,waitingForTarget,noEvent
6382,12,44,rld,15:28:38.137,75735,1.034,-0.203,0.069,0.000,0.000,waitingForTarget,noEvent
6382,12,44,rld,15:28:38.188,75736,0.052,-0.203,0.069,0.000,0.000,activeTracking,targetAppeared
6382,12,44,rld,15:28:38.245,75737,0.116,-0.203,0.069,0.000,0.000,activeTracking,noEvent
6382,12,44,rld,15:28:38.297,75738,0.158,-0.203,0.069,0.000,0.000,activeTracking,noEvent
6382,12,44,rld,15:28:38.359,75739,0.222,-0.203,0.069,0.000,0.000,activeTracking,failedClick
6382,12,45,rld,15:28:38.994,75751,0.273,-0.203,0.069,0.000,0.000,waitingForTarget,middleTargetClick
6382,12,45,rld,15:28:39.046,75752,0.326,-0.203,0.069,0.000,0.000,waitingForTarget,noEvent
6382,12,45,rld,15:28:39.093,75753,0.375,-0.203,0.069,0.000,0.000,waitingForTarget,noEvent
6382,12,45,rld,15:28:39.159,75754,0.431,-0.203,0.069,0.000,0.000,waitingForTarget,noEvent
6382,12,45,rld,15:28:39.209,75755,0.482,-0.203,0.069,0.000,0.000,waitingForTarget,noEvent
6382,12,45,rld,15:28:39.273,75756,0.552,-0.203,0.069,0.000,0.000,waitingForTarget,noEvent
6382,12,45,rld,15:28:39.315,75757,0.594,-0.203,0.069,0.000,0.000,waitingForTarget,noEvent
6382,12,45,rld,15:28:39.363,75758,0.644,-0.203,0.069,0.000,0.000,waitingForTarget,noEvent
6382,12,45,rld,15:28:39.415,75759,0.694,-0.203,0.069,0.000,0.000,waitingForTarget,noEvent
6382,12,45,rld,15:28:39.476,75760,0.058,-0.203,0.069,0.000,0.000,activeTracking,targetAppeared
6382,12,45,rld,15:28:39.527,75761,0.107,-0.203,0.069,0.000,0.000,activeTracking,noEvent
6382,12,45,rld,15:28:39.597,75762,0.181,-0.203,0.069,0.000,0.000,activeTracking,failedClick
6382,12,46,rld,15:28:40.344,75776,0.242,-0.203,0.069,0.000,0.000,waitingForTarget,middleTargetClick
6382,12,46,rld,15:28:40.398,75777,0.299,-0.203,0.069,0.000,0.000,waitingForTarget,noEvent
6382,12,46,rld,15:28:40.436,75778,0.330,-0.203,0.069,0.000,0.000,waitingForTarget,noEvent
6382,12,46,rld,15:28:40.487,75779,0.380,-0.203,0.069,0.000,0.000,waitingForTarget,noEvent
6382,12,46,rld,15:28:40.538,75780,0.432,-0.203,0.069,0.000,0.000,waitingForTarget,noEvent
6382,12,46,rld,15:28:40.611,75781,0.478,-0.203,0.069,0.000,0.000,waitingForTarget,noEvent
6382,12,46,rld,15:28:40.675,75782,0.573,-0.203,0.069,0.000,0.000,waitingForTarget,noEvent
6382,12,46,rld,15:28:40.730,75783,0.630,-0.203,0.069,0.000,0.000,waitingForTarget,noEvent
6382,12,46,rld,15:28:40.777,75784,0.670,-0.203,0.069,0.000,0.000,waitingForTarget,noEvent
6382,12,46,rld,15:28:40.865,75785,0.082,-0.203,0.069,0.000,0.000,activeTracking,targetAppeared
6382,12,46,rld,15:28:40.941,75786,0.155,-0.203,0.035,0.000,-0.300,activeTracking,noEvent
6382,12,46,rld,15:28:41.008,75787,0.240,-0.203,0.069,0.000,0.400,activeTracking,noEvent
6382,12,46,rld,15:28:41.057,75788,0.290,-0.203,0.080,0.000,0.000,activeTracking,noEvent
6382,12,46,rld,15:28:41.097,75789,0.324,-0.203,0.084,0.000,0.000,activeTracking,noEvent
6382,12,46,rld,15:28:41.182,75790,0.405,-0.203,0.085,0.000,0.000,activeTracking,failedClick
6382,12,47,rld,15:28:42.687,75816,0.501,-0.203,0.086,0.000,0.000,waitingForTarget,middleTargetClick
6382,12,47,rld,15:28:42.745,75817,0.561,-0.203,0.086,0.000,0.000,waitingForTarget,noEvent
6382,12,47,rld,15:28:42.813,75818,0.631,-0.203,0.086,0.000,0.000,waitingForTarget,noEvent
6382,12,47,rld,15:28:42.880,75819,0.701,-0.203,0.086,0.000,0.000,waitingForTarget,noEvent
6382,12,47,rld,15:28:42.940,75820,0.753,-0.203,0.086,0.000,0.000,waitingForTarget,noEvent
6382,12,47,rld,15:28:43.004,75821,0.814,-0.203,0.086,0.000,0.000,waitingForTarget,noEvent
6382,12,47,rld,15:28:43.066,75822,0.884,-0.203,0.086,0.000,0.000,waitingForTarget,noEvent
6382,12,47,rld,15:28:43.120,75823,0.936,-0.203,0.086,0.000,0.000,waitingForTarget,noEvent
6382,12,47,rld,15:28:43.183,75824,0.065,-0.203,0.086,0.000,0.000,activeTracking,targetAppeared
6382,12,47,rld,15:28:43.253,75825,0.127,-0.203,0.086,0.000,0.000,activeTracking,noEvent
6382,12,47,rld,15:28:43.309,75826,0.188,-0.203,0.086,0.000,0.000,activeTracking,noEvent
6382,12,47,rld,15:28:43.382,75827,0.268,-0.304,0.514,-0.900,3.800,activeTracking,noEvent
6382,12,47,rld,15:28:43.432,75828,0.316,-0.338,0.658,0.000,0.000,activeTracking,noEvent
6382,12,47,rld,15:28:43.482,75829,0.366,-0.349,0.706,0.000,0.000,activeTracking,noEvent
6382,12,47,rld,15:28:43.539,75830,0.417,-0.353,0.722,0.000,0.000,activeTracking,noEvent
6382,12,47,rld,15:28:43.607,75831,0.480,-0.354,0.727,0.000,0.000,activeTracking,failedClick
6382,12,48,rld,15:28:51.440,75962,0.550,0.017,-0.151,0.000,0.000,waitingForTarget,middleTargetClick
6382,12,48,rld,15:28:51.510,75963,0.628,0.017,-0.151,0.000,0.000,waitingForTarget,noEvent
6382,12,48,rld,15:28:51.559,75964,0.672,0.017,-0.151,0.000,0.000,waitingForTarget,noEvent
6382,12,48,rld,15:28:51.596,75965,0.718,0.017,-0.151,0.000,0.000,waitingForTarget,noEvent
6382,12,48,rld,15:28:51.653,75966,0.774,0.017,-0.151,0.000,0.000,waitingForTarget,noEvent
6382,12,48,rld,15:28:51.692,75967,0.801,0.017,-0.151,0.000,0.000,waitingForTarget,noEvent
6382,12,48,rld,15:28:51.728,75968,0.843,0.017,-0.151,0.000,0.000,waitingForTarget,noEvent
6382,12,48,rld,15:28:51.766,75969,0.880,0.017,-0.151,0.000,0.000,waitingForTarget,noEvent
6382,12,48,rld,15:28:51.810,75970,0.930,0.017,-0.151,0.000,0.000,waitingForTarget,noEvent
6382,12,48,rld,15:28:51.867,75971,0.980,0.017,-0.151,0.000,0.000,waitingForTarget,noEvent
6382,12,48,rld,15:28:51.971,75972,1.083,0.017,-0.151,0.000,0.000,activeTracking,failedClick
6382,12,49,rld,15:28:53.328,75992,1.161,0.017,-0.151,0.000,0.000,waitingForTarget,middleTargetClick
6382,12,49,rld,15:28:53.376,75993,1.210,0.017,-0.151,0.000,0.000,waitingForTarget,noEvent
6382,12,49,rld,15:28:53.437,75994,1.263,0.017,-0.151,0.000,0.000,waitingForTarget,noEvent
6382,12,49,rld,15:28:53.483,75995,1.310,0.017,-0.151,0.000,0.000,waitingForTarget,noEvent
6382,12,49,rld,15:28:53.547,75996,1.379,0.017,-0.151,0.000,0.000,waitingForTarget,noEvent
6382,12,49,rld,15:28:53.597,75997,1.425,0.017,-0.151,0.000,0.000,waitingForTarget,noEvent
6382,12,49,rld,15:28:53.636,75998,1.463,0.017,-0.151,0.000,0.000,waitingForTarget,noEvent
6382,12,49,rld,15:28:53.676,75999,1.509,0.017,-0.151,0.000,0.000,waitingForTarget,noEvent
6382,12,49,rld,15:28:53.725,76000,1.560,0.017,-0.151,0.000,0.000,waitingForTarget,noEvent
6382,12,49,rld,15:28:53.789,76001,1.619,0.017,-0.151,0.000,0.000,waitingForTarget,noEvent
6382,12,49,rld,15:28:53.866,76002,0.081,0.017,-0.151,0.000,0.000,activeTracking,targetAppeared
6382,12,49,rld,15:28:53.912,76003,0.115,0.017,-0.151,0.000,0.000,activeTracking,noEvent
6382,12,49,rld,15:28:53.976,76004,0.189,0.017,-0.151,0.000,0.000,activeTracking,noEvent
6382,12,49,rld,15:28:54.019,76005,0.226,0.017,-0.151,0.000,0.000,activeTracking,noEvent
6382,12,49,rld,15:28:54.062,76006,0.275,0.017,-0.151,0.000,0.000,activeTracking,noEvent
6382,12,49,rld,15:28:54.098,76007,0.310,0.017,-0.151,0.000,0.000,activeTracking,noEvent
6382,12,49,rld,15:28:54.165,76008,0.365,0.017,-0.151,0.000,0.000,activeTracking,noEvent
6382,12,49,rld,15:28:54.229,76009,0.441,0.017,-0.151,0.000,0.000,activeTracking,failedClick
6382,12,50,rld,15:28:54.972,76021,0.502,0.017,-0.151,0.000,0.000,waitingForTarget,middleTargetClick
6382,12,50,rld,15:28:55.065,76022,0.582,0.017,-0.151,0.000,0.000,waitingForTarget,noEvent
6382,12,50,rld,15:28:55.126,76023,0.666,0.017,-0.151,0.000,0.000,waitingForTarget,noEvent
6382,12,50,rld,15:28:55.199,76024,0.743,0.017,-0.151,0.000,0.000,waitingForTarget,noEvent
6382,12,50,rld,15:28:55.241,76025,0.775,0.017,-0.151,0.000,0.000,waitingForTarget,noEvent
6382,12,50,rld,15:28:55.295,76026,0.829,0.017,-0.151,0.000,0.000,waitingForTarget,noEvent
6382,12,50,rld,15:28:55.368,76027,0.906,0.017,-0.151,0.000,0.000,waitingForTarget,noEvent
6382,12,50,rld,15:28:55.428,76028,0.050,0.017,-0.151,0.000,0.000,activeTracking,targetAppeared
6382,12,50,rld,15:28:55.485,76029,0.121,0.017,-0.151,0.000,0.000,activeTracking,noEvent
6382,12,50,rld,15:28:55.524,76030,0.160,0.017,-0.151,0.000,0.000,activeTracking,noEvent
6382,12,50,rld,15:28:55.579,76031,0.205,0.017,-0.151,0.000,0.000,activeTracking,noEvent
6382,12,50,rld,15:28:55.626,76032,0.263,0.017,-0.151,0.000,0.000,activeTracking,noEvent
6382,12,50,rld,15:28:55.858,76033,0.484,0.017,-0.151,0.000,0.000,activeTracking,failedClick
6382,12,51,rld,15:28:57.230,76060,0.557,0.017,-0.151,0.000,0.000,waitingForTarget,middleTargetClick
6382,12,51,rld,15:28:57.293,76061,0.618,0.017,-0.151,0.000,0.000,waitingForTarget,noEvent
6382,12,51,rld,15:28:57.354,76062,0.676,0.017,-0.151,0.000,0.000,waitingForTarget,noEvent
6382,12,51,rld,15:28:57.403,76063,0.732,0.017,-0.151,0.000,0.000,waitingForTarget,noEvent
6382,12,51,rld,15:28:57.438,76064,0.769,0.017,-0.151,0.000,0.000,waitingForTarget,noEvent
6382,12,51,rld,15:28:57.488,76065,0.811,0.017,-0.151,0.000,0.000,waitingForTarget,noEvent
6382,12,51,rld,15:28:57.529,76066,0.856,0.017,-0.151,0.000,0.000,waitingForTarget,noEvent
6382,12,51,rld,15:28:57.573,76067,0.896,0.017,-0.151,0.000,0.000,waitingForTarget,noEvent
6382,12,51,rld,15:28:57.627,76068,0.945,0.017,-0.151,0.000,0.000,waitingForTarget,noEvent
6382,12,51,rld,15:28:57.694,76069,1.023,0.017,-0.151,0.000,0.000,waitingForTarget,noEvent
6382,12,51,rld,15:28:57.741,76070,0.049,0.017,-0.151,0.000,0.000,activeTracking,targetAppeared
6382,12,51,rld,15:28:57.814,76071,0.110,0.017,-0.151,0.000,0.000,activeTracking,noEvent
6382,12,51,rld,15:28:57.871,76072,0.172,0.017,-0.151,0.000,0.000,activeTracking,noEvent
6382,12,51,rld,15:28:57.936,76073,0.242,0.017,-0.151,0.000,0.000,activeTracking,noEvent
6382,12,51,rld,15:28:57.976,76074,0.281,0.017,-0.151,0.000,0.000,activeTracking,noEvent
6382,12,51,rld,15:28:58.039,76075,0.326,0.017,-0.151,0.000,0.000,activeTracking,noEvent
6382,12,51,rld,15:28:58.112,76076,0.419,0.017,-0.151,0.000,0.000,activeTracking,failedClick
6382,12,52,rld,15:28:58.977,76092,0.484,0.017,-0.151,0.000,0.000,waitingForTarget,middleTargetClick
6382,12,52,rld,15:28:59.039,76093,0.552,0.017,-0.151,0.000,0.000,waitingForTarget,noEvent
6382,12,52,rld,15:28:59.082,76094,0.595,0.017,-0.151,0.000,0.000,waitingForTarget,noEvent
6382,12,52,rld,15:28:59.148,76095,0.663,0.017,-0.151,0.000,0.000,waitingForTarget,noEvent
6382,12,52,rld,15:28:59.188,76096,0.701,0.017,-0.151,0.000,0.000,waitingForTarget,noEvent
6382,12,52,rld,15:28:59.225,76097,0.734,0.017,-0.151,0.000,0.000,waitingForTarget,noEvent
6382,12,52,rld,15:28:59.279,76098,0.793,0.017,-0.151,0.000,0.000,waitingForTarget,noEvent
6382,12,52,rld,15:28:59.344,76099,0.858,0.017,-0.151,0.000,0.000,waitingForTarget,noEvent
6382,12,52,rld,15:28:59.394,76100,0.905,0.017,-0.151,0.000,0.000,waitingForTarget,noEvent
6382,12,52,rld,15:28:59.439,76101,0.042,0.017,-0.151,0.000,0.000,activeTracking,targetAppeared
6382,12,52,rld,15:28:59.491,76102,0.097,0.017,-0.151,0.000,0.000,activeTracking,noEvent
6382,12,52,rld,15:28:59.544,76103,0.141,0.017,-0.151,0.000,0.000,activeTracking,noEvent
6382,12,52,rld,15:28:59.599,76104,0.209,0.017,-0.151,0.000,0.000,activeTracking,noEvent
6382,12,52,rld,15:28:59.645,76105,0.256,0.017,-0.151,0.000,0.000,activeTracking,noEvent
6382,12,52,rld,15:28:59.687,76106,0.293,0.017,-0.151,0.000,0.000,activeTracking,noEvent
6382,12,52,rld,15:28:59.748,76107,0.343,0.017,-0.151,0.000,0.000,activeTracking,noEvent
6382,12,52,rld,15:28:59.813,76108,0.413,0.017,-0.151,0.000,0.000,activeTracking,failedClick
6382,12,53,rld,15:29:00.626,76123,0.479,0.017,-0.151,0.000,0.000,waitingForTarget,middleTargetClick
6382,12,53,rld,15:29:00.684,76124,0.541,0.017,-0.151,0.000,0.000,waitingForTarget,noEvent
6382,12,53,rld,15:29:00.739,76125,0.589,0.017,-0.151,0.000,0.000,waitingForTarget,noEvent
6382,12,53,rld,15:29:00.782,76126,0.638,0.017,-0.151,0.000,0.000,waitingForTarget,noEvent
6382,12,53,rld,15:29:00.856,76127,0.712,0.017,-0.151,0.000,0.000,waitingForTarget,noEvent
6382,12,53,rld,15:29:00.897,76128,0.757,0.017,-0.151,0.000,0.000,waitingForTarget,noEvent
6382,12,53,rld,15:29:00.938,76129,0.793,0.017,-0.151,0.000,0.000,waitingForTarget,noEvent
6382,12,53,rld,15:29:00.963,76130,0.826,0.017,-0.151,0.000,0.000,waitingForTarget,noEvent
6382,12,53,rld,15:29:01.036,76131,0.871,0.017,-0.151,0.000,0.000,waitingForTarget,noEvent
6382,12,53,rld,15:29:01.097,76132,0.953,0.017,-0.151,0.000,0.000,waitingForTarget,noEvent
6382,12,53,rld,15:29:01.154,76133,0.059,0.017,-0.151,0.000,0.000,activeTracking,targetAppeared
6382,12,53,rld,15:29:01.241,76134,0.138,0.017,-0.151,0.000,0.000,activeTracking,noEvent
6382,12,53,rld,15:29:01.268,76135,0.177,0.017,-0.151,0.000,0.000,activeTracking,noEvent
6382,12,53,rld,15:29:01.316,76136,0.224,0.017,-0.151,0.000,0.000,activeTracking,noEvent
6382,12,53,rld,15:29:01.399,76137,0.305,0.017,-0.151,0.000,0.000,activeTracking,failedClick
6382,12,54,rld,15:29:02.577,76158,0.372,0.017,-0.151,0.000,0.000,waitingForTarget,middleTargetClick
6382,12,54,rld,15:29:02.627,76159,0.431,0.017,-0.151,0.000,0.000,waitingForTarget,noEvent
6382,12,54,rld,15:29:02.660,76160,0.463,0.017,-0.151,0.000,0.000,waitingForTarget,noEvent
6382,12,54,rld,15:29:02.728,76161,0.516,0.017,-0.151,0.000,0.000,waitingForTarget,noEvent
6382,12,54,rld,15:29:02.854,76162,0.651,0.017,-0.151,0.000,0.000,waitingForTarget,noEvent
6382,12,54,rld,15:29:02.925,76163,0.722,0.017,-0.151,0.000,0.000,waitingForTarget,noEvent
6382,12,54,rld,15:29:02.973,76164,0.765,0.017,-0.151,0.000,0.000,waitingForTarget,noEvent
6382,12,54,rld,15:29:03.024,76165,0.822,0.017,-0.151,0.000,0.000,waitingForTarget,noEvent
6382,12,54,rld,15:29:03.082,76166,0.065,0.017,-0.151,0.000,0.000,activeTracking,targetAppeared
6382,12,54,rld,15:29:03.148,76167,0.130,0.017,-0.151,0.000,0.000,activeTracking,noEvent
6382,12,54,rld,15:29:03.207,76168,0.188,0.017,-0.151,0.000,0.000,activeTracking,noEvent
6382,12,54,rld,15:29:03.281,76169,0.249,0.017,-0.151,0.000,0.000,activeTracking,failedClick
6382,12,55,rld,15:29:04.032,76183,0.309,0.017,-0.151,0.000,0.000,waitingForTarget,middleTargetClick
6382,12,55,rld,15:29:04.094,76184,0.362,0.017,-0.151,0.000,0.000,waitingForTarget,noEvent
6382,12,55,rld,15:29:04.167,76185,0.422,0.017,-0.151,0.000,0.000,waitingForTarget,noEvent
6382,12,55,rld,15:29:04.226,76186,0.505,0.017,-0.151,0.000,0.000,waitingForTarget,noEvent
6382,12,55,rld,15:29:04.266,76187,0.546,0.017,-0.151,0.000,0.000,waitingForTarget,noEvent
6382,12,55,rld,15:29:04.306,76188,0.581,0.017,-0.151,0.000,0.000,waitingForTarget,noEvent
6382,12,55,rld,15:29:04.357,76189,0.630,0.017,-0.151,0.000,0.000,waitingForTarget,noEvent
6382,12,55,rld,15:29:04.427,76190,0.700,0.017,-0.151,0.000,0.000,waitingForTarget,noEvent
6382,12,55,rld,15:29:04.488,76191,0.765,0.017,-0.151,0.000,0.000,waitingForTarget,noEvent
6382,12,55,rld,15:29:04.540,76192,0.054,0.017,-0.151,0.000,0.000,activeTracking,targetAppeared
6382,12,55,rld,15:29:04.577,76193,0.084,0.017,-0.151,0.000,0.000,activeTracking,noEvent
6382,12,55,rld,15:29:04.599,76194,0.115,0.017,-0.151,0.000,0.000,activeTracking,noEvent
6382,12,55,rld,15:29:04.693,76195,0.196,0.017,-0.151,0.000,0.000,activeTracking,noEvent
6382,12,55,rld,15:29:04.755,76196,0.263,0.017,-0.151,0.000,0.000,activeTracking,failedClick
6382,12,56,rld,15:29:06.140,76218,0.319,0.017,-0.151,0.000,0.000,waitingForTarget,middleTargetClick
6382,12,56,rld,15:29:06.194,76219,0.384,0.017,-0.151,0.000,0.000,waitingForTarget,noEvent
6382,12,56,rld,15:29:06.259,76220,0.454,0.017,-0.151,0.000,0.000,waitingForTarget,noEvent
6382,12,56,rld,15:29:06.309,76221,0.504,0.017,-0.151,0.000,0.000,waitingForTarget,noEvent
6382,12,56,rld,15:29:06.369,76222,0.556,0.017,-0.151,0.000,0.000,waitingForTarget,noEvent
6382,12,56,rld,15:29:06.430,76223,0.623,0.017,-0.151,0.000,0.000,waitingForTarget,noEvent
6382,12,56,rld,15:29:06.589,76224,0.778,0.017,-0.151,0.000,0.000,waitingForTarget,noEvent
6382,12,56,rld,15:29:06.642,76225,0.052,0.017,-0.151,0.000,0.000,activeTracking,targetAppeared
6382,12,56,rld,15:29:06.689,76226,0.099,0.017,-0.151,0.000,0.000,activeTracking,noEvent
6382,12,56,rld,15:29:06.736,76227,0.138,0.017,-0.151,0.000,0.000,activeTracking,noEvent
6382,12,56,rld,15:29:06.832,76228,0.236,0.017,-0.151,0.000,0.000,activeTracking,failedClick
6382,12,57,rld,15:29:08.156,76253,0.305,0.017,-0.151,0.000,0.000,waitingForTarget,middleTargetClick
6382,12,57,rld,15:29:08.232,76254,0.386,0.017,-0.151,0.000,0.000,waitingForTarget,noEvent
6382,12,57,rld,15:29:08.276,76255,0.433,0.017,-0.151,0.000,0.000,waitingForTarget,noEvent
6382,12,57,rld,15:29:08.318,76256,0.472,0.017,-0.151,0.000,0.000,waitingForTarget,noEvent
6382,12,57,rld,15:29:08.363,76257,0.517,0.017,-0.151,0.000,0.000,waitingForTarget,noEvent
6382,12,57,rld,15:29:08.405,76258,0.554,0.017,-0.151,0.000,0.000,waitingForTarget,noEvent
6382,12,57,rld,15:29:08.488,76259,0.628,0.017,-0.151,0.000,0.000,waitingForTarget,noEvent
6382,12,57,rld,15:29:08.537,76260,0.683,0.017,-0.151,0.000,0.000,waitingForTarget,noEvent
6382,12,57,rld,15:29:08.588,76261,0.739,0.017,-0.151,0.000,0.000,waitingForTarget,noEvent
6382,12,57,rld,15:29:08.637,76262,0.048,0.017,-0.151,0.000,0.000,activeTracking,targetAppeared
6382,12,57,rld,15:29:08.678,76263,0.095,0.017,-0.151,0.000,0.000,activeTracking,noEvent
6382,12,57,rld,15:29:08.718,76264,0.126,0.017,-0.151,0.000,0.000,activeTracking,noEvent
6382,12,57,rld,15:29:08.778,76265,0.177,0.017,-0.151,0.000,0.000,activeTracking,noEvent
6382,12,57,rld,15:29:08.842,76266,0.250,0.017,-0.151,0.000,0.000,activeTracking,failedClick
6382,12,58,rld,15:29:10.195,76287,0.520,0.017,-0.151,0.000,0.000,waitingForTarget,middleTargetClick
6382,12,58,rld,15:29:10.241,76288,0.581,0.017,-0.151,0.000,0.000,waitingForTarget,noEvent
6382,12,58,rld,15:29:10.305,76289,0.641,0.017,-0.151,0.000,0.000,waitingForTarget,noEvent
6382,12,58,rld,15:29:10.347,76290,0.688,0.017,-0.151,0.000,0.000,waitingForTarget,noEvent
6382,12,58,rld,15:29:10.398,76291,0.732,0.017,-0.151,0.000,0.000,waitingForTarget,noEvent
6382,12,58,rld,15:29:10.461,76292,0.801,0.017,-0.151,0.000,0.000,waitingForTarget,noEvent
6382,12,58,rld,15:29:10.507,76293,0.838,0.017,-0.151,0.000,0.000,waitingForTarget,noEvent
6382,12,58,rld,15:29:10.561,76294,0.899,0.017,-0.151,0.000,0.000,waitingForTarget,noEvent
6382,12,58,rld,15:29:10.608,76295,0.941,0.017,-0.151,0.000,0.000,waitingForTarget,noEvent
6382,12,58,rld,15:29:10.648,76296,0.040,0.017,-0.151,0.000,0.000,activeTracking,targetAppeared
6382,12,58,rld,15:29:10.707,76297,0.090,0.017,-0.151,0.000,0.000,activeTracking,noEvent
6382,12,58,rld,15:29:10.756,76298,0.147,0.017,-0.151,0.000,0.000,activeTracking,failedClick
6382,12,59,rld,15:29:11.515,76312,0.212,0.017,-0.151,0.000,0.000,waitingForTarget,middleTargetClick
6382,12,59,rld,15:29:11.568,76313,0.260,0.017,-0.151,0.000,0.000,waitingForTarget,noEvent
6382,12,59,rld,15:29:11.609,76314,0.302,0.017,-0.151,0.000,0.000,waitingForTarget,noEvent
6382,12,59,rld,15:29:11.642,76315,0.339,0.017,-0.151,0.000,0.000,waitingForTarget,noEvent
6382,12,59,rld,15:29:11.723,76316,0.415,0.017,-0.151,0.000,0.000,waitingForTarget,noEvent
6382,12,59,rld,15:29:11.779,76317,0.474,0.017,-0.151,0.000,0.000,waitingForTarget,noEvent
6382,12,59,rld,15:29:11.843,76318,0.531,0.017,-0.151,0.000,0.000,waitingForTarget,noEvent
6382,12,59,rld,15:29:11.886,76319,0.578,0.017,-0.151,0.000,0.000,waitingForTarget,noEvent
6382,12,59,rld,15:29:11.926,76320,0.616,0.017,-0.151,0.000,0.000,waitingForTarget,noEvent
6382,12,59,rld,15:29:11.966,76321,0.045,0.017,-0.151,0.000,0.000,activeTracking,targetAppeared
6382,12,59,rld,15:29:12.028,76322,0.111,0.017,-0.151,0.000,0.000,activeTracking,failedClick
6382,12,60,rld,15:29:13.146,76343,0.189,0.017,-0.151,0.000,0.000,waitingForTarget,middleTargetClick
6382,12,60,rld,15:29:13.205,76344,0.250,0.017,-0.151,0.000,0.000,waitingForTarget,noEvent
6382,12,60,rld,15:29:13.257,76345,0.301,0.017,-0.151,0.000,0.000,waitingForTarget,noEvent
6382,12,60,rld,15:29:13.296,76346,0.343,0.017,-0.151,0.000,0.000,waitingForTarget,noEvent
6382,12,60,rld,15:29:13.337,76347,0.382,0.017,-0.151,0.000,0.000,waitingForTarget,noEvent
6382,12,60,rld,15:29:13.364,76348,0.416,0.017,-0.151,0.000,0.000,waitingForTarget,noEvent
6382,12,60,rld,15:29:13.451,76349,0.497,0.017,-0.151,0.000,0.000,waitingForTarget,noEvent
6382,12,60,rld,15:29:13.508,76350,0.558,0.017,-0.151,0.000,0.000,waitingForTarget,noEvent
6382,12,60,rld,15:29:13.548,76351,0.599,0.017,-0.151,0.000,0.000,waitingForTarget,noEvent
6382,12,60,rld,15:29:13.597,76352,0.050,0.017,-0.151,0.000,0.000,activeTracking,targetAppeared
6382,12,60,rld,15:29:13.629,76353,0.083,0.017,-0.151,0.000,0.000,activeTracking,noEvent
6382,12,60,rld,15:29:13.688,76354,0.134,0.017,-0.151,0.000,0.000,activeTracking,noEvent
6382,12,60,rld,15:29:13.741,76355,0.192,0.017,-0.151,0.000,0.000,activeTracking,noEvent
6382,12,60,rld,15:29:13.819,76356,0.249,0.017,-0.151,0.000,0.000,activeTracking,failedClick;
6382,13,1,rld,15:29:49.928,77117,0.302,0.017,-0.151,0.000,0.000,waitingForTarget,middleTargetClick
6382,13,1,rld,15:29:49.966,77118,0.345,0.017,-0.151,0.000,0.000,waitingForTarget,noEvent
6382,13,1,rld,15:29:50.008,77119,0.387,0.017,-0.151,0.000,0.000,waitingForTarget,noEvent
6382,13,1,rld,15:29:50.046,77120,0.427,0.017,-0.151,0.000,0.000,waitingForTarget,noEvent
6382,13,1,rld,15:29:50.092,77121,0.474,0.017,-0.151,0.000,0.000,waitingForTarget,noEvent
6382,13,1,rld,15:29:50.142,77122,0.521,0.017,-0.151,0.000,0.000,waitingForTarget,noEvent
6382,13,1,rld,15:29:50.186,77123,0.562,0.017,-0.151,0.000,0.000,waitingForTarget,noEvent
6382,13,1,rld,15:29:50.226,77124,0.607,0.017,-0.151,0.000,0.000,waitingForTarget,noEvent
6382,13,1,rld,15:29:50.278,77125,0.657,0.017,-0.151,0.000,0.000,waitingForTarget,noEvent
6382,13,1,rld,15:29:50.339,77126,0.718,0.017,-0.151,0.000,0.000,waitingForTarget,noEvent
6382,13,1,rld,15:29:50.372,77127,0.034,0.017,-0.151,0.000,0.000,activeTracking,targetAppeared
6382,13,1,rld,15:29:50.407,77128,0.070,0.017,-0.151,0.000,0.000,activeTracking,noEvent
6382,13,1,rld,15:29:50.454,77129,0.112,0.017,-0.151,0.000,0.000,activeTracking,noEvent
6382,13,1,rld,15:29:50.506,77130,0.169,0.017,-0.151,0.000,0.000,activeTracking,noEvent
6382,13,1,rld,15:29:50.579,77131,0.233,0.017,-0.151,0.000,0.000,activeTracking,failedClick
6382,13,2,rld,15:29:51.922,77156,0.312,0.017,-0.151,0.000,0.000,waitingForTarget,middleTargetClick
6382,13,2,rld,15:29:51.957,77157,0.358,0.017,-0.151,0.000,0.000,waitingForTarget,noEvent
6382,13,2,rld,15:29:52.009,77158,0.401,0.017,-0.151,0.000,0.000,waitingForTarget,noEvent
6382,13,2,rld,15:29:52.050,77159,0.451,0.017,-0.151,0.000,0.000,waitingForTarget,noEvent
6382,13,2,rld,15:29:52.110,77160,0.512,0.017,-0.151,0.000,0.000,waitingForTarget,noEvent
6382,13,2,rld,15:29:52.168,77161,0.561,0.017,-0.151,0.000,0.000,waitingForTarget,noEvent
6382,13,2,rld,15:29:52.234,77162,0.632,0.017,-0.151,0.000,0.000,waitingForTarget,noEvent
6382,13,2,rld,15:29:52.285,77163,0.682,0.017,-0.151,0.000,0.000,waitingForTarget,noEvent
6382,13,2,rld,15:29:52.339,77164,0.731,0.017,-0.151,0.000,0.000,waitingForTarget,noEvent
6382,13,2,rld,15:29:52.391,77165,0.054,0.017,-0.151,0.000,0.000,activeTracking,targetAppeared
6382,13,2,rld,15:29:52.445,77166,0.116,0.017,-0.151,0.000,0.000,activeTracking,noEvent
6382,13,2,rld,15:29:52.498,77167,0.168,0.017,-0.151,0.000,0.000,activeTracking,noEvent
6382,13,2,rld,15:29:52.561,77168,0.229,0.017,-0.151,0.000,0.000,activeTracking,failedClick
6382,13,3,rld,15:29:53.239,77180,0.293,0.017,-0.151,0.000,0.000,waitingForTarget,middleTargetClick
6382,13,3,rld,15:29:53.300,77181,0.349,0.017,-0.151,0.000,0.000,waitingForTarget,noEvent
6382,13,3,rld,15:29:53.369,77182,0.418,0.017,-0.151,0.000,0.000,waitingForTarget,noEvent
6382,13,3,rld,15:29:53.420,77183,0.477,0.017,-0.151,0.000,0.000,waitingForTarget,noEvent
6382,13,3,rld,15:29:53.468,77184,0.521,0.017,-0.151,0.000,0.000,waitingForTarget,noEvent
6382,13,3,rld,15:29:53.546,77185,0.593,0.017,-0.151,0.000,0.000,waitingForTarget,noEvent
6382,13,3,rld,15:29:53.621,77186,0.647,0.017,-0.151,0.000,0.000,waitingForTarget,noEvent
6382,13,3,rld,15:29:53.675,77187,0.717,0.017,-0.151,0.000,0.000,waitingForTarget,noEvent
6382,13,3,rld,15:29:53.744,77188,0.069,0.017,-0.151,0.000,0.000,activeTracking,targetAppeared
6382,13,3,rld,15:29:53.824,77189,0.162,0.017,-0.151,0.000,0.000,activeTracking,noEvent
6382,13,3,rld,15:29:53.875,77190,0.208,0.017,-0.151,0.000,0.000,activeTracking,failedClick
6382,13,4,rld,15:29:55.154,77213,0.280,0.017,-0.151,0.000,0.000,waitingForTarget,middleTargetClick
6382,13,4,rld,15:29:55.237,77214,0.365,0.017,-0.151,0.000,0.000,waitingForTarget,noEvent
6382,13,4,rld,15:29:55.312,77215,0.428,0.017,-0.151,0.000,0.000,waitingForTarget,noEvent
6382,13,4,rld,15:29:55.376,77216,0.507,0.017,-0.151,0.000,0.000,waitingForTarget,noEvent
6382,13,4,rld,15:29:55.450,77217,0.568,0.017,-0.151,0.000,0.000,waitingForTarget,noEvent
6382,13,4,rld,15:29:55.505,77218,0.638,0.017,-0.151,0.000,0.000,waitingForTarget,noEvent
6382,13,4,rld,15:29:55.549,77219,0.683,0.017,-0.151,0.000,0.000,waitingForTarget,noEvent
6382,13,4,rld,15:29:55.596,77220,0.042,0.017,-0.151,0.000,0.000,activeTracking,targetAppeared
6382,13,4,rld,15:29:55.676,77221,0.125,0.017,-0.151,0.000,0.000,activeTracking,noEvent
6382,13,4,rld,15:29:55.740,77222,0.192,0.017,-0.151,0.000,0.000,activeTracking,noEvent
6382,13,4,rld,15:29:55.808,77223,0.254,0.017,-0.151,0.000,0.000,activeTracking,failedClick
6382,13,5,rld,15:29:56.441,77234,0.315,0.017,-0.151,0.000,0.000,waitingForTarget,middleTargetClick
6382,13,5,rld,15:29:56.499,77235,0.379,0.017,-0.151,0.000,0.000,waitingForTarget,noEvent
6382,13,5,rld,15:29:56.544,77236,0.426,0.017,-0.151,0.000,0.000,waitingForTarget,noEvent
6382,13,5,rld,15:29:56.612,77237,0.493,0.017,-0.151,0.000,0.000,waitingForTarget,noEvent
6382,13,5,rld,15:29:56.668,77238,0.548,0.017,-0.151,0.000,0.000,waitingForTarget,noEvent
6382,13,5,rld,15:29:56.719,77239,0.594,0.017,-0.151,0.000,0.000,waitingForTarget,noEvent
6382,13,5,rld,15:29:56.775,77240,0.656,0.017,-0.151,0.000,0.000,waitingForTarget,noEvent
6382,13,5,rld,15:29:56.829,77241,0.714,0.017,-0.151,0.000,0.000,waitingForTarget,noEvent
6382,13,5,rld,15:29:56.867,77242,0.747,0.017,-0.151,0.000,0.000,waitingForTarget,noEvent
6382,13,5,rld,15:29:56.955,77243,0.067,0.017,-0.151,0.000,0.000,activeTracking,targetAppeared
6382,13,5,rld,15:29:57.016,77244,0.148,0.017,-0.151,0.000,0.000,activeTracking,noEvent
6382,13,5,rld,15:29:57.078,77245,0.201,0.017,-0.151,0.000,0.000,activeTracking,failedClick
6382,13,6,rld,15:29:57.760,77256,0.274,0.017,-0.151,0.000,0.000,waitingForTarget,middleTargetClick
6382,13,6,rld,15:29:57.835,77257,0.350,0.017,-0.151,0.000,0.000,waitingForTarget,noEvent
6382,13,6,rld,15:29:57.889,77258,0.400,0.017,-0.151,0.000,0.000,waitingForTarget,noEvent
6382,13,6,rld,15:29:57.944,77259,0.460,0.017,-0.151,0.000,0.000,waitingForTarget,noEvent
6382,13,6,rld,15:29:57.994,77260,0.515,0.017,-0.151,0.000,0.000,waitingForTarget,noEvent
6382,13,6,rld,15:29:58.054,77261,0.565,0.017,-0.151,0.000,0.000,waitingForTarget,noEvent
6382,13,6,rld,15:29:58.124,77262,0.643,0.017,-0.151,0.000,0.000,waitingForTarget,noEvent
6382,13,6,rld,15:29:58.199,77263,0.713,0.017,-0.151,0.000,0.000,waitingForTarget,noEvent
6382,13,6,rld,15:29:58.268,77264,0.071,0.017,-0.151,0.000,0.000,activeTracking,targetAppeared
6382,13,6,rld,15:29:58.324,77265,0.132,0.017,-0.151,0.000,0.000,activeTracking,noEvent
6382,13,6,rld,15:29:58.368,77266,0.173,0.017,-0.151,0.000,0.000,activeTracking,noEvent
6382,13,6,rld,15:29:58.456,77267,0.261,0.017,-0.151,0.000,0.000,activeTracking,failedClick
6382,13,7,rld,15:29:59.172,77279,0.320,0.017,-0.151,0.000,0.000,waitingForTarget,middleTargetClick
6382,13,7,rld,15:29:59.223,77280,0.375,0.017,-0.151,0.000,0.000,waitingForTarget,noEvent
6382,13,7,rld,15:29:59.265,77281,0.412,0.017,-0.151,0.000,0.000,waitingForTarget,noEvent
6382,13,7,rld,15:29:59.321,77282,0.462,0.017,-0.151,0.000,0.000,waitingForTarget,noEvent
6382,13,7,rld,15:29:59.377,77283,0.527,0.017,-0.151,0.000,0.000,waitingForTarget,noEvent
6382,13,7,rld,15:29:59.428,77284,0.575,0.017,-0.151,0.000,0.000,waitingForTarget,noEvent
6382,13,7,rld,15:29:59.475,77285,0.624,0.017,-0.151,0.000,0.000,waitingForTarget,noEvent
6382,13,7,rld,15:29:59.538,77286,0.681,0.017,-0.151,0.000,0.000,waitingForTarget,noEvent
6382,13,7,rld,15:29:59.592,77287,0.737,0.017,-0.151,0.000,0.000,waitingForTarget,noEvent
6382,13,7,rld,15:29:59.649,77288,0.055,0.017,-0.151,0.000,0.000,activeTracking,targetAppeared
6382,13,7,rld,15:29:59.717,77289,0.128,0.017,-0.151,0.000,0.000,activeTracking,noEvent
6382,13,7,rld,15:29:59.763,77290,0.176,0.017,-0.151,0.000,0.000,activeTracking,noEvent
6382,13,7,rld,15:29:59.834,77291,0.234,0.017,-0.151,0.000,0.000,activeTracking,noEvent
6382,13,7,rld,15:29:59.904,77292,0.310,0.017,-0.151,0.000,0.000,activeTracking,failedClick
6382,13,8,rld,15:30:01.119,77313,0.389,0.017,-0.151,0.000,0.000,waitingForTarget,middleTargetClick
6382,13,8,rld,15:30:01.175,77314,0.451,0.017,-0.151,0.000,0.000,waitingForTarget,noEvent
6382,13,8,rld,15:30:01.221,77315,0.494,0.017,-0.151,0.000,0.000,waitingForTarget,noEvent
6382,13,8,rld,15:30:01.267,77316,0.547,0.017,-0.151,0.000,0.000,waitingForTarget,noEvent
6382,13,8,rld,15:30:01.324,77317,0.603,0.017,-0.151,0.000,0.000,waitingForTarget,noEvent
6382,13,8,rld,15:30:01.378,77318,0.654,0.017,-0.151,0.000,0.000,waitingForTarget,noEvent
6382,13,8,rld,15:30:01.438,77319,0.709,0.017,-0.151,0.000,0.000,waitingForTarget,noEvent
6382,13,8,rld,15:30:01.495,77320,0.772,0.017,-0.151,0.000,0.000,waitingForTarget,noEvent
6382,13,8,rld,15:30:01.561,77321,0.820,0.017,-0.151,0.000,0.000,waitingForTarget,noEvent
6382,13,8,rld,15:30:01.617,77322,0.072,0.017,-0.151,0.000,0.000,activeTracking,targetAppeared
6382,13,8,rld,15:30:01.669,77323,0.128,0.017,-0.151,0.000,0.000,activeTracking,noEvent
6382,13,8,rld,15:30:01.716,77324,0.171,0.017,-0.151,0.000,0.000,activeTracking,noEvent
6382,13,8,rld,15:30:01.752,77325,0.212,0.017,-0.151,0.000,0.000,activeTracking,noEvent
6382,13,8,rld,15:30:01.810,77326,0.271,0.017,-0.151,0.000,0.000,activeTracking,noEvent
6382,13,8,rld,15:30:01.881,77327,0.329,0.017,-0.151,0.000,0.000,activeTracking,failedClick
6382,13,9,rld,15:30:03.020,77346,0.394,0.017,-0.151,0.000,0.000,waitingForTarget,middleTargetClick
6382,13,9,rld,15:30:03.078,77347,0.454,0.017,-0.151,0.000,0.000,waitingForTarget,noEvent
6382,13,9,rld,15:30:03.139,77348,0.511,0.017,-0.151,0.000,0.000,waitingForTarget,noEvent
6382,13,9,rld,15:30:03.211,77349,0.591,0.017,-0.151,0.000,0.000,waitingForTarget,noEvent
6382,13,9,rld,15:30:03.262,77350,0.639,0.017,-0.151,0.000,0.000,waitingForTarget,noEvent
6382,13,9,rld,15:30:03.307,77351,0.684,0.017,-0.151,0.000,0.000,waitingForTarget,noEvent
6382,13,9,rld,15:30:03.369,77352,0.741,0.017,-0.151,0.000,0.000,waitingForTarget,noEvent
6382,13,9,rld,15:30:03.435,77353,0.808,0.017,-0.151,0.000,0.000,waitingForTarget,noEvent
6382,13,9,rld,15:30:03.488,77354,0.062,0.017,-0.151,0.000,0.000,activeTracking,targetAppeared
6382,13,9,rld,15:30:03.545,77355,0.116,0.017,-0.151,0.000,0.000,activeTracking,noEvent
6382,13,9,rld,15:30:03.595,77356,0.164,0.017,-0.151,0.000,0.000,activeTracking,noEvent
6382,13,9,rld,15:30:03.638,77357,0.205,0.017,-0.151,0.000,0.000,activeTracking,noEvent
6382,13,9,rld,15:30:03.696,77358,0.268,0.017,-0.151,0.000,0.000,activeTracking,failedClick
6382,13,10,rld,15:30:04.422,77371,0.339,0.017,-0.151,0.000,0.000,waitingForTarget,middleTargetClick
6382,13,10,rld,15:30:04.475,77372,0.396,0.017,-0.151,0.000,0.000,waitingForTarget,noEvent
6382,13,10,rld,15:30:04.518,77373,0.432,0.017,-0.151,0.000,0.000,waitingForTarget,noEvent
6382,13,10,rld,15:30:04.550,77374,0.473,0.017,-0.151,0.000,0.000,waitingForTarget,noEvent
6382,13,10,rld,15:30:04.629,77375,0.549,0.017,-0.151,0.000,0.000,waitingForTarget,noEvent
6382,13,10,rld,15:30:04.693,77376,0.615,0.017,-0.151,0.000,0.000,waitingForTarget,noEvent
6382,13,10,rld,15:30:04.749,77377,0.670,0.017,-0.151,0.000,0.000,waitingForTarget,noEvent
6382,13,10,rld,15:30:04.812,77378,0.734,0.017,-0.151,0.000,0.000,waitingForTarget,noEvent
6382,13,10,rld,15:30:04.869,77379,0.784,0.017,-0.151,0.000,0.000,waitingForTarget,noEvent
6382,13,10,rld,15:30:04.929,77380,0.062,0.017,-0.151,0.000,0.000,activeTracking,targetAppeared
6382,13,10,rld,15:30:04.986,77381,0.122,0.017,-0.151,0.000,0.000,activeTracking,noEvent
6382,13,10,rld,15:30:05.039,77382,0.177,0.017,-0.151,0.000,0.000,activeTracking,noEvent
6382,13,10,rld,15:30:05.085,77383,0.221,0.017,-0.151,0.000,0.000,activeTracking,noEvent
6382,13,10,rld,15:30:05.160,77384,0.295,0.017,-0.151,0.000,0.000,activeTracking,failedClick
6382,13,11,rld,15:30:05.940,77397,0.346,0.017,-0.151,0.000,0.000,waitingForTarget,middleTargetClick
6382,13,11,rld,15:30:05.994,77398,0.404,0.017,-0.151,0.000,0.000,waitingForTarget,noEvent
6382,13,11,rld,15:30:06.048,77399,0.458,0.017,-0.151,0.000,0.000,waitingForTarget,noEvent
6382,13,11,rld,15:30:06.091,77400,0.502,0.017,-0.151,0.000,0.000,waitingForTarget,noEvent
6382,13,11,rld,15:30:06.158,77401,0.572,0.017,-0.151,0.000,0.000,waitingForTarget,noEvent
6382,13,11,rld,15:30:06.217,77402,0.629,0.017,-0.151,0.000,0.000,waitingForTarget,noEvent
6382,13,11,rld,15:30:06.262,77403,0.677,0.017,-0.151,0.000,0.000,waitingForTarget,noEvent
6382,13,11,rld,15:30:06.327,77404,0.735,0.017,-0.151,0.000,0.000,waitingForTarget,noEvent
6382,13,11,rld,15:30:06.382,77405,0.794,0.017,-0.151,0.000,0.000,waitingForTarget,noEvent
6382,13,11,rld,15:30:06.431,77406,0.049,0.017,-0.151,0.000,0.000,activeTracking,targetAppeared
6382,13,11,rld,15:30:06.486,77407,0.096,0.017,-0.151,0.000,0.000,activeTracking,noEvent
6382,13,11,rld,15:30:06.541,77408,0.162,0.017,-0.151,0.000,0.000,activeTracking,noEvent
6382,13,11,rld,15:30:06.593,77409,0.213,0.017,-0.151,0.000,0.000,activeTracking,noEvent
6382,13,11,rld,15:30:06.642,77410,0.254,0.017,-0.151,0.000,0.000,activeTracking,noEvent
6382,13,11,rld,15:30:06.688,77411,0.302,0.017,-0.151,0.000,0.000,activeTracking,noEvent
6382,13,11,rld,15:30:06.749,77412,0.363,0.017,-0.151,0.000,0.000,activeTracking,failedClick
6382,13,12,rld,15:30:08.029,77436,0.454,0.017,-0.151,0.000,0.000,waitingForTarget,middleTargetClick
6382,13,12,rld,15:30:08.094,77437,0.522,0.017,-0.151,0.000,0.000,waitingForTarget,noEvent
6382,13,12,rld,15:30:08.140,77438,0.567,0.017,-0.151,0.000,0.000,waitingForTarget,noEvent
6382,13,12,rld,15:30:08.220,77439,0.643,0.017,-0.151,0.000,0.000,waitingForTarget,noEvent
6382,13,12,rld,15:30:08.275,77440,0.708,0.017,-0.151,0.000,0.000,waitingForTarget,noEvent
6382,13,12,rld,15:30:08.336,77441,0.760,0.017,-0.151,0.000,0.000,waitingForTarget,noEvent
6382,13,12,rld,15:30:08.397,77442,0.821,0.017,-0.151,0.000,0.000,waitingForTarget,noEvent
6382,13,12,rld,15:30:08.444,77443,0.867,0.017,-0.151,0.000,0.000,waitingForTarget,noEvent
6382,13,12,rld,15:30:08.507,77444,0.065,0.017,-0.151,0.000,0.000,activeTracking,targetAppeared
6382,13,12,rld,15:30:08.570,77445,0.136,0.017,-0.151,0.000,0.000,activeTracking,noEvent
6382,13,12,rld,15:30:08.625,77446,0.189,0.017,-0.151,0.000,0.000,activeTracking,noEvent
6382,13,12,rld,15:30:08.672,77447,0.241,0.017,-0.151,0.000,0.000,activeTracking,noEvent
6382,13,12,rld,15:30:08.725,77448,0.291,0.017,-0.151,0.000,0.000,activeTracking,noEvent
6382,13,12,rld,15:30:08.794,77449,0.347,0.017,-0.151,0.000,0.000,activeTracking,failedClick
6382,13,13,rld,15:30:10.193,77472,0.424,0.017,-0.151,0.000,0.000,waitingForTarget,middleTargetClick
6382,13,13,rld,15:30:10.259,77473,0.493,0.017,-0.151,0.000,0.000,waitingForTarget,noEvent
6382,13,13,rld,15:30:10.326,77474,0.558,0.017,-0.151,0.000,0.000,waitingForTarget,noEvent
6382,13,13,rld,15:30:10.405,77475,0.624,0.017,-0.151,0.000,0.000,waitingForTarget,noEvent
6382,13,13,rld,15:30:10.468,77476,0.691,0.017,-0.151,0.000,0.000,waitingForTarget,noEvent
6382,13,13,rld,15:30:10.622,77477,0.844,0.017,-0.151,0.000,0.000,waitingForTarget,noEvent
6382,13,13,rld,15:30:10.683,77478,0.072,0.017,-0.151,0.000,0.000,activeTracking,targetAppeared
6382,13,13,rld,15:30:10.990,77479,0.372,0.017,-0.151,0.000,0.000,activeTracking,failedClick
6382,13,14,rld,15:30:12.116,77498,0.443,0.017,-0.151,0.000,0.000,waitingForTarget,middleTargetClick
6382,13,14,rld,15:30:12.182,77499,0.510,0.017,-0.151,0.000,0.000,waitingForTarget,noEvent
6382,13,14,rld,15:30:12.234,77500,0.546,0.017,-0.151,0.000,0.000,waitingForTarget,noEvent
6382,13,14,rld,15:30:12.307,77501,0.638,0.017,-0.151,0.000,0.000,waitingForTarget,noEvent
6382,13,14,rld,15:30:12.358,77502,0.687,0.017,-0.151,0.000,0.000,waitingForTarget,noEvent
6382,13,14,rld,15:30:12.406,77503,0.730,0.017,-0.151,0.000,0.000,waitingForTarget,noEvent
6382,13,14,rld,15:30:12.468,77504,0.793,0.017,-0.151,0.000,0.000,waitingForTarget,noEvent
6382,13,14,rld,15:30:12.510,77505,0.835,0.017,-0.151,0.000,0.000,waitingForTarget,noEvent
6382,13,14,rld,15:30:12.565,77506,0.889,0.017,-0.151,0.000,0.000,waitingForTarget,noEvent
6382,13,14,rld,15:30:12.618,77507,0.063,0.017,-0.151,0.000,0.000,activeTracking,targetAppeared
6382,13,14,rld,15:30:12.673,77508,0.115,0.017,-0.151,0.000,0.000,activeTracking,noEvent
6382,13,14,rld,15:30:12.738,77509,0.174,0.017,-0.151,0.000,0.000,activeTracking,noEvent
6382,13,14,rld,15:30:12.784,77510,0.222,0.017,-0.151,0.000,0.000,activeTracking,noEvent
6382,13,14,rld,15:30:12.825,77511,0.266,0.017,-0.151,0.000,0.000,activeTracking,noEvent
6382,13,14,rld,15:30:12.865,77512,0.307,0.017,-0.151,0.000,0.000,activeTracking,noEvent
6382,13,14,rld,15:30:12.902,77513,0.341,0.017,-0.151,0.000,0.000,activeTracking,noEvent
6382,13,14,rld,15:30:12.939,77514,0.383,0.017,-0.151,0.000,0.000,activeTracking,noEvent
6382,13,14,rld,15:30:12.982,77515,0.425,0.017,-0.151,0.000,0.000,activeTracking,noEvent
6382,13,14,rld,15:30:13.020,77516,0.464,0.017,-0.151,0.000,0.000,activeTracking,noEvent
6382,13,14,rld,15:30:13.055,77517,0.499,0.017,-0.151,0.000,0.000,activeTracking,noEvent
6382,13,14,rld,15:30:13.093,77518,0.535,0.017,-0.151,0.000,0.000,activeTracking,noEvent
6382,13,14,rld,15:30:13.141,77519,0.583,0.017,-0.151,0.000,0.000,activeTracking,noEvent
6382,13,14,rld,15:30:13.185,77520,0.623,0.017,-0.151,0.000,0.000,activeTracking,noEvent
6382,13,14,rld,15:30:13.239,77521,0.685,0.017,-0.151,0.000,0.000,activeTracking,noEvent
6382,13,14,rld,15:30:13.267,77522,0.709,0.017,-0.151,0.000,0.000,activeTracking,noEvent
6382,13,14,rld,15:30:13.327,77523,0.773,0.017,-0.151,0.000,0.000,activeTracking,noEvent
6382,13,14,rld,15:30:13.374,77524,0.819,0.017,-0.151,0.000,0.000,activeTracking,noEvent
6382,13,14,rld,15:30:13.449,77525,0.887,0.017,-0.151,0.000,0.000,activeTracking,noEvent
6382,13,14,rld,15:30:13.506,77526,0.946,0.017,-0.151,0.000,0.000,activeTracking,noEvent
6382,13,14,rld,15:30:13.559,77527,1.004,0.017,-0.151,0.000,0.000,activeTracking,noEvent
6382,13,14,rld,15:30:13.677,77528,1.075,0.017,-0.117,0.000,0.300,activeTracking,noEvent
6382,13,14,rld,15:30:13.862,77529,1.286,0.219,0.334,1.800,3.900,activeTracking,noEvent
6382,13,14,rld,15:30:14.017,77530,1.424,0.456,0.722,1.500,2.100,activeTracking,noEvent
6382,13,14,rld,15:30:14.251,77531,1.663,1.045,1.607,4.500,6.500,activeTracking,noEvent
6382,13,14,rld,15:30:14.370,77532,1.766,1.380,2.188,1.200,2.300,activeTracking,noEvent
6382,13,14,rld,15:30:14.473,77533,1.896,1.539,2.523,0.400,1.100,activeTracking,noEvent
6382,13,14,rld,15:30:14.554,77534,1.989,1.580,2.685,-0.100,0.400,activeTracking,noEvent
6382,13,14,rld,15:30:14.616,77535,2.051,1.594,2.739,0.000,0.000,activeTracking,noEvent
6382,13,14,rld,15:30:14.778,77536,2.206,1.506,2.630,-0.800,-1.000,activeTracking,noEvent
6382,13,14,rld,15:30:14.978,77537,2.399,1.420,2.191,-0.500,-3.300,activeTracking,noEvent
6382,13,14,rld,15:30:15.187,77538,2.584,1.391,1.646,0.000,-3.400,activeTracking,noEvent
6382,13,14,rld,15:30:15.345,77539,2.776,1.416,1.108,0.300,-3.100,activeTracking,noEvent
6382,13,14,rld,15:30:15.520,77540,2.952,1.643,0.657,1.900,-2.400,activeTracking,noEvent
6382,13,14,rld,15:30:15.649,77541,3.079,1.988,0.292,2.300,-1.900,activeTracking,noEvent
6382,13,14,rld,15:30:15.761,77542,3.189,2.222,0.054,1.000,-1.000,activeTracking,noEvent
6382,13,14,rld,15:30:15.870,77543,3.307,2.395,-0.095,0.800,-0.600,onTarget,noEvent
6382,13,14,rld,15:30:15.906,77544,3.350,2.502,-0.145,0.400,0.000,onTarget,noEvent
6382,13,14,rld,15:30:15.938,77545,3.375,2.537,-0.161,0.000,0.000,onTarget,noEvent
6382,13,14,rld,15:30:15.989,77546,3.433,2.549,-0.167,0.000,0.000,onTarget,noEvent
6382,13,14,rld,15:30:16.035,77547,3.473,2.553,-0.169,0.000,0.000,onTarget,noEvent
6382,13,14,rld,15:30:16.077,77548,3.516,2.554,-0.170,0.000,0.000,onTarget,noEvent
6382,13,14,rld,15:30:16.126,77549,3.564,2.555,-0.170,0.000,0.000,onTarget,noEvent
6382,13,14,rld,15:30:16.168,77550,3.607,2.555,-0.170,0.000,0.000,onTarget,noEvent
6382,13,14,rld,15:30:16.228,77551,3.671,2.555,-0.170,0.000,0.000,onTarget,noEvent
6382,13,14,rld,15:30:16.242,77552,3.689,2.555,-0.170,0.000,0.000,onTarget,noEvent
6382,13,14,rld,15:30:16.311,77553,3.754,2.555,-0.170,0.000,0.000,onTarget,noEvent
6382,13,14,rld,15:30:16.378,77554,3.823,2.567,-0.170,0.100,0.000,onTarget,noEvent
6382,13,14,rld,15:30:16.462,77555,3.892,2.595,-0.182,0.200,-0.100,onTarget,noEvent
6382,13,14,rld,15:30:16.511,77556,3.949,2.605,-0.185,0.000,0.000,onTarget,noEvent
6382,13,14,rld,15:30:16.559,77557,3.992,2.608,-0.187,0.000,0.000,onTarget,noEvent
6382,13,15,rld,15:30:20.605,77621,0.024,-0.253,-0.032,0.000,0.000,activeTracking,targetAppeared
6382,13,15,rld,15:30:20.672,77622,0.134,-0.253,-0.032,0.000,0.000,activeTracking,noEvent
6382,13,15,rld,15:30:20.735,77623,0.190,-0.253,-0.032,0.000,0.000,activeTracking,noEvent
6382,13,15,rld,15:30:20.790,77624,0.242,-0.253,-0.032,0.000,0.000,activeTracking,noEvent
6382,13,15,rld,15:30:20.876,77625,0.329,-0.253,-0.032,0.000,0.000,activeTracking,noEvent
6382,13,15,rld,15:30:20.935,77626,0.393,-0.253,-0.032,0.000,0.000,activeTracking,noEvent
6382,13,15,rld,15:30:20.992,77627,0.451,-0.253,-0.032,0.000,0.000,activeTracking,noEvent
6382,13,15,rld,15:30:21.078,77628,0.505,-0.253,-0.032,0.000,0.000,activeTracking,noEvent
6382,13,15,rld,15:30:21.311,77629,0.763,0.546,-0.055,7.100,-0.200,activeTracking,noEvent
6382,13,15,rld,15:30:21.451,77630,0.886,1.018,-0.074,1.800,-0.100,activeTracking,noEvent
6382,13,15,rld,15:30:21.537,77631,0.985,1.268,-0.080,0.800,0.000,activeTracking,noEvent
6382,13,15,rld,15:30:21.643,77632,1.087,1.398,-0.093,0.400,-0.100,activeTracking,noEvent
6382,13,15,rld,15:30:21.745,77633,1.198,1.521,-0.121,0.700,-0.200,activeTracking,noEvent
6382,13,15,rld,15:30:21.806,77634,1.269,1.598,-0.130,0.300,0.000,activeTracking,noEvent
6382,13,15,rld,15:30:21.856,77635,1.314,1.623,-0.133,0.000,0.000,activeTracking,noEvent
6382,13,15,rld,15:30:21.927,77636,1.379,1.631,-0.134,0.000,0.000,activeTracking,noEvent
6382,13,15,rld,15:30:22.004,77637,1.452,1.634,-0.134,0.000,0.000,activeTracking,noEvent
6382,13,15,rld,15:30:22.151,77638,1.570,1.658,-0.134,0.200,0.000,activeTracking,noEvent
6382,13,15,rld,15:30:22.260,77639,1.705,1.806,-0.111,1.200,0.200,activeTracking,noEvent
6382,13,15,rld,15:30:22.374,77640,1.816,1.949,-0.081,0.800,0.200,activeTracking,noEvent
6382,13,15,rld,15:30:22.521,77641,1.967,2.114,-0.036,1.000,0.300,activeTracking,noEvent
6382,13,15,rld,15:30:22.641,77642,2.067,2.264,0.014,0.800,0.300,activeTracking,noEvent
6382,13,15,rld,15:30:22.777,77643,2.234,2.446,0.066,1.100,0.300,onTarget,noEvent
6382,13,15,rld,15:30:22.868,77644,2.321,2.555,0.083,0.400,0.000,onTarget,noEvent
6382,13,15,rld,15:30:22.940,77645,2.397,2.615,0.089,0.200,0.000,onTarget,noEvent
6382,13,15,rld,15:30:22.989,77646,2.448,2.635,0.091,0.000,0.000,onTarget,noEvent
6382,13,15,rld,15:30:23.069,77647,2.525,2.654,0.092,0.100,0.000,onTarget,noEvent
6382,13,15,rld,15:30:23.120,77648,2.574,2.660,0.092,0.000,0.000,onTarget,noEvent
6382,13,15,rld,15:30:23.173,77649,2.624,2.663,0.093,0.000,0.000,onTarget,noEvent
6382,13,15,rld,15:30:23.235,77650,2.687,2.663,0.093,0.000,0.000,onTarget,noEvent
6382,13,15,rld,15:30:23.302,77651,2.759,2.663,0.093,0.000,0.000,onTarget,noEvent
6382,13,15,rld,15:30:23.352,77652,2.809,2.664,0.093,0.000,0.000,onTarget,noEvent
6382,13,15,rld,15:30:23.434,77653,2.883,2.664,0.093,0.000,0.000,onTarget,targetClick
6382,13,16,rld,15:30:26.669,77695,2.976,0.257,0.147,0.100,-0.100,waitingForTarget,middleTargetClick
6382,13,16,rld,15:30:26.747,77696,3.056,0.266,0.140,0.000,0.000,waitingForTarget,noEvent
6382,13,16,rld,15:30:26.794,77697,3.103,0.269,0.138,0.000,0.000,waitingForTarget,noEvent
6382,13,16,rld,15:30:26.866,77698,3.176,0.270,0.137,0.000,0.000,waitingForTarget,noEvent
6382,13,16,rld,15:30:26.927,77699,3.239,0.270,0.137,0.000,0.000,waitingForTarget,noEvent
6382,13,16,rld,15:30:26.990,77700,3.304,0.270,0.136,0.000,0.000,waitingForTarget,noEvent
6382,13,16,rld,15:30:27.038,77701,3.351,0.270,0.136,0.000,0.000,waitingForTarget,noEvent
6382,13,16,rld,15:30:27.105,77702,3.394,0.270,0.136,0.000,0.000,waitingForTarget,noEvent
6382,13,16,rld,15:30:27.168,77703,0.080,0.270,0.136,0.000,0.000,activeTracking,targetAppeared
6382,13,16,rld,15:30:27.220,77704,0.131,0.270,0.136,0.000,0.000,activeTracking,noEvent
6382,13,16,rld,15:30:27.276,77705,0.186,0.270,0.136,0.000,0.000,activeTracking,noEvent
6382,13,16,rld,15:30:27.327,77706,0.248,0.270,0.136,0.000,0.000,activeTracking,noEvent
6382,13,16,rld,15:30:27.364,77707,0.284,0.270,0.136,0.000,0.000,activeTracking,noEvent
6382,13,16,rld,15:30:27.420,77708,0.327,0.270,0.136,0.000,0.000,activeTracking,noEvent
6382,13,16,rld,15:30:27.489,77709,0.407,0.270,0.136,0.000,0.000,activeTracking,noEvent
6382,13,16,rld,15:30:27.550,77710,0.462,0.270,0.136,0.000,0.000,activeTracking,noEvent
6382,13,16,rld,15:30:27.611,77711,0.522,0.270,0.136,0.000,0.000,activeTracking,noEvent
6382,13,16,rld,15:30:27.659,77712,0.575,0.270,0.136,0.000,0.000,activeTracking,noEvent
6382,13,16,rld,15:30:27.739,77713,0.644,0.281,0.136,0.100,0.000,activeTracking,noEvent
6382,13,16,rld,15:30:27.842,77714,0.713,0.308,0.136,0.200,0.000,activeTracking,noEvent
6382,13,16,rld,15:30:27.986,77715,0.867,-0.066,0.103,-3.400,-0.300,activeTracking,noEvent
6382,13,16,rld,15:30:28.143,77716,1.057,-0.574,0.092,-3.400,0.000,activeTracking,noEvent
6382,13,16,rld,15:30:28.222,77717,1.132,-0.834,0.100,-0.800,0.100,activeTracking,noEvent
6382,13,16,rld,15:30:28.285,77718,1.195,-0.922,0.102,0.000,0.000,activeTracking,noEvent
6382,13,16,rld,15:30:28.342,77719,1.262,-0.951,0.103,0.000,0.000,activeTracking,noEvent
6382,13,16,rld,15:30:28.400,77720,1.313,-0.960,0.103,0.000,0.000,activeTracking,noEvent
6382,13,16,rld,15:30:28.449,77721,1.370,-0.964,0.104,0.000,0.000,activeTracking,noEvent
6382,13,16,rld,15:30:28.525,77722,1.437,-0.965,0.104,0.000,0.000,activeTracking,noEvent
6382,13,16,rld,15:30:28.686,77723,1.582,-1.193,0.127,-2.000,0.200,activeTracking,noEvent
6382,13,16,rld,15:30:28.925,77724,1.812,-1.522,0.147,-2.200,0.100,activeTracking,noEvent
6382,13,16,rld,15:30:29.039,77725,1.926,-2.135,0.145,-4.300,-0.100,activeTracking,noEvent
6382,13,16,rld,15:30:29.172,77726,2.071,-2.522,0.145,-1.500,0.000,onTarget,noEvent
6382,13,16,rld,15:30:29.269,77727,2.171,-2.725,0.146,-0.600,0.000,onTarget,noEvent
6382,13,16,rld,15:30:29.367,77728,2.251,-2.891,0.147,-0.800,0.000,onTarget,noEvent
6382,13,16,rld,15:30:29.521,77729,2.376,-3.033,0.148,-0.700,0.000,onTarget,noEvent
6382,13,16,rld,15:30:29.596,77730,2.511,-3.143,0.149,-0.500,0.000,activeTracking,noEvent
6382,13,16,rld,15:30:29.652,77731,2.561,-3.180,0.149,0.000,0.000,activeTracking,noEvent
6382,13,16,rld,15:30:29.737,77732,2.631,-3.192,0.125,0.000,-0.200,activeTracking,noEvent
6382,13,16,rld,15:30:29.802,77733,2.710,-3.159,0.070,0.300,-0.400,activeTracking,noEvent
6382,13,16,rld,15:30:29.924,77734,2.839,-3.085,-0.008,0.500,-0.500,activeTracking,noEvent
6382,13,16,rld,15:30:30.048,77735,2.944,-3.024,-0.069,0.300,-0.300,onTarget,noEvent
6382,13,16,rld,15:30:30.155,77736,3.048,-2.905,-0.149,0.800,-0.500,onTarget,noEvent
6382,13,16,rld,15:30:30.227,77737,3.128,-2.829,-0.198,0.300,-0.200,onTarget,noEvent
6382,13,16,rld,15:30:30.294,77738,3.207,-2.779,-0.215,0.200,0.000,onTarget,noEvent
6382,13,16,rld,15:30:30.350,77739,3.264,-2.763,-0.220,0.000,0.000,onTarget,noEvent
6382,13,16,rld,15:30:30.402,77740,3.320,-2.757,-0.222,0.000,0.000,onTarget,noEvent
6382,13,16,rld,15:30:30.468,77741,3.380,-2.755,-0.223,0.000,0.000,onTarget,noEvent
6382,13,16,rld,15:30:30.518,77742,3.432,-2.755,-0.223,0.000,0.000,onTarget,noEvent
6382,13,16,rld,15:30:30.592,77743,3.498,-2.755,-0.223,0.000,0.000,onTarget,targetClick
6382,13,17,rld,15:30:33.921,77782,3.568,-0.287,-0.016,0.000,0.000,waitingForTarget,middleTargetClick
6382,13,17,rld,15:30:33.990,77783,3.637,-0.287,-0.016,0.000,0.000,waitingForTarget,noEvent
6382,13,17,rld,15:30:34.050,77784,3.705,-0.287,-0.016,0.000,0.000,waitingForTarget,noEvent
6382,13,17,rld,15:30:34.140,77785,3.804,-0.287,-0.016,0.000,0.000,waitingForTarget,noEvent
6382,13,17,rld,15:30:34.189,77786,3.852,-0.287,-0.016,0.000,0.000,waitingForTarget,noEvent
6382,13,17,rld,15:30:34.252,77787,3.907,-0.287,-0.016,0.000,0.000,waitingForTarget,noEvent
6382,13,17,rld,15:30:34.302,77788,3.957,-0.287,-0.016,0.000,0.000,waitingForTarget,noEvent
6382,13,17,rld,15:30:34.417,77790,0.063,-0.287,-0.016,0.000,0.000,activeTracking,targetAppeared
6382,13,17,rld,15:30:34.499,77791,0.146,-0.287,-0.016,0.000,0.000,activeTracking,noEvent
6382,13,17,rld,15:30:34.552,77792,0.199,-0.287,-0.016,0.000,0.000,activeTracking,noEvent
6382,13,17,rld,15:30:34.586,77793,0.236,-0.287,-0.016,0.000,0.000,activeTracking,noEvent
6382,13,17,rld,15:30:34.641,77794,0.296,-0.287,-0.016,0.000,0.000,activeTracking,noEvent
6382,13,17,rld,15:30:34.716,77795,0.366,-0.287,-0.016,0.000,0.000,activeTracking,noEvent
6382,13,17,rld,15:30:34.773,77796,0.418,-0.287,-0.016,0.000,0.000,activeTracking,noEvent
6382,13,17,rld,15:30:35.027,77797,0.617,-0.795,0.120,-4.500,1.200,activeTracking,noEvent
6382,13,17,rld,15:30:35.288,77798,0.866,-1.746,0.283,-6.800,1.000,activeTracking,noEvent
6382,13,17,rld,15:30:35.430,77799,1.048,-2.449,0.436,-3.200,0.800,activeTracking,noEvent
6382,13,17,rld,15:30:35.524,77800,1.169,-2.761,0.526,-0.600,0.300,activeTracking,noEvent
6382,13,17,rld,15:30:35.618,77801,1.262,-2.916,0.557,-0.400,0.000,activeTracking,noEvent
6382,13,17,rld,15:30:35.726,77802,1.357,-3.017,0.568,-0.400,0.000,activeTracking,noEvent
6382,13,17,rld,15:30:35.806,77803,1.440,-3.088,0.573,-0.300,0.000,activeTracking,noEvent
6382,13,17,rld,15:30:35.887,77804,1.531,-3.124,0.574,-0.100,0.000,activeTracking,noEvent
6382,13,17,rld,15:30:35.954,77805,1.597,-3.136,0.575,0.000,0.000,activeTracking,noEvent
6382,13,17,rld,15:30:36.148,77806,1.770,-3.078,0.455,0.500,-1.000,activeTracking,noEvent
6382,13,17,rld,15:30:36.285,77807,1.920,-2.874,0.237,1.500,-1.500,onTarget,noEvent
6382,13,17,rld,15:30:36.366,77808,2.000,-2.746,0.117,0.500,-0.400,onTarget,noEvent
6382,13,17,rld,15:30:36.458,77809,2.086,-2.667,0.019,0.300,-0.500,onTarget,noEvent
6382,13,17,rld,15:30:36.572,77810,2.219,-2.616,-0.072,0.200,-0.500,onTarget,noEvent
6382,13,17,rld,15:30:36.685,77811,2.331,-2.587,-0.137,0.100,-0.300,onTarget,noEvent
6382,13,17,rld,15:30:36.743,77812,2.397,-2.578,-0.171,0.000,-0.100,onTarget,noEvent
6382,13,17,rld,15:30:36.818,77813,2.451,-2.575,-0.182,0.000,0.000,onTarget,noEvent
6382,13,17,rld,15:30:36.865,77814,2.517,-2.573,-0.185,0.000,0.000,onTarget,noEvent
6382,13,17,rld,15:30:36.947,77815,2.585,-2.573,-0.187,0.000,0.000,onTarget,noEvent
6382,13,17,rld,15:30:37.050,77816,2.687,-2.573,-0.187,0.000,0.000,onTarget,targetClick
6382,13,18,rld,15:30:41.148,77857,2.765,-0.236,-0.032,0.000,0.000,waitingForTarget,middleTargetClick
6382,13,18,rld,15:30:41.210,77858,2.841,-0.236,-0.032,0.000,0.000,waitingForTarget,noEvent
6382,13,18,rld,15:30:41.265,77859,2.892,-0.236,-0.032,0.000,0.000,waitingForTarget,noEvent
6382,13,18,rld,15:30:41.321,77860,2.944,-0.236,-0.032,0.000,0.000,waitingForTarget,noEvent
6382,13,18,rld,15:30:41.371,77861,2.993,-0.236,-0.032,0.000,0.000,waitingForTarget,noEvent
6382,13,18,rld,15:30:41.444,77862,3.073,-0.236,-0.032,0.000,0.000,waitingForTarget,noEvent
6382,13,18,rld,15:30:41.519,77863,3.141,-0.236,-0.032,0.000,0.000,waitingForTarget,noEvent
6382,13,18,rld,15:30:41.572,77864,3.205,-0.236,-0.032,0.000,0.000,waitingForTarget,noEvent
6382,13,18,rld,15:30:41.630,77865,0.050,-0.236,-0.032,0.000,0.000,activeTracking,targetAppeared
6382,13,18,rld,15:30:41.690,77866,0.116,-0.236,-0.032,0.000,0.000,activeTracking,noEvent
6382,13,18,rld,15:30:41.748,77867,0.170,-0.236,-0.032,0.000,0.000,activeTracking,noEvent
6382,13,18,rld,15:30:41.820,77868,0.227,-0.236,-0.032,0.000,0.000,activeTracking,noEvent
6382,13,18,rld,15:30:41.889,77869,0.312,-0.236,-0.032,0.000,0.000,activeTracking,noEvent
6382,13,18,rld,15:30:41.940,77870,0.356,-0.236,-0.032,0.000,0.000,activeTracking,noEvent
6382,13,18,rld,15:30:42.003,77871,0.420,-0.236,-0.032,0.000,0.000,activeTracking,noEvent
6382,13,18,rld,15:30:42.170,77872,0.571,0.214,0.080,4.000,1.000,activeTracking,noEvent
6382,13,18,rld,15:30:42.437,77873,0.832,1.512,0.177,10.100,0.500,activeTracking,noEvent
6382,13,18,rld,15:30:42.559,77874,0.929,2.297,0.214,2.900,0.000,activeTracking,noEvent
6382,13,18,rld,15:30:42.618,77875,1.036,2.565,0.226,0.000,0.000,onTarget,noEvent
6382,13,18,rld,15:30:42.685,77876,1.100,2.655,0.231,0.000,0.000,onTarget,noEvent
6382,13,18,rld,15:30:42.727,77877,1.152,2.685,0.232,0.000,0.000,onTarget,noEvent
6382,13,18,rld,15:30:42.818,77878,1.221,2.695,0.233,0.000,0.000,onTarget,noEvent
6382,13,18,rld,15:30:42.881,77879,1.299,2.698,0.233,0.000,0.000,onTarget,noEvent
6382,13,18,rld,15:30:42.935,77880,1.356,2.699,0.233,0.000,0.000,onTarget,noEvent
6382,13,18,rld,15:30:43.076,77881,1.464,2.748,0.210,0.400,-0.200,onTarget,noEvent
6382,13,18,rld,15:30:43.169,77882,1.568,2.777,0.179,0.100,-0.200,onTarget,noEvent
6382,13,18,rld,15:30:43.279,77883,1.697,2.738,0.168,-0.400,0.000,onTarget,noEvent
6382,13,18,rld,15:30:43.331,77884,1.748,2.725,0.165,0.000,0.000,onTarget,noEvent
6382,13,18,rld,15:30:43.401,77885,1.820,2.720,0.164,0.000,0.000,onTarget,noEvent
6382,13,18,rld,15:30:43.479,77886,1.890,2.719,0.163,0.000,0.000,onTarget,targetClick
6382,13,19,rld,15:30:46.518,77920,1.968,0.338,0.103,0.000,0.000,waitingForTarget,middleTargetClick
6382,13,19,rld,15:30:46.577,77921,2.032,0.338,0.103,0.000,0.000,waitingForTarget,noEvent
6382,13,19,rld,15:30:46.642,77922,2.098,0.338,0.103,0.000,0.000,waitingForTarget,noEvent
6382,13,19,rld,15:30:46.720,77923,2.179,0.338,0.103,0.000,0.000,waitingForTarget,noEvent
6382,13,19,rld,15:30:46.784,77924,2.244,0.338,0.103,0.000,0.000,waitingForTarget,noEvent
6382,13,19,rld,15:30:46.868,77925,2.323,0.338,0.103,0.000,0.000,waitingForTarget,noEvent
6382,13,19,rld,15:30:46.918,77926,2.371,0.338,0.103,0.000,0.000,waitingForTarget,noEvent
6382,13,19,rld,15:30:46.981,77927,0.068,0.338,0.103,0.000,0.000,activeTracking,targetAppeared
6382,13,19,rld,15:30:47.050,77928,0.127,0.338,0.103,0.000,0.000,activeTracking,noEvent
6382,13,19,rld,15:30:47.109,77929,0.195,0.338,0.103,0.000,0.000,activeTracking,noEvent
6382,13,19,rld,15:30:47.168,77930,0.249,0.338,0.103,0.000,0.000,activeTracking,noEvent
6382,13,19,rld,15:30:47.215,77931,0.297,0.338,0.103,0.000,0.000,activeTracking,noEvent
6382,13,19,rld,15:30:47.286,77932,0.371,0.338,0.103,0.000,0.000,activeTracking,noEvent
6382,13,19,rld,15:30:47.343,77933,0.429,0.338,0.103,0.000,0.000,activeTracking,noEvent
6382,13,19,rld,15:30:47.472,77934,0.541,0.338,0.103,0.000,0.000,activeTracking,noEvent
6382,13,19,rld,15:30:47.541,77935,0.622,0.338,0.103,0.000,0.000,activeTracking,noEvent
6382,13,19,rld,15:30:47.905,77936,0.946,-0.755,0.024,-9.700,-0.700,activeTracking,noEvent
6382,13,19,rld,15:30:48.076,77937,1.144,-2.154,-0.092,-8.900,-0.800,activeTracking,noEvent
6382,13,19,rld,15:30:48.154,77938,1.229,-2.709,-0.121,-0.600,0.100,onTarget,noEvent
6382,13,19,rld,15:30:48.234,77939,1.311,-2.947,-0.119,-0.400,0.100,onTarget,noEvent
6382,13,19,rld,15:30:48.280,77940,1.364,-3.040,-0.118,-0.100,0.000,onTarget,noEvent
6382,13,19,rld,15:30:48.320,77941,1.407,-3.071,-0.118,0.000,0.000,activeTracking,noEvent
6382,13,19,rld,15:30:48.371,77942,1.458,-3.081,-0.118,0.000,0.000,activeTracking,noEvent
6382,13,19,rld,15:30:48.439,77943,1.526,-3.084,-0.118,0.000,0.000,activeTracking,noEvent
6382,13,19,rld,15:30:48.522,77944,1.607,-3.085,-0.118,0.000,0.000,activeTracking,noEvent
6382,13,19,rld,15:30:48.568,77945,1.648,-3.086,-0.118,0.000,0.000,activeTracking,noEvent
6382,13,19,rld,15:30:48.634,77946,1.716,-3.086,-0.118,0.000,0.000,activeTracking,noEvent
6382,13,19,rld,15:30:48.696,77947,1.776,-3.086,-0.118,0.000,0.000,activeTracking,noEvent
6382,13,19,rld,15:30:48.752,77948,1.832,-3.086,-0.118,0.000,0.000,activeTracking,noEvent
6382,13,19,rld,15:30:48.923,77949,2.012,-3.037,-0.165,0.400,-0.400,activeTracking,noEvent
6382,13,19,rld,15:30:48.992,77950,2.080,-2.995,-0.204,0.200,-0.200,onTarget,noEvent
6382,13,19,rld,15:30:49.047,77951,2.128,-2.982,-0.217,0.000,0.000,onTarget,noEvent
6382,13,19,rld,15:30:49.101,77952,2.185,-2.977,-0.221,0.000,0.000,onTarget,noEvent
6382,13,19,rld,15:30:49.158,77953,2.242,-2.976,-0.223,0.000,0.000,onTarget,noEvent
6382,13,19,rld,15:30:49.209,77954,2.291,-2.975,-0.223,0.000,0.000,onTarget,noEvent
6382,13,19,rld,15:30:49.289,77955,2.369,-2.975,-0.224,0.000,0.000,onTarget,targetClick
6382,13,20,rld,15:30:53.940,77999,2.502,-0.259,-0.151,0.100,0.300,waitingForTarget,middleTargetClick
6382,13,20,rld,15:30:54.005,78000,2.571,-0.255,-0.139,0.000,0.000,waitingForTarget,noEvent
6382,13,20,rld,15:30:54.067,78001,2.637,-0.254,-0.136,0.000,0.000,waitingForTarget,noEvent
6382,13,20,rld,15:30:54.105,78002,2.681,-0.253,-0.134,0.000,0.000,waitingForTarget,noEvent
6382,13,20,rld,15:30:54.192,78003,2.765,-0.253,-0.134,0.000,0.000,waitingForTarget,noEvent
6382,13,20,rld,15:30:54.247,78004,2.823,-0.253,-0.134,0.000,0.000,waitingForTarget,noEvent
6382,13,20,rld,15:30:54.305,78005,2.871,-0.253,-0.134,0.000,0.000,waitingForTarget,noEvent
6382,13,20,rld,15:30:54.369,78006,2.938,-0.253,-0.134,0.000,0.000,waitingForTarget,noEvent
6382,13,20,rld,15:30:54.536,78007,0.153,-0.253,-0.134,0.000,0.000,activeTracking,targetAppeared
6382,13,20,rld,15:30:54.597,78008,0.230,-0.253,-0.134,0.000,0.000,activeTracking,noEvent
6382,13,20,rld,15:30:54.668,78009,0.299,-0.253,-0.134,0.000,0.000,activeTracking,noEvent
6382,13,20,rld,15:30:54.722,78010,0.354,-0.253,-0.134,0.000,0.000,activeTracking,noEvent
6382,13,20,rld,15:30:54.786,78011,0.417,-0.253,-0.134,0.000,0.000,activeTracking,noEvent
6382,13,20,rld,15:30:55.084,78012,0.676,-0.897,0.036,-5.700,1.500,activeTracking,noEvent
6382,13,20,rld,15:30:55.440,78013,1.009,-2.073,0.234,-8.300,1.200,activeTracking,noEvent
6382,13,20,rld,15:30:55.556,78014,1.143,-2.755,0.341,-2.300,0.300,onTarget,noEvent
6382,13,20,rld,15:30:55.635,78015,1.214,-3.049,0.379,-0.500,0.000,activeTracking,noEvent
6382,13,20,rld,15:30:55.719,78016,1.298,-3.186,0.392,-0.300,0.000,activeTracking,noEvent
6382,13,20,rld,15:30:55.809,78017,1.372,-3.269,0.397,-0.300,0.000,activeTracking,noEvent
6382,13,20,rld,15:30:55.880,78018,1.463,-3.309,0.399,-0.100,0.000,activeTracking,noEvent
6382,13,20,rld,15:30:55.939,78019,1.507,-3.323,0.400,0.000,0.000,activeTracking,noEvent
6382,13,20,rld,15:30:56.220,78020,1.758,-2.954,0.029,3.000,-3.100,onTarget,noEvent
6382,13,20,rld,15:30:56.370,78021,1.933,-2.651,-0.174,1.500,-0.700,onTarget,noEvent
6382,13,20,rld,15:30:56.498,78022,2.028,-2.431,-0.322,1.000,-0.700,activeTracking,noEvent
6382,13,20,rld,15:30:56.584,78023,2.159,-2.286,-0.417,0.600,-0.400,activeTracking,noEvent
6382,13,20,rld,15:30:56.702,78024,2.279,-2.168,-0.505,0.600,-0.500,activeTracking,noEvent
6382,13,20,rld,15:30:56.758,78025,2.341,-2.116,-0.546,0.100,-0.100,activeTracking,noEvent
6382,13,20,rld,15:30:56.908,78026,2.480,-2.099,-0.548,0.000,0.100,activeTracking,noEvent
6382,13,20,rld,15:30:57.070,78027,2.640,-2.188,-0.434,-0.800,1.000,activeTracking,noEvent
6382,13,20,rld,15:30:57.207,78028,2.744,-2.348,-0.258,-1.100,1.200,activeTracking,noEvent
6382,13,20,rld,15:30:57.284,78029,2.867,-2.462,-0.130,-0.500,0.600,onTarget,noEvent
6382,13,20,rld,15:30:57.382,78030,2.967,-2.548,-0.028,-0.400,0.500,onTarget,noEvent
6382,13,20,rld,15:30:57.468,78031,3.050,-2.601,0.029,-0.200,0.200,onTarget,noEvent
6382,13,20,rld,15:30:57.533,78032,3.119,-2.618,0.060,0.000,0.100,onTarget,noEvent
6382,13,20,rld,15:30:57.609,78033,3.189,-2.624,0.070,0.000,0.000,onTarget,noEvent
6382,13,20,rld,15:30:57.664,78034,3.248,-2.626,0.073,0.000,0.000,onTarget,noEvent
6382,13,20,rld,15:30:57.729,78035,3.309,-2.627,0.074,0.000,0.000,onTarget,noEvent
6382,13,20,rld,15:30:57.784,78036,3.365,-2.627,0.075,0.000,0.000,onTarget,noEvent
6382,13,20,rld,15:30:57.864,78037,3.441,-2.627,0.075,0.000,0.000,onTarget,noEvent
6382,13,20,rld,15:30:57.926,78038,3.513,-2.627,0.075,0.000,0.000,onTarget,targetClick
6382,13,21,rld,15:31:04.438,78147,3.589,0.000,-0.404,0.000,0.000,waitingForTarget,middleTargetClick
6382,13,21,rld,15:31:04.513,78148,3.670,0.000,-0.404,0.000,0.000,waitingForTarget,noEvent
6382,13,21,rld,15:31:04.576,78149,3.722,0.000,-0.404,0.000,0.000,waitingForTarget,noEvent
6382,13,21,rld,15:31:04.649,78150,3.799,0.000,-0.404,0.000,0.000,waitingForTarget,noEvent
6382,13,21,rld,15:31:04.719,78151,3.873,0.000,-0.404,0.000,0.000,waitingForTarget,noEvent
6382,13,21,rld,15:31:04.778,78152,3.932,0.000,-0.404,0.000,0.000,waitingForTarget,noEvent
6382,13,21,rld,15:31:04.837,78153,3.990,0.000,-0.404,0.000,0.000,waitingForTarget,noEvent
6382,13,21,rld,15:31:04.885,78154,0.048,0.000,-0.404,0.000,0.000,activeTracking,targetAppeared
6382,13,21,rld,15:31:04.925,78155,0.094,0.000,-0.404,0.000,0.000,activeTracking,noEvent
6382,13,21,rld,15:31:04.982,78156,0.148,0.000,-0.404,0.000,0.000,activeTracking,noEvent
6382,13,21,rld,15:31:05.033,78157,0.200,0.000,-0.404,0.000,0.000,activeTracking,noEvent
6382,13,21,rld,15:31:05.119,78158,0.282,0.000,-0.404,0.000,0.000,activeTracking,noEvent
6382,13,21,rld,15:31:05.155,78159,0.323,0.000,-0.404,0.000,0.000,activeTracking,noEvent
6382,13,21,rld,15:31:05.204,78160,0.361,0.000,-0.404,0.000,0.000,activeTracking,noEvent
6382,13,21,rld,15:31:05.254,78161,0.423,0.000,-0.404,0.000,0.000,activeTracking,noEvent
6382,13,21,rld,15:31:05.318,78162,0.479,0.000,-0.404,0.000,0.000,activeTracking,noEvent
6382,13,21,rld,15:31:05.354,78163,0.522,0.000,-0.404,0.000,0.000,activeTracking,noEvent
6382,13,21,rld,15:31:05.434,78164,0.581,0.000,-0.404,0.000,0.000,activeTracking,noEvent
6382,13,21,rld,15:31:05.487,78165,0.658,0.000,-0.404,0.000,0.000,activeTracking,noEvent
6382,13,21,rld,15:31:05.784,78166,0.910,2.292,-0.088,20.000,2.800,activeTracking,noEvent
6382,13,21,rld,15:31:06.055,78167,1.133,4.261,0.039,9.000,0.100,activeTracking,noEvent
6382,13,21,rld,15:31:06.168,78168,1.292,5.271,0.089,2.000,0.000,activeTracking,noEvent
6382,13,21,rld,15:31:06.305,78169,1.461,5.964,0.124,2.200,0.100,activeTracking,noEvent
6382,13,21,rld,15:31:06.406,78170,1.574,6.365,0.111,1.000,-0.200,activeTracking,noEvent
6382,13,21,rld,15:31:06.497,78171,1.632,6.486,0.079,-0.100,-0.200,activeTracking,noEvent
6382,13,21,rld,15:31:06.663,78172,1.811,5.305,-0.133,-7.900,-1.500,activeTracking,noEvent
6382,13,21,rld,15:31:06.870,78173,2.013,3.943,-0.341,-7.300,-1.200,activeTracking,noEvent
6382,13,21,rld,15:31:06.989,78174,2.121,3.116,-0.462,-3.200,-0.500,activeTracking,noEvent
6382,13,21,rld,15:31:07.091,78175,2.243,2.535,-0.486,-2.600,0.100,activeTracking,noEvent
6382,13,21,rld,15:31:07.149,78176,2.310,2.214,-0.447,-1.100,0.400,activeTracking,noEvent
6382,13,21,rld,15:31:07.279,78177,2.412,1.979,-0.410,-1.100,0.200,activeTracking,noEvent
6382,13,21,rld,15:31:07.355,78178,2.521,1.831,-0.386,-0.600,0.100,activeTracking,noEvent
6382,13,21,rld,15:31:07.408,78179,2.573,1.770,-0.378,-0.100,0.000,activeTracking,noEvent
6382,13,21,rld,15:31:07.515,78180,2.680,1.750,-0.364,0.000,0.100,activeTracking,noEvent
6382,13,21,rld,15:31:07.655,78181,2.794,2.141,-0.200,3.400,1.400,activeTracking,noEvent
6382,13,21,rld,15:31:07.872,78182,3.032,2.524,-0.110,2.100,0.300,onTarget,noEvent
6382,13,21,rld,15:31:07.940,78183,3.099,2.775,-0.080,1.000,0.000,onTarget,noEvent
6382,13,21,rld,15:31:08.004,78184,3.174,2.896,-0.070,0.300,0.000,onTarget,noEvent
6382,13,21,rld,15:31:08.075,78185,3.242,2.961,-0.055,0.200,0.100,onTarget,noEvent
6382,13,21,rld,15:31:08.137,78186,3.304,2.983,-0.038,0.000,0.100,onTarget,noEvent
6382,13,21,rld,15:31:08.178,78187,3.349,2.990,-0.032,0.000,0.000,onTarget,noEvent
6382,13,21,rld,15:31:08.228,78188,3.397,2.992,-0.030,0.000,0.000,onTarget,noEvent
6382,13,21,rld,15:31:08.273,78189,3.431,2.993,-0.030,0.000,0.000,onTarget,noEvent
6382,13,21,rld,15:31:08.325,78190,3.496,2.993,-0.029,0.000,0.000,onTarget,noEvent
6382,13,21,rld,15:31:08.385,78191,3.544,2.993,-0.029,0.000,0.000,onTarget,noEvent
6382,13,21,rld,15:31:08.435,78192,3.596,2.993,-0.029,0.000,0.000,onTarget,noEvent
6382,13,21,rld,15:31:08.475,78193,3.644,2.993,-0.029,0.000,0.000,onTarget,noEvent
6382,13,21,rld,15:31:08.532,78194,3.698,2.993,-0.029,0.000,0.000,onTarget,noEvent
6382,13,21,rld,15:31:08.559,78195,3.729,2.993,-0.029,0.000,0.000,onTarget,noEvent
6382,13,21,rld,15:31:08.612,78196,3.778,2.993,-0.029,0.000,0.000,onTarget,noEvent
6382,13,21,rld,15:31:08.666,78197,3.829,2.993,-0.029,0.000,0.000,onTarget,noEvent
6382,13,21,rld,15:31:08.717,78198,3.880,2.993,-0.029,0.000,0.000,onTarget,noEvent
6382,13,21,rld,15:31:08.775,78199,3.941,2.993,-0.029,0.000,0.000,onTarget,noEvent
6382,13,22,rld,15:31:13.352,78275,0.035,0.084,-0.235,0.000,0.000,activeTracking,targetAppeared
6382,13,22,rld,15:31:13.431,78276,0.104,0.084,-0.235,0.000,0.000,activeTracking,noEvent
6382,13,22,rld,15:31:13.514,78277,0.184,0.084,-0.235,0.000,0.000,activeTracking,noEvent
6382,13,22,rld,15:31:13.578,78278,0.258,0.084,-0.235,0.000,0.000,activeTracking,noEvent
6382,13,22,rld,15:31:13.615,78279,0.298,0.084,-0.235,0.000,0.000,activeTracking,noEvent
6382,13,22,rld,15:31:13.675,78280,0.352,0.084,-0.235,0.000,0.000,activeTracking,noEvent
6382,13,22,rld,15:31:13.734,78281,0.403,0.084,-0.235,0.000,0.000,activeTracking,noEvent
6382,13,22,rld,15:31:13.907,78282,0.589,-0.614,-0.089,-6.200,1.300,activeTracking,noEvent
6382,13,22,rld,15:31:13.965,78283,0.648,-0.984,-0.017,-1.200,0.200,activeTracking,noEvent
6382,13,22,rld,15:31:14.333,78284,0.981,-1.119,0.007,-0.100,0.000,activeTracking,noEvent
6382,13,22,rld,15:31:14.421,78285,1.079,-0.113,0.138,9.300,1.100,activeTracking,noEvent
6382,13,22,rld,15:31:14.482,78286,1.156,0.244,0.182,0.200,0.000,activeTracking,noEvent
6382,13,22,rld,15:31:14.624,78287,1.247,0.453,0.219,0.800,0.200,activeTracking,noEvent
6382,13,22,rld,15:31:14.735,78288,1.382,0.737,0.266,1.900,0.300,activeTracking,noEvent
6382,13,22,rld,15:31:14.808,78289,1.482,0.878,0.294,0.400,0.100,activeTracking,noEvent
6382,13,22,rld,15:31:14.871,78290,1.544,0.925,0.303,0.000,0.000,activeTracking,noEvent
6382,13,22,rld,15:31:14.897,78291,1.568,0.940,0.306,0.000,0.000,activeTracking,noEvent
6382,13,22,rld,15:31:14.995,78292,1.653,0.980,0.307,0.300,0.000,activeTracking,noEvent
6382,13,22,rld,15:31:15.088,78293,1.751,1.061,0.274,0.600,-0.300,activeTracking,noEvent
6382,13,22,rld,15:31:15.154,78294,1.823,1.111,0.251,0.200,-0.100,activeTracking,noEvent
6382,13,22,rld,15:31:15.218,78295,1.887,1.150,0.232,0.200,-0.100,activeTracking,noEvent
6382,13,22,rld,15:31:15.387,78296,2.063,1.289,0.136,1.100,-0.800,activeTracking,noEvent
6382,13,22,rld,15:31:15.458,78297,2.118,1.382,0.070,0.400,-0.300,activeTracking,noEvent
6382,13,22,rld,15:31:15.601,78298,2.238,1.470,-0.032,0.500,-0.700,activeTracking,noEvent
6382,13,22,rld,15:31:15.685,78299,2.339,1.592,-0.111,0.800,-0.400,activeTracking,noEvent
6382,13,22,rld,15:31:15.755,78300,2.426,1.691,-0.138,0.500,0.000,activeTracking,noEvent
6382,13,22,rld,15:31:15.955,78301,2.618,1.840,-0.216,1.000,-0.600,activeTracking,noEvent
6382,13,22,rld,15:31:16.480,78302,2.951,2.278,-0.208,3.300,0.300,activeTracking,noEvent
6382,13,22,rld,15:31:16.635,78303,3.081,2.534,-0.183,0.900,0.200,onTarget,noEvent
6382,13,22,rld,15:31:16.696,78304,3.193,2.669,-0.139,0.400,0.300,onTarget,noEvent
6382,13,22,rld,15:31:16.756,78305,3.261,2.714,-0.125,0.000,0.000,onTarget,noEvent
6382,13,22,rld,15:31:16.818,78306,3.327,2.729,-0.120,0.000,0.000,onTarget,noEvent
6382,13,22,rld,15:31:16.869,78307,3.377,2.734,-0.118,0.000,0.000,onTarget,noEvent
6382,13,22,rld,15:31:16.925,78308,3.432,2.736,-0.118,0.000,0.000,onTarget,noEvent
6382,13,22,rld,15:31:16.986,78309,3.486,2.736,-0.118,0.000,0.000,onTarget,noEvent
6382,13,22,rld,15:31:17.057,78310,3.557,2.736,-0.118,0.000,0.000,onTarget,noEvent
6382,13,22,rld,15:31:17.132,78311,3.629,2.736,-0.118,0.000,0.000,onTarget,noEvent
6382,13,22,rld,15:31:17.190,78312,3.694,2.736,-0.118,0.000,0.000,onTarget,noEvent
6382,13,22,rld,15:31:17.280,78313,3.776,2.736,-0.118,0.000,0.000,onTarget,noEvent
6382,13,22,rld,15:31:17.323,78314,3.820,2.736,-0.118,0.000,0.000,onTarget,noEvent
6382,13,22,rld,15:31:17.357,78315,3.861,2.736,-0.118,0.000,0.000,onTarget,noEvent
6382,13,22,rld,15:31:17.405,78316,3.901,2.736,-0.118,0.000,0.000,onTarget,noEvent
6382,13,22,rld,15:31:17.447,78317,3.951,2.736,-0.118,0.000,0.000,onTarget,noEvent
6382,13,23,rld,15:31:22.357,78396,0.068,-0.084,0.018,0.000,0.000,activeTracking,targetAppeared
6382,13,23,rld,15:31:22.414,78397,0.133,-0.084,0.018,0.000,0.000,activeTracking,noEvent
6382,13,23,rld,15:31:22.457,78398,0.177,-0.084,0.018,0.000,0.000,activeTracking,noEvent
6382,13,23,rld,15:31:22.507,78399,0.233,-0.084,0.018,0.000,0.000,activeTracking,noEvent
6382,13,23,rld,15:31:22.555,78400,0.277,-0.084,0.018,0.000,0.000,activeTracking,noEvent
6382,13,23,rld,15:31:22.583,78401,0.306,-0.084,0.018,0.000,0.000,activeTracking,noEvent
6382,13,23,rld,15:31:22.640,78402,0.361,-0.084,0.018,0.000,0.000,activeTracking,noEvent
6382,13,23,rld,15:31:22.718,78403,0.444,-0.084,0.018,0.000,0.000,activeTracking,noEvent
6382,13,23,rld,15:31:22.777,78404,0.498,-0.084,0.018,0.000,0.000,activeTracking,noEvent
6382,13,23,rld,15:31:22.860,78405,0.575,-0.084,0.018,0.000,0.000,activeTracking,failedClick
6382,13,24,rld,15:31:23.802,78421,0.637,-0.084,0.018,0.000,0.000,waitingForTarget,middleTargetClick
6382,13,24,rld,15:31:23.932,78422,0.770,-0.084,0.018,0.000,0.000,waitingForTarget,noEvent
6382,13,24,rld,15:31:23.995,78423,0.834,-0.084,0.018,0.000,0.000,waitingForTarget,noEvent
6382,13,24,rld,15:31:24.049,78424,0.897,-0.084,0.018,0.000,0.000,waitingForTarget,noEvent
6382,13,24,rld,15:31:24.092,78425,0.938,-0.084,0.018,0.000,0.000,waitingForTarget,noEvent
6382,13,24,rld,15:31:24.171,78426,1.010,-0.084,0.018,0.000,0.000,waitingForTarget,noEvent
6382,13,24,rld,15:31:24.220,78427,1.059,-0.084,0.018,0.000,0.000,waitingForTarget,noEvent
6382,13,24,rld,15:31:24.274,78428,0.062,-0.084,0.018,0.000,0.000,activeTracking,targetAppeared
6382,13,24,rld,15:31:24.350,78429,0.135,-0.084,0.018,0.000,0.000,activeTracking,noEvent
6382,13,24,rld,15:31:24.406,78430,0.190,-0.084,0.018,0.000,0.000,activeTracking,noEvent
6382,13,24,rld,15:31:24.469,78431,0.261,-0.084,0.018,0.000,0.000,activeTracking,noEvent
6382,13,24,rld,15:31:24.547,78432,0.321,-0.084,0.018,0.000,0.000,activeTracking,noEvent
6382,13,24,rld,15:31:24.604,78433,0.383,-0.084,0.018,0.000,0.000,activeTracking,failedClick
6382,13,25,rld,15:31:25.384,78445,0.515,-0.084,0.018,0.000,0.000,waitingForTarget,middleTargetClick
6382,13,25,rld,15:31:25.451,78446,0.583,-0.084,0.018,0.000,0.000,waitingForTarget,noEvent
6382,13,25,rld,15:31:25.514,78447,0.659,-0.084,0.018,0.000,0.000,waitingForTarget,noEvent
6382,13,25,rld,15:31:25.570,78448,0.706,-0.084,0.018,0.000,0.000,waitingForTarget,noEvent
6382,13,25,rld,15:31:25.632,78449,0.766,-0.084,0.018,0.000,0.000,waitingForTarget,noEvent
6382,13,25,rld,15:31:25.695,78450,0.836,-0.084,0.018,0.000,0.000,waitingForTarget,noEvent
6382,13,25,rld,15:31:25.753,78451,0.888,-0.084,0.018,0.000,0.000,waitingForTarget,noEvent
6382,13,25,rld,15:31:25.817,78452,0.937,-0.084,0.018,0.000,0.000,waitingForTarget,noEvent
6382,13,25,rld,15:31:25.888,78453,0.091,-0.084,0.018,0.000,0.000,activeTracking,targetAppeared
6382,13,25,rld,15:31:25.967,78454,0.165,-0.084,0.018,0.000,0.000,activeTracking,noEvent
6382,13,25,rld,15:31:26.033,78455,0.240,-0.084,0.018,0.000,0.000,activeTracking,failedClick
6382,13,26,rld,15:31:26.688,78466,0.305,-0.084,0.018,0.000,0.000,waitingForTarget,middleTargetClick
6382,13,26,rld,15:31:26.748,78467,0.371,-0.084,0.018,0.000,0.000,waitingForTarget,noEvent
6382,13,26,rld,15:31:26.796,78468,0.418,-0.084,0.018,0.000,0.000,waitingForTarget,noEvent
6382,13,26,rld,15:31:26.889,78469,0.505,-0.084,0.018,0.000,0.000,waitingForTarget,noEvent
6382,13,26,rld,15:31:26.948,78470,0.570,-0.084,0.018,0.000,0.000,waitingForTarget,noEvent
6382,13,26,rld,15:31:26.987,78471,0.617,-0.084,0.018,0.000,0.000,waitingForTarget,noEvent
6382,13,26,rld,15:31:27.053,78472,0.672,-0.084,0.018,0.000,0.000,waitingForTarget,noEvent
6382,13,26,rld,15:31:27.095,78473,0.720,-0.084,0.018,0.000,0.000,waitingForTarget,noEvent
6382,13,26,rld,15:31:27.144,78474,0.048,-0.084,0.018,0.000,0.000,activeTracking,targetAppeared
6382,13,26,rld,15:31:27.187,78475,0.097,-0.084,0.018,0.000,0.000,activeTracking,noEvent
6382,13,26,rld,15:31:27.258,78476,0.167,-0.084,0.018,0.000,0.000,activeTracking,noEvent
6382,13,26,rld,15:31:27.320,78477,0.230,-0.084,0.018,0.000,0.000,activeTracking,noEvent
6382,13,26,rld,15:31:27.398,78478,0.296,-0.084,0.018,0.000,0.000,activeTracking,failedClick
6382,13,27,rld,15:31:28.134,78490,0.400,-0.084,0.018,0.000,0.000,waitingForTarget,middleTargetClick
6382,13,27,rld,15:31:28.188,78491,0.467,-0.084,0.018,0.000,0.000,waitingForTarget,noEvent
6382,13,27,rld,15:31:28.237,78492,0.522,-0.084,0.018,0.000,0.000,waitingForTarget,noEvent
6382,13,27,rld,15:31:28.296,78493,0.578,-0.084,0.018,0.000,0.000,waitingForTarget,noEvent
6382,13,27,rld,15:31:28.347,78494,0.633,-0.084,0.018,0.000,0.000,waitingForTarget,noEvent
6382,13,27,rld,15:31:28.386,78495,0.671,-0.084,0.018,0.000,0.000,waitingForTarget,noEvent
6382,13,27,rld,15:31:28.448,78496,0.722,-0.084,0.018,0.000,0.000,waitingForTarget,noEvent
6382,13,27,rld,15:31:28.504,78497,0.785,-0.084,0.018,0.000,0.000,waitingForTarget,noEvent
6382,13,27,rld,15:31:28.554,78498,0.835,-0.084,0.018,0.000,0.000,waitingForTarget,noEvent
6382,13,27,rld,15:31:28.599,78499,0.041,-0.084,0.018,0.000,0.000,activeTracking,targetAppeared
6382,13,27,rld,15:31:28.674,78500,0.122,-0.084,0.018,0.000,0.000,activeTracking,noEvent
6382,13,27,rld,15:31:28.746,78501,0.184,-0.084,0.018,0.000,0.000,activeTracking,noEvent
6382,13,27,rld,15:31:28.790,78502,0.239,-0.084,0.018,0.000,0.000,activeTracking,noEvent
6382,13,27,rld,15:31:28.909,78503,0.352,-0.084,0.018,0.000,0.000,activeTracking,failedClick
6382,13,28,rld,15:31:29.532,78514,0.413,-0.084,0.018,0.000,0.000,waitingForTarget,middleTargetClick
6382,13,28,rld,15:31:29.599,78515,0.484,-0.084,0.018,0.000,0.000,waitingForTarget,noEvent
6382,13,28,rld,15:31:29.662,78516,0.549,-0.084,0.018,0.000,0.000,waitingForTarget,noEvent
6382,13,28,rld,15:31:29.715,78517,0.607,-0.084,0.018,0.000,0.000,waitingForTarget,noEvent
6382,13,28,rld,15:31:29.766,78518,0.652,-0.084,0.018,0.000,0.000,waitingForTarget,noEvent
6382,13,28,rld,15:31:29.807,78519,0.694,-0.084,0.018,0.000,0.000,waitingForTarget,noEvent
6382,13,28,rld,15:31:29.979,78520,0.872,-0.084,0.018,0.000,0.000,waitingForTarget,noEvent
6382,13,28,rld,15:31:30.137,78521,0.152,-0.084,0.018,0.000,0.000,activeTracking,targetAppeared
6382,13,28,rld,15:31:30.190,78522,0.207,-0.084,0.018,0.000,0.000,activeTracking,failedClick
6382,13,29,rld,15:31:31.194,78536,0.254,-0.084,0.018,0.000,0.000,waitingForTarget,middleTargetClick
6382,13,29,rld,15:31:31.277,78537,0.350,-0.084,0.018,0.000,0.000,waitingForTarget,noEvent
6382,13,29,rld,15:31:31.348,78538,0.412,-0.084,0.018,0.000,0.000,waitingForTarget,noEvent
6382,13,29,rld,15:31:31.405,78539,0.479,-0.084,0.018,0.000,0.000,waitingForTarget,noEvent
6382,13,29,rld,15:31:31.462,78540,0.530,-0.084,0.018,0.000,0.000,waitingForTarget,noEvent
6382,13,29,rld,15:31:31.514,78541,0.588,-0.084,0.018,0.000,0.000,waitingForTarget,noEvent
6382,13,29,rld,15:31:31.570,78542,0.647,-0.084,0.018,0.000,0.000,waitingForTarget,noEvent
6382,13,29,rld,15:31:31.622,78543,0.699,-0.084,0.018,0.000,0.000,waitingForTarget,noEvent
6382,13,29,rld,15:31:31.699,78544,0.078,-0.084,0.018,0.000,0.000,activeTracking,targetAppeared
6382,13,29,rld,15:31:31.765,78545,0.139,-0.084,0.018,0.000,0.000,activeTracking,noEvent
6382,13,29,rld,15:31:31.818,78546,0.198,-0.084,0.018,0.000,0.000,activeTracking,noEvent
6382,13,29,rld,15:31:31.885,78547,0.246,-0.084,0.018,0.000,0.000,activeTracking,failedClick
6382,13,30,rld,15:31:34.357,78584,0.368,-0.084,0.018,0.000,0.000,waitingForTarget,middleTargetClick
6382,13,30,rld,15:31:34.420,78585,0.437,-0.084,0.018,0.000,0.000,waitingForTarget,noEvent
6382,13,30,rld,15:31:34.484,78586,0.507,-0.084,0.018,0.000,0.000,waitingForTarget,noEvent
6382,13,30,rld,15:31:34.531,78587,0.552,-0.084,0.018,0.000,0.000,waitingForTarget,noEvent
6382,13,30,rld,15:31:34.553,78588,0.579,-0.084,0.018,0.000,0.000,waitingForTarget,noEvent
6382,13,30,rld,15:31:34.649,78589,0.664,-0.084,0.018,0.000,0.000,waitingForTarget,noEvent
6382,13,30,rld,15:31:34.689,78590,0.715,-0.084,0.018,0.000,0.000,waitingForTarget,noEvent
6382,13,30,rld,15:31:34.734,78591,0.758,-0.084,0.018,0.000,0.000,waitingForTarget,noEvent
6382,13,30,rld,15:31:34.753,78592,0.778,-0.084,0.018,0.000,0.000,waitingForTarget,noEvent
6382,13,30,rld,15:31:34.856,78593,0.088,-0.084,0.018,0.000,0.000,activeTracking,targetAppeared
6382,13,30,rld,15:31:34.916,78594,0.162,-0.084,0.018,0.000,0.000,activeTracking,failedClick
6382,13,31,rld,15:31:36.401,78619,0.227,-0.084,0.018,0.000,0.000,waitingForTarget,middleTargetClick
6382,13,31,rld,15:31:36.459,78620,0.287,-0.084,0.018,0.000,0.000,waitingForTarget,noEvent
6382,13,31,rld,15:31:36.536,78621,0.356,-0.084,0.018,0.000,0.000,waitingForTarget,noEvent
6382,13,31,rld,15:31:36.581,78622,0.418,-0.084,0.018,0.000,0.000,waitingForTarget,noEvent
6382,13,31,rld,15:31:36.614,78623,0.450,-0.084,0.018,0.000,0.000,waitingForTarget,noEvent
6382,13,31,rld,15:31:36.637,78624,0.475,-0.084,0.018,0.000,0.000,waitingForTarget,noEvent
6382,13,31,rld,15:31:36.681,78625,0.517,-0.084,0.018,0.000,0.000,waitingForTarget,noEvent
6382,13,31,rld,15:31:36.730,78626,0.566,-0.084,0.018,0.000,0.000,waitingForTarget,noEvent
6382,13,31,rld,15:31:36.844,78627,0.619,-0.084,0.018,0.000,0.000,waitingForTarget,noEvent
6382,13,31,rld,15:31:36.905,78628,0.736,-0.084,0.018,0.000,0.000,waitingForTarget,noEvent
6382,13,31,rld,15:31:36.977,78629,0.065,-0.084,0.018,0.000,0.000,activeTracking,targetAppeared
6382,13,31,rld,15:31:37.029,78630,0.124,-0.084,0.018,0.000,0.000,activeTracking,noEvent
6382,13,31,rld,15:31:37.078,78631,0.175,-0.084,0.018,0.000,0.000,activeTracking,noEvent
6382,13,31,rld,15:31:37.120,78632,0.219,-0.084,0.018,0.000,0.000,activeTracking,noEvent
6382,13,31,rld,15:31:37.205,78633,0.300,-0.084,0.018,0.000,0.000,activeTracking,noEvent
6382,13,31,rld,15:31:37.261,78634,0.349,-0.084,0.018,0.000,0.000,activeTracking,failedClick
6382,13,32,rld,15:31:38.121,78650,0.419,-0.084,0.018,0.000,0.000,waitingForTarget,middleTargetClick
6382,13,32,rld,15:31:38.181,78651,0.482,-0.084,0.018,0.000,0.000,waitingForTarget,noEvent
6382,13,32,rld,15:31:38.230,78652,0.532,-0.084,0.018,0.000,0.000,waitingForTarget,noEvent
6382,13,32,rld,15:31:38.294,78653,0.595,-0.084,0.018,0.000,0.000,waitingForTarget,noEvent
6382,13,32,rld,15:31:38.352,78654,0.660,-0.084,0.018,0.000,0.000,waitingForTarget,noEvent
6382,13,32,rld,15:31:38.394,78655,0.700,-0.084,0.018,0.000,0.000,waitingForTarget,noEvent
6382,13,32,rld,15:31:38.456,78656,0.751,-0.084,0.018,0.000,0.000,waitingForTarget,noEvent
6382,13,32,rld,15:31:38.521,78657,0.829,-0.084,0.018,0.000,0.000,waitingForTarget,noEvent
6382,13,32,rld,15:31:38.568,78658,0.041,-0.084,0.018,0.000,0.000,activeTracking,targetAppeared
6382,13,32,rld,15:31:38.636,78659,0.108,-0.084,0.018,0.000,0.000,activeTracking,noEvent
6382,13,32,rld,15:31:38.705,78660,0.175,-0.084,0.018,0.000,0.000,activeTracking,noEvent
6382,13,32,rld,15:31:38.761,78661,0.225,-0.084,0.018,0.000,0.000,activeTracking,noEvent
6382,13,32,rld,15:31:38.833,78662,0.307,-0.084,0.018,0.000,0.000,activeTracking,failedClick
6382,13,33,rld,15:31:40.097,78683,0.369,-0.084,0.018,0.000,0.000,waitingForTarget,middleTargetClick
6382,13,33,rld,15:31:40.151,78684,0.428,-0.084,0.018,0.000,0.000,waitingForTarget,noEvent
6382,13,33,rld,15:31:40.196,78685,0.476,-0.084,0.018,0.000,0.000,waitingForTarget,noEvent
6382,13,33,rld,15:31:40.249,78686,0.527,-0.084,0.018,0.000,0.000,waitingForTarget,noEvent
6382,13,33,rld,15:31:40.307,78687,0.592,-0.084,0.018,0.000,0.000,waitingForTarget,noEvent
6382,13,33,rld,15:31:40.348,78688,0.628,-0.084,0.018,0.000,0.000,waitingForTarget,noEvent
6382,13,33,rld,15:31:40.416,78689,0.695,-0.084,0.018,0.000,0.000,waitingForTarget,noEvent
6382,13,33,rld,15:31:40.466,78690,0.741,-0.084,0.018,0.000,0.000,waitingForTarget,noEvent
6382,13,33,rld,15:31:40.522,78691,0.806,-0.084,0.018,0.000,0.000,waitingForTarget,noEvent
6382,13,33,rld,15:31:40.577,78692,0.052,-0.084,0.018,0.000,0.000,activeTracking,targetAppeared
6382,13,33,rld,15:31:40.628,78693,0.101,-0.084,0.018,0.000,0.000,activeTracking,noEvent
6382,13,33,rld,15:31:40.700,78694,0.156,-0.084,0.018,0.000,0.000,activeTracking,failedClick
6382,13,34,rld,15:31:41.368,78705,0.229,-0.084,0.018,0.000,0.000,waitingForTarget,middleTargetClick
6382,13,34,rld,15:31:41.419,78706,0.274,-0.084,0.018,0.000,0.000,waitingForTarget,noEvent
6382,13,34,rld,15:31:41.485,78707,0.342,-0.084,0.018,0.000,0.000,waitingForTarget,noEvent
6382,13,34,rld,15:31:41.532,78708,0.388,-0.084,0.018,0.000,0.000,waitingForTarget,noEvent
6382,13,34,rld,15:31:41.577,78709,0.440,-0.084,0.018,0.000,0.000,waitingForTarget,noEvent
6382,13,34,rld,15:31:41.649,78710,0.499,-0.084,0.018,0.000,0.000,waitingForTarget,noEvent
6382,13,34,rld,15:31:41.698,78711,0.563,-0.084,0.018,0.000,0.000,waitingForTarget,noEvent
6382,13,34,rld,15:31:41.749,78712,0.609,-0.084,0.018,0.000,0.000,waitingForTarget,noEvent
6382,13,34,rld,15:31:41.779,78713,0.645,-0.084,0.018,0.000,0.000,waitingForTarget,noEvent
6382,13,34,rld,15:31:41.881,78714,0.101,-0.084,0.018,0.000,0.000,activeTracking,targetAppeared
6382,13,34,rld,15:31:41.955,78715,0.176,-0.084,0.018,0.000,0.000,activeTracking,noEvent
6382,13,34,rld,15:31:42.017,78716,0.234,-0.084,0.018,0.000,0.000,activeTracking,failedClick
6382,13,35,rld,15:31:43.345,78738,0.299,-0.084,0.018,0.000,0.000,waitingForTarget,middleTargetClick
6382,13,35,rld,15:31:43.402,78739,0.364,-0.084,0.018,0.000,0.000,waitingForTarget,noEvent
6382,13,35,rld,15:31:43.463,78740,0.421,-0.084,0.018,0.000,0.000,waitingForTarget,noEvent
6382,13,35,rld,15:31:43.519,78741,0.478,-0.084,0.018,0.000,0.000,waitingForTarget,noEvent
6382,13,35,rld,15:31:43.568,78742,0.531,-0.084,0.018,0.000,0.000,waitingForTarget,noEvent
6382,13,35,rld,15:31:43.618,78743,0.570,-0.084,0.018,0.000,0.000,waitingForTarget,noEvent
6382,13,35,rld,15:31:43.695,78744,0.650,-0.084,0.018,0.000,0.000,waitingForTarget,noEvent
6382,13,35,rld,15:31:43.752,78745,0.710,-0.084,0.018,0.000,0.000,waitingForTarget,noEvent
6382,13,35,rld,15:31:43.776,78746,0.025,-0.084,0.018,0.000,0.000,activeTracking,targetAppeared
6382,13,35,rld,15:31:43.873,78747,0.109,-0.084,0.018,0.000,0.000,activeTracking,noEvent
6382,13,35,rld,15:31:43.935,78748,0.185,-0.084,0.018,0.000,0.000,activeTracking,noEvent
6382,13,35,rld,15:31:43.987,78749,0.238,-0.084,0.018,0.000,0.000,activeTracking,noEvent
6382,13,35,rld,15:31:44.052,78750,0.301,-0.084,0.018,0.000,0.000,activeTracking,failedClick
6382,13,36,rld,15:31:44.718,78762,0.366,-0.084,0.018,0.000,0.000,waitingForTarget,middleTargetClick
6382,13,36,rld,15:31:44.769,78763,0.419,-0.084,0.018,0.000,0.000,waitingForTarget,noEvent
6382,13,36,rld,15:31:44.849,78764,0.498,-0.084,0.018,0.000,0.000,waitingForTarget,noEvent
6382,13,36,rld,15:31:44.903,78765,0.552,-0.084,0.018,0.000,0.000,waitingForTarget,noEvent
6382,13,36,rld,15:31:44.947,78766,0.590,-0.084,0.018,0.000,0.000,waitingForTarget,noEvent
6382,13,36,rld,15:31:44.988,78767,0.638,-0.084,0.018,0.000,0.000,waitingForTarget,noEvent
6382,13,36,rld,15:31:45.051,78768,0.692,-0.084,0.018,0.000,0.000,waitingForTarget,noEvent
6382,13,36,rld,15:31:45.106,78769,0.752,-0.084,0.018,0.000,0.000,waitingForTarget,noEvent
6382,13,36,rld,15:31:45.170,78770,0.818,-0.084,0.018,0.000,0.000,waitingForTarget,noEvent
6382,13,36,rld,15:31:45.247,78771,0.072,-0.084,0.018,0.000,0.000,activeTracking,targetAppeared
6382,13,36,rld,15:31:45.285,78772,0.115,-0.084,0.018,0.000,0.000,activeTracking,noEvent
6382,13,36,rld,15:31:45.400,78773,0.224,-0.084,0.018,0.000,0.000,activeTracking,failedClick
6382,13,37,rld,15:31:47.037,78800,0.304,-0.084,0.018,0.000,0.000,waitingForTarget,middleTargetClick
6382,13,37,rld,15:31:47.093,78801,0.359,-0.084,0.018,0.000,0.000,waitingForTarget,noEvent
6382,13,37,rld,15:31:47.134,78802,0.401,-0.084,0.018,0.000,0.000,waitingForTarget,noEvent
6382,13,37,rld,15:31:47.194,78803,0.458,-0.084,0.018,0.000,0.000,waitingForTarget,noEvent
6382,13,37,rld,15:31:47.247,78804,0.509,-0.084,0.018,0.000,0.000,waitingForTarget,noEvent
6382,13,37,rld,15:31:47.306,78805,0.574,-0.084,0.018,0.000,0.000,waitingForTarget,noEvent
6382,13,37,rld,15:31:47.355,78806,0.620,-0.084,0.018,0.000,0.000,waitingForTarget,noEvent
6382,13,37,rld,15:31:47.390,78807,0.645,-0.084,0.018,0.000,0.000,waitingForTarget,noEvent
6382,13,37,rld,15:31:47.439,78808,0.709,-0.084,0.018,0.000,0.000,waitingForTarget,noEvent
6382,13,37,rld,15:31:47.519,78809,0.079,-0.084,0.018,0.000,0.000,activeTracking,targetAppeared
6382,13,37,rld,15:31:47.569,78810,0.131,-0.084,0.018,0.000,0.000,activeTracking,noEvent
6382,13,37,rld,15:31:47.639,78811,0.182,-0.084,0.018,0.000,0.000,activeTracking,noEvent
6382,13,37,rld,15:31:47.704,78812,0.253,-0.084,0.018,0.000,0.000,activeTracking,failedClick
6382,13,38,rld,15:31:49.021,78835,0.313,-0.084,0.018,0.000,0.000,waitingForTarget,middleTargetClick
6382,13,38,rld,15:31:49.099,78836,0.395,-0.084,0.018,0.000,0.000,waitingForTarget,noEvent
6382,13,38,rld,15:31:49.140,78837,0.435,-0.084,0.018,0.000,0.000,waitingForTarget,noEvent
6382,13,38,rld,15:31:49.200,78838,0.485,-0.084,0.018,0.000,0.000,waitingForTarget,noEvent
6382,13,38,rld,15:31:49.255,78839,0.548,-0.084,0.018,0.000,0.000,waitingForTarget,noEvent
6382,13,38,rld,15:31:49.320,78840,0.615,-0.084,0.018,0.000,0.000,waitingForTarget,noEvent
6382,13,38,rld,15:31:49.366,78841,0.660,-0.084,0.018,0.000,0.000,waitingForTarget,noEvent
6382,13,38,rld,15:31:49.429,78842,0.715,-0.084,0.018,0.000,0.000,waitingForTarget,noEvent
6382,13,38,rld,15:31:49.485,78843,0.053,-0.084,0.018,0.000,0.000,activeTracking,targetAppeared
6382,13,38,rld,15:31:49.523,78844,0.103,-0.084,0.018,0.000,0.000,activeTracking,noEvent
6382,13,38,rld,15:31:49.573,78845,0.152,-0.084,0.018,0.000,0.000,activeTracking,noEvent
6382,13,38,rld,15:31:49.643,78846,0.220,-0.084,0.018,0.000,0.000,activeTracking,noEvent
6382,13,38,rld,15:31:49.703,78847,0.280,-0.084,0.018,0.000,0.000,activeTracking,noEvent
6382,13,38,rld,15:31:49.754,78848,0.335,-0.084,0.018,0.000,0.000,activeTracking,noEvent
6382,13,38,rld,15:31:49.848,78849,0.419,-0.084,0.018,0.000,0.000,activeTracking,failedClick
6382,13,39,rld,15:31:51.179,78867,0.479,-0.084,0.018,0.000,0.000,waitingForTarget,middleTargetClick
6382,13,39,rld,15:31:51.246,78868,0.543,-0.084,0.018,0.000,0.000,waitingForTarget,noEvent
6382,13,39,rld,15:31:51.299,78869,0.609,-0.084,0.018,0.000,0.000,waitingForTarget,noEvent
6382,13,39,rld,15:31:51.378,78870,0.681,-0.084,0.018,0.000,0.000,waitingForTarget,noEvent
6382,13,39,rld,15:31:51.430,78871,0.739,-0.084,0.018,0.000,0.000,waitingForTarget,noEvent
6382,13,39,rld,15:31:51.478,78872,0.781,-0.084,0.018,0.000,0.000,waitingForTarget,noEvent
6382,13,39,rld,15:31:51.518,78873,0.821,-0.084,0.018,0.000,0.000,waitingForTarget,noEvent
6382,13,39,rld,15:31:51.577,78874,0.873,-0.084,0.018,0.000,0.000,waitingForTarget,noEvent
6382,13,39,rld,15:31:51.638,78875,0.940,-0.084,0.018,0.000,0.000,waitingForTarget,noEvent
6382,13,39,rld,15:31:51.703,78876,0.068,-0.084,0.018,0.000,0.000,activeTracking,targetAppeared
6382,13,39,rld,15:31:51.748,78877,0.109,-0.084,0.018,0.000,0.000,activeTracking,noEvent
6382,13,39,rld,15:31:51.838,78878,0.199,-0.084,0.018,0.000,0.000,activeTracking,noEvent
6382,13,39,rld,15:31:51.896,78879,0.257,-0.084,0.018,0.000,0.000,activeTracking,noEvent
6382,13,39,rld,15:31:51.950,78880,0.315,-0.084,0.018,0.000,0.000,activeTracking,noEvent
6382,13,39,rld,15:31:52.021,78881,0.385,-0.084,0.018,0.000,0.000,activeTracking,failedClick
6382,13,40,rld,15:31:53.302,78903,0.438,-0.084,0.018,0.000,0.000,waitingForTarget,middleTargetClick
6382,13,40,rld,15:31:53.354,78904,0.488,-0.084,0.018,0.000,0.000,waitingForTarget,noEvent
6382,13,40,rld,15:31:53.409,78905,0.547,-0.084,0.018,0.000,0.000,waitingForTarget,noEvent
6382,13,40,rld,15:31:53.456,78906,0.587,-0.084,0.018,0.000,0.000,waitingForTarget,noEvent
6382,13,40,rld,15:31:53.515,78907,0.653,-0.084,0.018,0.000,0.000,waitingForTarget,noEvent
6382,13,40,rld,15:31:53.567,78908,0.703,-0.084,0.018,0.000,0.000,waitingForTarget,noEvent
6382,13,40,rld,15:31:53.614,78909,0.753,-0.084,0.018,0.000,0.000,waitingForTarget,noEvent
6382,13,40,rld,15:31:53.679,78910,0.813,-0.084,0.018,0.000,0.000,waitingForTarget,noEvent
6382,13,40,rld,15:31:53.743,78911,0.877,-0.084,0.018,0.000,0.000,waitingForTarget,noEvent
6382,13,40,rld,15:31:53.806,78912,0.070,-0.084,0.018,0.000,0.000,activeTracking,targetAppeared
6382,13,40,rld,15:31:53.869,78913,0.138,-0.084,0.018,0.000,0.000,activeTracking,noEvent
6382,13,40,rld,15:31:53.932,78914,0.197,-0.084,0.018,0.000,0.000,activeTracking,noEvent
6382,13,40,rld,15:31:53.980,78915,0.240,-0.084,0.018,0.000,0.000,activeTracking,noEvent
6382,13,40,rld,15:31:54.039,78916,0.305,-0.084,0.018,0.000,0.000,activeTracking,failedClick
6382,13,41,rld,15:31:54.899,78930,0.430,-0.084,0.018,0.000,0.000,waitingForTarget,middleTargetClick
6382,13,41,rld,15:31:54.949,78931,0.480,-0.084,0.018,0.000,0.000,waitingForTarget,noEvent
6382,13,41,rld,15:31:55.039,78932,0.577,-0.084,0.018,0.000,0.000,waitingForTarget,noEvent
6382,13,41,rld,15:31:55.095,78933,0.630,-0.084,0.018,0.000,0.000,waitingForTarget,noEvent
6382,13,41,rld,15:31:55.147,78934,0.687,-0.084,0.018,0.000,0.000,waitingForTarget,noEvent
6382,13,41,rld,15:31:55.169,78935,0.709,-0.084,0.018,0.000,0.000,waitingForTarget,noEvent
6382,13,41,rld,15:31:55.267,78936,0.801,-0.084,0.018,0.000,0.000,waitingForTarget,noEvent
6382,13,41,rld,15:31:55.332,78937,0.853,-0.084,0.018,0.000,0.000,waitingForTarget,noEvent
6382,13,41,rld,15:31:55.403,78938,0.088,-0.084,0.018,0.000,0.000,activeTracking,targetAppeared
6382,13,41,rld,15:31:55.496,78939,0.176,-0.084,0.018,0.000,0.000,activeTracking,noEvent
6382,13,41,rld,15:31:55.542,78940,0.226,-0.084,0.018,0.000,0.000,activeTracking,noEvent
6382,13,41,rld,15:31:55.586,78941,0.270,-0.084,0.018,0.000,0.000,activeTracking,noEvent
6382,13,41,rld,15:31:55.659,78942,0.336,-0.084,0.018,0.000,0.000,activeTracking,noEvent
6382,13,41,rld,15:31:55.728,78943,0.408,-0.084,0.018,0.000,0.000,activeTracking,failedClick
6382,13,42,rld,15:31:56.952,78963,0.497,-0.084,0.018,0.000,0.000,waitingForTarget,middleTargetClick
6382,13,42,rld,15:31:57.018,78964,0.565,-0.084,0.018,0.000,0.000,waitingForTarget,noEvent
6382,13,42,rld,15:31:57.066,78965,0.622,-0.084,0.018,0.000,0.000,waitingForTarget,noEvent
6382,13,42,rld,15:31:57.125,78966,0.675,-0.084,0.018,0.000,0.000,waitingForTarget,noEvent
6382,13,42,rld,15:31:57.187,78967,0.737,-0.084,0.018,0.000,0.000,waitingForTarget,noEvent
6382,13,42,rld,15:31:57.239,78968,0.790,-0.084,0.018,0.000,0.000,waitingForTarget,noEvent
6382,13,42,rld,15:31:57.311,78969,0.863,-0.084,0.018,0.000,0.000,waitingForTarget,noEvent
6382,13,42,rld,15:31:57.391,78970,0.943,-0.084,0.018,0.000,0.000,waitingForTarget,noEvent
6382,13,42,rld,15:31:57.470,78971,0.082,-0.084,0.018,0.000,0.000,activeTracking,targetAppeared
6382,13,42,rld,15:31:57.559,78972,0.167,-0.084,0.018,0.000,0.000,activeTracking,noEvent
6382,13,42,rld,15:31:57.611,78973,0.215,-0.084,0.018,0.000,0.000,activeTracking,noEvent
6382,13,42,rld,15:31:57.689,78974,0.287,-0.084,0.018,0.000,0.000,activeTracking,failedClick
6382,13,43,rld,15:31:58.473,78987,0.347,-0.084,0.018,0.000,0.000,waitingForTarget,middleTargetClick
6382,13,43,rld,15:31:58.536,78988,0.416,-0.084,0.018,0.000,0.000,waitingForTarget,noEvent
6382,13,43,rld,15:31:58.612,78989,0.486,-0.084,0.018,0.000,0.000,waitingForTarget,noEvent
6382,13,43,rld,15:31:58.697,78990,0.567,-0.084,0.018,0.000,0.000,waitingForTarget,noEvent
6382,13,43,rld,15:31:58.748,78991,0.635,-0.084,0.018,0.000,0.000,waitingForTarget,noEvent
6382,13,43,rld,15:31:58.838,78992,0.711,-0.084,0.018,0.000,0.000,waitingForTarget,noEvent
6382,13,43,rld,15:31:58.915,78993,0.789,-0.084,0.018,0.000,0.000,waitingForTarget,noEvent
6382,13,43,rld,15:31:58.969,78994,0.066,-0.084,0.018,0.000,0.000,activeTracking,targetAppeared
6382,13,43,rld,15:31:59.038,78995,0.121,-0.084,0.018,0.000,0.000,activeTracking,noEvent
6382,13,43,rld,15:31:59.110,78996,0.198,-0.084,0.018,0.000,0.000,activeTracking,noEvent
6382,13,43,rld,15:31:59.171,78997,0.260,-0.084,0.018,0.000,0.000,activeTracking,noEvent
6382,13,43,rld,15:31:59.248,78998,0.337,-0.084,0.018,0.000,0.000,activeTracking,noEvent
6382,13,43,rld,15:31:59.319,78999,0.415,-0.084,0.018,0.000,0.000,activeTracking,failedClick
6382,13,44,rld,15:32:00.086,79011,0.477,-0.084,0.018,0.000,0.000,waitingForTarget,middleTargetClick
6382,13,44,rld,15:32:00.133,79012,0.536,-0.084,0.018,0.000,0.000,waitingForTarget,noEvent
6382,13,44,rld,15:32:00.187,79013,0.592,-0.084,0.018,0.000,0.000,waitingForTarget,noEvent
6382,13,44,rld,15:32:00.222,79014,0.626,-0.084,0.018,0.000,0.000,waitingForTarget,noEvent
6382,13,44,rld,15:32:00.416,79015,0.814,-0.084,0.018,0.000,0.000,waitingForTarget,noEvent
6382,13,44,rld,15:32:00.521,79016,0.916,-0.084,0.018,0.000,0.000,waitingForTarget,noEvent
6382,13,44,rld,15:32:00.567,79017,0.052,-0.084,0.018,0.000,0.000,activeTracking,targetAppeared
6382,13,44,rld,15:32:00.639,79018,0.120,-0.084,0.018,0.000,0.000,activeTracking,noEvent
6382,13,44,rld,15:32:00.717,79019,0.197,-0.084,0.018,0.000,0.000,activeTracking,noEvent
6382,13,44,rld,15:32:00.780,79020,0.260,-0.084,0.018,0.000,0.000,activeTracking,noEvent
6382,13,44,rld,15:32:00.852,79021,0.322,-0.084,0.018,0.000,0.000,activeTracking,noEvent
6382,13,44,rld,15:32:00.916,79022,0.403,-0.084,0.018,0.000,0.000,activeTracking,failedClick
6382,13,45,rld,15:32:02.431,79047,0.472,-0.084,0.018,0.000,0.000,waitingForTarget,middleTargetClick
6382,13,45,rld,15:32:02.496,79048,0.538,-0.084,0.018,0.000,0.000,waitingForTarget,noEvent
6382,13,45,rld,15:32:02.533,79049,0.584,-0.084,0.018,0.000,0.000,waitingForTarget,noEvent
6382,13,45,rld,15:32:02.596,79050,0.642,-0.084,0.018,0.000,0.000,waitingForTarget,noEvent
6382,13,45,rld,15:32:02.655,79051,0.701,-0.084,0.018,0.000,0.000,waitingForTarget,noEvent
6382,13,45,rld,15:32:02.710,79052,0.751,-0.084,0.018,0.000,0.000,waitingForTarget,noEvent
6382,13,45,rld,15:32:02.749,79053,0.791,-0.084,0.018,0.000,0.000,waitingForTarget,noEvent
6382,13,45,rld,15:32:02.821,79054,0.872,-0.084,0.018,0.000,0.000,waitingForTarget,noEvent
6382,13,45,rld,15:32:02.869,79055,0.048,-0.084,0.018,0.000,0.000,activeTracking,targetAppeared
6382,13,45,rld,15:32:03.016,79056,0.195,-0.084,0.018,0.000,0.000,activeTracking,noEvent
6382,13,45,rld,15:32:03.062,79057,0.240,-0.084,0.018,0.000,0.000,activeTracking,noEvent
6382,13,45,rld,15:32:03.110,79058,0.287,-0.084,0.018,0.000,0.000,activeTracking,noEvent
6382,13,45,rld,15:32:03.154,79059,0.330,-0.084,0.018,0.000,0.000,activeTracking,noEvent
6382,13,45,rld,15:32:03.210,79060,0.384,-0.084,0.018,0.000,0.000,activeTracking,failedClick
6382,13,46,rld,15:32:03.917,79070,0.446,-0.084,0.018,0.000,0.000,waitingForTarget,middleTargetClick
6382,13,46,rld,15:32:03.974,79071,0.504,-0.084,0.018,0.000,0.000,waitingForTarget,noEvent
6382,13,46,rld,15:32:04.030,79072,0.557,-0.084,0.018,0.000,0.000,waitingForTarget,noEvent
6382,13,46,rld,15:32:04.098,79073,0.632,-0.084,0.018,0.000,0.000,waitingForTarget,noEvent
6382,13,46,rld,15:32:04.155,79074,0.684,-0.084,0.018,0.000,0.000,waitingForTarget,noEvent
6382,13,46,rld,15:32:04.199,79075,0.726,-0.084,0.018,0.000,0.000,waitingForTarget,noEvent
6382,13,46,rld,15:32:04.267,79076,0.799,-0.084,0.018,0.000,0.000,waitingForTarget,noEvent
6382,13,46,rld,15:32:04.318,79077,0.843,-0.084,0.018,0.000,0.000,waitingForTarget,noEvent
6382,13,46,rld,15:32:04.347,79078,0.882,-0.084,0.018,0.000,0.000,waitingForTarget,noEvent
6382,13,46,rld,15:32:04.411,79079,0.060,-0.084,0.018,0.000,0.000,activeTracking,targetAppeared
6382,13,46,rld,15:32:04.496,79080,0.143,-0.084,0.018,0.000,0.000,activeTracking,noEvent
6382,13,46,rld,15:32:04.546,79081,0.193,-0.084,0.018,0.000,0.000,activeTracking,noEvent
6382,13,46,rld,15:32:04.609,79082,0.252,-0.084,0.018,0.000,0.000,activeTracking,noEvent
6382,13,46,rld,15:32:04.685,79083,0.327,-0.084,0.018,0.000,0.000,activeTracking,failedClick
6382,13,47,rld,15:32:05.467,79097,0.429,-0.084,0.018,0.000,0.000,waitingForTarget,middleTargetClick
6382,13,47,rld,15:32:05.565,79098,0.540,-0.084,0.018,0.000,0.000,waitingForTarget,noEvent
6382,13,47,rld,15:32:05.615,79099,0.585,-0.084,0.018,0.000,0.000,waitingForTarget,noEvent
6382,13,47,rld,15:32:05.666,79100,0.646,-0.084,0.018,0.000,0.000,waitingForTarget,noEvent
6382,13,47,rld,15:32:05.719,79101,0.685,-0.084,0.018,0.000,0.000,waitingForTarget,noEvent
6382,13,47,rld,15:32:05.784,79102,0.752,-0.084,0.018,0.000,0.000,waitingForTarget,noEvent
6382,13,47,rld,15:32:05.848,79103,0.815,-0.084,0.018,0.000,0.000,waitingForTarget,noEvent
6382,13,47,rld,15:32:05.910,79104,0.887,-0.084,0.018,0.000,0.000,waitingForTarget,noEvent
6382,13,47,rld,15:32:05.961,79105,0.051,-0.084,0.018,0.000,0.000,activeTracking,targetAppeared
6382,13,47,rld,15:32:06.004,79106,0.095,-0.084,0.018,0.000,0.000,activeTracking,noEvent
6382,13,47,rld,15:32:06.063,79107,0.155,-0.084,0.018,0.000,0.000,activeTracking,noEvent
6382,13,47,rld,15:32:06.122,79108,0.208,-0.084,0.018,0.000,0.000,activeTracking,failedClick
6382,13,48,rld,15:32:06.935,79121,0.328,-0.084,0.018,0.000,0.000,waitingForTarget,middleTargetClick
6382,13,48,rld,15:32:07.016,79122,0.407,-0.084,0.018,0.000,0.000,waitingForTarget,noEvent
6382,13,48,rld,15:32:07.076,79123,0.476,-0.084,0.018,0.000,0.000,waitingForTarget,noEvent
6382,13,48,rld,15:32:07.120,79124,0.526,-0.084,0.018,0.000,0.000,waitingForTarget,noEvent
6382,13,48,rld,15:32:07.186,79125,0.577,-0.084,0.018,0.000,0.000,waitingForTarget,noEvent
6382,13,48,rld,15:32:07.246,79126,0.638,-0.084,0.018,0.000,0.000,waitingForTarget,noEvent
6382,13,48,rld,15:32:07.288,79127,0.694,-0.084,0.018,0.000,0.000,waitingForTarget,noEvent
6382,13,48,rld,15:32:07.339,79128,0.738,-0.084,0.018,0.000,0.000,waitingForTarget,noEvent
6382,13,48,rld,15:32:07.409,79129,0.067,-0.084,0.018,0.000,0.000,activeTracking,targetAppeared
6382,13,48,rld,15:32:07.470,79130,0.129,-0.084,0.018,0.000,0.000,activeTracking,noEvent
6382,13,48,rld,15:32:07.512,79131,0.175,-0.084,0.018,0.000,0.000,activeTracking,noEvent
6382,13,48,rld,15:32:07.579,79132,0.230,-0.084,0.018,0.000,0.000,activeTracking,noEvent
6382,13,48,rld,15:32:07.628,79133,0.289,-0.084,0.018,0.000,0.000,activeTracking,failedClick
6382,13,49,rld,15:32:08.464,79147,0.360,-0.084,0.018,0.000,0.000,waitingForTarget,middleTargetClick
6382,13,49,rld,15:32:08.513,79148,0.418,-0.084,0.018,0.000,0.000,waitingForTarget,noEvent
6382,13,49,rld,15:32:08.583,79149,0.492,-0.084,0.018,0.000,0.000,waitingForTarget,noEvent
6382,13,49,rld,15:32:08.633,79150,0.542,-0.084,0.018,0.000,0.000,waitingForTarget,noEvent
6382,13,49,rld,15:32:08.698,79151,0.598,-0.084,0.018,0.000,0.000,waitingForTarget,noEvent
6382,13,49,rld,15:32:08.763,79152,0.674,-0.084,0.018,0.000,0.000,waitingForTarget,noEvent
6382,13,49,rld,15:32:08.819,79153,0.713,-0.084,0.018,0.000,0.000,waitingForTarget,noEvent
6382,13,49,rld,15:32:08.879,79154,0.782,-0.084,0.018,0.000,0.000,waitingForTarget,noEvent
6382,13,49,rld,15:32:08.934,79155,0.063,-0.084,0.018,0.000,0.000,activeTracking,targetAppeared
6382,13,49,rld,15:32:09.006,79156,0.130,-0.084,0.018,0.000,0.000,activeTracking,noEvent
6382,13,49,rld,15:32:09.054,79157,0.171,-0.084,0.018,0.000,0.000,activeTracking,noEvent
6382,13,49,rld,15:32:09.102,79158,0.220,-0.084,0.018,0.000,0.000,activeTracking,noEvent
6382,13,49,rld,15:32:09.159,79159,0.285,-0.084,0.018,0.000,0.000,activeTracking,failedClick
6382,13,50,rld,15:32:10.393,79181,0.349,-0.084,0.018,0.000,0.000,waitingForTarget,middleTargetClick
6382,13,50,rld,15:32:10.438,79182,0.404,-0.084,0.018,0.000,0.000,waitingForTarget,noEvent
6382,13,50,rld,15:32:10.507,79183,0.458,-0.084,0.018,0.000,0.000,waitingForTarget,noEvent
6382,13,50,rld,15:32:10.558,79184,0.518,-0.084,0.018,0.000,0.000,waitingForTarget,noEvent
6382,13,50,rld,15:32:10.609,79185,0.570,-0.084,0.018,0.000,0.000,waitingForTarget,noEvent
6382,13,50,rld,15:32:10.659,79186,0.619,-0.084,0.018,0.000,0.000,waitingForTarget,noEvent
6382,13,50,rld,15:32:10.716,79187,0.677,-0.084,0.018,0.000,0.000,waitingForTarget,noEvent
6382,13,50,rld,15:32:10.775,79188,0.736,-0.084,0.018,0.000,0.000,waitingForTarget,noEvent
6382,13,50,rld,15:32:10.832,79189,0.797,-0.084,0.018,0.000,0.000,waitingForTarget,noEvent
6382,13,50,rld,15:32:10.860,79190,0.028,-0.084,0.018,0.000,0.000,activeTracking,targetAppeared
6382,13,50,rld,15:32:10.977,79191,0.123,-0.084,0.018,0.000,0.000,activeTracking,noEvent
6382,13,50,rld,15:32:11.047,79192,0.217,-0.084,0.018,0.000,0.000,activeTracking,noEvent
6382,13,50,rld,15:32:11.088,79193,0.259,-0.084,0.018,0.000,0.000,activeTracking,noEvent
6382,13,50,rld,15:32:11.151,79194,0.311,-0.084,0.018,0.000,0.000,activeTracking,failedClick
6382,13,51,rld,15:32:12.512,79217,0.374,-0.084,0.018,0.000,0.000,waitingForTarget,middleTargetClick
6382,13,51,rld,15:32:12.577,79218,0.440,-0.084,0.018,0.000,0.000,waitingForTarget,noEvent
6382,13,51,rld,15:32:12.646,79219,0.511,-0.084,0.018,0.000,0.000,waitingForTarget,noEvent
6382,13,51,rld,15:32:12.707,79220,0.577,-0.084,0.018,0.000,0.000,waitingForTarget,noEvent
6382,13,51,rld,15:32:12.749,79221,0.624,-0.084,0.018,0.000,0.000,waitingForTarget,noEvent
6382,13,51,rld,15:32:12.829,79222,0.697,-0.084,0.018,0.000,0.000,waitingForTarget,noEvent
6382,13,51,rld,15:32:12.877,79223,0.746,-0.084,0.018,0.000,0.000,waitingForTarget,noEvent
6382,13,51,rld,15:32:12.920,79224,0.794,-0.084,0.018,0.000,0.000,waitingForTarget,noEvent
6382,13,51,rld,15:32:12.987,79225,0.065,-0.084,0.018,0.000,0.000,activeTracking,targetAppeared
6382,13,51,rld,15:32:13.066,79226,0.142,-0.084,0.018,0.000,0.000,activeTracking,noEvent
6382,13,51,rld,15:32:13.126,79227,0.200,-0.084,0.018,0.000,0.000,activeTracking,noEvent
6382,13,51,rld,15:32:13.194,79228,0.268,-0.084,0.018,0.000,0.000,activeTracking,failedClick
6382,13,52,rld,15:32:13.946,79240,0.360,-0.084,0.018,0.000,0.000,waitingForTarget,middleTargetClick
6382,13,52,rld,15:32:14.018,79241,0.445,-0.084,0.018,0.000,0.000,waitingForTarget,noEvent
6382,13,52,rld,15:32:14.093,79242,0.506,-0.084,0.018,0.000,0.000,waitingForTarget,noEvent
6382,13,52,rld,15:32:14.145,79243,0.565,-0.084,0.018,0.000,0.000,waitingForTarget,noEvent
6382,13,52,rld,15:32:14.186,79244,0.615,-0.084,0.018,0.000,0.000,waitingForTarget,noEvent
6382,13,52,rld,15:32:14.237,79245,0.659,-0.084,0.018,0.000,0.000,waitingForTarget,noEvent
6382,13,52,rld,15:32:14.313,79246,0.729,-0.084,0.018,0.000,0.000,waitingForTarget,noEvent
6382,13,52,rld,15:32:14.363,79247,0.790,-0.084,0.018,0.000,0.000,waitingForTarget,noEvent
6382,13,52,rld,15:32:14.419,79248,0.045,-0.084,0.018,0.000,0.000,activeTracking,targetAppeared
6382,13,52,rld,15:32:14.444,79249,0.082,-0.084,0.018,0.000,0.000,activeTracking,noEvent
6382,13,52,rld,15:32:14.529,79250,0.154,-0.084,0.018,0.000,0.000,activeTracking,noEvent
6382,13,52,rld,15:32:14.587,79251,0.222,-0.084,0.018,0.000,0.000,activeTracking,failedClick
6382,13,53,rld,15:32:15.803,79271,0.305,-0.084,0.018,0.000,0.000,waitingForTarget,middleTargetClick
6382,13,53,rld,15:32:15.866,79272,0.381,-0.084,0.018,0.000,0.000,waitingForTarget,noEvent
6382,13,53,rld,15:32:15.937,79273,0.457,-0.084,0.018,0.000,0.000,waitingForTarget,noEvent
6382,13,53,rld,15:32:15.982,79274,0.502,-0.084,0.018,0.000,0.000,waitingForTarget,noEvent
6382,13,53,rld,15:32:16.046,79275,0.560,-0.084,0.018,0.000,0.000,waitingForTarget,noEvent
6382,13,53,rld,15:32:16.110,79276,0.614,-0.084,0.018,0.000,0.000,waitingForTarget,noEvent
6382,13,53,rld,15:32:16.155,79277,0.674,-0.084,0.018,0.000,0.000,waitingForTarget,noEvent
6382,13,53,rld,15:32:16.188,79278,0.708,-0.084,0.018,0.000,0.000,waitingForTarget,noEvent
6382,13,53,rld,15:32:16.248,79279,0.047,-0.084,0.018,0.000,0.000,activeTracking,targetAppeared
6382,13,53,rld,15:32:16.313,79280,0.123,-0.084,0.018,0.000,0.000,activeTracking,noEvent
6382,13,53,rld,15:32:16.435,79281,0.236,-0.084,0.018,0.000,0.000,activeTracking,failedClick
6382,13,54,rld,15:32:17.469,79299,0.292,-0.084,0.018,0.000,0.000,waitingForTarget,middleTargetClick
6382,13,54,rld,15:32:17.534,79300,0.363,-0.084,0.018,0.000,0.000,waitingForTarget,noEvent
6382,13,54,rld,15:32:17.597,79301,0.423,-0.084,0.018,0.000,0.000,waitingForTarget,noEvent
6382,13,54,rld,15:32:17.661,79302,0.495,-0.084,0.018,0.000,0.000,waitingForTarget,noEvent
6382,13,54,rld,15:32:17.716,79303,0.542,-0.084,0.018,0.000,0.000,waitingForTarget,noEvent
6382,13,54,rld,15:32:17.752,79304,0.574,-0.084,0.018,0.000,0.000,waitingForTarget,noEvent
6382,13,54,rld,15:32:17.821,79305,0.648,-0.084,0.018,0.000,0.000,waitingForTarget,noEvent
6382,13,54,rld,15:32:17.867,79306,0.703,-0.084,0.018,0.000,0.000,waitingForTarget,noEvent
6382,13,54,rld,15:32:17.947,79307,0.780,-0.084,0.018,0.000,0.000,activeTracking,failedClick
6382,13,55,rld,15:32:18.678,79320,0.836,-0.084,0.018,0.000,0.000,waitingForTarget,middleTargetClick
6382,13,55,rld,15:32:18.761,79321,0.920,-0.084,0.018,0.000,0.000,waitingForTarget,noEvent
6382,13,55,rld,15:32:18.816,79322,0.970,-0.084,0.018,0.000,0.000,waitingForTarget,noEvent
6382,13,55,rld,15:32:18.865,79323,1.032,-0.084,0.018,0.000,0.000,waitingForTarget,noEvent
6382,13,55,rld,15:32:18.929,79324,1.097,-0.084,0.018,0.000,0.000,waitingForTarget,noEvent
6382,13,55,rld,15:32:18.976,79325,1.137,-0.084,0.018,0.000,0.000,waitingForTarget,noEvent
6382,13,55,rld,15:32:19.044,79326,1.205,-0.084,0.018,0.000,0.000,waitingForTarget,noEvent
6382,13,55,rld,15:32:19.085,79327,1.252,-0.084,0.018,0.000,0.000,waitingForTarget,noEvent
6382,13,55,rld,15:32:19.226,79328,0.138,-0.084,0.018,0.000,0.000,activeTracking,targetAppeared
6382,13,55,rld,15:32:19.269,79329,0.186,-0.084,0.018,0.000,0.000,activeTracking,noEvent
6382,13,55,rld,15:32:19.387,79330,0.296,-0.084,0.018,0.000,0.000,activeTracking,failedClick
6382,13,56,rld,15:32:20.868,79350,0.373,-0.084,0.018,0.000,0.000,waitingForTarget,middleTargetClick
6382,13,56,rld,15:32:20.928,79351,0.430,-0.084,0.018,0.000,0.000,waitingForTarget,noEvent
6382,13,56,rld,15:32:20.968,79352,0.477,-0.084,0.018,0.000,0.000,waitingForTarget,noEvent
6382,13,56,rld,15:32:21.033,79353,0.534,-0.084,0.018,0.000,0.000,waitingForTarget,noEvent
6382,13,56,rld,15:32:21.093,79354,0.602,-0.084,0.018,0.000,0.000,waitingForTarget,noEvent
6382,13,56,rld,15:32:21.147,79355,0.657,-0.084,0.018,0.000,0.000,waitingForTarget,noEvent
6382,13,56,rld,15:32:21.213,79356,0.722,-0.084,0.018,0.000,0.000,waitingForTarget,noEvent
6382,13,56,rld,15:32:21.280,79357,0.790,-0.084,0.018,0.000,0.000,waitingForTarget,noEvent
6382,13,56,rld,15:32:21.335,79358,0.050,-0.084,0.018,0.000,0.000,activeTracking,targetAppeared
6382,13,56,rld,15:32:21.379,79359,0.093,-0.084,0.018,0.000,0.000,activeTracking,noEvent
6382,13,56,rld,15:32:21.447,79360,0.158,-0.084,0.018,0.000,0.000,activeTracking,noEvent
6382,13,56,rld,15:32:21.502,79361,0.221,-0.084,0.018,0.000,0.000,activeTracking,noEvent
6382,13,56,rld,15:32:21.554,79362,0.262,-0.084,0.018,0.000,0.000,activeTracking,noEvent
6382,13,56,rld,15:32:21.598,79363,0.318,-0.084,0.018,0.000,0.000,activeTracking,noEvent
6382,13,56,rld,15:32:21.670,79364,0.385,-0.084,0.018,0.000,0.000,activeTracking,failedClick
6382,13,57,rld,15:32:23.092,79388,0.447,-0.084,0.018,0.000,0.000,waitingForTarget,middleTargetClick
6382,13,57,rld,15:32:23.142,79389,0.506,-0.084,0.018,0.000,0.000,waitingForTarget,noEvent
6382,13,57,rld,15:32:23.211,79390,0.566,-0.084,0.018,0.000,0.000,waitingForTarget,noEvent
6382,13,57,rld,15:32:23.274,79391,0.627,-0.084,0.018,0.000,0.000,waitingForTarget,noEvent
6382,13,57,rld,15:32:23.343,79392,0.705,-0.084,0.018,0.000,0.000,waitingForTarget,noEvent
6382,13,57,rld,15:32:23.528,79393,0.876,-0.084,0.018,0.000,0.000,waitingForTarget,noEvent
6382,13,57,rld,15:32:23.588,79394,0.064,-0.084,0.018,0.000,0.000,activeTracking,targetAppeared
6382,13,57,rld,15:32:23.654,79395,0.141,-0.084,0.018,0.000,0.000,activeTracking,noEvent
6382,13,57,rld,15:32:23.727,79396,0.204,-0.084,0.018,0.000,0.000,activeTracking,noEvent
6382,13,57,rld,15:32:23.788,79397,0.269,-0.084,0.018,0.000,0.000,activeTracking,noEvent
6382,13,57,rld,15:32:23.852,79398,0.337,-0.084,0.018,0.000,0.000,activeTracking,noEvent
6382,13,57,rld,15:32:23.898,79399,0.380,-0.084,0.018,0.000,0.000,activeTracking,noEvent
6382,13,57,rld,15:32:23.969,79400,0.447,-0.084,0.018,0.000,0.000,activeTracking,noEvent
6382,13,57,rld,15:32:24.027,79401,0.508,-0.084,0.018,0.000,0.000,activeTracking,noEvent
6382,13,57,rld,15:32:24.090,79402,0.571,-0.084,0.018,0.000,0.000,activeTracking,failedClick
6382,13,58,rld,15:32:25.513,79425,0.644,-0.084,0.018,0.000,0.000,waitingForTarget,middleTargetClick
6382,13,58,rld,15:32:25.577,79426,0.720,-0.084,0.018,0.000,0.000,waitingForTarget,noEvent
6382,13,58,rld,15:32:25.618,79427,0.765,-0.084,0.018,0.000,0.000,waitingForTarget,noEvent
6382,13,58,rld,15:32:25.683,79428,0.828,-0.084,0.018,0.000,0.000,waitingForTarget,noEvent
6382,13,58,rld,15:32:25.729,79429,0.876,-0.084,0.018,0.000,0.000,waitingForTarget,noEvent
6382,13,58,rld,15:32:25.782,79430,0.923,-0.084,0.018,0.000,0.000,waitingForTarget,noEvent
6382,13,58,rld,15:32:25.884,79431,1.012,-0.084,0.018,0.000,0.000,waitingForTarget,noEvent
6382,13,58,rld,15:32:25.935,79432,1.071,-0.084,0.018,0.000,0.000,waitingForTarget,noEvent
6382,13,58,rld,15:32:25.981,79433,0.047,-0.084,0.018,0.000,0.000,activeTracking,targetAppeared
6382,13,58,rld,15:32:26.061,79434,0.125,-0.084,0.018,0.000,0.000,activeTracking,noEvent
6382,13,58,rld,15:32:26.130,79435,0.206,-0.084,0.018,0.000,0.000,activeTracking,noEvent
6382,13,58,rld,15:32:26.186,79436,0.261,-0.084,0.018,0.000,0.000,activeTracking,noEvent
6382,13,58,rld,15:32:26.268,79437,0.338,-0.084,0.018,0.000,0.000,activeTracking,failedClick
6382,13,59,rld,15:32:27.520,79456,0.417,-0.084,0.018,0.000,0.000,waitingForTarget,middleTargetClick
6382,13,59,rld,15:32:27.572,79457,0.476,-0.084,0.018,0.000,0.000,waitingForTarget,noEvent
6382,13,59,rld,15:32:27.641,79458,0.535,-0.084,0.018,0.000,0.000,waitingForTarget,noEvent
6382,13,59,rld,15:32:27.687,79459,0.586,-0.084,0.018,0.000,0.000,waitingForTarget,noEvent
6382,13,59,rld,15:32:27.736,79460,0.629,-0.084,0.018,0.000,0.000,waitingForTarget,noEvent
6382,13,59,rld,15:32:27.791,79461,0.680,-0.084,0.018,0.000,0.000,waitingForTarget,noEvent
6382,13,59,rld,15:32:27.870,79462,0.776,-0.084,0.018,0.000,0.000,waitingForTarget,noEvent
6382,13,59,rld,15:32:27.920,79463,0.825,-0.084,0.018,0.000,0.000,waitingForTarget,noEvent
6382,13,59,rld,15:32:27.969,79464,0.051,-0.084,0.018,0.000,0.000,activeTracking,targetAppeared
6382,13,59,rld,15:32:28.031,79465,0.103,-0.084,0.018,0.000,0.000,activeTracking,noEvent
6382,13,59,rld,15:32:28.110,79466,0.182,-0.084,0.018,0.000,0.000,activeTracking,noEvent
6382,13,59,rld,15:32:28.167,79467,0.249,-0.084,0.018,0.000,0.000,activeTracking,noEvent
6382,13,59,rld,15:32:28.238,79468,0.318,-0.084,0.018,0.000,0.000,activeTracking,noEvent
6382,13,59,rld,15:32:28.302,79469,0.380,-0.084,0.018,0.000,0.000,activeTracking,failedClick
6382,13,60,rld,15:32:29.052,79482,0.456,-0.084,0.018,0.000,0.000,waitingForTarget,middleTargetClick
6382,13,60,rld,15:32:29.111,79483,0.512,-0.084,0.018,0.000,0.000,waitingForTarget,noEvent
6382,13,60,rld,15:32:29.160,79484,0.561,-0.084,0.018,0.000,0.000,waitingForTarget,noEvent
6382,13,60,rld,15:32:29.213,79485,0.622,-0.084,0.018,0.000,0.000,waitingForTarget,noEvent
6382,13,60,rld,15:32:29.263,79486,0.664,-0.084,0.018,0.000,0.000,waitingForTarget,noEvent
6382,13,60,rld,15:32:29.312,79487,0.712,-0.084,0.018,0.000,0.000,waitingForTarget,noEvent
6382,13,60,rld,15:32:29.358,79488,0.765,-0.084,0.018,0.000,0.000,waitingForTarget,noEvent
6382,13,60,rld,15:32:29.427,79489,0.832,-0.084,0.018,0.000,0.000,waitingForTarget,noEvent
6382,13,60,rld,15:32:29.469,79490,0.878,-0.084,0.018,0.000,0.000,waitingForTarget,noEvent
6382,13,60,rld,15:32:29.538,79491,0.063,-0.084,0.018,0.000,0.000,activeTracking,targetAppeared
6382,13,60,rld,15:32:29.597,79492,0.128,-0.084,0.018,0.000,0.000,activeTracking,noEvent
6382,13,60,rld,15:32:29.646,79493,0.178,-0.084,0.018,0.000,0.000,activeTracking,noEvent
6382,13,60,rld,15:32:29.690,79494,0.218,-0.084,0.018,0.000,0.000,activeTracking,noEvent
6382,13,60,rld,15:32:29.761,79495,0.282,-0.084,0.018,0.000,0.000,activeTracking,failedClick;
6382,14,1,rld,15:33:04.597,80215,0.338,-0.084,0.018,0.000,0.000,waitingForTarget,middleTargetClick
6382,14,1,rld,15:33:04.680,80216,0.430,-0.084,0.018,0.000,0.000,waitingForTarget,noEvent
6382,14,1,rld,15:33:04.733,80217,0.481,-0.084,0.018,0.000,0.000,waitingForTarget,noEvent
6382,14,1,rld,15:33:04.793,80218,0.538,-0.084,0.018,0.000,0.000,waitingForTarget,noEvent
6382,14,1,rld,15:33:04.850,80219,0.601,-0.084,0.018,0.000,0.000,waitingForTarget,noEvent
6382,14,1,rld,15:33:04.892,80220,0.646,-0.084,0.018,0.000,0.000,waitingForTarget,noEvent
6382,14,1,rld,15:33:04.929,80221,0.681,-0.084,0.018,0.000,0.000,waitingForTarget,noEvent
6382,14,1,rld,15:33:04.968,80222,0.719,-0.084,0.018,0.000,0.000,waitingForTarget,noEvent
6382,14,1,rld,15:33:05.002,80223,0.755,-0.084,0.018,0.000,0.000,waitingForTarget,noEvent
6382,14,1,rld,15:33:05.033,80224,0.033,-0.084,0.018,0.000,0.000,activeTracking,targetAppeared
6382,14,1,rld,15:33:05.084,80225,0.081,-0.084,0.018,0.000,0.000,activeTracking,noEvent
6382,14,1,rld,15:33:05.099,80226,0.100,-0.084,0.018,0.000,0.000,activeTracking,noEvent
6382,14,1,rld,15:33:05.144,80227,0.143,-0.084,0.018,0.000,0.000,activeTracking,noEvent
6382,14,1,rld,15:33:05.215,80228,0.214,-0.084,0.018,0.000,0.000,activeTracking,noEvent
6382,14,1,rld,15:33:05.260,80229,0.255,-0.084,0.018,0.000,0.000,activeTracking,failedClick
6382,14,2,rld,15:33:05.868,80243,0.300,-0.084,0.018,0.000,0.000,waitingForTarget,middleTargetClick
6382,14,2,rld,15:33:05.906,80244,0.336,-0.084,0.018,0.000,0.000,waitingForTarget,noEvent
6382,14,2,rld,15:33:05.933,80245,0.369,-0.084,0.018,0.000,0.000,waitingForTarget,noEvent
6382,14,2,rld,15:33:05.978,80246,0.412,-0.084,0.018,0.000,0.000,waitingForTarget,noEvent
6382,14,2,rld,15:33:06.027,80247,0.462,-0.084,0.018,0.000,0.000,waitingForTarget,noEvent
6382,14,2,rld,15:33:06.067,80248,0.502,-0.084,0.018,0.000,0.000,waitingForTarget,noEvent
6382,14,2,rld,15:33:06.115,80249,0.549,-0.084,0.018,0.000,0.000,waitingForTarget,noEvent
6382,14,2,rld,15:33:06.162,80250,0.597,-0.084,0.018,0.000,0.000,waitingForTarget,noEvent
6382,14,2,rld,15:33:06.202,80251,0.638,-0.084,0.018,0.000,0.000,waitingForTarget,noEvent
6382,14,2,rld,15:33:06.268,80252,0.699,-0.084,0.018,0.000,0.000,waitingForTarget,noEvent
6382,14,2,rld,15:33:06.312,80253,0.747,-0.084,0.018,0.000,0.000,waitingForTarget,noEvent
6382,14,2,rld,15:33:06.391,80254,0.818,-0.084,0.018,0.000,0.000,activeTracking,failedClick
6382,14,3,rld,15:33:07.232,80271,0.886,-0.084,0.018,0.000,0.000,waitingForTarget,middleTargetClick
6382,14,3,rld,15:33:07.283,80272,0.939,-0.084,0.018,0.000,0.000,waitingForTarget,noEvent
6382,14,3,rld,15:33:07.333,80273,0.974,-0.084,0.018,0.000,0.000,waitingForTarget,noEvent
6382,14,3,rld,15:33:07.405,80274,1.052,-0.084,0.018,0.000,0.000,waitingForTarget,noEvent
6382,14,3,rld,15:33:07.449,80275,1.104,-0.084,0.018,0.000,0.000,waitingForTarget,noEvent
6382,14,3,rld,15:33:07.496,80276,1.147,-0.084,0.018,0.000,0.000,waitingForTarget,noEvent
6382,14,3,rld,15:33:07.524,80277,1.180,-0.084,0.018,0.000,0.000,waitingForTarget,noEvent
6382,14,3,rld,15:33:07.561,80278,1.214,-0.084,0.018,0.000,0.000,waitingForTarget,noEvent
6382,14,3,rld,15:33:07.591,80279,1.242,-0.084,0.018,0.000,0.000,waitingForTarget,noEvent
6382,14,3,rld,15:33:07.629,80280,1.289,-0.084,0.018,0.000,0.000,waitingForTarget,noEvent
6382,14,3,rld,15:33:07.658,80281,0.024,-0.084,0.018,0.000,0.000,activeTracking,targetAppeared
6382,14,3,rld,15:33:07.717,80282,0.084,-0.084,0.018,0.000,0.000,activeTracking,noEvent
6382,14,3,rld,15:33:07.741,80283,0.112,-0.084,0.018,0.000,0.000,activeTracking,noEvent
6382,14,3,rld,15:33:07.782,80284,0.150,-0.084,0.018,0.000,0.000,activeTracking,noEvent
6382,14,3,rld,15:33:07.827,80285,0.190,-0.084,0.018,0.000,0.000,activeTracking,noEvent
6382,14,3,rld,15:33:07.859,80286,0.224,-0.084,0.018,0.000,0.000,activeTracking,noEvent
6382,14,3,rld,15:33:07.893,80287,0.263,-0.084,0.018,0.000,0.000,activeTracking,noEvent
6382,14,3,rld,15:33:07.944,80288,0.313,-0.084,0.018,0.000,0.000,activeTracking,noEvent
6382,14,3,rld,15:33:07.982,80289,0.352,-0.084,0.018,0.000,0.000,activeTracking,noEvent
6382,14,3,rld,15:33:08.030,80290,0.400,-0.084,0.018,0.000,0.000,activeTracking,noEvent
6382,14,3,rld,15:33:08.081,80291,0.448,-0.084,0.018,0.000,0.000,activeTracking,noEvent
6382,14,3,rld,15:33:08.127,80292,0.491,-0.084,0.018,0.000,0.000,activeTracking,noEvent
6382,14,3,rld,15:33:08.168,80293,0.535,-0.084,0.018,0.000,0.000,activeTracking,noEvent
6382,14,3,rld,15:33:08.222,80294,0.590,-0.084,0.018,0.000,0.000,activeTracking,noEvent
6382,14,3,rld,15:33:08.268,80295,0.635,-0.084,0.018,0.000,0.000,activeTracking,noEvent
6382,14,3,rld,15:33:08.524,80296,0.854,-0.965,-0.094,-7.800,-1.000,activeTracking,noEvent
6382,14,3,rld,15:33:08.766,80297,1.132,-2.120,-0.029,-7.400,0.900,activeTracking,noEvent
6382,14,3,rld,15:33:08.928,80298,1.253,-2.771,0.053,-2.100,0.500,onTarget,noEvent
6382,14,3,rld,15:33:09.046,80299,1.384,-3.191,0.153,-1.600,0.600,activeTracking,noEvent
6382,14,3,rld,15:33:09.104,80300,1.469,-3.371,0.199,-0.300,0.100,activeTracking,noEvent
6382,14,3,rld,15:33:09.218,80301,1.571,-3.546,0.252,-0.900,0.300,activeTracking,noEvent
6382,14,3,rld,15:33:09.296,80302,1.655,-3.695,0.295,-0.700,0.200,activeTracking,noEvent
6382,14,3,rld,15:33:09.358,80303,1.715,-3.758,0.322,-0.100,0.100,activeTracking,noEvent
6382,14,3,rld,15:33:09.412,80304,1.773,-3.766,0.331,0.100,0.000,activeTracking,noEvent
6382,14,3,rld,15:33:09.550,80305,1.883,-3.499,0.318,2.100,-0.100,activeTracking,noEvent
6382,14,3,rld,15:33:09.623,80306,1.981,-3.310,0.276,0.800,-0.300,activeTracking,noEvent
6382,14,3,rld,15:33:09.751,80307,2.114,-3.086,0.190,1.300,-0.600,activeTracking,noEvent
6382,14,3,rld,15:33:09.878,80308,2.229,-2.913,0.078,0.800,-0.700,onTarget,noEvent
6382,14,3,rld,15:33:09.942,80309,2.307,-2.819,-0.006,0.300,-0.400,onTarget,noEvent
6382,14,3,rld,15:33:10.062,80310,2.418,-2.752,-0.092,0.300,-0.500,onTarget,noEvent
6382,14,3,rld,15:33:10.117,80311,2.482,-2.717,-0.132,0.100,-0.100,onTarget,noEvent
6382,14,3,rld,15:33:10.172,80312,2.540,-2.706,-0.146,0.000,0.000,onTarget,noEvent
6382,14,3,rld,15:33:10.242,80313,2.601,-2.702,-0.150,0.000,0.000,onTarget,noEvent
6382,14,3,rld,15:33:10.292,80314,2.653,-2.701,-0.152,0.000,0.000,onTarget,noEvent
6382,14,3,rld,15:33:10.332,80315,2.699,-2.700,-0.152,0.000,0.000,onTarget,noEvent
6382,14,3,rld,15:33:10.396,80316,2.765,-2.700,-0.152,0.000,0.000,onTarget,noEvent
6382,14,3,rld,15:33:10.449,80317,2.817,-2.700,-0.153,0.000,0.000,onTarget,noEvent
6382,14,3,rld,15:33:10.516,80318,2.875,-2.700,-0.153,0.000,0.000,onTarget,noEvent
6382,14,3,rld,15:33:10.613,80319,2.967,-2.700,-0.153,0.000,0.000,onTarget,targetClick
6382,14,4,rld,15:33:13.943,80355,3.027,-0.135,0.322,0.000,0.000,waitingForTarget,middleTargetClick
6382,14,4,rld,15:33:14.013,80356,3.104,-0.135,0.322,0.000,0.000,waitingForTarget,noEvent
6382,14,4,rld,15:33:14.064,80357,3.154,-0.135,0.322,0.000,0.000,waitingForTarget,noEvent
6382,14,4,rld,15:33:14.123,80358,3.212,-0.135,0.322,0.000,0.000,waitingForTarget,noEvent
6382,14,4,rld,15:33:14.183,80359,3.273,-0.135,0.322,0.000,0.000,waitingForTarget,noEvent
6382,14,4,rld,15:33:14.247,80360,3.324,-0.135,0.322,0.000,0.000,waitingForTarget,noEvent
6382,14,4,rld,15:33:14.310,80361,3.396,-0.135,0.322,0.000,0.000,waitingForTarget,noEvent
6382,14,4,rld,15:33:14.384,80362,3.472,-0.135,0.322,0.000,0.000,waitingForTarget,noEvent
6382,14,4,rld,15:33:14.442,80363,0.056,-0.135,0.322,0.000,0.000,activeTracking,targetAppeared
6382,14,4,rld,15:33:14.493,80364,0.112,-0.135,0.322,0.000,0.000,activeTracking,noEvent
6382,14,4,rld,15:33:14.561,80365,0.174,-0.135,0.322,0.000,0.000,activeTracking,noEvent
6382,14,4,rld,15:33:14.624,80366,0.235,-0.135,0.322,0.000,0.000,activeTracking,noEvent
6382,14,4,rld,15:33:14.729,80367,0.322,-0.101,0.322,0.300,0.000,activeTracking,noEvent
6382,14,4,rld,15:33:14.860,80368,0.449,0.011,0.288,0.900,-0.300,activeTracking,noEvent
6382,14,4,rld,15:33:14.951,80369,0.545,0.071,0.266,0.200,-0.100,activeTracking,noEvent
6382,14,4,rld,15:33:15.095,80370,0.674,-0.913,0.147,-8.900,-1.000,activeTracking,noEvent
6382,14,4,rld,15:33:15.215,80371,0.808,-1.984,0.030,-6.400,-0.700,activeTracking,noEvent
6382,14,4,rld,15:33:15.428,80372,1.007,-3.092,0.027,-6.100,0.300,activeTracking,noEvent
6382,14,4,rld,15:33:15.540,80373,1.142,-3.554,0.039,-0.600,0.100,activeTracking,noEvent
6382,14,4,rld,15:33:15.613,80374,1.206,-3.710,0.043,0.000,0.000,activeTracking,noEvent
6382,14,4,rld,15:33:15.674,80375,1.291,-3.763,0.044,0.000,0.000,activeTracking,noEvent
6382,14,4,rld,15:33:15.751,80376,1.373,-3.781,0.045,0.000,0.000,activeTracking,noEvent
6382,14,4,rld,15:33:15.830,80377,1.418,-3.787,0.045,0.000,0.000,activeTracking,noEvent
6382,14,4,rld,15:33:15.898,80378,1.507,-3.789,0.045,0.000,0.000,activeTracking,failedClick
6382,14,5,rld,15:33:22.314,80456,1.573,0.298,0.136,-0.100,0.000,waitingForTarget,middleTargetClick
6382,14,5,rld,15:33:22.375,80457,1.628,0.291,0.136,0.000,0.000,waitingForTarget,noEvent
6382,14,5,rld,15:33:22.439,80458,1.705,0.288,0.136,0.000,0.000,waitingForTarget,noEvent
6382,14,5,rld,15:33:22.499,80459,1.769,0.287,0.136,0.000,0.000,waitingForTarget,noEvent
6382,14,5,rld,15:33:22.560,80460,1.824,0.287,0.136,0.000,0.000,waitingForTarget,noEvent
6382,14,5,rld,15:33:22.623,80461,1.891,0.287,0.136,0.000,0.000,waitingForTarget,noEvent
6382,14,5,rld,15:33:22.678,80462,1.946,0.287,0.136,0.000,0.000,waitingForTarget,noEvent
6382,14,5,rld,15:33:22.730,80463,1.996,0.287,0.136,0.000,0.000,waitingForTarget,noEvent
6382,14,5,rld,15:33:22.788,80464,0.062,0.287,0.136,0.000,0.000,activeTracking,targetAppeared
6382,14,5,rld,15:33:22.887,80465,0.154,0.287,0.136,0.000,0.000,activeTracking,noEvent
6382,14,5,rld,15:33:22.949,80466,0.219,0.287,0.136,0.000,0.000,activeTracking,noEvent
6382,14,5,rld,15:33:23.009,80467,0.279,0.287,0.136,0.000,0.000,activeTracking,noEvent
6382,14,5,rld,15:33:23.081,80468,0.358,0.287,0.136,0.000,0.000,activeTracking,noEvent
6382,14,5,rld,15:33:23.131,80469,0.411,0.287,0.136,0.000,0.000,activeTracking,noEvent
6382,14,5,rld,15:33:23.183,80470,0.458,0.287,0.136,0.000,0.000,activeTracking,noEvent
6382,14,5,rld,15:33:23.234,80471,0.511,0.287,0.136,0.000,0.000,activeTracking,noEvent
6382,14,5,rld,15:33:23.282,80472,0.557,0.287,0.136,0.000,0.000,activeTracking,noEvent
6382,14,5,rld,15:33:23.334,80473,0.609,0.287,0.136,0.000,0.000,activeTracking,noEvent
6382,14,5,rld,15:33:23.383,80474,0.657,0.287,0.136,0.000,0.000,activeTracking,noEvent
6382,14,5,rld,15:33:23.427,80475,0.700,0.287,0.136,0.000,0.000,activeTracking,noEvent
6382,14,5,rld,15:33:23.464,80476,0.744,0.287,0.136,0.000,0.000,activeTracking,noEvent
6382,14,5,rld,15:33:23.501,80477,0.781,0.287,0.136,0.000,0.000,activeTracking,noEvent
6382,14,5,rld,15:33:23.560,80478,0.828,0.287,0.136,0.000,0.000,activeTracking,noEvent
6382,14,5,rld,15:33:23.611,80479,0.882,0.287,0.136,0.000,0.000,activeTracking,noEvent
6382,14,5,rld,15:33:23.666,80480,0.933,0.287,0.136,0.000,0.000,activeTracking,noEvent
6382,14,5,rld,15:33:23.711,80481,0.992,0.287,0.136,0.000,0.000,activeTracking,noEvent
6382,14,5,rld,15:33:23.779,80482,1.053,0.287,0.136,0.000,0.000,activeTracking,noEvent
6382,14,5,rld,15:33:23.842,80483,1.115,0.287,0.136,0.000,0.000,activeTracking,noEvent
6382,14,5,rld,15:33:23.891,80484,1.165,0.287,0.125,0.000,-0.100,activeTracking,noEvent
6382,14,5,rld,15:33:23.952,80485,1.226,0.287,0.110,0.000,-0.100,activeTracking,noEvent
6382,14,5,rld,15:33:24.013,80486,1.283,0.265,0.105,-0.200,0.000,activeTracking,noEvent
6382,14,5,rld,15:33:24.096,80487,1.372,0.189,0.103,-0.600,0.000,activeTracking,noEvent
6382,14,5,rld,15:33:24.128,80488,1.408,0.164,0.103,0.000,0.000,activeTracking,noEvent
6382,14,5,rld,15:33:24.175,80489,1.446,0.156,0.103,0.000,0.000,activeTracking,noEvent
6382,14,5,rld,15:33:24.208,80490,1.487,0.153,0.103,0.000,0.000,activeTracking,noEvent
6382,14,5,rld,15:33:24.258,80491,1.533,0.152,0.103,0.000,0.000,activeTracking,noEvent
6382,14,5,rld,15:33:24.312,80492,1.584,0.152,0.103,0.000,0.000,activeTracking,noEvent
6382,14,5,rld,15:33:24.365,80493,1.643,0.152,0.103,0.000,0.000,activeTracking,noEvent
6382,14,5,rld,15:33:24.439,80494,1.699,0.152,0.103,0.000,0.000,activeTracking,failedClick
6382,14,6,rld,15:33:25.577,80514,1.801,0.152,0.103,0.000,0.000,waitingForTarget,middleTargetClick
6382,14,6,rld,15:33:25.632,80515,1.864,0.152,0.103,0.000,0.000,waitingForTarget,noEvent
6382,14,6,rld,15:33:25.692,80516,1.915,0.152,0.103,0.000,0.000,waitingForTarget,noEvent
6382,14,6,rld,15:33:25.744,80517,1.969,0.152,0.103,0.000,0.000,waitingForTarget,noEvent
6382,14,6,rld,15:33:25.813,80518,2.045,0.152,0.103,0.000,0.000,waitingForTarget,noEvent
6382,14,6,rld,15:33:25.875,80519,2.092,0.152,0.103,0.000,0.000,waitingForTarget,noEvent
6382,14,6,rld,15:33:25.961,80520,2.182,0.152,0.103,0.000,0.000,waitingForTarget,noEvent
6382,14,6,rld,15:33:26.027,80521,2.252,0.152,0.103,0.000,0.000,waitingForTarget,noEvent
6382,14,6,rld,15:33:26.080,80522,0.055,0.152,0.103,0.000,0.000,activeTracking,targetAppeared
6382,14,6,rld,15:33:26.133,80523,0.109,0.152,0.103,0.000,0.000,activeTracking,noEvent
6382,14,6,rld,15:33:26.211,80524,0.188,0.152,0.103,0.000,0.000,activeTracking,noEvent
6382,14,6,rld,15:33:26.268,80525,0.242,0.152,0.103,0.000,0.000,activeTracking,noEvent
6382,14,6,rld,15:33:26.324,80526,0.293,0.152,0.103,0.000,0.000,activeTracking,noEvent
6382,14,6,rld,15:33:26.442,80527,0.363,0.152,0.103,0.000,0.000,activeTracking,failedClick
6382,14,7,rld,15:33:27.225,80539,0.441,0.152,0.103,0.000,0.000,waitingForTarget,middleTargetClick
6382,14,7,rld,15:33:27.278,80540,0.504,0.152,0.103,0.000,0.000,waitingForTarget,noEvent
6382,14,7,rld,15:33:27.324,80541,0.546,0.152,0.103,0.000,0.000,waitingForTarget,noEvent
6382,14,7,rld,15:33:27.366,80542,0.583,0.152,0.103,0.000,0.000,waitingForTarget,noEvent
6382,14,7,rld,15:33:27.408,80543,0.635,0.152,0.103,0.000,0.000,waitingForTarget,noEvent
6382,14,7,rld,15:33:27.472,80544,0.697,0.152,0.103,0.000,0.000,waitingForTarget,noEvent
6382,14,7,rld,15:33:27.530,80545,0.751,0.152,0.103,0.000,0.000,waitingForTarget,noEvent
6382,14,7,rld,15:33:27.599,80546,0.808,0.152,0.103,0.000,0.000,waitingForTarget,noEvent
6382,14,7,rld,15:33:27.654,80547,0.876,0.152,0.103,0.000,0.000,waitingForTarget,noEvent
6382,14,7,rld,15:33:27.693,80548,0.044,0.152,0.103,0.000,0.000,activeTracking,targetAppeared
6382,14,7,rld,15:33:27.760,80549,0.104,0.152,0.103,0.000,0.000,activeTracking,noEvent
6382,14,7,rld,15:33:27.831,80550,0.181,0.152,0.103,0.000,0.000,activeTracking,noEvent
6382,14,7,rld,15:33:27.876,80551,0.217,0.152,0.103,0.000,0.000,activeTracking,noEvent
6382,14,7,rld,15:33:27.939,80552,0.286,0.152,0.103,0.000,0.000,activeTracking,failedClick
6382,14,8,rld,15:33:29.082,80572,0.365,0.152,0.103,0.000,0.000,waitingForTarget,middleTargetClick
6382,14,8,rld,15:33:29.140,80573,0.417,0.152,0.103,0.000,0.000,waitingForTarget,noEvent
6382,14,8,rld,15:33:29.184,80574,0.468,0.152,0.103,0.000,0.000,waitingForTarget,noEvent
6382,14,8,rld,15:33:29.242,80575,0.517,0.152,0.103,0.000,0.000,waitingForTarget,noEvent
6382,14,8,rld,15:33:29.294,80576,0.579,0.152,0.103,0.000,0.000,waitingForTarget,noEvent
6382,14,8,rld,15:33:29.343,80577,0.618,0.152,0.103,0.000,0.000,waitingForTarget,noEvent
6382,14,8,rld,15:33:29.391,80578,0.670,0.152,0.103,0.000,0.000,waitingForTarget,noEvent
6382,14,8,rld,15:33:29.463,80579,0.748,0.152,0.103,0.000,0.000,waitingForTarget,noEvent
6382,14,8,rld,15:33:29.512,80580,0.794,0.152,0.103,0.000,0.000,waitingForTarget,noEvent
6382,14,8,rld,15:33:29.567,80581,0.050,0.152,0.103,0.000,0.000,activeTracking,targetAppeared
6382,14,8,rld,15:33:29.630,80582,0.114,0.152,0.103,0.000,0.000,activeTracking,noEvent
6382,14,8,rld,15:33:29.691,80583,0.176,0.152,0.103,0.000,0.000,activeTracking,noEvent
6382,14,8,rld,15:33:29.750,80584,0.228,0.152,0.103,0.000,0.000,activeTracking,failedClick
6382,14,9,rld,15:33:36.130,80707,0.360,0.152,0.035,0.000,-0.600,waitingForTarget,middleTargetClick
6382,14,9,rld,15:33:36.162,80708,0.395,0.152,0.013,0.000,0.000,waitingForTarget,noEvent
6382,14,9,rld,15:33:36.208,80709,0.437,0.152,0.005,0.000,0.000,waitingForTarget,noEvent
6382,14,9,rld,15:33:36.272,80710,0.496,0.152,0.003,0.000,0.000,waitingForTarget,noEvent
6382,14,9,rld,15:33:36.328,80711,0.556,0.152,0.002,0.000,0.000,waitingForTarget,noEvent
6382,14,9,rld,15:33:36.367,80712,0.598,0.152,0.001,0.000,0.000,waitingForTarget,noEvent
6382,14,9,rld,15:33:36.408,80713,0.635,0.152,0.001,0.000,0.000,waitingForTarget,noEvent
6382,14,9,rld,15:33:36.466,80714,0.688,0.152,0.001,0.000,0.000,waitingForTarget,noEvent
6382,14,9,rld,15:33:36.512,80715,0.734,0.152,0.001,0.000,0.000,waitingForTarget,noEvent
6382,14,9,rld,15:33:36.581,80716,0.801,0.152,0.024,0.000,0.200,waitingForTarget,noEvent
6382,14,9,rld,15:33:36.678,80717,0.109,0.118,0.133,-0.300,0.900,activeTracking,targetAppeared
6382,14,9,rld,15:33:36.725,80718,0.157,0.107,0.169,0.000,0.000,activeTracking,noEvent
6382,14,9,rld,15:33:36.759,80719,0.183,0.103,0.181,0.000,0.000,activeTracking,noEvent
6382,14,9,rld,15:33:36.811,80720,0.226,0.102,0.185,0.000,0.000,activeTracking,noEvent
6382,14,9,rld,15:33:36.857,80721,0.283,0.102,0.186,0.000,0.000,activeTracking,noEvent
6382,14,9,rld,15:33:36.897,80722,0.323,0.101,0.187,0.000,0.000,activeTracking,noEvent
6382,14,9,rld,15:33:36.940,80723,0.363,0.101,0.187,0.000,0.000,activeTracking,noEvent
6382,14,9,rld,15:33:36.982,80724,0.410,0.101,0.187,0.000,0.000,activeTracking,noEvent
6382,14,9,rld,15:33:37.028,80725,0.452,0.101,0.187,0.000,0.000,activeTracking,noEvent
6382,14,9,rld,15:33:37.069,80726,0.498,0.101,0.187,0.000,0.000,activeTracking,noEvent
6382,14,9,rld,15:33:37.134,80727,0.563,0.101,0.187,0.000,0.000,activeTracking,noEvent
6382,14,9,rld,15:33:37.172,80728,0.599,0.101,0.187,0.000,0.000,activeTracking,noEvent
6382,14,9,rld,15:33:37.213,80729,0.644,0.101,0.187,0.000,0.000,activeTracking,noEvent
6382,14,9,rld,15:33:37.272,80730,0.693,0.101,0.187,0.000,0.000,activeTracking,noEvent
6382,14,9,rld,15:33:37.373,80731,0.780,0.101,0.176,0.000,-0.100,activeTracking,noEvent
6382,14,9,rld,15:33:37.458,80732,0.882,0.101,0.037,0.000,-1.200,activeTracking,failedClick
6382,14,10,rld,15:33:38.775,80756,0.953,0.084,0.069,0.000,0.000,waitingForTarget,middleTargetClick
6382,14,10,rld,15:33:38.844,80757,1.019,0.084,0.069,0.000,0.000,waitingForTarget,noEvent
6382,14,10,rld,15:33:38.896,80758,1.068,0.084,0.069,0.000,0.000,waitingForTarget,noEvent
6382,14,10,rld,15:33:38.960,80759,1.135,0.084,0.069,0.000,0.000,waitingForTarget,noEvent
6382,14,10,rld,15:33:39.029,80760,1.212,0.084,0.069,0.000,0.000,waitingForTarget,noEvent
6382,14,10,rld,15:33:39.083,80761,1.268,0.084,0.069,0.000,0.000,waitingForTarget,noEvent
6382,14,10,rld,15:33:39.129,80762,1.312,0.084,0.069,0.000,0.000,waitingForTarget,noEvent
6382,14,10,rld,15:33:39.174,80763,1.352,0.084,0.069,0.000,0.000,waitingForTarget,noEvent
6382,14,10,rld,15:33:39.223,80764,1.397,0.084,0.069,0.000,0.000,waitingForTarget,noEvent
6382,14,10,rld,15:33:39.266,80765,0.051,0.084,0.069,0.000,0.000,activeTracking,targetAppeared
6382,14,10,rld,15:33:39.326,80766,0.112,0.084,0.069,0.000,0.000,activeTracking,noEvent
6382,14,10,rld,15:33:39.364,80767,0.147,0.084,0.069,0.000,0.000,activeTracking,noEvent
6382,14,10,rld,15:33:39.426,80768,0.211,0.084,0.069,0.000,0.000,activeTracking,failedClick
6382,14,11,rld,15:33:39.992,80779,0.276,0.084,0.069,0.000,0.000,waitingForTarget,middleTargetClick
6382,14,11,rld,15:33:40.057,80780,0.353,0.084,0.069,0.000,0.000,waitingForTarget,noEvent
6382,14,11,rld,15:33:40.117,80781,0.411,0.084,0.069,0.000,0.000,waitingForTarget,noEvent
6382,14,11,rld,15:33:40.171,80782,0.469,0.084,0.069,0.000,0.000,waitingForTarget,noEvent
6382,14,11,rld,15:33:40.215,80783,0.514,0.084,0.069,0.000,0.000,waitingForTarget,noEvent
6382,14,11,rld,15:33:40.253,80784,0.547,0.084,0.069,0.000,0.000,waitingForTarget,noEvent
6382,14,11,rld,15:33:40.301,80785,0.594,0.084,0.069,0.000,0.000,waitingForTarget,noEvent
6382,14,11,rld,15:33:40.361,80786,0.653,0.084,0.069,0.000,0.000,waitingForTarget,noEvent
6382,14,11,rld,15:33:40.417,80787,0.714,0.084,0.069,0.000,0.000,waitingForTarget,noEvent
6382,14,11,rld,15:33:40.476,80788,0.056,0.084,0.069,0.000,0.000,activeTracking,targetAppeared
6382,14,11,rld,15:33:40.540,80789,0.122,0.084,0.069,0.000,0.000,activeTracking,noEvent
6382,14,11,rld,15:33:40.581,80790,0.169,0.084,0.069,0.000,0.000,activeTracking,noEvent
6382,14,11,rld,15:33:40.631,80791,0.213,0.084,0.069,0.000,0.000,activeTracking,noEvent
6382,14,11,rld,15:33:40.707,80792,0.282,0.084,0.069,0.000,0.000,activeTracking,noEvent
6382,14,11,rld,15:33:40.789,80793,0.363,0.084,0.069,0.000,0.000,activeTracking,noEvent
6382,14,11,rld,15:33:40.881,80794,0.449,0.084,0.069,0.000,0.000,activeTracking,failedClick
6382,14,12,rld,15:33:41.828,80811,0.534,0.084,0.069,0.000,0.000,waitingForTarget,middleTargetClick
6382,14,12,rld,15:33:41.879,80812,0.591,0.084,0.069,0.000,0.000,waitingForTarget,noEvent
6382,14,12,rld,15:33:41.913,80813,0.626,0.084,0.069,0.000,0.000,waitingForTarget,noEvent
6382,14,12,rld,15:33:41.982,80814,0.696,0.084,0.069,0.000,0.000,waitingForTarget,noEvent
6382,14,12,rld,15:33:42.031,80815,0.738,0.084,0.069,0.000,0.000,waitingForTarget,noEvent
6382,14,12,rld,15:33:42.067,80816,0.782,0.084,0.069,0.000,0.000,waitingForTarget,noEvent
6382,14,12,rld,15:33:42.097,80817,0.811,0.084,0.069,0.000,0.000,waitingForTarget,noEvent
6382,14,12,rld,15:33:42.141,80818,0.849,0.084,0.069,0.000,0.000,waitingForTarget,noEvent
6382,14,12,rld,15:33:42.195,80819,0.904,0.084,0.069,0.000,0.000,waitingForTarget,noEvent
6382,14,12,rld,15:33:42.247,80820,0.949,0.084,0.069,0.000,0.000,waitingForTarget,noEvent
6382,14,12,rld,15:33:42.311,80821,0.060,0.084,0.069,0.000,0.000,activeTracking,targetAppeared
6382,14,12,rld,15:33:42.366,80822,0.130,0.084,0.069,0.000,0.000,activeTracking,failedClick
6382,14,13,rld,15:33:43.613,80845,0.199,0.084,0.069,0.000,0.000,waitingForTarget,middleTargetClick
6382,14,13,rld,15:33:43.670,80846,0.252,0.084,0.069,0.000,0.000,waitingForTarget,noEvent
6382,14,13,rld,15:33:43.726,80847,0.304,0.084,0.069,0.000,0.000,waitingForTarget,noEvent
6382,14,13,rld,15:33:43.777,80848,0.357,0.084,0.069,0.000,0.000,waitingForTarget,noEvent
6382,14,13,rld,15:33:43.840,80849,0.420,0.084,0.069,0.000,0.000,waitingForTarget,noEvent
6382,14,13,rld,15:33:43.890,80850,0.468,0.084,0.069,0.000,0.000,waitingForTarget,noEvent
6382,14,13,rld,15:33:43.948,80851,0.533,0.084,0.069,0.000,0.000,waitingForTarget,noEvent
6382,14,13,rld,15:33:43.992,80852,0.573,0.084,0.069,0.000,0.000,waitingForTarget,noEvent
6382,14,13,rld,15:33:44.065,80853,0.651,0.084,0.069,0.000,0.000,waitingForTarget,noEvent
6382,14,13,rld,15:33:44.123,80854,0.049,0.084,0.069,0.000,0.000,activeTracking,targetAppeared
6382,14,13,rld,15:33:44.160,80855,0.097,0.084,0.069,0.000,0.000,activeTracking,noEvent
6382,14,13,rld,15:33:44.200,80856,0.137,0.084,0.069,0.000,0.000,activeTracking,noEvent
6382,14,13,rld,15:33:44.292,80857,0.221,0.084,0.069,0.000,0.000,activeTracking,noEvent
6382,14,13,rld,15:33:44.358,80858,0.282,0.084,0.069,0.000,0.000,activeTracking,failedClick
6382,14,14,rld,15:33:45.843,80885,0.368,0.084,0.069,0.000,0.000,waitingForTarget,middleTargetClick
6382,14,14,rld,15:33:45.898,80886,0.431,0.084,0.069,0.000,0.000,waitingForTarget,noEvent
6382,14,14,rld,15:33:45.947,80887,0.485,0.084,0.069,0.000,0.000,waitingForTarget,noEvent
6382,14,14,rld,15:33:45.994,80888,0.530,0.084,0.069,0.000,0.000,waitingForTarget,noEvent
6382,14,14,rld,15:33:46.026,80889,0.560,0.084,0.069,0.000,0.000,waitingForTarget,noEvent
6382,14,14,rld,15:33:46.091,80890,0.622,0.084,0.069,0.000,0.000,waitingForTarget,noEvent
6382,14,14,rld,15:33:46.150,80891,0.686,0.084,0.069,0.000,0.000,waitingForTarget,noEvent
6382,14,14,rld,15:33:46.204,80892,0.733,0.084,0.069,0.000,0.000,waitingForTarget,noEvent
6382,14,14,rld,15:33:46.245,80893,0.776,0.084,0.069,0.000,0.000,waitingForTarget,noEvent
6382,14,14,rld,15:33:46.311,80894,0.072,0.084,0.069,0.000,0.000,activeTracking,targetAppeared
6382,14,14,rld,15:33:46.352,80895,0.114,0.084,0.069,0.000,0.000,activeTracking,noEvent
6382,14,14,rld,15:33:46.400,80896,0.162,0.084,0.069,0.000,0.000,activeTracking,noEvent
6382,14,14,rld,15:33:46.459,80897,0.214,0.084,0.069,0.000,0.000,activeTracking,noEvent
6382,14,14,rld,15:33:46.522,80898,0.277,0.084,0.069,0.000,0.000,activeTracking,failedClick
6382,14,15,rld,15:33:47.213,80911,0.332,0.084,0.069,0.000,0.000,waitingForTarget,middleTargetClick
6382,14,15,rld,15:33:47.273,80912,0.390,0.084,0.069,0.000,0.000,waitingForTarget,noEvent
6382,14,15,rld,15:33:47.327,80913,0.448,0.084,0.069,0.000,0.000,waitingForTarget,noEvent
6382,14,15,rld,15:33:47.379,80914,0.506,0.084,0.069,0.000,0.000,waitingForTarget,noEvent
6382,14,15,rld,15:33:47.430,80915,0.559,0.084,0.069,0.000,0.000,waitingForTarget,noEvent
6382,14,15,rld,15:33:47.466,80916,0.594,0.084,0.069,0.000,0.000,waitingForTarget,noEvent
6382,14,15,rld,15:33:47.512,80917,0.632,0.084,0.069,0.000,0.000,waitingForTarget,noEvent
6382,14,15,rld,15:33:47.570,80918,0.694,0.084,0.069,0.000,0.000,waitingForTarget,noEvent
6382,14,15,rld,15:33:47.639,80919,0.759,0.084,0.069,0.000,0.000,waitingForTarget,noEvent
6382,14,15,rld,15:33:47.689,80920,0.054,0.084,0.069,0.000,0.000,activeTracking,targetAppeared
6382,14,15,rld,15:33:47.741,80921,0.103,0.084,0.069,0.000,0.000,activeTracking,noEvent
6382,14,15,rld,15:33:47.827,80922,0.192,0.084,0.069,0.000,0.000,activeTracking,noEvent
6382,14,15,rld,15:33:47.859,80923,0.223,0.084,0.069,0.000,0.000,activeTracking,noEvent
6382,14,15,rld,15:33:47.910,80924,0.269,0.084,0.069,0.000,0.000,activeTracking,noEvent
6382,14,15,rld,15:33:47.969,80925,0.330,0.084,0.069,0.000,0.000,activeTracking,noEvent
6382,14,15,rld,15:33:48.042,80926,0.402,0.084,0.069,0.000,0.000,activeTracking,failedClick
6382,14,16,rld,15:33:48.824,80941,0.472,0.084,0.069,0.000,0.000,waitingForTarget,middleTargetClick
6382,14,16,rld,15:33:48.889,80942,0.543,0.084,0.069,0.000,0.000,waitingForTarget,noEvent
6382,14,16,rld,15:33:48.933,80943,0.592,0.084,0.069,0.000,0.000,waitingForTarget,noEvent
6382,14,16,rld,15:33:49.010,80944,0.666,0.084,0.069,0.000,0.000,waitingForTarget,noEvent
6382,14,16,rld,15:33:49.081,80945,0.733,0.084,0.069,0.000,0.000,waitingForTarget,noEvent
6382,14,16,rld,15:33:49.167,80946,0.824,0.084,0.069,0.000,0.000,waitingForTarget,noEvent
6382,14,16,rld,15:33:49.211,80947,0.861,0.084,0.069,0.000,0.000,waitingForTarget,noEvent
6382,14,16,rld,15:33:49.272,80948,0.926,0.084,0.069,0.000,0.000,waitingForTarget,noEvent
6382,14,16,rld,15:33:49.342,80949,0.068,0.084,0.069,0.000,0.000,activeTracking,targetAppeared
6382,14,16,rld,15:33:49.381,80950,0.106,0.084,0.069,0.000,0.000,activeTracking,noEvent
6382,14,16,rld,15:33:49.431,80951,0.165,0.084,0.069,0.000,0.000,activeTracking,noEvent
6382,14,16,rld,15:33:49.491,80952,0.218,0.084,0.069,0.000,0.000,activeTracking,failedClick
6382,14,17,rld,15:33:50.696,80974,0.278,0.084,0.069,0.000,0.000,waitingForTarget,middleTargetClick
6382,14,17,rld,15:33:50.763,80975,0.335,0.084,0.069,0.000,0.000,waitingForTarget,noEvent
6382,14,17,rld,15:33:50.852,80976,0.438,0.084,0.069,0.000,0.000,waitingForTarget,noEvent
6382,14,17,rld,15:33:50.913,80977,0.489,0.084,0.069,0.000,0.000,waitingForTarget,noEvent
6382,14,17,rld,15:33:50.970,80978,0.537,0.084,0.069,0.000,0.000,waitingForTarget,noEvent
6382,14,17,rld,15:33:51.040,80979,0.611,0.084,0.069,0.000,0.000,waitingForTarget,noEvent
6382,14,17,rld,15:33:51.092,80980,0.680,0.084,0.069,0.000,0.000,waitingForTarget,noEvent
6382,14,17,rld,15:33:51.143,80981,0.041,0.084,0.069,0.000,0.000,activeTracking,targetAppeared
6382,14,17,rld,15:33:51.227,80982,0.122,0.084,0.069,0.000,0.000,activeTracking,noEvent
6382,14,17,rld,15:33:51.282,80983,0.187,0.084,0.069,0.000,0.000,activeTracking,noEvent
6382,14,17,rld,15:33:51.327,80984,0.234,0.084,0.069,0.000,0.000,activeTracking,noEvent
6382,14,17,rld,15:33:51.408,80985,0.313,0.084,0.069,0.000,0.000,activeTracking,failedClick
6382,14,18,rld,15:33:52.556,81006,0.394,0.084,0.069,0.000,0.000,waitingForTarget,middleTargetClick
6382,14,18,rld,15:33:52.608,81007,0.446,0.084,0.069,0.000,0.000,waitingForTarget,noEvent
6382,14,18,rld,15:33:52.665,81008,0.507,0.084,0.069,0.000,0.000,waitingForTarget,noEvent
6382,14,18,rld,15:33:52.708,81009,0.548,0.084,0.069,0.000,0.000,waitingForTarget,noEvent
6382,14,18,rld,15:33:52.874,81010,0.709,0.084,0.069,0.000,0.000,waitingForTarget,noEvent
6382,14,18,rld,15:33:52.924,81011,0.763,0.084,0.069,0.000,0.000,waitingForTarget,noEvent
6382,14,18,rld,15:33:52.980,81012,0.809,0.084,0.069,0.000,0.000,waitingForTarget,noEvent
6382,14,18,rld,15:33:53.031,81013,0.068,0.084,0.069,0.000,0.000,activeTracking,targetAppeared
6382,14,18,rld,15:33:53.077,81014,0.114,0.084,0.069,0.000,0.000,activeTracking,noEvent
6382,14,18,rld,15:33:53.112,81015,0.149,0.084,0.069,0.000,0.000,activeTracking,noEvent
6382,14,18,rld,15:33:53.159,81016,0.193,0.084,0.069,0.000,0.000,activeTracking,noEvent
6382,14,18,rld,15:33:53.226,81017,0.254,0.084,0.069,0.000,0.000,activeTracking,noEvent
6382,14,18,rld,15:33:53.287,81018,0.312,0.084,0.069,0.000,0.000,activeTracking,failedClick
6382,14,19,rld,15:33:54.012,81031,0.402,0.084,0.069,0.000,0.000,waitingForTarget,middleTargetClick
6382,14,19,rld,15:33:54.091,81032,0.480,0.084,0.069,0.000,0.000,waitingForTarget,noEvent
6382,14,19,rld,15:33:54.146,81033,0.533,0.084,0.069,0.000,0.000,waitingForTarget,noEvent
6382,14,19,rld,15:33:54.191,81034,0.582,0.084,0.069,0.000,0.000,waitingForTarget,noEvent
6382,14,19,rld,15:33:54.230,81035,0.616,0.084,0.069,0.000,0.000,waitingForTarget,noEvent
6382,14,19,rld,15:33:54.270,81036,0.654,0.084,0.069,0.000,0.000,waitingForTarget,noEvent
6382,14,19,rld,15:33:54.308,81037,0.686,0.084,0.069,0.000,0.000,waitingForTarget,noEvent
6382,14,19,rld,15:33:54.366,81038,0.746,0.084,0.069,0.000,0.000,waitingForTarget,noEvent
6382,14,19,rld,15:33:54.432,81039,0.821,0.084,0.069,0.000,0.000,waitingForTarget,noEvent
6382,14,19,rld,15:33:54.508,81040,0.071,0.084,0.069,0.000,0.000,activeTracking,targetAppeared
6382,14,19,rld,15:33:54.571,81041,0.133,0.084,0.069,0.000,0.000,activeTracking,noEvent
6382,14,19,rld,15:33:54.620,81042,0.190,0.084,0.069,0.000,0.000,activeTracking,noEvent
6382,14,19,rld,15:33:54.661,81043,0.231,0.084,0.069,0.000,0.000,activeTracking,noEvent
6382,14,19,rld,15:33:54.712,81044,0.267,0.084,0.069,0.000,0.000,activeTracking,noEvent
6382,14,19,rld,15:33:54.765,81045,0.334,0.084,0.069,0.000,0.000,activeTracking,noEvent
6382,14,19,rld,15:33:54.839,81046,0.401,0.084,0.069,0.000,0.000,activeTracking,failedClick
6382,14,20,rld,15:33:56.270,81072,0.517,0.084,0.069,0.000,0.000,waitingForTarget,middleTargetClick
6382,14,20,rld,15:33:56.322,81073,0.576,0.084,0.069,0.000,0.000,waitingForTarget,noEvent
6382,14,20,rld,15:33:56.393,81074,0.639,0.084,0.069,0.000,0.000,waitingForTarget,noEvent
6382,14,20,rld,15:33:56.453,81075,0.701,0.084,0.069,0.000,0.000,waitingForTarget,noEvent
6382,14,20,rld,15:33:56.504,81076,0.748,0.084,0.069,0.000,0.000,waitingForTarget,noEvent
6382,14,20,rld,15:33:56.568,81077,0.810,0.084,0.069,0.000,0.000,waitingForTarget,noEvent
6382,14,20,rld,15:33:56.637,81078,0.887,0.084,0.069,0.000,0.000,waitingForTarget,noEvent
6382,14,20,rld,15:33:56.680,81079,0.934,0.084,0.069,0.000,0.000,waitingForTarget,noEvent
6382,14,20,rld,15:33:56.737,81080,0.052,0.084,0.069,0.000,0.000,activeTracking,targetAppeared
6382,14,20,rld,15:33:56.791,81081,0.112,0.084,0.069,0.000,0.000,activeTracking,noEvent
6382,14,20,rld,15:33:56.847,81082,0.167,0.084,0.069,0.000,0.000,activeTracking,noEvent
6382,14,20,rld,15:33:56.900,81083,0.215,0.084,0.069,0.000,0.000,activeTracking,noEvent
6382,14,20,rld,15:33:56.949,81084,0.266,0.084,0.069,0.000,0.000,activeTracking,noEvent
6382,14,20,rld,15:33:57.010,81085,0.323,0.084,0.069,0.000,0.000,activeTracking,failedClick
6382,14,21,rld,15:33:57.716,81098,0.403,0.084,0.069,0.000,0.000,waitingForTarget,middleTargetClick
6382,14,21,rld,15:33:57.765,81099,0.452,0.084,0.069,0.000,0.000,waitingForTarget,noEvent
6382,14,21,rld,15:33:57.824,81100,0.515,0.084,0.069,0.000,0.000,waitingForTarget,noEvent
6382,14,21,rld,15:33:57.868,81101,0.551,0.084,0.069,0.000,0.000,waitingForTarget,noEvent
6382,14,21,rld,15:33:57.919,81102,0.592,0.084,0.069,0.000,0.000,waitingForTarget,noEvent
6382,14,21,rld,15:33:57.962,81103,0.649,0.084,0.069,0.000,0.000,waitingForTarget,noEvent
6382,14,21,rld,15:33:58.043,81104,0.725,0.084,0.069,0.000,0.000,waitingForTarget,noEvent
6382,14,21,rld,15:33:58.102,81105,0.790,0.084,0.069,0.000,0.000,waitingForTarget,noEvent
6382,14,21,rld,15:33:58.141,81106,0.822,0.084,0.069,0.000,0.000,waitingForTarget,noEvent
6382,14,21,rld,15:33:58.209,81107,0.065,0.084,0.069,0.000,0.000,activeTracking,targetAppeared
6382,14,21,rld,15:33:58.278,81108,0.142,0.084,0.069,0.000,0.000,activeTracking,noEvent
6382,14,21,rld,15:33:58.325,81109,0.192,0.084,0.069,0.000,0.000,activeTracking,noEvent
6382,14,21,rld,15:33:58.366,81110,0.232,0.084,0.069,0.000,0.000,activeTracking,noEvent
6382,14,21,rld,15:33:58.440,81111,0.287,0.084,0.069,0.000,0.000,activeTracking,noEvent
6382,14,21,rld,15:33:58.542,81112,0.409,0.084,0.069,0.000,0.000,activeTracking,failedClick
6382,14,22,rld,15:33:59.748,81134,0.461,0.084,0.069,0.000,0.000,waitingForTarget,middleTargetClick
6382,14,22,rld,15:33:59.822,81135,0.542,0.084,0.069,0.000,0.000,waitingForTarget,noEvent
6382,14,22,rld,15:33:59.875,81136,0.599,0.084,0.069,0.000,0.000,waitingForTarget,noEvent
6382,14,22,rld,15:33:59.926,81137,0.652,0.084,0.069,0.000,0.000,waitingForTarget,noEvent
6382,14,22,rld,15:33:59.975,81138,0.693,0.084,0.069,0.000,0.000,waitingForTarget,noEvent
6382,14,22,rld,15:34:00.021,81139,0.747,0.084,0.069,0.000,0.000,waitingForTarget,noEvent
6382,14,22,rld,15:34:00.082,81140,0.806,0.084,0.069,0.000,0.000,waitingForTarget,noEvent
6382,14,22,rld,15:34:00.132,81141,0.859,0.084,0.069,0.000,0.000,waitingForTarget,noEvent
6382,14,22,rld,15:34:00.177,81142,0.896,0.084,0.069,0.000,0.000,waitingForTarget,noEvent
6382,14,22,rld,15:34:00.228,81143,0.046,0.084,0.069,0.000,0.000,activeTracking,targetAppeared
6382,14,22,rld,15:34:00.291,81144,0.112,0.084,0.069,0.000,0.000,activeTracking,noEvent
6382,14,22,rld,15:34:00.354,81145,0.185,0.084,0.069,0.000,0.000,activeTracking,noEvent
6382,14,22,rld,15:34:00.409,81146,0.232,0.084,0.069,0.000,0.000,activeTracking,noEvent
6382,14,22,rld,15:34:00.457,81147,0.283,0.084,0.069,0.000,0.000,activeTracking,noEvent
6382,14,22,rld,15:34:00.520,81148,0.335,0.084,0.069,0.000,0.000,activeTracking,failedClick
6382,14,23,rld,15:34:01.315,81162,0.397,0.084,0.069,0.000,0.000,waitingForTarget,middleTargetClick
6382,14,23,rld,15:34:01.371,81163,0.454,0.084,0.069,0.000,0.000,waitingForTarget,noEvent
6382,14,23,rld,15:34:01.424,81164,0.509,0.084,0.069,0.000,0.000,waitingForTarget,noEvent
6382,14,23,rld,15:34:01.478,81165,0.565,0.084,0.069,0.000,0.000,waitingForTarget,noEvent
6382,14,23,rld,15:34:01.542,81166,0.632,0.084,0.069,0.000,0.000,waitingForTarget,noEvent
6382,14,23,rld,15:34:01.608,81167,0.692,0.084,0.069,0.000,0.000,waitingForTarget,noEvent
6382,14,23,rld,15:34:01.649,81168,0.735,0.084,0.069,0.000,0.000,waitingForTarget,noEvent
6382,14,23,rld,15:34:01.709,81169,0.788,0.084,0.069,0.000,0.000,waitingForTarget,noEvent
6382,14,23,rld,15:34:01.762,81170,0.853,0.084,0.069,0.000,0.000,waitingForTarget,noEvent
6382,14,23,rld,15:34:01.827,81171,0.062,0.084,0.069,0.000,0.000,activeTracking,targetAppeared
6382,14,23,rld,15:34:01.898,81172,0.132,0.084,0.069,0.000,0.000,activeTracking,noEvent
6382,14,23,rld,15:34:01.955,81173,0.190,0.084,0.069,0.000,0.000,activeTracking,noEvent
6382,14,23,rld,15:34:02.011,81174,0.249,0.084,0.069,0.000,0.000,activeTracking,noEvent
6382,14,23,rld,15:34:02.074,81175,0.301,0.084,0.069,0.000,0.000,activeTracking,noEvent
6382,14,23,rld,15:34:02.158,81176,0.382,0.084,0.069,0.000,0.000,activeTracking,failedClick
6382,14,24,rld,15:34:02.959,81190,0.449,0.084,0.069,0.000,0.000,waitingForTarget,middleTargetClick
6382,14,24,rld,15:34:03.005,81191,0.498,0.084,0.069,0.000,0.000,waitingForTarget,noEvent
6382,14,24,rld,15:34:03.059,81192,0.545,0.084,0.069,0.000,0.000,waitingForTarget,noEvent
6382,14,24,rld,15:34:03.111,81193,0.593,0.084,0.069,0.000,0.000,waitingForTarget,noEvent
6382,14,24,rld,15:34:03.168,81194,0.659,0.084,0.069,0.000,0.000,waitingForTarget,noEvent
6382,14,24,rld,15:34:03.229,81195,0.724,0.084,0.069,0.000,0.000,waitingForTarget,noEvent
6382,14,24,rld,15:34:03.281,81196,0.769,0.084,0.069,0.000,0.000,waitingForTarget,noEvent
6382,14,24,rld,15:34:03.342,81197,0.828,0.084,0.069,0.000,0.000,waitingForTarget,noEvent
6382,14,24,rld,15:34:03.392,81198,0.885,0.084,0.069,0.000,0.000,waitingForTarget,noEvent
6382,14,24,rld,15:34:03.449,81199,0.053,0.084,0.069,0.000,0.000,activeTracking,targetAppeared
6382,14,24,rld,15:34:03.512,81200,0.119,0.084,0.069,0.000,0.000,activeTracking,noEvent
6382,14,24,rld,15:34:03.571,81201,0.180,0.084,0.069,0.000,0.000,activeTracking,noEvent
6382,14,24,rld,15:34:03.627,81202,0.222,0.084,0.069,0.000,0.000,activeTracking,noEvent
6382,14,24,rld,15:34:03.681,81203,0.273,0.084,0.069,0.000,0.000,activeTracking,noEvent
6382,14,24,rld,15:34:03.746,81204,0.346,0.084,0.069,0.000,0.000,activeTracking,failedClick
6382,14,25,rld,15:34:04.871,81223,0.417,0.084,0.069,0.000,0.000,waitingForTarget,middleTargetClick
6382,14,25,rld,15:34:04.912,81224,0.458,0.084,0.069,0.000,0.000,waitingForTarget,noEvent
6382,14,25,rld,15:34:04.972,81225,0.522,0.084,0.069,0.000,0.000,waitingForTarget,noEvent
6382,14,25,rld,15:34:05.021,81226,0.566,0.084,0.069,0.000,0.000,waitingForTarget,noEvent
6382,14,25,rld,15:34:05.097,81227,0.649,0.084,0.069,0.000,0.000,waitingForTarget,noEvent
6382,14,25,rld,15:34:05.152,81228,0.697,0.084,0.069,0.000,0.000,waitingForTarget,noEvent
6382,14,25,rld,15:34:05.209,81229,0.749,0.084,0.069,0.000,0.000,waitingForTarget,noEvent
6382,14,25,rld,15:34:05.257,81230,0.805,0.084,0.069,0.000,0.000,waitingForTarget,noEvent
6382,14,25,rld,15:34:05.341,81231,0.893,0.084,0.069,0.000,0.000,waitingForTarget,noEvent
6382,14,25,rld,15:34:05.406,81232,0.062,0.084,0.069,0.000,0.000,activeTracking,targetAppeared
6382,14,25,rld,15:34:05.448,81233,0.108,0.084,0.069,0.000,0.000,activeTracking,noEvent
6382,14,25,rld,15:34:05.512,81234,0.161,0.084,0.069,0.000,0.000,activeTracking,noEvent
6382,14,25,rld,15:34:05.591,81235,0.244,0.084,0.069,0.000,0.000,activeTracking,noEvent
6382,14,25,rld,15:34:05.647,81236,0.307,0.084,0.069,0.000,0.000,activeTracking,noEvent
6382,14,25,rld,15:34:05.711,81237,0.371,0.084,0.069,0.000,0.000,activeTracking,noEvent
6382,14,25,rld,15:34:05.781,81238,0.438,0.084,0.069,0.000,0.000,activeTracking,failedClick
6382,14,26,rld,15:34:06.901,81254,0.669,0.084,0.069,0.000,0.000,waitingForTarget,middleTargetClick
6382,14,26,rld,15:34:06.954,81255,0.730,0.084,0.069,0.000,0.000,waitingForTarget,noEvent
6382,14,26,rld,15:34:07.009,81256,0.796,0.084,0.069,0.000,0.000,waitingForTarget,noEvent
6382,14,26,rld,15:34:07.079,81257,0.854,0.084,0.069,0.000,0.000,waitingForTarget,noEvent
6382,14,26,rld,15:34:07.127,81258,0.912,0.084,0.069,0.000,0.000,waitingForTarget,noEvent
6382,14,26,rld,15:34:07.177,81259,0.961,0.084,0.069,0.000,0.000,waitingForTarget,noEvent
6382,14,26,rld,15:34:07.236,81260,1.016,0.084,0.069,0.000,0.000,waitingForTarget,noEvent
6382,14,26,rld,15:34:07.279,81261,1.064,0.084,0.069,0.000,0.000,waitingForTarget,noEvent
6382,14,26,rld,15:34:07.325,81262,1.101,0.084,0.069,0.000,0.000,waitingForTarget,noEvent
6382,14,26,rld,15:34:07.376,81263,0.061,0.084,0.069,0.000,0.000,activeTracking,targetAppeared
6382,14,26,rld,15:34:07.441,81264,0.127,0.084,0.069,0.000,0.000,activeTracking,noEvent
6382,14,26,rld,15:34:07.502,81265,0.186,0.084,0.069,0.000,0.000,activeTracking,noEvent
6382,14,26,rld,15:34:07.553,81266,0.230,0.084,0.069,0.000,0.000,activeTracking,noEvent
6382,14,26,rld,15:34:07.619,81267,0.298,0.084,0.069,0.000,0.000,activeTracking,failedClick
6382,14,27,rld,15:34:08.478,81282,0.373,0.084,0.069,0.000,0.000,waitingForTarget,middleTargetClick
6382,14,27,rld,15:34:08.528,81283,0.415,0.084,0.069,0.000,0.000,waitingForTarget,noEvent
6382,14,27,rld,15:34:08.579,81284,0.466,0.084,0.069,0.000,0.000,waitingForTarget,noEvent
6382,14,27,rld,15:34:08.630,81285,0.514,0.084,0.069,0.000,0.000,waitingForTarget,noEvent
6382,14,27,rld,15:34:08.705,81286,0.596,0.084,0.069,0.000,0.000,waitingForTarget,noEvent
6382,14,27,rld,15:34:08.762,81287,0.654,0.084,0.069,0.000,0.000,waitingForTarget,noEvent
6382,14,27,rld,15:34:08.812,81288,0.699,0.084,0.069,0.000,0.000,waitingForTarget,noEvent
6382,14,27,rld,15:34:08.864,81289,0.759,0.084,0.069,0.000,0.000,waitingForTarget,noEvent
6382,14,27,rld,15:34:08.922,81290,0.820,0.084,0.069,0.000,0.000,waitingForTarget,noEvent
6382,14,27,rld,15:34:08.981,81291,0.058,0.084,0.069,0.000,0.000,activeTracking,targetAppeared
6382,14,27,rld,15:34:09.032,81292,0.109,0.084,0.069,0.000,0.000,activeTracking,noEvent
6382,14,27,rld,15:34:09.087,81293,0.152,0.084,0.069,0.000,0.000,activeTracking,noEvent
6382,14,27,rld,15:34:09.141,81294,0.209,0.084,0.069,0.000,0.000,activeTracking,noEvent
6382,14,27,rld,15:34:09.298,81295,0.360,0.084,0.069,0.000,0.000,activeTracking,failedClick
6382,14,28,rld,15:34:10.131,81310,0.413,0.084,0.069,0.000,0.000,waitingForTarget,middleTargetClick
6382,14,28,rld,15:34:10.192,81311,0.483,0.084,0.069,0.000,0.000,waitingForTarget,noEvent
6382,14,28,rld,15:34:10.238,81312,0.529,0.084,0.069,0.000,0.000,waitingForTarget,noEvent
6382,14,28,rld,15:34:10.295,81313,0.593,0.084,0.069,0.000,0.000,waitingForTarget,noEvent
6382,14,28,rld,15:34:10.353,81314,0.649,0.084,0.069,0.000,0.000,waitingForTarget,noEvent
6382,14,28,rld,15:34:10.402,81315,0.693,0.084,0.069,0.000,0.000,waitingForTarget,noEvent
6382,14,28,rld,15:34:10.451,81316,0.742,0.084,0.069,0.000,0.000,waitingForTarget,noEvent
6382,14,28,rld,15:34:10.510,81317,0.804,0.084,0.069,0.000,0.000,waitingForTarget,noEvent
6382,14,28,rld,15:34:10.557,81318,0.842,0.084,0.069,0.000,0.000,waitingForTarget,noEvent
6382,14,28,rld,15:34:10.607,81319,0.050,0.084,0.069,0.000,0.000,activeTracking,targetAppeared
6382,14,28,rld,15:34:10.656,81320,0.105,0.084,0.069,0.000,0.000,activeTracking,noEvent
6382,14,28,rld,15:34:10.756,81321,0.205,0.084,0.069,0.000,0.000,activeTracking,noEvent
6382,14,28,rld,15:34:10.840,81322,0.271,0.084,0.069,0.000,0.000,activeTracking,noEvent
6382,14,28,rld,15:34:10.893,81323,0.338,0.084,0.069,0.000,0.000,activeTracking,failedClick
6382,14,29,rld,15:34:11.621,81335,0.387,0.084,0.069,0.000,0.000,waitingForTarget,middleTargetClick
6382,14,29,rld,15:34:11.682,81336,0.461,0.084,0.069,0.000,0.000,waitingForTarget,noEvent
6382,14,29,rld,15:34:11.732,81337,0.516,0.084,0.069,0.000,0.000,waitingForTarget,noEvent
6382,14,29,rld,15:34:11.803,81338,0.586,0.084,0.069,0.000,0.000,waitingForTarget,noEvent
6382,14,29,rld,15:34:11.859,81339,0.641,0.084,0.069,0.000,0.000,waitingForTarget,noEvent
6382,14,29,rld,15:34:11.909,81340,0.684,0.084,0.069,0.000,0.000,waitingForTarget,noEvent
6382,14,29,rld,15:34:11.969,81341,0.749,0.084,0.069,0.000,0.000,waitingForTarget,noEvent
6382,14,29,rld,15:34:12.029,81342,0.804,0.084,0.069,0.000,0.000,waitingForTarget,noEvent
6382,14,29,rld,15:34:12.080,81343,0.060,0.084,0.069,0.000,0.000,activeTracking,targetAppeared
6382,14,29,rld,15:34:12.288,81344,0.247,0.084,0.069,0.000,0.000,activeTracking,noEvent
6382,14,29,rld,15:34:12.354,81345,0.328,0.084,0.069,0.000,0.000,activeTracking,failedClick
6382,14,30,rld,15:34:13.170,81355,0.474,0.084,0.069,0.000,0.000,waitingForTarget,middleTargetClick
6382,14,30,rld,15:34:13.250,81356,0.556,0.084,0.069,0.000,0.000,waitingForTarget,noEvent
6382,14,30,rld,15:34:13.298,81357,0.606,0.084,0.069,0.000,0.000,waitingForTarget,noEvent
6382,14,30,rld,15:34:13.445,81358,0.743,0.084,0.069,0.000,0.000,waitingForTarget,noEvent
6382,14,30,rld,15:34:13.652,81359,0.946,0.084,0.069,0.000,0.000,waitingForTarget,noEvent
6382,14,30,rld,15:34:13.703,81360,0.066,0.084,0.069,0.000,0.000,activeTracking,targetAppeared
6382,14,30,rld,15:34:13.752,81361,0.117,0.084,0.069,0.000,0.000,activeTracking,noEvent
6382,14,30,rld,15:34:13.830,81362,0.192,0.084,0.069,0.000,0.000,activeTracking,noEvent
6382,14,30,rld,15:34:13.958,81363,0.311,0.084,0.069,0.000,0.000,activeTracking,failedClick
6382,14,31,rld,15:34:15.110,81382,0.369,0.084,0.069,0.000,0.000,waitingForTarget,middleTargetClick
6382,14,31,rld,15:34:15.186,81383,0.440,0.084,0.069,0.000,0.000,waitingForTarget,noEvent
6382,14,31,rld,15:34:15.226,81384,0.485,0.084,0.069,0.000,0.000,waitingForTarget,noEvent
6382,14,31,rld,15:34:15.282,81385,0.541,0.084,0.069,0.000,0.000,waitingForTarget,noEvent
6382,14,31,rld,15:34:15.338,81386,0.596,0.084,0.069,0.000,0.000,waitingForTarget,noEvent
6382,14,31,rld,15:34:15.389,81387,0.644,0.084,0.069,0.000,0.000,waitingForTarget,noEvent
6382,14,31,rld,15:34:15.432,81388,0.693,0.084,0.069,0.000,0.000,waitingForTarget,noEvent
6382,14,31,rld,15:34:15.502,81389,0.757,0.084,0.069,0.000,0.000,waitingForTarget,noEvent
6382,14,31,rld,15:34:15.554,81390,0.810,0.084,0.069,0.000,0.000,waitingForTarget,noEvent
6382,14,31,rld,15:34:15.597,81391,0.048,0.084,0.069,0.000,0.000,activeTracking,targetAppeared
6382,14,31,rld,15:34:15.687,81392,0.107,0.084,0.069,0.000,0.000,activeTracking,noEvent
6382,14,31,rld,15:34:15.741,81393,0.185,0.084,0.069,0.000,0.000,activeTracking,noEvent
6382,14,31,rld,15:34:15.792,81394,0.233,0.084,0.069,0.000,0.000,activeTracking,noEvent
6382,14,31,rld,15:34:15.872,81395,0.318,0.084,0.069,0.000,0.000,activeTracking,failedClick
6382,14,32,rld,15:34:17.087,81417,0.386,0.084,0.069,0.000,0.000,waitingForTarget,middleTargetClick
6382,14,32,rld,15:34:17.142,81418,0.439,0.084,0.069,0.000,0.000,waitingForTarget,noEvent
6382,14,32,rld,15:34:17.198,81419,0.488,0.084,0.069,0.000,0.000,waitingForTarget,noEvent
6382,14,32,rld,15:34:17.254,81420,0.550,0.084,0.069,0.000,0.000,waitingForTarget,noEvent
6382,14,32,rld,15:34:17.314,81421,0.617,0.084,0.069,0.000,0.000,waitingForTarget,noEvent
6382,14,32,rld,15:34:17.367,81422,0.670,0.084,0.069,0.000,0.000,waitingForTarget,noEvent
6382,14,32,rld,15:34:17.415,81423,0.715,0.084,0.069,0.000,0.000,waitingForTarget,noEvent
6382,14,32,rld,15:34:17.477,81424,0.778,0.084,0.069,0.000,0.000,waitingForTarget,noEvent
6382,14,32,rld,15:34:17.515,81425,0.821,0.084,0.069,0.000,0.000,waitingForTarget,noEvent
6382,14,32,rld,15:34:17.567,81426,0.046,0.084,0.069,0.000,0.000,activeTracking,targetAppeared
6382,14,32,rld,15:34:17.626,81427,0.098,0.084,0.069,0.000,0.000,activeTracking,noEvent
6382,14,32,rld,15:34:17.672,81428,0.152,0.084,0.069,0.000,0.000,activeTracking,noEvent
6382,14,32,rld,15:34:17.737,81429,0.217,0.084,0.069,0.000,0.000,activeTracking,noEvent
6382,14,32,rld,15:34:17.782,81430,0.263,0.084,0.069,0.000,0.000,activeTracking,noEvent
6382,14,32,rld,15:34:17.842,81431,0.318,0.084,0.069,0.000,0.000,activeTracking,noEvent
6382,14,32,rld,15:34:17.912,81432,0.392,0.084,0.069,0.000,0.000,activeTracking,failedClick
6382,14,33,rld,15:34:18.640,81445,0.451,0.084,0.069,0.000,0.000,waitingForTarget,middleTargetClick
6382,14,33,rld,15:34:18.754,81446,0.565,0.084,0.069,0.000,0.000,waitingForTarget,noEvent
6382,14,33,rld,15:34:18.812,81447,0.618,0.084,0.069,0.000,0.000,waitingForTarget,noEvent
6382,14,33,rld,15:34:18.892,81448,0.703,0.084,0.069,0.000,0.000,waitingForTarget,noEvent
6382,14,33,rld,15:34:18.941,81449,0.752,0.084,0.069,0.000,0.000,waitingForTarget,noEvent
6382,14,33,rld,15:34:18.991,81450,0.803,0.084,0.069,0.000,0.000,waitingForTarget,noEvent
6382,14,33,rld,15:34:19.051,81451,0.862,0.084,0.069,0.000,0.000,waitingForTarget,noEvent
6382,14,33,rld,15:34:19.102,81452,0.054,0.084,0.069,0.000,0.000,activeTracking,targetAppeared
6382,14,33,rld,15:34:19.165,81453,0.119,0.084,0.069,0.000,0.000,activeTracking,noEvent
6382,14,33,rld,15:34:19.229,81454,0.177,0.084,0.069,0.000,0.000,activeTracking,noEvent
6382,14,33,rld,15:34:19.282,81455,0.239,0.084,0.069,0.000,0.000,activeTracking,noEvent
6382,14,33,rld,15:34:19.327,81456,0.282,0.084,0.069,0.000,0.000,activeTracking,noEvent
6382,14,33,rld,15:34:19.390,81457,0.338,0.084,0.069,0.000,0.000,activeTracking,noEvent
6382,14,33,rld,15:34:19.442,81458,0.391,0.084,0.069,0.000,0.000,activeTracking,failedClick
6382,14,34,rld,15:34:20.673,81480,0.462,0.084,0.069,0.000,0.000,waitingForTarget,middleTargetClick
6382,14,34,rld,15:34:20.734,81481,0.515,0.084,0.069,0.000,0.000,waitingForTarget,noEvent
6382,14,34,rld,15:34:20.784,81482,0.570,0.084,0.069,0.000,0.000,waitingForTarget,noEvent
6382,14,34,rld,15:34:20.839,81483,0.623,0.084,0.069,0.000,0.000,waitingForTarget,noEvent
6382,14,34,rld,15:34:20.888,81484,0.667,0.084,0.069,0.000,0.000,waitingForTarget,noEvent
6382,14,34,rld,15:34:20.995,81485,0.768,0.084,0.069,0.000,0.000,waitingForTarget,noEvent
6382,14,34,rld,15:34:21.051,81486,0.838,0.084,0.069,0.000,0.000,waitingForTarget,noEvent
6382,14,34,rld,15:34:21.120,81487,0.906,0.084,0.069,0.000,0.000,waitingForTarget,noEvent
6382,14,34,rld,15:34:21.171,81488,0.051,0.084,0.069,0.000,0.000,activeTracking,targetAppeared
6382,14,34,rld,15:34:21.225,81489,0.100,0.084,0.069,0.000,0.000,activeTracking,noEvent
6382,14,34,rld,15:34:21.285,81490,0.160,0.084,0.069,0.000,0.000,activeTracking,noEvent
6382,14,34,rld,15:34:21.354,81491,0.232,0.084,0.069,0.000,0.000,activeTracking,noEvent
6382,14,34,rld,15:34:21.407,81492,0.292,0.084,0.069,0.000,0.000,activeTracking,noEvent
6382,14,34,rld,15:34:21.464,81493,0.339,0.084,0.069,0.000,0.000,activeTracking,failedClick
6382,14,35,rld,15:34:22.971,81520,0.405,0.084,0.069,0.000,0.000,waitingForTarget,middleTargetClick
6382,14,35,rld,15:34:23.012,81521,0.452,0.084,0.069,0.000,0.000,waitingForTarget,noEvent
6382,14,35,rld,15:34:23.064,81522,0.500,0.084,0.069,0.000,0.000,waitingForTarget,noEvent
6382,14,35,rld,15:34:23.129,81523,0.557,0.084,0.069,0.000,0.000,waitingForTarget,noEvent
6382,14,35,rld,15:34:23.198,81524,0.636,0.084,0.069,0.000,0.000,waitingForTarget,noEvent
6382,14,35,rld,15:34:23.254,81525,0.686,0.084,0.069,0.000,0.000,waitingForTarget,noEvent
6382,14,35,rld,15:34:23.312,81526,0.741,0.084,0.069,0.000,0.000,waitingForTarget,noEvent
6382,14,35,rld,15:34:23.361,81527,0.796,0.084,0.069,0.000,0.000,waitingForTarget,noEvent
6382,14,35,rld,15:34:23.430,81528,0.870,0.084,0.069,0.000,0.000,waitingForTarget,noEvent
6382,14,35,rld,15:34:23.489,81529,0.047,0.084,0.069,0.000,0.000,activeTracking,targetAppeared
6382,14,35,rld,15:34:23.560,81530,0.128,0.084,0.069,0.000,0.000,activeTracking,noEvent
6382,14,35,rld,15:34:23.623,81531,0.194,0.084,0.069,0.000,0.000,activeTracking,noEvent
6382,14,35,rld,15:34:23.674,81532,0.235,0.084,0.069,0.000,0.000,activeTracking,noEvent
6382,14,35,rld,15:34:23.741,81533,0.305,0.084,0.069,0.000,0.000,activeTracking,failedClick
6382,14,36,rld,15:34:25.026,81556,0.370,0.084,0.069,0.000,0.000,waitingForTarget,middleTargetClick
6382,14,36,rld,15:34:25.081,81557,0.427,0.084,0.069,0.000,0.000,waitingForTarget,noEvent
6382,14,36,rld,15:34:25.129,81558,0.474,0.084,0.069,0.000,0.000,waitingForTarget,noEvent
6382,14,36,rld,15:34:25.175,81559,0.511,0.084,0.069,0.000,0.000,waitingForTarget,noEvent
6382,14,36,rld,15:34:25.245,81560,0.580,0.084,0.069,0.000,0.000,waitingForTarget,noEvent
6382,14,36,rld,15:34:25.296,81561,0.640,0.084,0.069,0.000,0.000,waitingForTarget,noEvent
6382,14,36,rld,15:34:25.368,81562,0.708,0.084,0.069,0.000,0.000,waitingForTarget,noEvent
6382,14,36,rld,15:34:25.408,81563,0.754,0.084,0.069,0.000,0.000,waitingForTarget,noEvent
6382,14,36,rld,15:34:25.474,81564,0.809,0.084,0.069,0.000,0.000,waitingForTarget,noEvent
6382,14,36,rld,15:34:25.534,81565,0.063,0.084,0.069,0.000,0.000,activeTracking,targetAppeared
6382,14,36,rld,15:34:25.581,81566,0.113,0.084,0.069,0.000,0.000,activeTracking,noEvent
6382,14,36,rld,15:34:25.631,81567,0.164,0.084,0.069,0.000,0.000,activeTracking,noEvent
6382,14,36,rld,15:34:25.697,81568,0.220,0.084,0.069,0.000,0.000,activeTracking,noEvent
6382,14,36,rld,15:34:25.763,81569,0.293,0.084,0.069,0.000,0.000,activeTracking,noEvent
6382,14,36,rld,15:34:25.829,81570,0.361,0.084,0.069,0.000,0.000,activeTracking,noEvent
6382,14,36,rld,15:34:25.875,81571,0.405,0.084,0.069,0.000,0.000,activeTracking,failedClick
6382,14,37,rld,15:34:27.320,81596,0.470,0.084,0.069,0.000,0.000,waitingForTarget,middleTargetClick
6382,14,37,rld,15:34:27.363,81597,0.518,0.084,0.069,0.000,0.000,waitingForTarget,noEvent
6382,14,37,rld,15:34:27.414,81598,0.566,0.084,0.069,0.000,0.000,waitingForTarget,noEvent
6382,14,37,rld,15:34:27.469,81599,0.616,0.084,0.069,0.000,0.000,waitingForTarget,noEvent
6382,14,37,rld,15:34:27.523,81600,0.681,0.084,0.069,0.000,0.000,waitingForTarget,noEvent
6382,14,37,rld,15:34:27.572,81601,0.722,0.084,0.069,0.000,0.000,waitingForTarget,noEvent
6382,14,37,rld,15:34:27.625,81602,0.771,0.084,0.069,0.000,0.000,waitingForTarget,noEvent
6382,14,37,rld,15:34:27.702,81603,0.854,0.084,0.069,0.000,0.000,waitingForTarget,noEvent
6382,14,37,rld,15:34:27.747,81604,0.901,0.084,0.069,0.000,0.000,waitingForTarget,noEvent
6382,14,37,rld,15:34:27.802,81605,0.048,0.084,0.069,0.000,0.000,activeTracking,targetAppeared
6382,14,37,rld,15:34:27.861,81606,0.111,0.084,0.069,0.000,0.000,activeTracking,noEvent
6382,14,37,rld,15:34:27.902,81607,0.152,0.084,0.069,0.000,0.000,activeTracking,noEvent
6382,14,37,rld,15:34:27.958,81608,0.211,0.084,0.069,0.000,0.000,activeTracking,noEvent
6382,14,37,rld,15:34:28.018,81609,0.266,0.084,0.069,0.000,0.000,activeTracking,noEvent
6382,14,37,rld,15:34:28.072,81610,0.321,0.084,0.069,0.000,0.000,activeTracking,noEvent
6382,14,37,rld,15:34:28.127,81611,0.380,0.084,0.069,0.000,0.000,activeTracking,noEvent
6382,14,37,rld,15:34:28.186,81612,0.431,0.084,0.069,0.000,0.000,activeTracking,noEvent
6382,14,37,rld,15:34:28.243,81613,0.492,0.084,0.069,0.000,0.000,activeTracking,noEvent
6382,14,37,rld,15:34:28.311,81614,0.557,0.084,0.069,0.000,0.000,activeTracking,noEvent
6382,14,37,rld,15:34:28.371,81615,0.618,0.084,0.069,0.000,0.000,activeTracking,noEvent
6382,14,37,rld,15:34:28.428,81616,0.673,0.084,0.069,0.000,0.000,activeTracking,noEvent
6382,14,37,rld,15:34:28.484,81617,0.721,0.084,0.069,0.000,0.000,activeTracking,noEvent
6382,14,37,rld,15:34:28.540,81618,0.790,0.084,0.069,0.000,0.000,activeTracking,failedClick
6382,14,38,rld,15:34:29.453,81635,0.847,0.084,0.069,0.000,0.000,waitingForTarget,middleTargetClick
6382,14,38,rld,15:34:29.506,81636,0.896,0.084,0.069,0.000,0.000,waitingForTarget,noEvent
6382,14,38,rld,15:34:29.551,81637,0.945,0.084,0.069,0.000,0.000,waitingForTarget,noEvent
6382,14,38,rld,15:34:29.601,81638,0.998,0.084,0.069,0.000,0.000,waitingForTarget,noEvent
6382,14,38,rld,15:34:29.657,81639,1.049,0.084,0.069,0.000,0.000,waitingForTarget,noEvent
6382,14,38,rld,15:34:29.710,81640,1.105,0.084,0.069,0.000,0.000,waitingForTarget,noEvent
6382,14,38,rld,15:34:29.760,81641,1.153,0.084,0.069,0.000,0.000,waitingForTarget,noEvent
6382,14,38,rld,15:34:29.821,81642,1.212,0.084,0.069,0.000,0.000,waitingForTarget,noEvent
6382,14,38,rld,15:34:29.873,81643,1.271,0.084,0.069,0.000,0.000,waitingForTarget,noEvent
6382,14,38,rld,15:34:29.947,81644,1.338,0.084,0.069,0.000,0.000,activeTracking,failedClick
6382,14,39,rld,15:34:31.020,81662,1.424,0.084,0.069,0.000,0.000,waitingForTarget,middleTargetClick
6382,14,39,rld,15:34:31.090,81663,1.505,0.084,0.069,0.000,0.000,waitingForTarget,noEvent
6382,14,39,rld,15:34:31.127,81664,1.551,0.084,0.069,0.000,0.000,waitingForTarget,noEvent
6382,14,39,rld,15:34:31.180,81665,1.603,0.084,0.069,0.000,0.000,waitingForTarget,noEvent
6382,14,39,rld,15:34:31.234,81666,1.639,0.084,0.069,0.000,0.000,waitingForTarget,noEvent
6382,14,39,rld,15:34:31.291,81667,1.714,0.084,0.069,0.000,0.000,waitingForTarget,noEvent
6382,14,39,rld,15:34:31.345,81668,1.768,0.084,0.069,0.000,0.000,waitingForTarget,noEvent
6382,14,39,rld,15:34:31.393,81669,1.807,0.084,0.069,0.000,0.000,waitingForTarget,noEvent
6382,14,39,rld,15:34:31.436,81670,1.855,0.084,0.069,0.000,0.000,waitingForTarget,noEvent
6382,14,39,rld,15:34:31.501,81671,0.051,0.084,0.069,0.000,0.000,activeTracking,targetAppeared
6382,14,39,rld,15:34:31.556,81672,0.121,0.084,0.069,0.000,0.000,activeTracking,failedClick
6382,14,40,rld,15:34:32.708,81692,0.184,0.084,0.069,0.000,0.000,waitingForTarget,middleTargetClick
6382,14,40,rld,15:34:32.761,81693,0.242,0.084,0.069,0.000,0.000,waitingForTarget,noEvent
6382,14,40,rld,15:34:32.810,81694,0.291,0.084,0.069,0.000,0.000,waitingForTarget,noEvent
6382,14,40,rld,15:34:32.869,81695,0.340,0.084,0.069,0.000,0.000,waitingForTarget,noEvent
6382,14,40,rld,15:34:32.930,81696,0.403,0.084,0.069,0.000,0.000,waitingForTarget,noEvent
6382,14,40,rld,15:34:32.980,81697,0.452,0.084,0.069,0.000,0.000,waitingForTarget,noEvent
6382,14,40,rld,15:34:33.031,81698,0.504,0.084,0.069,0.000,0.000,waitingForTarget,noEvent
6382,14,40,rld,15:34:33.101,81699,0.579,0.084,0.069,0.000,0.000,waitingForTarget,noEvent
6382,14,40,rld,15:34:33.145,81700,0.621,0.084,0.069,0.000,0.000,waitingForTarget,noEvent
6382,14,40,rld,15:34:33.202,81701,0.052,0.084,0.069,0.000,0.000,activeTracking,targetAppeared
6382,14,40,rld,15:34:33.271,81702,0.115,0.084,0.069,0.000,0.000,activeTracking,noEvent
6382,14,40,rld,15:34:33.330,81703,0.181,0.084,0.069,0.000,0.000,activeTracking,noEvent
6382,14,40,rld,15:34:33.391,81704,0.242,0.084,0.069,0.000,0.000,activeTracking,noEvent
6382,14,40,rld,15:34:33.459,81705,0.313,0.084,0.069,0.000,0.000,activeTracking,failedClick
6382,14,41,rld,15:34:34.120,81717,0.383,0.084,0.069,0.000,0.000,waitingForTarget,middleTargetClick
6382,14,41,rld,15:34:34.177,81718,0.454,0.084,0.069,0.000,0.000,waitingForTarget,noEvent
6382,14,41,rld,15:34:34.229,81719,0.501,0.084,0.069,0.000,0.000,waitingForTarget,noEvent
6382,14,41,rld,15:34:34.289,81720,0.562,0.084,0.069,0.000,0.000,waitingForTarget,noEvent
6382,14,41,rld,15:34:34.342,81721,0.622,0.084,0.069,0.000,0.000,waitingForTarget,noEvent
6382,14,41,rld,15:34:34.406,81722,0.673,0.084,0.069,0.000,0.000,waitingForTarget,noEvent
6382,14,41,rld,15:34:34.472,81723,0.751,0.084,0.069,0.000,0.000,waitingForTarget,noEvent
6382,14,41,rld,15:34:34.520,81724,0.794,0.084,0.069,0.000,0.000,waitingForTarget,noEvent
6382,14,41,rld,15:34:34.581,81725,0.052,0.084,0.069,0.000,0.000,activeTracking,targetAppeared
6382,14,41,rld,15:34:34.639,81726,0.121,0.084,0.069,0.000,0.000,activeTracking,noEvent
6382,14,41,rld,15:34:34.687,81727,0.163,0.084,0.069,0.000,0.000,activeTracking,noEvent
6382,14,41,rld,15:34:34.731,81728,0.212,0.084,0.069,0.000,0.000,activeTracking,noEvent
6382,14,41,rld,15:34:34.795,81729,0.277,0.084,0.069,0.000,0.000,activeTracking,failedClick
6382,14,42,rld,15:34:35.408,81739,0.343,0.084,0.069,0.000,0.000,waitingForTarget,middleTargetClick
6382,14,42,rld,15:34:35.467,81740,0.396,0.084,0.069,0.000,0.000,waitingForTarget,noEvent
6382,14,42,rld,15:34:35.510,81741,0.440,0.084,0.069,0.000,0.000,waitingForTarget,noEvent
6382,14,42,rld,15:34:35.569,81742,0.502,0.084,0.069,0.000,0.000,waitingForTarget,noEvent
6382,14,42,rld,15:34:35.626,81743,0.556,0.084,0.069,0.000,0.000,waitingForTarget,noEvent
6382,14,42,rld,15:34:35.689,81744,0.626,0.084,0.069,0.000,0.000,waitingForTarget,noEvent
6382,14,42,rld,15:34:35.751,81745,0.683,0.084,0.069,0.000,0.000,waitingForTarget,noEvent
6382,14,42,rld,15:34:35.795,81746,0.731,0.084,0.069,0.000,0.000,waitingForTarget,noEvent
6382,14,42,rld,15:34:35.846,81747,0.783,0.084,0.069,0.000,0.000,waitingForTarget,noEvent
6382,14,42,rld,15:34:35.896,81748,0.050,0.084,0.069,0.000,0.000,activeTracking,targetAppeared
6382,14,42,rld,15:34:35.963,81749,0.119,0.084,0.069,0.000,0.000,activeTracking,noEvent
6382,14,42,rld,15:34:36.040,81750,0.182,0.084,0.069,0.000,0.000,activeTracking,noEvent
6382,14,42,rld,15:34:36.120,81751,0.269,0.084,0.069,0.000,0.000,activeTracking,failedClick
6382,14,43,rld,15:34:37.433,81775,0.336,0.084,0.069,0.000,0.000,waitingForTarget,middleTargetClick
6382,14,43,rld,15:34:37.487,81776,0.388,0.084,0.069,0.000,0.000,waitingForTarget,noEvent
6382,14,43,rld,15:34:37.539,81777,0.441,0.084,0.069,0.000,0.000,waitingForTarget,noEvent
6382,14,43,rld,15:34:37.600,81778,0.499,0.084,0.069,0.000,0.000,waitingForTarget,noEvent
6382,14,43,rld,15:34:37.674,81779,0.578,0.084,0.069,0.000,0.000,waitingForTarget,noEvent
6382,14,43,rld,15:34:37.737,81780,0.634,0.084,0.069,0.000,0.000,waitingForTarget,noEvent
6382,14,43,rld,15:34:37.787,81781,0.689,0.084,0.069,0.000,0.000,waitingForTarget,noEvent
6382,14,43,rld,15:34:37.851,81782,0.752,0.084,0.069,0.000,0.000,waitingForTarget,noEvent
6382,14,43,rld,15:34:37.929,81783,0.081,0.084,0.069,0.000,0.000,activeTracking,targetAppeared
6382,14,43,rld,15:34:37.987,81784,0.137,0.084,0.069,0.000,0.000,activeTracking,noEvent
6382,14,43,rld,15:34:38.052,81785,0.197,0.084,0.069,0.000,0.000,activeTracking,failedClick
6382,14,44,rld,15:34:39.334,81808,0.273,0.084,0.069,0.000,0.000,waitingForTarget,middleTargetClick
6382,14,44,rld,15:34:39.387,81809,0.318,0.084,0.069,0.000,0.000,waitingForTarget,noEvent
6382,14,44,rld,15:34:39.433,81810,0.371,0.084,0.069,0.000,0.000,waitingForTarget,noEvent
6382,14,44,rld,15:34:39.486,81811,0.423,0.084,0.069,0.000,0.000,waitingForTarget,noEvent
6382,14,44,rld,15:34:39.536,81812,0.474,0.084,0.069,0.000,0.000,waitingForTarget,noEvent
6382,14,44,rld,15:34:39.574,81813,0.517,0.084,0.069,0.000,0.000,waitingForTarget,noEvent
6382,14,44,rld,15:34:39.646,81814,0.589,0.084,0.069,0.000,0.000,waitingForTarget,noEvent
6382,14,44,rld,15:34:39.700,81815,0.636,0.084,0.069,0.000,0.000,waitingForTarget,noEvent
6382,14,44,rld,15:34:39.744,81816,0.685,0.084,0.069,0.000,0.000,waitingForTarget,noEvent
6382,14,44,rld,15:34:39.813,81817,0.058,0.084,0.069,0.000,0.000,activeTracking,targetAppeared
6382,14,44,rld,15:34:39.883,81818,0.129,0.084,0.069,0.000,0.000,activeTracking,noEvent
6382,14,44,rld,15:34:39.937,81819,0.185,0.084,0.069,0.000,0.000,activeTracking,failedClick
6382,14,45,rld,15:34:41.077,81837,0.247,0.084,0.069,0.000,0.000,waitingForTarget,middleTargetClick
6382,14,45,rld,15:34:41.147,81838,0.324,0.084,0.069,0.000,0.000,waitingForTarget,noEvent
6382,14,45,rld,15:34:41.207,81839,0.387,0.084,0.069,0.000,0.000,waitingForTarget,noEvent
6382,14,45,rld,15:34:41.260,81840,0.443,0.084,0.069,0.000,0.000,waitingForTarget,noEvent
6382,14,45,rld,15:34:41.296,81841,0.478,0.084,0.069,0.000,0.000,waitingForTarget,noEvent
6382,14,45,rld,15:34:41.371,81842,0.552,0.084,0.069,0.000,0.000,waitingForTarget,noEvent
6382,14,45,rld,15:34:41.420,81843,0.597,0.084,0.069,0.000,0.000,waitingForTarget,noEvent
6382,14,45,rld,15:34:41.462,81844,0.641,0.084,0.069,0.000,0.000,waitingForTarget,noEvent
6382,14,45,rld,15:34:41.526,81845,0.699,0.084,0.069,0.000,0.000,waitingForTarget,noEvent
6382,14,45,rld,15:34:41.573,81846,0.051,0.084,0.069,0.000,0.000,activeTracking,targetAppeared
6382,14,45,rld,15:34:41.647,81847,0.127,0.084,0.069,0.000,0.000,activeTracking,failedClick
6382,14,46,rld,15:34:42.252,81858,0.190,0.084,0.069,0.000,0.000,waitingForTarget,middleTargetClick
6382,14,46,rld,15:34:42.317,81859,0.248,0.084,0.069,0.000,0.000,waitingForTarget,noEvent
6382,14,46,rld,15:34:42.358,81860,0.295,0.084,0.069,0.000,0.000,waitingForTarget,noEvent
6382,14,46,rld,15:34:42.414,81861,0.356,0.084,0.069,0.000,0.000,waitingForTarget,noEvent
6382,14,46,rld,15:34:42.472,81862,0.411,0.084,0.069,0.000,0.000,waitingForTarget,noEvent
6382,14,46,rld,15:34:42.538,81863,0.477,0.084,0.069,0.000,0.000,waitingForTarget,noEvent
6382,14,46,rld,15:34:42.591,81864,0.527,0.084,0.069,0.000,0.000,waitingForTarget,noEvent
6382,14,46,rld,15:34:42.639,81865,0.575,0.084,0.069,0.000,0.000,waitingForTarget,noEvent
6382,14,46,rld,15:34:42.699,81866,0.637,0.084,0.069,0.000,0.000,waitingForTarget,noEvent
6382,14,46,rld,15:34:42.769,81867,0.071,0.084,0.069,0.000,0.000,activeTracking,targetAppeared
6382,14,46,rld,15:34:42.839,81868,0.142,0.084,0.069,0.000,0.000,activeTracking,noEvent
6382,14,46,rld,15:34:42.896,81869,0.193,0.084,0.069,0.000,0.000,activeTracking,failedClick
6382,14,47,rld,15:34:44.191,81892,0.268,0.084,0.069,0.000,0.000,waitingForTarget,middleTargetClick
6382,14,47,rld,15:34:44.241,81893,0.326,0.084,0.069,0.000,0.000,waitingForTarget,noEvent
6382,14,47,rld,15:34:44.292,81894,0.377,0.084,0.069,0.000,0.000,waitingForTarget,noEvent
6382,14,47,rld,15:34:44.357,81895,0.435,0.084,0.069,0.000,0.000,waitingForTarget,noEvent
6382,14,47,rld,15:34:44.403,81896,0.479,0.084,0.069,0.000,0.000,waitingForTarget,noEvent
6382,14,47,rld,15:34:44.458,81897,0.527,0.084,0.069,0.000,0.000,waitingForTarget,noEvent
6382,14,47,rld,15:34:44.516,81898,0.591,0.084,0.069,0.000,0.000,waitingForTarget,noEvent
6382,14,47,rld,15:34:44.561,81899,0.640,0.084,0.069,0.000,0.000,waitingForTarget,noEvent
6382,14,47,rld,15:34:44.607,81900,0.685,0.084,0.069,0.000,0.000,waitingForTarget,noEvent
6382,14,47,rld,15:34:44.659,81901,0.060,0.084,0.069,0.000,0.000,activeTracking,targetAppeared
6382,14,47,rld,15:34:44.710,81902,0.110,0.084,0.069,0.000,0.000,activeTracking,noEvent
6382,14,47,rld,15:34:44.822,81903,0.162,0.084,0.069,0.000,0.000,activeTracking,noEvent
6382,14,47,rld,15:34:44.878,81904,0.272,0.084,0.069,0.000,0.000,activeTracking,noEvent
6382,14,47,rld,15:34:44.923,81905,0.312,0.084,0.069,0.000,0.000,activeTracking,noEvent
6382,14,47,rld,15:34:44.995,81906,0.389,0.084,0.069,0.000,0.000,activeTracking,failedClick
6382,14,48,rld,15:34:46.310,81928,0.446,0.084,0.069,0.000,0.000,waitingForTarget,middleTargetClick
6382,14,48,rld,15:34:46.373,81929,0.511,0.084,0.069,0.000,0.000,waitingForTarget,noEvent
6382,14,48,rld,15:34:46.421,81930,0.561,0.084,0.069,0.000,0.000,waitingForTarget,noEvent
6382,14,48,rld,15:34:46.475,81931,0.624,0.084,0.069,0.000,0.000,waitingForTarget,noEvent
6382,14,48,rld,15:34:46.530,81932,0.676,0.084,0.069,0.000,0.000,waitingForTarget,noEvent
6382,14,48,rld,15:34:46.587,81933,0.731,0.084,0.069,0.000,0.000,waitingForTarget,noEvent
6382,14,48,rld,15:34:46.629,81934,0.773,0.084,0.069,0.000,0.000,waitingForTarget,noEvent
6382,14,48,rld,15:34:46.691,81935,0.838,0.084,0.069,0.000,0.000,waitingForTarget,noEvent
6382,14,48,rld,15:34:46.740,81936,0.879,0.084,0.069,0.000,0.000,waitingForTarget,noEvent
6382,14,48,rld,15:34:46.792,81937,0.051,0.084,0.069,0.000,0.000,activeTracking,targetAppeared
6382,14,48,rld,15:34:46.858,81938,0.124,0.084,0.069,0.000,0.000,activeTracking,noEvent
6382,14,48,rld,15:34:46.918,81939,0.180,0.084,0.069,0.000,0.000,activeTracking,noEvent
6382,14,48,rld,15:34:46.970,81940,0.230,0.084,0.069,0.000,0.000,activeTracking,noEvent
6382,14,48,rld,15:34:47.013,81941,0.283,0.084,0.069,0.000,0.000,activeTracking,noEvent
6382,14,48,rld,15:34:47.094,81942,0.348,0.084,0.069,0.000,0.000,activeTracking,failedClick
6382,14,49,rld,15:34:47.810,81955,0.420,0.084,0.069,0.000,0.000,waitingForTarget,middleTargetClick
6382,14,49,rld,15:34:47.872,81956,0.483,0.084,0.069,0.000,0.000,waitingForTarget,noEvent
6382,14,49,rld,15:34:47.921,81957,0.530,0.084,0.069,0.000,0.000,waitingForTarget,noEvent
6382,14,49,rld,15:34:47.988,81958,0.604,0.084,0.069,0.000,0.000,waitingForTarget,noEvent
6382,14,49,rld,15:34:48.037,81959,0.648,0.084,0.069,0.000,0.000,waitingForTarget,noEvent
6382,14,49,rld,15:34:48.096,81960,0.712,0.084,0.069,0.000,0.000,waitingForTarget,noEvent
6382,14,49,rld,15:34:48.141,81961,0.757,0.084,0.069,0.000,0.000,waitingForTarget,noEvent
6382,14,49,rld,15:34:48.189,81962,0.800,0.084,0.069,0.000,0.000,waitingForTarget,noEvent
6382,14,49,rld,15:34:48.251,81963,0.853,0.084,0.069,0.000,0.000,waitingForTarget,noEvent
6382,14,49,rld,15:34:48.306,81964,0.070,0.084,0.069,0.000,0.000,activeTracking,targetAppeared
6382,14,49,rld,15:34:48.373,81965,0.139,0.084,0.069,0.000,0.000,activeTracking,noEvent
6382,14,49,rld,15:34:48.422,81966,0.185,0.084,0.069,0.000,0.000,activeTracking,noEvent
6382,14,49,rld,15:34:48.471,81967,0.224,0.084,0.069,0.000,0.000,activeTracking,failedClick
6382,14,50,rld,15:34:49.144,81979,0.289,0.084,0.069,0.000,0.000,waitingForTarget,middleTargetClick
6382,14,50,rld,15:34:49.190,81980,0.334,0.084,0.069,0.000,0.000,waitingForTarget,noEvent
6382,14,50,rld,15:34:49.244,81981,0.384,0.084,0.069,0.000,0.000,waitingForTarget,noEvent
6382,14,50,rld,15:34:49.306,81982,0.446,0.084,0.069,0.000,0.000,waitingForTarget,noEvent
6382,14,50,rld,15:34:49.359,81983,0.509,0.084,0.069,0.000,0.000,waitingForTarget,noEvent
6382,14,50,rld,15:34:49.418,81984,0.561,0.084,0.069,0.000,0.000,waitingForTarget,noEvent
6382,14,50,rld,15:34:49.471,81985,0.612,0.084,0.069,0.000,0.000,waitingForTarget,noEvent
6382,14,50,rld,15:34:49.541,81986,0.683,0.084,0.069,0.000,0.000,waitingForTarget,noEvent
6382,14,50,rld,15:34:49.600,81987,0.745,0.084,0.069,0.000,0.000,waitingForTarget,noEvent
6382,14,50,rld,15:34:49.661,81988,0.063,0.084,0.069,0.000,0.000,activeTracking,targetAppeared
6382,14,50,rld,15:34:49.724,81989,0.129,0.084,0.069,0.000,0.000,activeTracking,noEvent
6382,14,50,rld,15:34:49.788,81990,0.183,0.084,0.069,0.000,0.000,activeTracking,noEvent
6382,14,50,rld,15:34:49.857,81991,0.260,0.084,0.069,0.000,0.000,activeTracking,failedClick
6382,14,51,rld,15:34:51.193,82014,0.319,0.084,0.069,0.000,0.000,waitingForTarget,middleTargetClick
6382,14,51,rld,15:34:51.241,82015,0.387,0.084,0.069,0.000,0.000,waitingForTarget,noEvent
6382,14,51,rld,15:34:51.303,82016,0.448,0.084,0.069,0.000,0.000,waitingForTarget,noEvent
6382,14,51,rld,15:34:51.362,82017,0.504,0.084,0.069,0.000,0.000,waitingForTarget,noEvent
6382,14,51,rld,15:34:51.404,82018,0.550,0.084,0.069,0.000,0.000,waitingForTarget,noEvent
6382,14,51,rld,15:34:51.457,82019,0.597,0.084,0.069,0.000,0.000,waitingForTarget,noEvent
6382,14,51,rld,15:34:51.521,82020,0.660,0.084,0.069,0.000,0.000,waitingForTarget,noEvent
6382,14,51,rld,15:34:51.568,82021,0.708,0.084,0.069,0.000,0.000,waitingForTarget,noEvent
6382,14,51,rld,15:34:51.629,82022,0.758,0.084,0.069,0.000,0.000,waitingForTarget,noEvent
6382,14,51,rld,15:34:51.700,82023,0.081,0.084,0.069,0.000,0.000,activeTracking,targetAppeared
6382,14,51,rld,15:34:51.754,82024,0.142,0.084,0.069,0.000,0.000,activeTracking,noEvent
6382,14,51,rld,15:34:51.802,82025,0.184,0.084,0.069,0.000,0.000,activeTracking,noEvent
6382,14,51,rld,15:34:51.875,82026,0.257,0.084,0.069,0.000,0.000,activeTracking,failedClick
6382,14,52,rld,15:34:52.992,82045,0.322,0.084,0.069,0.000,0.000,waitingForTarget,middleTargetClick
6382,14,52,rld,15:34:53.050,82046,0.385,0.084,0.069,0.000,0.000,waitingForTarget,noEvent
6382,14,52,rld,15:34:53.121,82047,0.454,0.084,0.069,0.000,0.000,waitingForTarget,noEvent
6382,14,52,rld,15:34:53.240,82048,0.579,0.084,0.069,0.000,0.000,waitingForTarget,noEvent
6382,14,52,rld,15:34:53.301,82049,0.636,0.084,0.069,0.000,0.000,waitingForTarget,noEvent
6382,14,52,rld,15:34:53.621,82050,0.952,0.084,0.069,0.000,0.000,waitingForTarget,noEvent
6382,14,52,rld,15:34:53.682,82051,0.064,0.084,0.069,0.000,0.000,activeTracking,targetAppeared
6382,14,52,rld,15:34:53.740,82052,0.128,0.084,0.069,0.000,0.000,activeTracking,noEvent
6382,14,52,rld,15:34:53.801,82053,0.191,0.084,0.069,0.000,0.000,activeTracking,noEvent
6382,14,52,rld,15:34:53.851,82054,0.242,0.084,0.069,0.000,0.000,activeTracking,noEvent
6382,14,52,rld,15:34:53.900,82055,0.284,0.084,0.069,0.000,0.000,activeTracking,noEvent
6382,14,52,rld,15:34:53.927,82056,0.314,0.084,0.069,0.000,0.000,activeTracking,noEvent
6382,14,52,rld,15:34:54.010,82057,0.384,0.084,0.069,0.000,0.000,activeTracking,failedClick
6382,14,53,rld,15:34:55.319,82075,0.440,0.084,0.069,0.000,0.000,waitingForTarget,middleTargetClick
6382,14,53,rld,15:34:55.385,82076,0.503,0.084,0.069,0.000,0.000,waitingForTarget,noEvent
6382,14,53,rld,15:34:55.427,82077,0.543,0.084,0.069,0.000,0.000,waitingForTarget,noEvent
6382,14,53,rld,15:34:55.506,82078,0.625,0.084,0.069,0.000,0.000,waitingForTarget,noEvent
6382,14,53,rld,15:34:55.556,82079,0.685,0.084,0.069,0.000,0.000,waitingForTarget,noEvent
6382,14,53,rld,15:34:55.590,82080,0.718,0.084,0.069,0.000,0.000,waitingForTarget,noEvent
6382,14,53,rld,15:34:55.690,82081,0.815,0.084,0.069,0.000,0.000,waitingForTarget,noEvent
6382,14,53,rld,15:34:55.748,82082,0.873,0.084,0.069,0.000,0.000,waitingForTarget,noEvent
6382,14,53,rld,15:34:55.819,82083,0.049,0.084,0.069,0.000,0.000,activeTracking,targetAppeared
6382,14,53,rld,15:34:55.887,82084,0.129,0.084,0.069,0.000,0.000,activeTracking,noEvent
6382,14,53,rld,15:34:55.938,82085,0.188,0.084,0.069,0.000,0.000,activeTracking,noEvent
6382,14,53,rld,15:34:56.004,82086,0.253,0.084,0.069,0.000,0.000,activeTracking,failedClick
6382,14,54,rld,15:34:56.710,82099,0.325,0.084,0.069,0.000,0.000,waitingForTarget,middleTargetClick
6382,14,54,rld,15:34:56.756,82100,0.386,0.084,0.069,0.000,0.000,waitingForTarget,noEvent
6382,14,54,rld,15:34:56.810,82101,0.426,0.084,0.069,0.000,0.000,waitingForTarget,noEvent
6382,14,54,rld,15:34:56.873,82102,0.489,0.084,0.069,0.000,0.000,waitingForTarget,noEvent
6382,14,54,rld,15:34:56.934,82103,0.557,0.084,0.069,0.000,0.000,waitingForTarget,noEvent
6382,14,54,rld,15:34:56.989,82104,0.617,0.084,0.069,0.000,0.000,waitingForTarget,noEvent
6382,14,54,rld,15:34:57.032,82105,0.661,0.084,0.069,0.000,0.000,waitingForTarget,noEvent
6382,14,54,rld,15:34:57.096,82106,0.721,0.084,0.069,0.000,0.000,waitingForTarget,noEvent
6382,14,54,rld,15:34:57.152,82107,0.775,0.084,0.069,0.000,0.000,waitingForTarget,noEvent
6382,14,54,rld,15:34:57.211,82108,0.059,0.084,0.069,0.000,0.000,activeTracking,targetAppeared
6382,14,54,rld,15:34:57.279,82109,0.130,0.084,0.069,0.000,0.000,activeTracking,noEvent
6382,14,54,rld,15:34:57.344,82110,0.198,0.084,0.069,0.000,0.000,activeTracking,noEvent
6382,14,54,rld,15:34:57.392,82111,0.238,0.084,0.069,0.000,0.000,activeTracking,noEvent
6382,14,54,rld,15:34:57.461,82112,0.307,0.084,0.069,0.000,0.000,activeTracking,failedClick
6382,14,55,rld,15:34:58.229,82126,0.373,0.084,0.069,0.000,0.000,waitingForTarget,middleTargetClick
6382,14,55,rld,15:34:58.299,82127,0.443,0.084,0.069,0.000,0.000,waitingForTarget,noEvent
6382,14,55,rld,15:34:58.352,82128,0.496,0.084,0.069,0.000,0.000,waitingForTarget,noEvent
6382,14,55,rld,15:34:58.399,82129,0.552,0.084,0.069,0.000,0.000,waitingForTarget,noEvent
6382,14,55,rld,15:34:58.456,82130,0.594,0.084,0.069,0.000,0.000,waitingForTarget,noEvent
6382,14,55,rld,15:34:58.513,82131,0.657,0.084,0.069,0.000,0.000,waitingForTarget,noEvent
6382,14,55,rld,15:34:58.576,82132,0.725,0.084,0.069,0.000,0.000,waitingForTarget,noEvent
6382,14,55,rld,15:34:58.633,82133,0.778,0.084,0.069,0.000,0.000,waitingForTarget,noEvent
6382,14,55,rld,15:34:58.710,82134,0.083,0.084,0.069,0.000,0.000,activeTracking,targetAppeared
6382,14,55,rld,15:34:58.762,82135,0.137,0.084,0.069,0.000,0.000,activeTracking,noEvent
6382,14,55,rld,15:34:58.833,82136,0.195,0.084,0.069,0.000,0.000,activeTracking,noEvent
6382,14,55,rld,15:34:58.886,82137,0.248,0.084,0.069,0.000,0.000,activeTracking,noEvent
6382,14,55,rld,15:34:58.939,82138,0.303,0.084,0.069,0.000,0.000,activeTracking,failedClick
6382,14,56,rld,15:34:59.689,82151,0.367,0.084,0.069,0.000,0.000,waitingForTarget,middleTargetClick
6382,14,56,rld,15:34:59.751,82152,0.432,0.084,0.069,0.000,0.000,waitingForTarget,noEvent
6382,14,56,rld,15:34:59.802,82153,0.484,0.084,0.069,0.000,0.000,waitingForTarget,noEvent
6382,14,56,rld,15:34:59.865,82154,0.545,0.084,0.069,0.000,0.000,waitingForTarget,noEvent
6382,14,56,rld,15:34:59.922,82155,0.610,0.084,0.069,0.000,0.000,waitingForTarget,noEvent
6382,14,56,rld,15:34:59.983,82156,0.659,0.084,0.069,0.000,0.000,waitingForTarget,noEvent
6382,14,56,rld,15:35:00.034,82157,0.716,0.084,0.069,0.000,0.000,waitingForTarget,noEvent
6382,14,56,rld,15:35:00.084,82158,0.770,0.084,0.069,0.000,0.000,waitingForTarget,noEvent
6382,14,56,rld,15:35:00.142,82159,0.056,0.084,0.069,0.000,0.000,activeTracking,targetAppeared
6382,14,56,rld,15:35:00.201,82160,0.121,0.084,0.069,0.000,0.000,activeTracking,noEvent
6382,14,56,rld,15:35:00.287,82161,0.195,0.084,0.069,0.000,0.000,activeTracking,noEvent
6382,14,56,rld,15:35:00.351,82162,0.262,0.084,0.069,0.000,0.000,activeTracking,failedClick
6382,14,57,rld,15:35:01.767,82186,0.325,0.084,0.069,0.000,0.000,waitingForTarget,middleTargetClick
6382,14,57,rld,15:35:01.835,82187,0.394,0.084,0.069,0.000,0.000,waitingForTarget,noEvent
6382,14,57,rld,15:35:01.877,82188,0.440,0.084,0.069,0.000,0.000,waitingForTarget,noEvent
6382,14,57,rld,15:35:01.940,82189,0.500,0.084,0.069,0.000,0.000,waitingForTarget,noEvent
6382,14,57,rld,15:35:01.990,82190,0.555,0.084,0.069,0.000,0.000,waitingForTarget,noEvent
6382,14,57,rld,15:35:02.040,82191,0.602,0.084,0.069,0.000,0.000,waitingForTarget,noEvent
6382,14,57,rld,15:35:02.129,82192,0.685,0.084,0.069,0.000,0.000,waitingForTarget,noEvent
6382,14,57,rld,15:35:02.177,82193,0.746,0.084,0.069,0.000,0.000,waitingForTarget,noEvent
6382,14,57,rld,15:35:02.239,82194,0.064,0.084,0.069,0.000,0.000,activeTracking,targetAppeared
6382,14,57,rld,15:35:02.310,82195,0.129,0.084,0.069,0.000,0.000,activeTracking,noEvent
6382,14,57,rld,15:35:02.390,82196,0.205,0.084,0.069,0.000,0.000,activeTracking,noEvent
6382,14,57,rld,15:35:02.443,82197,0.266,0.084,0.069,0.000,0.000,activeTracking,failedClick
6382,14,58,rld,15:35:03.843,82222,0.353,0.084,0.069,0.000,0.000,waitingForTarget,middleTargetClick
6382,14,58,rld,15:35:03.903,82223,0.418,0.084,0.069,0.000,0.000,waitingForTarget,noEvent
6382,14,58,rld,15:35:03.949,82224,0.468,0.084,0.069,0.000,0.000,waitingForTarget,noEvent
6382,14,58,rld,15:35:04.023,82225,0.537,0.084,0.069,0.000,0.000,waitingForTarget,noEvent
6382,14,58,rld,15:35:04.079,82226,0.600,0.084,0.069,0.000,0.000,waitingForTarget,noEvent
6382,14,58,rld,15:35:04.128,82227,0.647,0.084,0.069,0.000,0.000,waitingForTarget,noEvent
6382,14,58,rld,15:35:04.191,82228,0.713,0.084,0.069,0.000,0.000,waitingForTarget,noEvent
6382,14,58,rld,15:35:04.239,82229,0.755,0.084,0.069,0.000,0.000,waitingForTarget,noEvent
6382,14,58,rld,15:35:04.304,82230,0.061,0.084,0.069,0.000,0.000,activeTracking,targetAppeared
6382,14,58,rld,15:35:04.361,82231,0.128,0.084,0.069,0.000,0.000,activeTracking,noEvent
6382,14,58,rld,15:35:04.413,82232,0.174,0.084,0.069,0.000,0.000,activeTracking,noEvent
6382,14,58,rld,15:35:04.469,82233,0.222,0.084,0.069,0.000,0.000,activeTracking,noEvent
6382,14,58,rld,15:35:04.521,82234,0.288,0.084,0.069,0.000,0.000,activeTracking,noEvent
6382,14,58,rld,15:35:04.593,82235,0.351,0.084,0.069,0.000,0.000,activeTracking,failedClick
6382,14,59,rld,15:35:05.843,82253,0.552,0.084,0.069,0.000,0.000,waitingForTarget,middleTargetClick
6382,14,59,rld,15:35:05.891,82254,0.613,0.084,0.069,0.000,0.000,waitingForTarget,noEvent
6382,14,59,rld,15:35:05.967,82255,0.685,0.084,0.069,0.000,0.000,waitingForTarget,noEvent
6382,14,59,rld,15:35:06.022,82256,0.743,0.084,0.069,0.000,0.000,waitingForTarget,noEvent
6382,14,59,rld,15:35:06.078,82257,0.796,0.084,0.069,0.000,0.000,waitingForTarget,noEvent
6382,14,59,rld,15:35:06.137,82258,0.859,0.084,0.069,0.000,0.000,waitingForTarget,noEvent
6382,14,59,rld,15:35:06.177,82259,0.897,0.084,0.069,0.000,0.000,waitingForTarget,noEvent
6382,14,59,rld,15:35:06.250,82260,0.967,0.084,0.069,0.000,0.000,waitingForTarget,noEvent
6382,14,59,rld,15:35:06.311,82261,0.066,0.084,0.069,0.000,0.000,activeTracking,targetAppeared
6382,14,59,rld,15:35:06.370,82262,0.126,0.084,0.069,0.000,0.000,activeTracking,noEvent
6382,14,59,rld,15:35:06.412,82263,0.164,0.084,0.069,0.000,0.000,activeTracking,noEvent
6382,14,59,rld,15:35:06.471,82264,0.227,0.084,0.069,0.000,0.000,activeTracking,failedClick
6382,14,60,rld,15:35:07.894,82289,0.290,0.084,0.069,0.000,0.000,waitingForTarget,middleTargetClick
6382,14,60,rld,15:35:07.949,82290,0.341,0.084,0.069,0.000,0.000,waitingForTarget,noEvent
6382,14,60,rld,15:35:08.004,82291,0.391,0.084,0.069,0.000,0.000,waitingForTarget,noEvent
6382,14,60,rld,15:35:08.057,82292,0.444,0.084,0.069,0.000,0.000,waitingForTarget,noEvent
6382,14,60,rld,15:35:08.119,82293,0.512,0.084,0.069,0.000,0.000,waitingForTarget,noEvent
6382,14,60,rld,15:35:08.169,82294,0.561,0.084,0.069,0.000,0.000,waitingForTarget,noEvent
6382,14,60,rld,15:35:08.222,82295,0.609,0.084,0.069,0.000,0.000,waitingForTarget,noEvent
6382,14,60,rld,15:35:08.275,82296,0.671,0.084,0.069,0.000,0.000,waitingForTarget,noEvent
6382,14,60,rld,15:35:08.324,82297,0.719,0.084,0.069,0.000,0.000,waitingForTarget,noEvent
6382,14,60,rld,15:35:08.384,82298,0.053,0.084,0.069,0.000,0.000,activeTracking,targetAppeared
6382,14,60,rld,15:35:08.442,82299,0.117,0.084,0.069,0.000,0.000,activeTracking,noEvent
6382,14,60,rld,15:35:08.491,82300,0.169,0.084,0.069,0.000,0.000,activeTracking,noEvent
6382,14,60,rld,15:35:08.561,82301,0.233,0.084,0.069,0.000,0.000,activeTracking,noEvent
6382,14,60,rld,15:35:08.621,82302,0.290,0.084,0.069,0.000,0.000,activeTracking,failedClick;
6382,15,1,rld,15:35:56.898,83289,0.406,0.017,0.035,0.000,0.000,waitingForTarget,middleTargetClick
6382,15,1,rld,15:35:56.950,83290,0.459,0.017,0.035,0.000,0.000,waitingForTarget,noEvent
6382,15,1,rld,15:35:56.998,83291,0.499,0.017,0.035,0.000,0.000,waitingForTarget,noEvent
6382,15,1,rld,15:35:57.048,83292,0.556,0.017,0.035,0.000,0.000,waitingForTarget,noEvent
6382,15,1,rld,15:35:57.089,83293,0.604,0.017,0.035,0.000,0.000,waitingForTarget,noEvent
6382,15,1,rld,15:35:57.167,83294,0.654,0.017,0.035,0.000,0.000,waitingForTarget,noEvent
6382,15,1,rld,15:35:57.219,83295,0.718,0.017,0.035,0.000,0.000,waitingForTarget,noEvent
6382,15,1,rld,15:35:57.281,83296,0.788,0.017,0.035,0.000,0.000,waitingForTarget,noEvent
6382,15,1,rld,15:35:57.336,83297,0.838,0.017,0.035,0.000,0.000,waitingForTarget,noEvent
6382,15,1,rld,15:35:57.385,83298,0.055,0.017,0.035,0.000,0.000,activeTracking,targetAppeared
6382,15,1,rld,15:35:57.440,83299,0.114,0.017,0.035,0.000,0.000,activeTracking,failedClick
6382,15,2,rld,15:35:58.738,83327,0.180,0.017,0.035,0.000,0.000,waitingForTarget,middleTargetClick
6382,15,2,rld,15:35:58.788,83328,0.238,0.017,0.035,0.000,0.000,waitingForTarget,noEvent
6382,15,2,rld,15:35:58.879,83329,0.318,0.017,0.035,0.000,0.000,waitingForTarget,noEvent
6382,15,2,rld,15:35:58.919,83330,0.364,0.017,0.035,0.000,0.000,waitingForTarget,noEvent
6382,15,2,rld,15:35:58.940,83331,0.392,0.017,0.035,0.000,0.000,waitingForTarget,noEvent
6382,15,2,rld,15:35:59.312,83332,0.725,0.017,0.035,0.000,0.000,waitingForTarget,noEvent
6382,15,2,rld,15:35:59.384,83333,0.091,0.017,0.035,0.000,0.000,activeTracking,targetAppeared
6382,15,2,rld,15:35:59.420,83334,0.134,0.017,0.035,0.000,0.000,activeTracking,noEvent
6382,15,2,rld,15:35:59.471,83335,0.183,0.017,0.035,0.000,0.000,activeTracking,noEvent
6382,15,2,rld,15:35:59.533,83336,0.240,0.017,0.035,0.000,0.000,activeTracking,noEvent
6382,15,2,rld,15:35:59.666,83337,0.295,0.017,0.035,0.000,0.000,activeTracking,noEvent
6382,15,2,rld,15:35:59.724,83338,0.423,0.017,0.035,0.000,0.000,activeTracking,failedClick
6382,15,3,rld,15:36:00.905,83362,0.481,0.017,0.035,0.000,0.000,waitingForTarget,middleTargetClick
6382,15,3,rld,15:36:00.950,83363,0.534,0.017,0.035,0.000,0.000,waitingForTarget,noEvent
6382,15,3,rld,15:36:00.990,83364,0.578,0.017,0.035,0.000,0.000,waitingForTarget,noEvent
6382,15,3,rld,15:36:01.047,83365,0.635,0.017,0.035,0.000,0.000,waitingForTarget,noEvent
6382,15,3,rld,15:36:01.121,83366,0.712,0.017,0.035,0.000,0.000,waitingForTarget,noEvent
6382,15,3,rld,15:36:01.152,83367,0.744,0.017,0.035,0.000,0.000,waitingForTarget,noEvent
6382,15,3,rld,15:36:01.192,83368,0.784,0.017,0.035,0.000,0.000,waitingForTarget,noEvent
6382,15,3,rld,15:36:01.230,83369,0.815,0.017,0.035,0.000,0.000,waitingForTarget,noEvent
6382,15,3,rld,15:36:01.286,83370,0.877,0.017,0.035,0.000,0.000,waitingForTarget,noEvent
6382,15,3,rld,15:36:01.320,83371,0.910,0.017,0.035,0.000,0.000,waitingForTarget,noEvent
6382,15,3,rld,15:36:01.356,83372,0.035,0.017,0.035,0.000,0.000,activeTracking,targetAppeared
6382,15,3,rld,15:36:01.385,83373,0.068,0.017,0.035,0.000,0.000,activeTracking,noEvent
6382,15,3,rld,15:36:01.420,83374,0.098,0.017,0.035,0.000,0.000,activeTracking,noEvent
6382,15,3,rld,15:36:01.467,83375,0.148,0.017,0.035,0.000,0.000,activeTracking,noEvent
6382,15,3,rld,15:36:01.497,83376,0.177,0.017,0.035,0.000,0.000,activeTracking,noEvent
6382,15,3,rld,15:36:01.559,83377,0.239,0.017,0.035,0.000,0.000,activeTracking,noEvent
6382,15,3,rld,15:36:01.603,83378,0.285,0.017,0.035,0.000,0.000,activeTracking,noEvent
6382,15,3,rld,15:36:01.659,83379,0.341,0.017,0.035,0.000,0.000,activeTracking,noEvent
6382,15,3,rld,15:36:01.688,83380,0.371,0.017,0.035,0.000,0.000,activeTracking,noEvent
6382,15,3,rld,15:36:01.729,83381,0.410,0.017,0.035,0.000,0.000,activeTracking,noEvent
6382,15,3,rld,15:36:01.768,83382,0.450,0.017,0.035,0.000,0.000,activeTracking,noEvent
6382,15,3,rld,15:36:01.800,83383,0.482,0.017,0.035,0.000,0.000,activeTracking,noEvent
6382,15,3,rld,15:36:01.889,83384,0.555,0.017,0.035,0.000,0.000,activeTracking,noEvent
6382,15,3,rld,15:36:01.951,83385,0.621,0.017,0.035,0.000,0.000,activeTracking,noEvent
6382,15,3,rld,15:36:02.049,83386,0.715,0.017,0.035,0.000,0.000,activeTracking,failedClick
6382,15,4,rld,15:36:03.870,83425,0.819,0.017,0.035,0.000,0.000,waitingForTarget,middleTargetClick
6382,15,4,rld,15:36:03.906,83426,0.863,0.017,0.035,0.000,0.000,waitingForTarget,noEvent
6382,15,4,rld,15:36:03.954,83427,0.904,0.017,0.035,0.000,0.000,waitingForTarget,noEvent
6382,15,4,rld,15:36:04.012,83428,0.961,0.017,0.035,0.000,0.000,waitingForTarget,noEvent
6382,15,4,rld,15:36:04.072,83429,1.022,0.017,0.035,0.000,0.000,waitingForTarget,noEvent
6382,15,4,rld,15:36:04.117,83430,1.074,0.017,0.035,0.000,0.000,waitingForTarget,noEvent
6382,15,4,rld,15:36:04.154,83431,1.112,0.017,0.035,0.000,0.000,waitingForTarget,noEvent
6382,15,4,rld,15:36:04.188,83432,1.144,0.017,0.035,0.000,0.000,waitingForTarget,noEvent
6382,15,4,rld,15:36:04.225,83433,1.184,0.017,0.035,0.000,0.000,waitingForTarget,noEvent
6382,15,4,rld,15:36:04.255,83434,1.214,0.017,0.035,0.000,0.000,waitingForTarget,noEvent
6382,15,4,rld,15:36:04.287,83435,1.242,0.017,0.035,0.000,0.000,waitingForTarget,noEvent
6382,15,4,rld,15:36:04.318,83436,0.036,0.017,0.035,0.000,0.000,activeTracking,targetAppeared
6382,15,4,rld,15:36:04.370,83437,0.087,0.017,0.035,0.000,0.000,activeTracking,noEvent
6382,15,4,rld,15:36:04.441,83438,0.142,0.017,0.035,0.000,0.000,activeTracking,noEvent
6382,15,4,rld,15:36:04.465,83439,0.179,0.017,0.035,0.000,0.000,activeTracking,noEvent
6382,15,4,rld,15:36:04.511,83440,0.221,0.017,0.035,0.000,0.000,activeTracking,noEvent
6382,15,4,rld,15:36:04.588,83441,0.302,0.017,0.035,0.000,0.000,activeTracking,noEvent
6382,15,4,rld,15:36:04.682,83442,0.381,0.017,0.035,0.000,0.000,activeTracking,failedClick
6382,15,5,rld,15:36:06.053,83469,0.465,0.017,0.035,0.000,0.000,waitingForTarget,middleTargetClick
6382,15,5,rld,15:36:06.100,83470,0.515,0.017,0.035,0.000,0.000,waitingForTarget,noEvent
6382,15,5,rld,15:36:06.129,83471,0.549,0.017,0.035,0.000,0.000,waitingForTarget,noEvent
6382,15,5,rld,15:36:06.192,83472,0.604,0.017,0.035,0.000,0.000,waitingForTarget,noEvent
6382,15,5,rld,15:36:06.236,83473,0.654,0.017,0.035,0.000,0.000,waitingForTarget,noEvent
6382,15,5,rld,15:36:06.284,83474,0.696,0.017,0.035,0.000,0.000,waitingForTarget,noEvent
6382,15,5,rld,15:36:06.321,83475,0.735,0.017,0.035,0.000,0.000,waitingForTarget,noEvent
6382,15,5,rld,15:36:06.359,83476,0.776,0.017,0.035,0.000,0.000,waitingForTarget,noEvent
6382,15,5,rld,15:36:06.386,83477,0.808,0.017,0.035,0.000,0.000,waitingForTarget,noEvent
6382,15,5,rld,15:36:06.419,83478,0.832,0.017,0.035,0.000,0.000,waitingForTarget,noEvent
6382,15,5,rld,15:36:06.445,83479,0.863,0.017,0.035,0.000,0.000,waitingForTarget,noEvent
6382,15,5,rld,15:36:06.486,83480,0.905,0.017,0.035,0.000,0.000,waitingForTarget,noEvent
6382,15,5,rld,15:36:06.523,83481,0.038,0.017,0.035,0.000,0.000,activeTracking,targetAppeared
6382,15,5,rld,15:36:06.562,83482,0.074,0.017,0.035,0.000,0.000,activeTracking,noEvent
6382,15,5,rld,15:36:06.604,83483,0.120,0.017,0.035,0.000,0.000,activeTracking,noEvent
6382,15,5,rld,15:36:06.651,83484,0.158,0.017,0.035,0.000,0.000,activeTracking,noEvent
6382,15,5,rld,15:36:06.782,83485,0.224,0.017,0.035,0.000,0.000,activeTracking,noEvent
6382,15,5,rld,15:36:06.951,83486,0.436,0.017,0.035,0.000,0.000,activeTracking,failedClick
6382,15,6,rld,15:36:08.169,83511,0.501,0.017,0.035,0.000,0.000,waitingForTarget,middleTargetClick
6382,15,6,rld,15:36:08.229,83512,0.566,0.017,0.035,0.000,0.000,waitingForTarget,noEvent
6382,15,6,rld,15:36:08.292,83513,0.628,0.017,0.035,0.000,0.000,waitingForTarget,noEvent
6382,15,6,rld,15:36:08.353,83514,0.687,0.017,0.035,0.000,0.000,waitingForTarget,noEvent
6382,15,6,rld,15:36:08.390,83515,0.732,0.017,0.035,0.000,0.000,waitingForTarget,noEvent
6382,15,6,rld,15:36:08.431,83516,0.766,0.017,0.035,0.000,0.000,waitingForTarget,noEvent
6382,15,6,rld,15:36:08.474,83517,0.812,0.017,0.035,0.000,0.000,waitingForTarget,noEvent
6382,15,6,rld,15:36:08.507,83518,0.849,0.017,0.035,0.000,0.000,waitingForTarget,noEvent
6382,15,6,rld,15:36:08.567,83519,0.899,0.017,0.035,0.000,0.000,waitingForTarget,noEvent
6382,15,6,rld,15:36:08.622,83520,0.962,0.017,0.035,0.000,0.000,waitingForTarget,noEvent
6382,15,6,rld,15:36:08.734,83521,0.102,0.039,0.001,0.200,-0.300,activeTracking,targetAppeared
6382,15,6,rld,15:36:08.788,83522,0.163,0.047,-0.010,0.000,0.000,activeTracking,failedClick
6382,15,7,rld,15:36:15.946,83630,0.227,-0.135,-0.016,0.000,0.000,waitingForTarget,middleTargetClick
6382,15,7,rld,15:36:15.991,83631,0.277,-0.135,-0.016,0.000,0.000,waitingForTarget,noEvent
6382,15,7,rld,15:36:16.023,83632,0.315,-0.135,-0.016,0.000,0.000,waitingForTarget,noEvent
6382,15,7,rld,15:36:16.082,83633,0.368,-0.135,-0.016,0.000,0.000,waitingForTarget,noEvent
6382,15,7,rld,15:36:16.134,83634,0.418,-0.135,-0.016,0.000,0.000,waitingForTarget,noEvent
6382,15,7,rld,15:36:16.184,83635,0.466,-0.135,-0.016,0.000,0.000,waitingForTarget,noEvent
6382,15,7,rld,15:36:16.270,83636,0.563,-0.135,-0.016,0.000,0.000,waitingForTarget,noEvent
6382,15,7,rld,15:36:16.311,83637,0.596,-0.135,-0.016,0.000,0.000,waitingForTarget,noEvent
6382,15,7,rld,15:36:16.362,83638,0.648,-0.135,-0.016,0.000,0.000,waitingForTarget,noEvent
6382,15,7,rld,15:36:16.413,83639,0.049,-0.135,-0.016,0.000,0.000,activeTracking,targetAppeared
6382,15,7,rld,15:36:16.469,83640,0.110,-0.135,-0.016,0.000,0.000,activeTracking,noEvent
6382,15,7,rld,15:36:16.515,83641,0.152,-0.135,-0.016,0.000,0.000,activeTracking,noEvent
6382,15,7,rld,15:36:16.578,83642,0.214,-0.135,-0.016,0.000,0.000,activeTracking,failedClick
6382,15,8,rld,15:36:17.696,83663,0.271,-0.135,-0.016,0.000,0.000,waitingForTarget,middleTargetClick
6382,15,8,rld,15:36:17.734,83664,0.319,-0.135,-0.016,0.000,0.000,waitingForTarget,noEvent
6382,15,8,rld,15:36:17.784,83665,0.369,-0.135,-0.016,0.000,0.000,waitingForTarget,noEvent
6382,15,8,rld,15:36:17.855,83666,0.438,-0.135,-0.016,0.000,0.000,waitingForTarget,noEvent
6382,15,8,rld,15:36:17.900,83667,0.484,-0.135,-0.016,0.000,0.000,waitingForTarget,noEvent
6382,15,8,rld,15:36:17.965,83668,0.551,-0.135,-0.016,0.000,0.000,waitingForTarget,noEvent
6382,15,8,rld,15:36:18.019,83669,0.608,-0.135,-0.016,0.000,0.000,waitingForTarget,noEvent
6382,15,8,rld,15:36:18.066,83670,0.652,-0.135,-0.016,0.000,0.000,waitingForTarget,noEvent
6382,15,8,rld,15:36:18.111,83671,0.697,-0.135,-0.016,0.000,0.000,waitingForTarget,noEvent
6382,15,8,rld,15:36:18.163,83672,0.050,-0.135,-0.016,0.000,0.000,activeTracking,targetAppeared
6382,15,8,rld,15:36:18.219,83673,0.106,-0.135,-0.016,0.000,0.000,activeTracking,failedClick
6382,15,9,rld,15:36:19.084,83689,0.175,-0.135,-0.016,0.000,0.000,waitingForTarget,middleTargetClick
6382,15,9,rld,15:36:19.132,83690,0.230,-0.135,-0.016,0.000,0.000,waitingForTarget,noEvent
6382,15,9,rld,15:36:19.182,83691,0.268,-0.135,-0.016,0.000,0.000,waitingForTarget,noEvent
6382,15,9,rld,15:36:19.245,83692,0.331,-0.135,-0.016,0.000,0.000,waitingForTarget,noEvent
6382,15,9,rld,15:36:19.299,83693,0.388,-0.135,-0.016,0.000,0.000,waitingForTarget,noEvent
6382,15,9,rld,15:36:19.356,83694,0.446,-0.135,-0.016,0.000,0.000,waitingForTarget,noEvent
6382,15,9,rld,15:36:19.413,83695,0.501,-0.135,-0.016,0.000,0.000,waitingForTarget,noEvent
6382,15,9,rld,15:36:19.456,83696,0.549,-0.135,-0.016,0.000,0.000,waitingForTarget,noEvent
6382,15,9,rld,15:36:19.508,83697,0.600,-0.135,-0.016,0.000,0.000,waitingForTarget,noEvent
6382,15,9,rld,15:36:19.556,83698,0.047,-0.135,-0.016,0.000,0.000,activeTracking,targetAppeared
6382,15,9,rld,15:36:19.617,83699,0.101,-0.135,-0.016,0.000,0.000,activeTracking,noEvent
6382,15,9,rld,15:36:19.669,83700,0.151,-0.135,-0.016,0.000,0.000,activeTracking,noEvent
6382,15,9,rld,15:36:19.720,83701,0.215,-0.135,-0.016,0.000,0.000,activeTracking,noEvent
6382,15,9,rld,15:36:19.767,83702,0.261,-0.135,-0.016,0.000,0.000,activeTracking,noEvent
6382,15,9,rld,15:36:19.821,83703,0.318,-0.135,-0.016,0.000,0.000,activeTracking,noEvent
6382,15,9,rld,15:36:19.884,83704,0.370,-0.135,-0.016,0.000,0.000,activeTracking,noEvent
6382,15,9,rld,15:36:19.937,83705,0.429,-0.135,-0.016,0.000,0.000,activeTracking,failedClick
6382,15,10,rld,15:36:20.798,83721,0.490,-0.135,-0.016,0.000,0.000,waitingForTarget,middleTargetClick
6382,15,10,rld,15:36:20.867,83722,0.563,-0.135,-0.016,0.000,0.000,waitingForTarget,noEvent
6382,15,10,rld,15:36:20.912,83723,0.607,-0.135,-0.016,0.000,0.000,waitingForTarget,noEvent
6382,15,10,rld,15:36:20.997,83724,0.690,-0.135,-0.016,0.000,0.000,waitingForTarget,noEvent
6382,15,10,rld,15:36:21.050,83725,0.747,-0.135,-0.016,0.000,0.000,waitingForTarget,noEvent
6382,15,10,rld,15:36:21.124,83726,0.811,-0.135,-0.016,0.000,0.000,waitingForTarget,noEvent
6382,15,10,rld,15:36:21.173,83727,0.869,-0.135,-0.016,0.000,0.000,waitingForTarget,noEvent
6382,15,10,rld,15:36:21.248,83728,0.941,-0.135,-0.016,0.000,0.000,waitingForTarget,noEvent
6382,15,10,rld,15:36:21.300,83729,0.057,-0.135,-0.016,0.000,0.000,activeTracking,targetAppeared
6382,15,10,rld,15:36:21.352,83730,0.104,-0.135,-0.016,0.000,0.000,activeTracking,noEvent
6382,15,10,rld,15:36:21.413,83731,0.159,-0.135,-0.016,0.000,0.000,activeTracking,noEvent
6382,15,10,rld,15:36:21.471,83732,0.233,-0.135,-0.016,0.000,0.000,activeTracking,noEvent
6382,15,10,rld,15:36:21.522,83733,0.282,-0.135,-0.016,0.000,0.000,activeTracking,noEvent
6382,15,10,rld,15:36:21.572,83734,0.330,-0.135,-0.016,0.000,0.000,activeTracking,noEvent
6382,15,10,rld,15:36:21.671,83735,0.404,-0.135,-0.016,0.000,0.000,activeTracking,failedClick
6382,15,11,rld,15:36:22.801,83756,0.465,-0.135,-0.016,0.000,0.000,waitingForTarget,middleTargetClick
6382,15,11,rld,15:36:22.874,83757,0.547,-0.135,-0.016,0.000,0.000,waitingForTarget,noEvent
6382,15,11,rld,15:36:22.918,83758,0.587,-0.135,-0.016,0.000,0.000,waitingForTarget,noEvent
6382,15,11,rld,15:36:22.974,83759,0.646,-0.135,-0.016,0.000,0.000,waitingForTarget,noEvent
6382,15,11,rld,15:36:23.034,83760,0.702,-0.135,-0.016,0.000,0.000,waitingForTarget,noEvent
6382,15,11,rld,15:36:23.079,83761,0.751,-0.135,-0.016,0.000,0.000,waitingForTarget,noEvent
6382,15,11,rld,15:36:23.107,83762,0.781,-0.135,-0.016,0.000,0.000,waitingForTarget,noEvent
6382,15,11,rld,15:36:23.187,83763,0.852,-0.135,-0.016,0.000,0.000,waitingForTarget,noEvent
6382,15,11,rld,15:36:23.247,83764,0.915,-0.135,-0.016,0.000,0.000,waitingForTarget,noEvent
6382,15,11,rld,15:36:23.296,83765,0.050,-0.135,-0.016,0.000,0.000,activeTracking,targetAppeared
6382,15,11,rld,15:36:23.365,83766,0.114,-0.135,-0.016,0.000,0.000,activeTracking,noEvent
6382,15,11,rld,15:36:23.421,83767,0.179,-0.135,-0.016,0.000,0.000,activeTracking,noEvent
6382,15,11,rld,15:36:23.469,83768,0.226,-0.135,-0.016,0.000,0.000,activeTracking,noEvent
6382,15,11,rld,15:36:23.517,83769,0.271,-0.135,-0.016,0.000,0.000,activeTracking,noEvent
6382,15,11,rld,15:36:23.582,83770,0.328,-0.135,-0.016,0.000,0.000,activeTracking,failedClick
6382,15,12,rld,15:36:24.977,83795,0.375,-0.135,-0.016,0.000,0.000,waitingForTarget,middleTargetClick
6382,15,12,rld,15:36:25.034,83796,0.437,-0.135,-0.016,0.000,0.000,waitingForTarget,noEvent
6382,15,12,rld,15:36:25.130,83797,0.529,-0.135,-0.016,0.000,0.000,waitingForTarget,noEvent
6382,15,12,rld,15:36:25.168,83798,0.571,-0.135,-0.016,0.000,0.000,waitingForTarget,noEvent
6382,15,12,rld,15:36:25.230,83799,0.629,-0.135,-0.016,0.000,0.000,waitingForTarget,noEvent
6382,15,12,rld,15:36:25.305,83800,0.710,-0.135,-0.016,0.000,0.000,waitingForTarget,noEvent
6382,15,12,rld,15:36:25.351,83801,0.753,-0.135,-0.016,0.000,0.000,waitingForTarget,noEvent
6382,15,12,rld,15:36:25.403,83802,0.806,-0.135,-0.016,0.000,0.000,waitingForTarget,noEvent
6382,15,12,rld,15:36:25.462,83803,0.064,-0.135,-0.016,0.000,0.000,activeTracking,targetAppeared
6382,15,12,rld,15:36:25.517,83804,0.119,-0.135,-0.016,0.000,0.000,activeTracking,noEvent
6382,15,12,rld,15:36:25.569,83805,0.164,-0.135,-0.016,0.000,0.000,activeTracking,noEvent
6382,15,12,rld,15:36:25.618,83806,0.224,-0.135,-0.016,0.000,0.000,activeTracking,noEvent
6382,15,12,rld,15:36:25.689,83807,0.289,-0.135,-0.016,0.000,0.000,activeTracking,failedClick
6382,15,13,rld,15:36:26.310,83818,0.349,-0.135,-0.016,0.000,0.000,waitingForTarget,middleTargetClick
6382,15,13,rld,15:36:26.348,83819,0.391,-0.135,-0.016,0.000,0.000,waitingForTarget,noEvent
6382,15,13,rld,15:36:26.401,83820,0.438,-0.135,-0.016,0.000,0.000,waitingForTarget,noEvent
6382,15,13,rld,15:36:26.447,83821,0.484,-0.135,-0.016,0.000,0.000,waitingForTarget,noEvent
6382,15,13,rld,15:36:26.494,83822,0.539,-0.135,-0.016,0.000,0.000,waitingForTarget,noEvent
6382,15,13,rld,15:36:26.538,83823,0.580,-0.135,-0.016,0.000,0.000,waitingForTarget,noEvent
6382,15,13,rld,15:36:26.573,83824,0.617,-0.135,-0.016,0.000,0.000,waitingForTarget,noEvent
6382,15,13,rld,15:36:26.632,83825,0.673,-0.135,-0.016,0.000,0.000,waitingForTarget,noEvent
6382,15,13,rld,15:36:26.684,83826,0.729,-0.135,-0.016,0.000,0.000,waitingForTarget,noEvent
6382,15,13,rld,15:36:26.724,83827,0.766,-0.135,-0.016,0.000,0.000,waitingForTarget,noEvent
6382,15,13,rld,15:36:26.765,83828,0.040,-0.135,-0.016,0.000,0.000,activeTracking,targetAppeared
6382,15,13,rld,15:36:26.819,83829,0.084,-0.135,-0.016,0.000,0.000,activeTracking,noEvent
6382,15,13,rld,15:36:26.848,83830,0.122,-0.135,-0.016,0.000,0.000,activeTracking,noEvent
6382,15,13,rld,15:36:26.901,83831,0.172,-0.135,-0.016,0.000,0.000,activeTracking,noEvent
6382,15,13,rld,15:36:26.955,83832,0.233,-0.135,-0.016,0.000,0.000,activeTracking,noEvent
6382,15,13,rld,15:36:26.999,83833,0.279,-0.135,-0.016,0.000,0.000,activeTracking,noEvent
6382,15,13,rld,15:36:27.062,83834,0.335,-0.135,-0.016,0.000,0.000,activeTracking,failedClick
6382,15,14,rld,15:36:28.379,83860,0.391,-0.135,-0.016,0.000,0.000,waitingForTarget,middleTargetClick
6382,15,14,rld,15:36:28.424,83861,0.445,-0.135,-0.016,0.000,0.000,waitingForTarget,noEvent
6382,15,14,rld,15:36:28.468,83862,0.486,-0.135,-0.016,0.000,0.000,waitingForTarget,noEvent
6382,15,14,rld,15:36:28.507,83863,0.532,-0.135,-0.016,0.000,0.000,waitingForTarget,noEvent
6382,15,14,rld,15:36:28.564,83864,0.586,-0.135,-0.016,0.000,0.000,waitingForTarget,noEvent
6382,15,14,rld,15:36:28.606,83865,0.630,-0.135,-0.016,0.000,0.000,waitingForTarget,noEvent
6382,15,14,rld,15:36:28.645,83866,0.664,-0.135,-0.016,0.000,0.000,waitingForTarget,noEvent
6382,15,14,rld,15:36:28.683,83867,0.704,-0.135,-0.016,0.000,0.000,waitingForTarget,noEvent
6382,15,14,rld,15:36:28.734,83868,0.759,-0.135,-0.016,0.000,0.000,waitingForTarget,noEvent
6382,15,14,rld,15:36:28.770,83869,0.794,-0.135,-0.016,0.000,0.000,waitingForTarget,noEvent
6382,15,14,rld,15:36:28.820,83870,0.048,-0.135,-0.016,0.000,0.000,activeTracking,targetAppeared
6382,15,14,rld,15:36:28.879,83871,0.105,-0.135,-0.016,0.000,0.000,activeTracking,noEvent
6382,15,14,rld,15:36:28.937,83872,0.161,-0.135,-0.016,0.000,0.000,activeTracking,noEvent
6382,15,14,rld,15:36:28.988,83873,0.214,-0.135,-0.016,0.000,0.000,activeTracking,noEvent
6382,15,14,rld,15:36:29.037,83874,0.261,-0.135,-0.016,0.000,0.000,activeTracking,noEvent
6382,15,14,rld,15:36:29.097,83875,0.317,-0.135,-0.016,0.000,0.000,activeTracking,failedClick
6382,15,15,rld,15:36:30.601,83905,0.366,-0.135,-0.016,0.000,0.000,waitingForTarget,middleTargetClick
6382,15,15,rld,15:36:30.634,83906,0.408,-0.135,-0.016,0.000,0.000,waitingForTarget,noEvent
6382,15,15,rld,15:36:30.672,83907,0.447,-0.135,-0.016,0.000,0.000,waitingForTarget,noEvent
6382,15,15,rld,15:36:30.712,83908,0.487,-0.135,-0.016,0.000,0.000,waitingForTarget,noEvent
6382,15,15,rld,15:36:30.763,83909,0.538,-0.135,-0.016,0.000,0.000,waitingForTarget,noEvent
6382,15,15,rld,15:36:30.799,83910,0.577,-0.135,-0.016,0.000,0.000,waitingForTarget,noEvent
6382,15,15,rld,15:36:30.868,83911,0.644,-0.135,-0.016,0.000,0.000,waitingForTarget,noEvent
6382,15,15,rld,15:36:30.885,83912,0.665,-0.135,-0.016,0.000,0.000,waitingForTarget,noEvent
6382,15,15,rld,15:36:30.922,83913,0.690,-0.135,-0.016,0.000,0.000,waitingForTarget,noEvent
6382,15,15,rld,15:36:30.969,83914,0.747,-0.135,-0.016,0.000,0.000,waitingForTarget,noEvent
6382,15,15,rld,15:36:31.011,83915,0.786,-0.135,-0.016,0.000,0.000,waitingForTarget,noEvent
6382,15,15,rld,15:36:31.064,83916,0.050,-0.135,-0.016,0.000,0.000,activeTracking,targetAppeared
6382,15,15,rld,15:36:31.112,83917,0.099,-0.135,-0.016,0.000,0.000,activeTracking,noEvent
6382,15,15,rld,15:36:31.178,83918,0.159,-0.135,-0.016,0.000,0.000,activeTracking,noEvent
6382,15,15,rld,15:36:31.231,83919,0.216,-0.135,-0.016,0.000,0.000,activeTracking,noEvent
6382,15,15,rld,15:36:31.281,83920,0.258,-0.135,-0.016,0.000,0.000,activeTracking,noEvent
6382,15,15,rld,15:36:31.334,83921,0.316,-0.135,-0.016,0.000,0.000,activeTracking,noEvent
6382,15,15,rld,15:36:31.394,83922,0.379,-0.135,-0.016,0.000,0.000,activeTracking,failedClick
6382,15,16,rld,15:36:32.506,83944,0.440,-0.135,-0.016,0.000,0.000,waitingForTarget,middleTargetClick
6382,15,16,rld,15:36:32.552,83945,0.491,-0.135,-0.016,0.000,0.000,waitingForTarget,noEvent
6382,15,16,rld,15:36:32.602,83946,0.539,-0.135,-0.016,0.000,0.000,waitingForTarget,noEvent
6382,15,16,rld,15:36:32.654,83947,0.590,-0.135,-0.016,0.000,0.000,waitingForTarget,noEvent
6382,15,16,rld,15:36:32.706,83948,0.651,-0.135,-0.016,0.000,0.000,waitingForTarget,noEvent
6382,15,16,rld,15:36:32.751,83949,0.691,-0.135,-0.016,0.000,0.000,waitingForTarget,noEvent
6382,15,16,rld,15:36:32.790,83950,0.731,-0.135,-0.016,0.000,0.000,waitingForTarget,noEvent
6382,15,16,rld,15:36:32.864,83951,0.801,-0.135,-0.016,0.000,0.000,waitingForTarget,noEvent
6382,15,16,rld,15:36:32.899,83952,0.837,-0.135,-0.016,0.000,0.000,waitingForTarget,noEvent
6382,15,16,rld,15:36:32.951,83953,0.897,-0.135,-0.016,0.000,0.000,waitingForTarget,noEvent
6382,15,16,rld,15:36:32.995,83954,0.040,-0.135,-0.016,0.000,0.000,activeTracking,targetAppeared
6382,15,16,rld,15:36:33.035,83955,0.078,-0.135,-0.016,0.000,0.000,activeTracking,noEvent
6382,15,16,rld,15:36:33.087,83956,0.128,-0.135,-0.016,0.000,0.000,activeTracking,noEvent
6382,15,16,rld,15:36:33.128,83957,0.170,-0.135,-0.016,0.000,0.000,activeTracking,noEvent
6382,15,16,rld,15:36:33.180,83958,0.224,-0.135,-0.016,0.000,0.000,activeTracking,failedClick
6382,15,17,rld,15:36:33.888,83972,0.300,-0.135,-0.016,0.000,0.000,waitingForTarget,middleTargetClick
6382,15,17,rld,15:36:33.935,83973,0.363,-0.135,-0.016,0.000,0.000,waitingForTarget,noEvent
6382,15,17,rld,15:36:33.974,83974,0.405,-0.135,-0.016,0.000,0.000,waitingForTarget,noEvent
6382,15,17,rld,15:36:34.015,83975,0.441,-0.135,-0.016,0.000,0.000,waitingForTarget,noEvent
6382,15,17,rld,15:36:34.071,83976,0.497,-0.135,-0.016,0.000,0.000,waitingForTarget,noEvent
6382,15,17,rld,15:36:34.120,83977,0.553,-0.135,-0.016,0.000,0.000,waitingForTarget,noEvent
6382,15,17,rld,15:36:34.164,83978,0.594,-0.135,-0.016,0.000,0.000,waitingForTarget,noEvent
6382,15,17,rld,15:36:34.205,83979,0.636,-0.135,-0.016,0.000,0.000,waitingForTarget,noEvent
6382,15,17,rld,15:36:34.263,83980,0.690,-0.135,-0.016,0.000,0.000,waitingForTarget,noEvent
6382,15,17,rld,15:36:34.298,83981,0.728,-0.135,-0.016,0.000,0.000,waitingForTarget,noEvent
6382,15,17,rld,15:36:34.339,83982,0.035,-0.135,-0.016,0.000,0.000,activeTracking,targetAppeared
6382,15,17,rld,15:36:34.390,83983,0.092,-0.135,-0.016,0.000,0.000,activeTracking,noEvent
6382,15,17,rld,15:36:34.446,83984,0.143,-0.135,-0.016,0.000,0.000,activeTracking,noEvent
6382,15,17,rld,15:36:34.490,83985,0.194,-0.135,-0.016,0.000,0.000,activeTracking,noEvent
6382,15,17,rld,15:36:34.531,83986,0.232,-0.135,-0.016,0.000,0.000,activeTracking,noEvent
6382,15,17,rld,15:36:34.587,83987,0.285,-0.135,-0.016,0.000,0.000,activeTracking,failedClick
6382,15,18,rld,15:36:35.731,84006,0.364,-0.135,-0.016,0.000,0.000,waitingForTarget,middleTargetClick
6382,15,18,rld,15:36:35.787,84007,0.423,-0.135,-0.016,0.000,0.000,waitingForTarget,noEvent
6382,15,18,rld,15:36:35.854,84008,0.500,-0.135,-0.016,0.000,0.000,waitingForTarget,noEvent
6382,15,18,rld,15:36:35.905,84009,0.551,-0.135,-0.016,0.000,0.000,waitingForTarget,noEvent
6382,15,18,rld,15:36:35.954,84010,0.592,-0.135,-0.016,0.000,0.000,waitingForTarget,noEvent
6382,15,18,rld,15:36:36.018,84011,0.655,-0.135,-0.016,0.000,0.000,waitingForTarget,noEvent
6382,15,18,rld,15:36:36.064,84012,0.707,-0.135,-0.016,0.000,0.000,waitingForTarget,noEvent
6382,15,18,rld,15:36:36.093,84013,0.741,-0.135,-0.016,0.000,0.000,waitingForTarget,noEvent
6382,15,18,rld,15:36:36.132,84014,0.780,-0.135,-0.016,0.000,0.000,waitingForTarget,noEvent
6382,15,18,rld,15:36:36.219,84015,0.075,-0.135,-0.016,0.000,0.000,activeTracking,targetAppeared
6382,15,18,rld,15:36:36.289,84016,0.153,-0.135,-0.016,0.000,0.000,activeTracking,noEvent
6382,15,18,rld,15:36:36.340,84017,0.206,-0.135,-0.016,0.000,0.000,activeTracking,noEvent
6382,15,18,rld,15:36:36.423,84018,0.274,-0.135,-0.016,0.000,0.000,activeTracking,failedClick
6382,15,19,rld,15:36:37.938,84038,0.355,-0.135,-0.016,0.000,0.000,waitingForTarget,middleTargetClick
6382,15,19,rld,15:36:38.003,84039,0.427,-0.135,-0.016,0.000,0.000,waitingForTarget,noEvent
6382,15,19,rld,15:36:38.069,84040,0.486,-0.135,-0.016,0.000,0.000,waitingForTarget,noEvent
6382,15,19,rld,15:36:38.120,84041,0.537,-0.135,-0.016,0.000,0.000,waitingForTarget,noEvent
6382,15,19,rld,15:36:38.180,84042,0.603,-0.135,-0.016,0.000,0.000,waitingForTarget,noEvent
6382,15,19,rld,15:36:38.243,84043,0.667,-0.135,-0.016,0.000,0.000,waitingForTarget,noEvent
6382,15,19,rld,15:36:38.282,84044,0.704,-0.135,-0.016,0.000,0.000,waitingForTarget,noEvent
6382,15,19,rld,15:36:38.323,84045,0.751,-0.135,-0.016,0.000,0.000,waitingForTarget,noEvent
6382,15,19,rld,15:36:38.397,84046,0.818,-0.135,-0.016,0.000,0.000,waitingForTarget,noEvent
6382,15,19,rld,15:36:38.464,84047,0.069,-0.135,-0.016,0.000,0.000,activeTracking,targetAppeared
6382,15,19,rld,15:36:38.520,84048,0.119,-0.135,-0.016,0.000,0.000,activeTracking,noEvent
6382,15,19,rld,15:36:38.581,84049,0.187,-0.135,-0.016,0.000,0.000,activeTracking,failedClick
6382,15,20,rld,15:36:40.300,84072,0.249,-0.135,-0.016,0.000,0.000,waitingForTarget,middleTargetClick
6382,15,20,rld,15:36:40.356,84073,0.309,-0.135,-0.016,0.000,0.000,waitingForTarget,noEvent
6382,15,20,rld,15:36:40.414,84074,0.367,-0.135,-0.016,0.000,0.000,waitingForTarget,noEvent
6382,15,20,rld,15:36:40.467,84075,0.419,-0.135,-0.016,0.000,0.000,waitingForTarget,noEvent
6382,15,20,rld,15:36:40.520,84076,0.479,-0.135,-0.016,0.000,0.000,waitingForTarget,noEvent
6382,15,20,rld,15:36:40.566,84077,0.520,-0.135,-0.016,0.000,0.000,waitingForTarget,noEvent
6382,15,20,rld,15:36:40.646,84078,0.602,-0.135,-0.016,0.000,0.000,waitingForTarget,noEvent
6382,15,20,rld,15:36:40.693,84079,0.638,-0.135,-0.016,0.000,0.000,waitingForTarget,noEvent
6382,15,20,rld,15:36:40.738,84080,0.690,-0.135,-0.016,0.000,0.000,waitingForTarget,noEvent
6382,15,20,rld,15:36:40.804,84081,0.072,-0.135,-0.016,0.000,0.000,activeTracking,targetAppeared
6382,15,20,rld,15:36:40.923,84082,0.186,-0.135,-0.016,0.000,0.000,activeTracking,noEvent
6382,15,20,rld,15:36:40.983,84083,0.246,-0.135,-0.016,0.000,0.000,activeTracking,failedClick
6382,15,21,rld,15:36:41.943,84091,0.306,-0.135,-0.016,0.000,0.000,waitingForTarget,middleTargetClick
6382,15,21,rld,15:36:42.015,84092,0.383,-0.135,-0.016,0.000,0.000,waitingForTarget,noEvent
6382,15,21,rld,15:36:42.066,84093,0.433,-0.135,-0.016,0.000,0.000,waitingForTarget,noEvent
6382,15,21,rld,15:36:42.114,84094,0.479,-0.135,-0.016,0.000,0.000,waitingForTarget,noEvent
6382,15,21,rld,15:36:42.178,84095,0.549,-0.135,-0.016,0.000,0.000,waitingForTarget,noEvent
6382,15,21,rld,15:36:42.232,84096,0.595,-0.135,-0.016,0.000,0.000,waitingForTarget,noEvent
6382,15,21,rld,15:36:42.293,84097,0.663,-0.135,-0.016,0.000,0.000,waitingForTarget,noEvent
6382,15,21,rld,15:36:42.349,84098,0.717,-0.135,-0.016,0.000,0.000,waitingForTarget,noEvent
6382,15,21,rld,15:36:42.420,84099,0.068,-0.135,-0.016,0.000,0.000,activeTracking,targetAppeared
6382,15,21,rld,15:36:42.471,84100,0.123,-0.135,-0.016,0.000,0.000,activeTracking,noEvent
6382,15,21,rld,15:36:42.540,84101,0.193,-0.135,-0.016,0.000,0.000,activeTracking,noEvent
6382,15,21,rld,15:36:42.595,84102,0.244,-0.135,-0.016,0.000,0.000,activeTracking,noEvent
6382,15,21,rld,15:36:42.651,84103,0.300,-0.135,-0.016,0.000,0.000,activeTracking,noEvent
6382,15,21,rld,15:36:42.702,84104,0.360,-0.135,-0.016,0.000,0.000,activeTracking,noEvent
6382,15,21,rld,15:36:42.745,84105,0.395,-0.135,-0.016,0.000,0.000,activeTracking,noEvent
6382,15,21,rld,15:36:42.794,84106,0.445,-0.135,-0.016,0.000,0.000,activeTracking,noEvent
6382,15,21,rld,15:36:42.852,84107,0.505,-0.135,-0.016,0.000,0.000,activeTracking,noEvent
6382,15,21,rld,15:36:42.900,84108,0.548,-0.135,-0.016,0.000,0.000,activeTracking,noEvent
6382,15,21,rld,15:36:42.966,84109,0.616,-0.135,-0.016,0.000,0.000,activeTracking,failedClick
6382,15,22,rld,15:36:43.601,84120,0.681,-0.135,-0.016,0.000,0.000,waitingForTarget,middleTargetClick
6382,15,22,rld,15:36:43.655,84121,0.745,-0.135,-0.016,0.000,0.000,waitingForTarget,noEvent
6382,15,22,rld,15:36:43.710,84122,0.798,-0.135,-0.016,0.000,0.000,waitingForTarget,noEvent
6382,15,22,rld,15:36:43.753,84123,0.833,-0.135,-0.016,0.000,0.000,waitingForTarget,noEvent
6382,15,22,rld,15:36:43.802,84124,0.894,-0.135,-0.016,0.000,0.000,waitingForTarget,noEvent
6382,15,22,rld,15:36:43.854,84125,0.945,-0.135,-0.016,0.000,0.000,waitingForTarget,noEvent
6382,15,22,rld,15:36:43.922,84126,1.014,-0.135,-0.016,0.000,0.000,waitingForTarget,noEvent
6382,15,22,rld,15:36:43.979,84127,1.064,-0.135,-0.016,0.000,0.000,waitingForTarget,noEvent
6382,15,22,rld,15:36:44.033,84128,1.117,-0.135,-0.016,0.000,0.000,waitingForTarget,noEvent
6382,15,22,rld,15:36:44.113,84129,1.196,-0.135,-0.016,0.000,0.000,activeTracking,failedClick
6382,15,23,rld,15:36:45.281,84146,1.266,-0.135,-0.016,0.000,0.000,waitingForTarget,middleTargetClick
6382,15,23,rld,15:36:45.334,84147,1.312,-0.135,-0.016,0.000,0.000,waitingForTarget,noEvent
6382,15,23,rld,15:36:45.382,84148,1.360,-0.135,-0.016,0.000,0.000,waitingForTarget,noEvent
6382,15,23,rld,15:36:45.432,84149,1.412,-0.135,-0.016,0.000,0.000,waitingForTarget,noEvent
6382,15,23,rld,15:36:45.490,84150,1.479,-0.135,-0.016,0.000,0.000,waitingForTarget,noEvent
6382,15,23,rld,15:36:45.550,84151,1.528,-0.135,-0.016,0.000,0.000,waitingForTarget,noEvent
6382,15,23,rld,15:36:45.589,84152,1.577,-0.135,-0.016,0.000,0.000,waitingForTarget,noEvent
6382,15,23,rld,15:36:45.642,84153,1.624,-0.135,-0.016,0.000,0.000,waitingForTarget,noEvent
6382,15,23,rld,15:36:45.683,84154,1.666,-0.135,-0.016,0.000,0.000,waitingForTarget,noEvent
6382,15,23,rld,15:36:45.737,84155,1.715,-0.135,-0.016,0.000,0.000,waitingForTarget,noEvent
6382,15,23,rld,15:36:45.822,84156,0.075,-0.135,-0.016,0.000,0.000,activeTracking,targetAppeared
6382,15,23,rld,15:36:45.876,84157,0.143,-0.135,-0.016,0.000,0.000,activeTracking,noEvent
6382,15,23,rld,15:36:45.927,84158,0.192,-0.135,-0.016,0.000,0.000,activeTracking,noEvent
6382,15,23,rld,15:36:45.982,84159,0.248,-0.135,-0.016,0.000,0.000,activeTracking,failedClick
6382,15,24,rld,15:36:46.765,84172,0.307,-0.135,-0.016,0.000,0.000,waitingForTarget,middleTargetClick
6382,15,24,rld,15:36:46.829,84173,0.380,-0.135,-0.016,0.000,0.000,waitingForTarget,noEvent
6382,15,24,rld,15:36:46.885,84174,0.427,-0.135,-0.016,0.000,0.000,waitingForTarget,noEvent
6382,15,24,rld,15:36:46.946,84175,0.493,-0.135,-0.016,0.000,0.000,waitingForTarget,noEvent
6382,15,24,rld,15:36:47.014,84176,0.567,-0.135,-0.016,0.000,0.000,waitingForTarget,noEvent
6382,15,24,rld,15:36:47.062,84177,0.609,-0.135,-0.016,0.000,0.000,waitingForTarget,noEvent
6382,15,24,rld,15:36:47.142,84178,0.690,-0.135,-0.016,0.000,0.000,waitingForTarget,noEvent
6382,15,24,rld,15:36:47.183,84179,0.737,-0.135,-0.016,0.000,0.000,waitingForTarget,noEvent
6382,15,24,rld,15:36:47.233,84180,0.042,-0.135,-0.016,0.000,0.000,activeTracking,targetAppeared
6382,15,24,rld,15:36:47.295,84181,0.100,-0.135,-0.016,0.000,0.000,activeTracking,noEvent
6382,15,24,rld,15:36:47.362,84182,0.171,-0.135,-0.016,0.000,0.000,activeTracking,noEvent
6382,15,24,rld,15:36:47.414,84183,0.229,-0.135,-0.016,0.000,0.000,activeTracking,noEvent
6382,15,24,rld,15:36:47.464,84184,0.270,-0.135,-0.016,0.000,0.000,activeTracking,noEvent
6382,15,24,rld,15:36:47.552,84185,0.359,-0.135,-0.016,0.000,0.000,activeTracking,failedClick
6382,15,25,rld,15:36:48.782,84206,0.427,-0.135,-0.016,0.000,0.000,waitingForTarget,middleTargetClick
6382,15,25,rld,15:36:48.847,84207,0.490,-0.135,-0.016,0.000,0.000,waitingForTarget,noEvent
6382,15,25,rld,15:36:48.895,84208,0.540,-0.135,-0.016,0.000,0.000,waitingForTarget,noEvent
6382,15,25,rld,15:36:48.950,84209,0.599,-0.135,-0.016,0.000,0.000,waitingForTarget,noEvent
6382,15,25,rld,15:36:49.017,84210,0.669,-0.135,-0.016,0.000,0.000,waitingForTarget,noEvent
6382,15,25,rld,15:36:49.079,84211,0.725,-0.135,-0.016,0.000,0.000,waitingForTarget,noEvent
6382,15,25,rld,15:36:49.142,84212,0.778,-0.135,-0.016,0.000,0.000,waitingForTarget,noEvent
6382,15,25,rld,15:36:49.193,84213,0.837,-0.135,-0.016,0.000,0.000,waitingForTarget,noEvent
6382,15,25,rld,15:36:49.281,84214,0.078,-0.135,-0.016,0.000,0.000,activeTracking,targetAppeared
6382,15,25,rld,15:36:49.345,84215,0.150,-0.135,-0.016,0.000,0.000,activeTracking,noEvent
6382,15,25,rld,15:36:49.405,84216,0.222,-0.135,-0.016,0.000,0.000,activeTracking,noEvent
6382,15,25,rld,15:36:49.486,84217,0.302,-0.135,-0.016,0.000,0.000,activeTracking,noEvent
6382,15,25,rld,15:36:49.554,84218,0.351,-0.135,-0.016,0.000,0.000,activeTracking,noEvent
6382,15,25,rld,15:36:49.653,84219,0.462,-0.135,-0.016,0.000,0.000,activeTracking,failedClick
6382,15,26,rld,15:36:50.249,84229,0.533,-0.135,-0.016,0.000,0.000,waitingForTarget,middleTargetClick
6382,15,26,rld,15:36:50.304,84230,0.591,-0.135,-0.016,0.000,0.000,waitingForTarget,noEvent
6382,15,26,rld,15:36:50.351,84231,0.642,-0.135,-0.016,0.000,0.000,waitingForTarget,noEvent
6382,15,26,rld,15:36:50.401,84232,0.696,-0.135,-0.016,0.000,0.000,waitingForTarget,noEvent
6382,15,26,rld,15:36:50.451,84233,0.744,-0.135,-0.016,0.000,0.000,waitingForTarget,noEvent
6382,15,26,rld,15:36:50.529,84234,0.817,-0.135,-0.016,0.000,0.000,waitingForTarget,noEvent
6382,15,26,rld,15:36:50.568,84235,0.860,-0.135,-0.016,0.000,0.000,waitingForTarget,noEvent
6382,15,26,rld,15:36:50.621,84236,0.914,-0.135,-0.016,0.000,0.000,waitingForTarget,noEvent
6382,15,26,rld,15:36:50.686,84237,0.981,-0.135,-0.016,0.000,0.000,waitingForTarget,noEvent
6382,15,26,rld,15:36:50.725,84238,0.039,-0.135,-0.016,0.000,0.000,activeTracking,targetAppeared
6382,15,26,rld,15:36:50.981,84239,0.281,-0.135,-0.016,0.000,0.000,activeTracking,noEvent
6382,15,26,rld,15:36:51.030,84240,0.338,-0.135,-0.016,0.000,0.000,activeTracking,noEvent
6382,15,26,rld,15:36:51.104,84241,0.408,-0.135,-0.016,0.000,0.000,activeTracking,noEvent
6382,15,26,rld,15:36:51.184,84242,0.498,-0.135,-0.016,0.000,0.000,activeTracking,noEvent
6382,15,26,rld,15:36:51.263,84243,0.572,-0.135,-0.016,0.000,0.000,activeTracking,failedClick
6382,15,27,rld,15:36:53.055,84274,0.641,-0.135,-0.016,0.000,0.000,waitingForTarget,middleTargetClick
6382,15,27,rld,15:36:53.112,84275,0.718,-0.135,-0.016,0.000,0.000,waitingForTarget,noEvent
6382,15,27,rld,15:36:53.162,84276,0.758,-0.135,-0.016,0.000,0.000,waitingForTarget,noEvent
6382,15,27,rld,15:36:53.206,84277,0.806,-0.135,-0.016,0.000,0.000,waitingForTarget,noEvent
6382,15,27,rld,15:36:53.281,84278,0.879,-0.135,-0.016,0.000,0.000,waitingForTarget,noEvent
6382,15,27,rld,15:36:53.334,84279,0.938,-0.135,-0.016,0.000,0.000,waitingForTarget,noEvent
6382,15,27,rld,15:36:53.383,84280,0.981,-0.135,-0.016,0.000,0.000,waitingForTarget,noEvent
6382,15,27,rld,15:36:53.446,84281,1.050,-0.135,-0.016,0.000,0.000,waitingForTarget,noEvent
6382,15,27,rld,15:36:53.488,84282,0.044,-0.135,-0.016,0.000,0.000,activeTracking,targetAppeared
6382,15,27,rld,15:36:53.539,84283,0.082,-0.135,-0.016,0.000,0.000,activeTracking,noEvent
6382,15,27,rld,15:36:53.600,84284,0.151,-0.135,-0.016,0.000,0.000,activeTracking,noEvent
6382,15,27,rld,15:36:53.667,84285,0.221,-0.135,-0.016,0.000,0.000,activeTracking,noEvent
6382,15,27,rld,15:36:53.728,84286,0.273,-0.135,-0.016,0.000,0.000,activeTracking,noEvent
6382,15,27,rld,15:36:53.785,84287,0.331,-0.135,-0.016,0.000,0.000,activeTracking,failedClick
6382,15,28,rld,15:36:54.870,84304,0.399,-0.135,-0.016,0.000,0.000,waitingForTarget,middleTargetClick
6382,15,28,rld,15:36:54.922,84305,0.459,-0.135,-0.016,0.000,0.000,waitingForTarget,noEvent
6382,15,28,rld,15:36:54.968,84306,0.509,-0.135,-0.016,0.000,0.000,waitingForTarget,noEvent
6382,15,28,rld,15:36:55.034,84307,0.572,-0.135,-0.016,0.000,0.000,waitingForTarget,noEvent
6382,15,28,rld,15:36:55.092,84308,0.621,-0.135,-0.016,0.000,0.000,waitingForTarget,noEvent
6382,15,28,rld,15:36:55.160,84309,0.693,-0.135,-0.016,0.000,0.000,waitingForTarget,noEvent
6382,15,28,rld,15:36:55.218,84310,0.758,-0.135,-0.016,0.000,0.000,waitingForTarget,noEvent
6382,15,28,rld,15:36:55.282,84311,0.824,-0.135,-0.016,0.000,0.000,waitingForTarget,noEvent
6382,15,28,rld,15:36:55.345,84312,0.888,-0.135,-0.016,0.000,0.000,activeTracking,failedClick
6382,15,29,rld,15:36:56.658,84335,0.968,-0.135,-0.016,0.000,0.000,waitingForTarget,middleTargetClick
6382,15,29,rld,15:36:56.732,84336,1.054,-0.135,-0.016,0.000,0.000,waitingForTarget,noEvent
6382,15,29,rld,15:36:56.784,84337,1.108,-0.135,-0.016,0.000,0.000,waitingForTarget,noEvent
6382,15,29,rld,15:36:56.855,84338,1.182,-0.135,-0.016,0.000,0.000,waitingForTarget,noEvent
6382,15,29,rld,15:36:56.905,84339,1.228,-0.135,-0.016,0.000,0.000,waitingForTarget,noEvent
6382,15,29,rld,15:36:56.963,84340,1.285,-0.135,-0.016,0.000,0.000,waitingForTarget,noEvent
6382,15,29,rld,15:36:57.014,84341,1.328,-0.135,-0.016,0.000,0.000,waitingForTarget,noEvent
6382,15,29,rld,15:36:57.075,84342,1.402,-0.135,-0.016,0.000,0.000,waitingForTarget,noEvent
6382,15,29,rld,15:36:57.129,84343,0.044,-0.135,-0.016,0.000,0.000,activeTracking,targetAppeared
6382,15,29,rld,15:36:57.175,84344,0.101,-0.135,-0.016,0.000,0.000,activeTracking,noEvent
6382,15,29,rld,15:36:57.234,84345,0.148,-0.135,-0.016,0.000,0.000,activeTracking,noEvent
6382,15,29,rld,15:36:57.312,84346,0.230,-0.135,-0.016,0.000,0.000,activeTracking,noEvent
6382,15,29,rld,15:36:57.364,84347,0.290,-0.135,-0.016,0.000,0.000,activeTracking,noEvent
6382,15,29,rld,15:36:57.404,84348,0.329,-0.135,-0.016,0.000,0.000,activeTracking,noEvent
6382,15,29,rld,15:36:57.477,84349,0.394,-0.135,-0.016,0.000,0.000,activeTracking,failedClick
6382,15,30,rld,15:36:58.939,84375,0.463,-0.135,-0.016,0.000,0.000,waitingForTarget,middleTargetClick
6382,15,30,rld,15:36:59.052,84376,0.574,-0.135,-0.016,0.000,0.000,waitingForTarget,noEvent
6382,15,30,rld,15:36:59.104,84377,0.632,-0.135,-0.016,0.000,0.000,waitingForTarget,noEvent
6382,15,30,rld,15:36:59.151,84378,0.674,-0.135,-0.016,0.000,0.000,waitingForTarget,noEvent
6382,15,30,rld,15:36:59.214,84379,0.741,-0.135,-0.016,0.000,0.000,waitingForTarget,noEvent
6382,15,30,rld,15:36:59.256,84380,0.781,-0.135,-0.016,0.000,0.000,waitingForTarget,noEvent
6382,15,30,rld,15:36:59.304,84381,0.830,-0.135,-0.016,0.000,0.000,waitingForTarget,noEvent
6382,15,30,rld,15:36:59.355,84382,0.880,-0.135,-0.016,0.000,0.000,waitingForTarget,noEvent
6382,15,30,rld,15:36:59.415,84383,0.054,-0.135,-0.016,0.000,0.000,activeTracking,targetAppeared
6382,15,30,rld,15:36:59.470,84384,0.116,-0.135,-0.016,0.000,0.000,activeTracking,noEvent
6382,15,30,rld,15:36:59.523,84385,0.164,-0.135,-0.016,0.000,0.000,activeTracking,noEvent
6382,15,30,rld,15:36:59.600,84386,0.235,-0.135,-0.016,0.000,0.000,activeTracking,failedClick
6382,15,31,rld,15:37:00.288,84397,0.311,-0.135,-0.016,0.000,0.000,waitingForTarget,middleTargetClick
6382,15,31,rld,15:37:00.352,84398,0.380,-0.135,-0.016,0.000,0.000,waitingForTarget,noEvent
6382,15,31,rld,15:37:00.406,84399,0.435,-0.135,-0.016,0.000,0.000,waitingForTarget,noEvent
6382,15,31,rld,15:37:00.467,84400,0.495,-0.135,-0.016,0.000,0.000,waitingForTarget,noEvent
6382,15,31,rld,15:37:00.519,84401,0.547,-0.135,-0.016,0.000,0.000,waitingForTarget,noEvent
6382,15,31,rld,15:37:00.581,84402,0.589,-0.135,-0.016,0.000,0.000,waitingForTarget,noEvent
6382,15,31,rld,15:37:00.645,84403,0.667,-0.135,-0.016,0.000,0.000,waitingForTarget,noEvent
6382,15,31,rld,15:37:00.699,84404,0.717,-0.135,-0.016,0.000,0.000,waitingForTarget,noEvent
6382,15,31,rld,15:37:00.752,84405,0.062,-0.135,-0.016,0.000,0.000,activeTracking,targetAppeared
6382,15,31,rld,15:37:00.816,84406,0.128,-0.135,-0.016,0.000,0.000,activeTracking,noEvent
6382,15,31,rld,15:37:00.883,84407,0.191,-0.135,-0.016,0.000,0.000,activeTracking,noEvent
6382,15,31,rld,15:37:00.917,84408,0.230,-0.135,-0.016,0.000,0.000,activeTracking,noEvent
6382,15,31,rld,15:37:00.982,84409,0.288,-0.135,-0.016,0.000,0.000,activeTracking,failedClick
6382,15,32,rld,15:37:01.633,84419,0.386,-0.135,-0.016,0.000,0.000,waitingForTarget,middleTargetClick
6382,15,32,rld,15:37:01.703,84420,0.461,-0.135,-0.016,0.000,0.000,waitingForTarget,noEvent
6382,15,32,rld,15:37:01.792,84421,0.548,-0.135,-0.016,0.000,0.000,waitingForTarget,noEvent
6382,15,32,rld,15:37:01.861,84422,0.614,-0.135,-0.016,0.000,0.000,waitingForTarget,noEvent
6382,15,32,rld,15:37:01.906,84423,0.662,-0.135,-0.016,0.000,0.000,waitingForTarget,noEvent
6382,15,32,rld,15:37:01.972,84424,0.721,-0.135,-0.016,0.000,0.000,waitingForTarget,noEvent
6382,15,32,rld,15:37:02.014,84425,0.763,-0.135,-0.016,0.000,0.000,waitingForTarget,noEvent
6382,15,32,rld,15:37:02.092,84426,0.846,-0.135,-0.016,0.000,0.000,waitingForTarget,noEvent
6382,15,32,rld,15:37:02.143,84427,0.051,-0.135,-0.016,0.000,0.000,activeTracking,targetAppeared
6382,15,32,rld,15:37:02.196,84428,0.100,-0.135,-0.016,0.000,0.000,activeTracking,noEvent
6382,15,32,rld,15:37:02.253,84429,0.162,-0.135,-0.016,0.000,0.000,activeTracking,failedClick
6382,15,33,rld,15:37:02.981,84440,0.231,-0.135,-0.016,0.000,0.000,waitingForTarget,middleTargetClick
6382,15,33,rld,15:37:03.031,84441,0.282,-0.135,-0.016,0.000,0.000,waitingForTarget,noEvent
6382,15,33,rld,15:37:03.091,84442,0.343,-0.135,-0.016,0.000,0.000,waitingForTarget,noEvent
6382,15,33,rld,15:37:03.148,84443,0.403,-0.135,-0.016,0.000,0.000,waitingForTarget,noEvent
6382,15,33,rld,15:37:03.211,84444,0.464,-0.135,-0.016,0.000,0.000,waitingForTarget,noEvent
6382,15,33,rld,15:37:03.254,84445,0.511,-0.135,-0.016,0.000,0.000,waitingForTarget,noEvent
6382,15,33,rld,15:37:03.312,84446,0.563,-0.135,-0.016,0.000,0.000,waitingForTarget,noEvent
6382,15,33,rld,15:37:03.362,84447,0.614,-0.135,-0.016,0.000,0.000,waitingForTarget,noEvent
6382,15,33,rld,15:37:03.425,84448,0.669,-0.135,-0.016,0.000,0.000,waitingForTarget,noEvent
6382,15,33,rld,15:37:03.480,84449,0.063,-0.135,-0.016,0.000,0.000,activeTracking,targetAppeared
6382,15,33,rld,15:37:03.530,84450,0.109,-0.135,-0.016,0.000,0.000,activeTracking,noEvent
6382,15,33,rld,15:37:03.574,84451,0.152,-0.135,-0.016,0.000,0.000,activeTracking,noEvent
6382,15,33,rld,15:37:03.635,84452,0.216,-0.135,-0.016,0.000,0.000,activeTracking,failedClick
6382,15,34,rld,15:37:04.338,84463,0.285,-0.135,-0.016,0.000,0.000,waitingForTarget,middleTargetClick
6382,15,34,rld,15:37:04.446,84464,0.379,-0.135,-0.016,0.000,0.000,waitingForTarget,noEvent
6382,15,34,rld,15:37:04.511,84465,0.437,-0.135,-0.016,0.000,0.000,waitingForTarget,noEvent
6382,15,34,rld,15:37:04.567,84466,0.509,-0.135,-0.016,0.000,0.000,waitingForTarget,noEvent
6382,15,34,rld,15:37:04.636,84467,0.587,-0.135,-0.016,0.000,0.000,waitingForTarget,noEvent
6382,15,34,rld,15:37:04.684,84468,0.633,-0.135,-0.016,0.000,0.000,waitingForTarget,noEvent
6382,15,34,rld,15:37:04.744,84469,0.687,-0.135,-0.016,0.000,0.000,waitingForTarget,noEvent
6382,15,34,rld,15:37:04.785,84470,0.045,-0.135,-0.016,0.000,0.000,activeTracking,targetAppeared
6382,15,34,rld,15:37:04.872,84471,0.132,-0.135,-0.016,0.000,0.000,activeTracking,noEvent
6382,15,34,rld,15:37:04.982,84472,0.235,-0.135,-0.016,0.000,0.000,activeTracking,failedClick
6382,15,35,rld,15:37:06.399,84495,0.425,-0.135,-0.016,0.000,0.000,waitingForTarget,middleTargetClick
6382,15,35,rld,15:37:06.555,84496,0.583,-0.135,-0.016,0.000,0.000,waitingForTarget,noEvent
6382,15,35,rld,15:37:06.621,84497,0.650,-0.135,-0.016,0.000,0.000,waitingForTarget,noEvent
6382,15,35,rld,15:37:06.671,84498,0.703,-0.135,-0.016,0.000,0.000,waitingForTarget,noEvent
6382,15,35,rld,15:37:06.726,84499,0.759,-0.135,-0.016,0.000,0.000,waitingForTarget,noEvent
6382,15,35,rld,15:37:06.797,84500,0.827,-0.135,-0.016,0.000,0.000,waitingForTarget,noEvent
6382,15,35,rld,15:37:06.879,84501,0.082,-0.135,-0.016,0.000,0.000,activeTracking,targetAppeared
6382,15,35,rld,15:37:06.943,84502,0.147,-0.135,-0.016,0.000,0.000,activeTracking,failedClick
6382,15,36,rld,15:37:07.603,84514,0.205,-0.135,-0.016,0.000,0.000,waitingForTarget,middleTargetClick
6382,15,36,rld,15:37:07.663,84515,0.263,-0.135,-0.016,0.000,0.000,waitingForTarget,noEvent
6382,15,36,rld,15:37:07.714,84516,0.314,-0.135,-0.016,0.000,0.000,waitingForTarget,noEvent
6382,15,36,rld,15:37:07.754,84517,0.359,-0.135,-0.016,0.000,0.000,waitingForTarget,noEvent
6382,15,36,rld,15:37:07.834,84518,0.442,-0.135,-0.016,0.000,0.000,waitingForTarget,noEvent
6382,15,36,rld,15:37:07.904,84519,0.503,-0.135,-0.016,0.000,0.000,waitingForTarget,noEvent
6382,15,36,rld,15:37:07.941,84520,0.549,-0.135,-0.016,0.000,0.000,waitingForTarget,noEvent
6382,15,36,rld,15:37:07.995,84521,0.593,-0.135,-0.016,0.000,0.000,waitingForTarget,noEvent
6382,15,36,rld,15:37:08.044,84522,0.642,-0.135,-0.016,0.000,0.000,waitingForTarget,noEvent
6382,15,36,rld,15:37:08.101,84523,0.065,-0.135,-0.016,0.000,0.000,activeTracking,targetAppeared
6382,15,36,rld,15:37:08.159,84524,0.116,-0.135,-0.016,0.000,0.000,activeTracking,noEvent
6382,15,36,rld,15:37:08.239,84525,0.201,-0.135,-0.016,0.000,0.000,activeTracking,failedClick
6382,15,37,rld,15:37:09.533,84548,0.264,-0.135,-0.016,0.000,0.000,waitingForTarget,middleTargetClick
6382,15,37,rld,15:37:09.589,84549,0.324,-0.135,-0.016,0.000,0.000,waitingForTarget,noEvent
6382,15,37,rld,15:37:09.639,84550,0.371,-0.135,-0.016,0.000,0.000,waitingForTarget,noEvent
6382,15,37,rld,15:37:09.747,84551,0.483,-0.135,-0.016,0.000,0.000,waitingForTarget,noEvent
6382,15,37,rld,15:37:09.788,84552,0.525,-0.135,-0.016,0.000,0.000,waitingForTarget,noEvent
6382,15,37,rld,15:37:09.881,84553,0.611,-0.135,-0.016,0.000,0.000,waitingForTarget,noEvent
6382,15,37,rld,15:37:09.930,84554,0.667,-0.135,-0.016,0.000,0.000,waitingForTarget,noEvent
6382,15,37,rld,15:37:09.971,84555,0.037,-0.135,-0.016,0.000,0.000,activeTracking,targetAppeared
6382,15,37,rld,15:37:10.028,84556,0.088,-0.135,-0.016,0.000,0.000,activeTracking,noEvent
6382,15,37,rld,15:37:10.092,84557,0.153,-0.135,-0.016,0.000,0.000,activeTracking,noEvent
6382,15,37,rld,15:37:10.149,84558,0.207,-0.135,-0.016,0.000,0.000,activeTracking,noEvent
6382,15,37,rld,15:37:10.212,84559,0.275,-0.135,-0.016,0.000,0.000,activeTracking,failedClick
6382,15,38,rld,15:37:11.544,84582,0.324,-0.135,-0.016,0.000,0.000,waitingForTarget,middleTargetClick
6382,15,38,rld,15:37:11.603,84583,0.388,-0.135,-0.016,0.000,0.000,waitingForTarget,noEvent
6382,15,38,rld,15:37:11.638,84584,0.429,-0.135,-0.016,0.000,0.000,waitingForTarget,noEvent
6382,15,38,rld,15:37:11.714,84585,0.498,-0.135,-0.016,0.000,0.000,waitingForTarget,noEvent
6382,15,38,rld,15:37:11.767,84586,0.557,-0.135,-0.016,0.000,0.000,waitingForTarget,noEvent
6382,15,38,rld,15:37:11.844,84587,0.629,-0.135,-0.016,0.000,0.000,waitingForTarget,noEvent
6382,15,38,rld,15:37:11.895,84588,0.678,-0.135,-0.016,0.000,0.000,waitingForTarget,noEvent
6382,15,38,rld,15:37:11.937,84589,0.727,-0.135,-0.016,0.000,0.000,waitingForTarget,noEvent
6382,15,38,rld,15:37:12.000,84590,0.061,-0.135,-0.016,0.000,0.000,activeTracking,targetAppeared
6382,15,38,rld,15:37:12.066,84591,0.129,-0.135,-0.016,0.000,0.000,activeTracking,noEvent
6382,15,38,rld,15:37:12.134,84592,0.188,-0.135,-0.016,0.000,0.000,activeTracking,noEvent
6382,15,38,rld,15:37:12.210,84593,0.260,-0.135,-0.016,0.000,0.000,activeTracking,failedClick
6382,15,39,rld,15:37:13.493,84615,0.319,-0.135,-0.016,0.000,0.000,waitingForTarget,middleTargetClick
6382,15,39,rld,15:37:13.557,84616,0.381,-0.135,-0.016,0.000,0.000,waitingForTarget,noEvent
6382,15,39,rld,15:37:13.613,84617,0.433,-0.135,-0.016,0.000,0.000,waitingForTarget,noEvent
6382,15,39,rld,15:37:13.677,84618,0.506,-0.135,-0.016,0.000,0.000,waitingForTarget,noEvent
6382,15,39,rld,15:37:13.726,84619,0.548,-0.135,-0.016,0.000,0.000,waitingForTarget,noEvent
6382,15,39,rld,15:37:13.776,84620,0.598,-0.135,-0.016,0.000,0.000,waitingForTarget,noEvent
6382,15,39,rld,15:37:13.863,84621,0.689,-0.135,-0.016,0.000,0.000,waitingForTarget,noEvent
6382,15,39,rld,15:37:13.899,84622,0.731,-0.135,-0.016,0.000,0.000,waitingForTarget,noEvent
6382,15,39,rld,15:37:13.954,84623,0.039,-0.135,-0.016,0.000,0.000,activeTracking,targetAppeared
6382,15,39,rld,15:37:14.013,84624,0.108,-0.135,-0.016,0.000,0.000,activeTracking,noEvent
6382,15,39,rld,15:37:14.094,84625,0.188,-0.135,-0.016,0.000,0.000,activeTracking,noEvent
6382,15,39,rld,15:37:14.154,84626,0.253,-0.135,-0.016,0.000,0.000,activeTracking,noEvent
6382,15,39,rld,15:37:14.225,84627,0.321,-0.135,-0.016,0.000,0.000,activeTracking,failedClick
6382,15,40,rld,15:37:15.704,84649,0.450,-0.135,-0.016,0.000,0.000,waitingForTarget,middleTargetClick
6382,15,40,rld,15:37:15.783,84650,0.539,-0.135,-0.016,0.000,0.000,waitingForTarget,noEvent
6382,15,40,rld,15:37:15.874,84651,0.613,-0.135,-0.016,0.000,0.000,waitingForTarget,noEvent
6382,15,40,rld,15:37:15.924,84652,0.672,-0.135,-0.016,0.000,0.000,waitingForTarget,noEvent
6382,15,40,rld,15:37:15.974,84653,0.726,-0.135,-0.016,0.000,0.000,waitingForTarget,noEvent
6382,15,40,rld,15:37:16.016,84654,0.772,-0.135,-0.016,0.000,0.000,waitingForTarget,noEvent
6382,15,40,rld,15:37:16.060,84655,0.812,-0.135,-0.016,0.000,0.000,waitingForTarget,noEvent
6382,15,40,rld,15:37:16.121,84656,0.875,-0.135,-0.016,0.000,0.000,waitingForTarget,noEvent
6382,15,40,rld,15:37:16.144,84657,0.024,-0.135,-0.016,0.000,0.000,activeTracking,targetAppeared
6382,15,40,rld,15:37:16.231,84658,0.104,-0.135,-0.016,0.000,0.000,activeTracking,noEvent
6382,15,40,rld,15:37:16.302,84659,0.180,-0.135,-0.016,0.000,0.000,activeTracking,failedClick
6382,15,41,rld,15:37:17.233,84671,0.270,-0.135,-0.016,0.000,0.000,waitingForTarget,middleTargetClick
6382,15,41,rld,15:37:17.294,84672,0.326,-0.135,-0.016,0.000,0.000,waitingForTarget,noEvent
6382,15,41,rld,15:37:17.344,84673,0.379,-0.135,-0.016,0.000,0.000,waitingForTarget,noEvent
6382,15,41,rld,15:37:17.388,84674,0.427,-0.135,-0.016,0.000,0.000,waitingForTarget,noEvent
6382,15,41,rld,15:37:17.462,84675,0.498,-0.135,-0.016,0.000,0.000,waitingForTarget,noEvent
6382,15,41,rld,15:37:17.513,84676,0.547,-0.135,-0.016,0.000,0.000,waitingForTarget,noEvent
6382,15,41,rld,15:37:17.552,84677,0.591,-0.135,-0.016,0.000,0.000,waitingForTarget,noEvent
6382,15,41,rld,15:37:17.609,84678,0.646,-0.135,-0.016,0.000,0.000,waitingForTarget,noEvent
6382,15,41,rld,15:37:17.668,84679,0.710,-0.135,-0.016,0.000,0.000,waitingForTarget,noEvent
6382,15,41,rld,15:37:17.744,84680,0.774,-0.135,-0.016,0.000,0.000,activeTracking,failedClick
6382,15,42,rld,15:37:19.014,84688,0.841,-0.135,-0.016,0.000,0.000,waitingForTarget,middleTargetClick
6382,15,42,rld,15:37:19.064,84689,0.898,-0.135,-0.016,0.000,0.000,waitingForTarget,noEvent
6382,15,42,rld,15:37:19.114,84690,0.939,-0.135,-0.016,0.000,0.000,waitingForTarget,noEvent
6382,15,42,rld,15:37:19.177,84691,1.008,-0.135,-0.016,0.000,0.000,waitingForTarget,noEvent
6382,15,42,rld,15:37:19.297,84692,1.131,-0.135,-0.016,0.000,0.000,waitingForTarget,noEvent
6382,15,42,rld,15:37:19.353,84693,1.185,-0.135,-0.016,0.000,0.000,waitingForTarget,noEvent
6382,15,42,rld,15:37:19.765,84694,1.519,-0.135,-0.016,0.000,0.000,waitingForTarget,noEvent
6382,15,42,rld,15:37:19.968,84695,1.730,-0.135,-0.016,0.000,0.000,activeTracking,failedClick
6382,15,43,rld,15:37:20.542,84704,1.802,-0.135,-0.016,0.000,0.000,waitingForTarget,middleTargetClick
6382,15,43,rld,15:37:20.600,84705,1.870,-0.135,-0.016,0.000,0.000,waitingForTarget,noEvent
6382,15,43,rld,15:37:20.637,84706,1.910,-0.135,-0.016,0.000,0.000,waitingForTarget,noEvent
6382,15,43,rld,15:37:20.694,84707,1.962,-0.135,-0.016,0.000,0.000,waitingForTarget,noEvent
6382,15,43,rld,15:37:20.765,84708,2.039,-0.135,-0.016,0.000,0.000,waitingForTarget,noEvent
6382,15,43,rld,15:37:20.850,84709,2.119,-0.135,-0.016,0.000,0.000,waitingForTarget,noEvent
6382,15,43,rld,15:37:20.903,84710,2.173,-0.135,-0.016,0.000,0.000,waitingForTarget,noEvent
6382,15,43,rld,15:37:20.964,84711,2.237,-0.135,-0.016,0.000,0.000,waitingForTarget,noEvent
6382,15,43,rld,15:37:21.017,84712,0.049,-0.135,-0.016,0.000,0.000,activeTracking,targetAppeared
6382,15,43,rld,15:37:21.067,84713,0.094,-0.135,-0.016,0.000,0.000,activeTracking,noEvent
6382,15,43,rld,15:37:21.116,84714,0.154,-0.135,-0.016,0.000,0.000,activeTracking,noEvent
6382,15,43,rld,15:37:21.194,84715,0.223,-0.135,-0.016,0.000,0.000,activeTracking,noEvent
6382,15,43,rld,15:37:21.260,84716,0.287,-0.135,-0.016,0.000,0.000,activeTracking,noEvent
6382,15,43,rld,15:37:21.322,84717,0.349,-0.135,-0.016,0.000,0.000,activeTracking,failedClick
6382,15,44,rld,15:37:22.543,84737,0.413,-0.135,-0.016,0.000,0.000,waitingForTarget,middleTargetClick
6382,15,44,rld,15:37:22.598,84738,0.467,-0.135,-0.016,0.000,0.000,waitingForTarget,noEvent
6382,15,44,rld,15:37:22.654,84739,0.529,-0.135,-0.016,0.000,0.000,waitingForTarget,noEvent
6382,15,44,rld,15:37:22.754,84740,0.583,-0.135,-0.016,0.000,0.000,waitingForTarget,noEvent
6382,15,44,rld,15:37:22.833,84741,0.711,-0.135,-0.016,0.000,0.000,waitingForTarget,noEvent
6382,15,44,rld,15:37:22.913,84742,0.779,-0.135,-0.016,0.000,0.000,waitingForTarget,noEvent
6382,15,44,rld,15:37:22.966,84743,0.844,-0.135,-0.016,0.000,0.000,waitingForTarget,noEvent
6382,15,44,rld,15:37:23.016,84744,0.037,-0.135,-0.016,0.000,0.000,activeTracking,targetAppeared
6382,15,44,rld,15:37:23.077,84745,0.101,-0.135,-0.016,0.000,0.000,activeTracking,noEvent
6382,15,44,rld,15:37:23.124,84746,0.150,-0.135,-0.016,0.000,0.000,activeTracking,noEvent
6382,15,44,rld,15:37:23.179,84747,0.207,-0.135,-0.016,0.000,0.000,activeTracking,noEvent
6382,15,44,rld,15:37:23.235,84748,0.256,-0.135,-0.016,0.000,0.000,activeTracking,noEvent
6382,15,44,rld,15:37:23.314,84749,0.341,-0.135,-0.016,0.000,0.000,activeTracking,noEvent
6382,15,44,rld,15:37:23.377,84750,0.398,-0.135,-0.016,0.000,0.000,activeTracking,noEvent
6382,15,44,rld,15:37:23.421,84751,0.450,-0.135,-0.016,0.000,0.000,activeTracking,noEvent
6382,15,44,rld,15:37:23.496,84752,0.518,-0.135,-0.016,0.000,0.000,activeTracking,noEvent
6382,15,44,rld,15:37:23.559,84753,0.573,-0.135,-0.016,0.000,0.000,activeTracking,noEvent
6382,15,44,rld,15:37:23.617,84754,0.644,-0.135,-0.016,0.000,0.000,activeTracking,failedClick
6382,15,45,rld,15:37:24.794,84773,0.721,-0.135,-0.016,0.000,0.000,waitingForTarget,middleTargetClick
6382,15,45,rld,15:37:24.883,84774,0.807,-0.135,-0.016,0.000,0.000,waitingForTarget,noEvent
6382,15,45,rld,15:37:24.920,84775,0.857,-0.135,-0.016,0.000,0.000,waitingForTarget,noEvent
6382,15,45,rld,15:37:24.973,84776,0.906,-0.135,-0.016,0.000,0.000,waitingForTarget,noEvent
6382,15,45,rld,15:37:25.034,84777,0.969,-0.135,-0.016,0.000,0.000,waitingForTarget,noEvent
6382,15,45,rld,15:37:25.116,84778,1.035,-0.135,-0.016,0.000,0.000,waitingForTarget,noEvent
6382,15,45,rld,15:37:25.176,84779,1.112,-0.135,-0.016,0.000,0.000,waitingForTarget,noEvent
6382,15,45,rld,15:37:25.225,84780,1.155,-0.135,-0.016,0.000,0.000,waitingForTarget,noEvent
6382,15,45,rld,15:37:25.274,84781,0.053,-0.135,-0.016,0.000,0.000,activeTracking,targetAppeared
6382,15,45,rld,15:37:25.328,84782,0.102,-0.135,-0.016,0.000,0.000,activeTracking,noEvent
6382,15,45,rld,15:37:25.367,84783,0.150,-0.135,-0.016,0.000,0.000,activeTracking,noEvent
6382,15,45,rld,15:37:25.425,84784,0.204,-0.135,-0.016,0.000,0.000,activeTracking,noEvent
6382,15,45,rld,15:37:25.471,84785,0.251,-0.135,-0.016,0.000,0.000,activeTracking,noEvent
6382,15,45,rld,15:37:25.533,84786,0.299,-0.135,-0.016,0.000,0.000,activeTracking,noEvent
6382,15,45,rld,15:37:25.596,84787,0.379,-0.135,-0.016,0.000,0.000,activeTracking,failedClick
6382,15,46,rld,15:37:26.350,84800,0.452,-0.135,-0.016,0.000,0.000,waitingForTarget,middleTargetClick
6382,15,46,rld,15:37:26.408,84801,0.518,-0.135,-0.016,0.000,0.000,waitingForTarget,noEvent
6382,15,46,rld,15:37:26.476,84802,0.581,-0.135,-0.016,0.000,0.000,waitingForTarget,noEvent
6382,15,46,rld,15:37:26.534,84803,0.636,-0.135,-0.016,0.000,0.000,waitingForTarget,noEvent
6382,15,46,rld,15:37:26.578,84804,0.690,-0.135,-0.016,0.000,0.000,waitingForTarget,noEvent
6382,15,46,rld,15:37:26.638,84805,0.745,-0.135,-0.016,0.000,0.000,waitingForTarget,noEvent
6382,15,46,rld,15:37:26.694,84806,0.807,-0.135,-0.016,0.000,0.000,waitingForTarget,noEvent
6382,15,46,rld,15:37:26.748,84807,0.852,-0.135,-0.016,0.000,0.000,waitingForTarget,noEvent
6382,15,46,rld,15:37:26.842,84808,0.098,-0.135,-0.016,0.000,0.000,activeTracking,targetAppeared
6382,15,46,rld,15:37:26.879,84809,0.140,-0.135,-0.016,0.000,0.000,activeTracking,noEvent
6382,15,46,rld,15:37:26.954,84810,0.198,-0.135,-0.016,0.000,0.000,activeTracking,noEvent
6382,15,46,rld,15:37:27.013,84811,0.265,-0.135,-0.016,0.000,0.000,activeTracking,noEvent
6382,15,46,rld,15:37:27.066,84812,0.325,-0.135,-0.016,0.000,0.000,activeTracking,noEvent
6382,15,46,rld,15:37:27.125,84813,0.376,-0.135,-0.016,0.000,0.000,activeTracking,noEvent
6382,15,46,rld,15:37:27.175,84814,0.431,-0.135,-0.016,0.000,0.000,activeTracking,noEvent
6382,15,46,rld,15:37:27.227,84815,0.481,-0.135,-0.016,0.000,0.000,activeTracking,noEvent
6382,15,46,rld,15:37:27.297,84816,0.558,-0.135,-0.016,0.000,0.000,activeTracking,noEvent
6382,15,46,rld,15:37:27.380,84817,0.634,-0.135,-0.016,0.000,0.000,activeTracking,failedClick
6382,15,47,rld,15:37:28.193,84831,0.678,-0.135,-0.016,0.000,0.000,waitingForTarget,middleTargetClick
6382,15,47,rld,15:37:28.253,84832,0.755,-0.135,-0.016,0.000,0.000,waitingForTarget,noEvent
6382,15,47,rld,15:37:28.304,84833,0.811,-0.135,-0.016,0.000,0.000,waitingForTarget,noEvent
6382,15,47,rld,15:37:28.352,84834,0.861,-0.135,-0.016,0.000,0.000,waitingForTarget,noEvent
6382,15,47,rld,15:37:28.413,84835,0.920,-0.135,-0.016,0.000,0.000,waitingForTarget,noEvent
6382,15,47,rld,15:37:28.467,84836,0.973,-0.135,-0.016,0.000,0.000,waitingForTarget,noEvent
6382,15,47,rld,15:37:28.531,84837,1.030,-0.135,-0.016,0.000,0.000,waitingForTarget,noEvent
6382,15,47,rld,15:37:28.570,84838,1.075,-0.135,-0.016,0.000,0.000,waitingForTarget,noEvent
6382,15,47,rld,15:37:28.621,84839,1.127,-0.135,-0.016,0.000,0.000,waitingForTarget,noEvent
6382,15,47,rld,15:37:28.737,84840,0.111,-0.135,-0.016,0.000,0.000,activeTracking,targetAppeared
6382,15,47,rld,15:37:28.791,84841,0.166,-0.135,-0.016,0.000,0.000,activeTracking,noEvent
6382,15,47,rld,15:37:28.867,84842,0.237,-0.135,-0.016,0.000,0.000,activeTracking,failedClick
6382,15,48,rld,15:37:29.528,84854,0.306,-0.135,-0.016,0.000,0.000,waitingForTarget,middleTargetClick
6382,15,48,rld,15:37:29.584,84855,0.361,-0.135,-0.016,0.000,0.000,waitingForTarget,noEvent
6382,15,48,rld,15:37:29.618,84856,0.403,-0.135,-0.016,0.000,0.000,waitingForTarget,noEvent
6382,15,48,rld,15:37:29.668,84857,0.451,-0.135,-0.016,0.000,0.000,waitingForTarget,noEvent
6382,15,48,rld,15:37:29.734,84858,0.511,-0.135,-0.016,0.000,0.000,waitingForTarget,noEvent
6382,15,48,rld,15:37:29.784,84859,0.569,-0.135,-0.016,0.000,0.000,waitingForTarget,noEvent
6382,15,48,rld,15:37:29.895,84860,0.680,-0.135,-0.016,0.000,0.000,waitingForTarget,noEvent
6382,15,48,rld,15:37:29.964,84861,0.744,-0.135,-0.016,0.000,0.000,waitingForTarget,noEvent
6382,15,48,rld,15:37:29.999,84862,0.037,-0.135,-0.016,0.000,0.000,activeTracking,targetAppeared
6382,15,48,rld,15:37:30.080,84863,0.117,-0.135,-0.016,0.000,0.000,activeTracking,noEvent
6382,15,48,rld,15:37:30.143,84864,0.179,-0.135,-0.016,0.000,0.000,activeTracking,noEvent
6382,15,48,rld,15:37:30.187,84865,0.225,-0.135,-0.016,0.000,0.000,activeTracking,noEvent
6382,15,48,rld,15:37:30.262,84866,0.293,-0.135,-0.016,0.000,0.000,activeTracking,failedClick
6382,15,49,rld,15:37:30.949,84878,0.360,-0.135,-0.016,0.000,0.000,waitingForTarget,middleTargetClick
6382,15,49,rld,15:37:31.001,84879,0.420,-0.135,-0.016,0.000,0.000,waitingForTarget,noEvent
6382,15,49,rld,15:37:31.052,84880,0.474,-0.135,-0.016,0.000,0.000,waitingForTarget,noEvent
6382,15,49,rld,15:37:31.095,84881,0.511,-0.135,-0.016,0.000,0.000,waitingForTarget,noEvent
6382,15,49,rld,15:37:31.171,84882,0.585,-0.135,-0.016,0.000,0.000,waitingForTarget,noEvent
6382,15,49,rld,15:37:31.251,84883,0.660,-0.135,-0.016,0.000,0.000,waitingForTarget,noEvent
6382,15,49,rld,15:37:31.303,84884,0.720,-0.135,-0.016,0.000,0.000,waitingForTarget,noEvent
6382,15,49,rld,15:37:31.349,84885,0.760,-0.135,-0.016,0.000,0.000,waitingForTarget,noEvent
6382,15,49,rld,15:37:31.400,84886,0.822,-0.135,-0.016,0.000,0.000,waitingForTarget,noEvent
6382,15,49,rld,15:37:31.453,84887,0.054,-0.135,-0.016,0.000,0.000,activeTracking,targetAppeared
6382,15,49,rld,15:37:31.526,84888,0.113,-0.135,-0.016,0.000,0.000,activeTracking,noEvent
6382,15,49,rld,15:37:31.609,84889,0.199,-0.135,-0.016,0.000,0.000,activeTracking,noEvent
6382,15,49,rld,15:37:31.669,84890,0.256,-0.135,-0.016,0.000,0.000,activeTracking,noEvent
6382,15,49,rld,15:37:31.713,84891,0.306,-0.135,-0.016,0.000,0.000,activeTracking,noEvent
6382,15,49,rld,15:37:31.770,84892,0.369,-0.135,-0.016,0.000,0.000,activeTracking,noEvent
6382,15,49,rld,15:37:31.835,84893,0.436,-0.135,-0.016,0.000,0.000,activeTracking,noEvent
6382,15,49,rld,15:37:31.904,84894,0.496,-0.135,-0.016,0.000,0.000,activeTracking,noEvent
6382,15,49,rld,15:37:31.942,84895,0.538,-0.135,-0.016,0.000,0.000,activeTracking,noEvent
6382,15,49,rld,15:37:32.007,84896,0.600,-0.135,-0.016,0.000,0.000,activeTracking,failedClick
6382,15,50,rld,15:37:32.700,84907,0.666,-0.135,-0.016,0.000,0.000,waitingForTarget,middleTargetClick
6382,15,50,rld,15:37:32.759,84908,0.736,-0.135,-0.016,0.000,0.000,waitingForTarget,noEvent
6382,15,50,rld,15:37:32.804,84909,0.776,-0.135,-0.016,0.000,0.000,waitingForTarget,noEvent
6382,15,50,rld,15:37:32.897,84910,0.862,-0.135,-0.016,0.000,0.000,waitingForTarget,noEvent
6382,15,50,rld,15:37:32.949,84911,0.929,-0.135,-0.016,0.000,0.000,waitingForTarget,noEvent
6382,15,50,rld,15:37:33.004,84912,0.980,-0.135,-0.016,0.000,0.000,waitingForTarget,noEvent
6382,15,50,rld,15:37:33.074,84913,1.047,-0.135,-0.016,0.000,0.000,waitingForTarget,noEvent
6382,15,50,rld,15:37:33.119,84914,1.097,-0.135,-0.016,0.000,0.000,waitingForTarget,noEvent
6382,15,50,rld,15:37:33.166,84915,0.041,-0.135,-0.016,0.000,0.000,activeTracking,targetAppeared
6382,15,50,rld,15:37:33.226,84916,0.111,-0.135,-0.016,0.000,0.000,activeTracking,noEvent
6382,15,50,rld,15:37:33.295,84917,0.172,-0.135,-0.016,0.000,0.000,activeTracking,noEvent
6382,15,50,rld,15:37:33.345,84918,0.223,-0.135,-0.016,0.000,0.000,activeTracking,noEvent
6382,15,50,rld,15:37:33.420,84919,0.301,-0.135,-0.016,0.000,0.000,activeTracking,failedClick
6382,15,51,rld,15:37:34.760,84942,0.368,-0.135,-0.016,0.000,0.000,waitingForTarget,middleTargetClick
6382,15,51,rld,15:37:34.845,84943,0.468,-0.135,-0.016,0.000,0.000,waitingForTarget,noEvent
6382,15,51,rld,15:37:34.882,84944,0.504,-0.135,-0.016,0.000,0.000,waitingForTarget,noEvent
6382,15,51,rld,15:37:35.203,84945,0.818,-0.135,-0.016,0.000,0.000,waitingForTarget,noEvent
6382,15,51,rld,15:37:35.251,84946,0.050,-0.135,-0.016,0.000,0.000,activeTracking,targetAppeared
6382,15,51,rld,15:37:35.324,84947,0.121,-0.135,-0.016,0.000,0.000,activeTracking,noEvent
6382,15,51,rld,15:37:35.386,84948,0.191,-0.135,-0.016,0.000,0.000,activeTracking,noEvent
6382,15,51,rld,15:37:35.469,84949,0.262,-0.135,-0.016,0.000,0.000,activeTracking,failedClick
6382,15,52,rld,15:37:37.033,84971,0.418,-0.135,-0.016,0.000,0.000,waitingForTarget,middleTargetClick
6382,15,52,rld,15:37:37.094,84972,0.487,-0.135,-0.016,0.000,0.000,waitingForTarget,noEvent
6382,15,52,rld,15:37:37.175,84973,0.564,-0.135,-0.016,0.000,0.000,waitingForTarget,noEvent
6382,15,52,rld,15:37:37.227,84974,0.615,-0.135,-0.016,0.000,0.000,waitingForTarget,noEvent
6382,15,52,rld,15:37:37.283,84975,0.673,-0.135,-0.016,0.000,0.000,waitingForTarget,noEvent
6382,15,52,rld,15:37:37.329,84976,0.722,-0.135,-0.016,0.000,0.000,waitingForTarget,noEvent
6382,15,52,rld,15:37:37.397,84977,0.797,-0.135,-0.016,0.000,0.000,waitingForTarget,noEvent
6382,15,52,rld,15:37:37.452,84978,0.850,-0.135,-0.016,0.000,0.000,waitingForTarget,noEvent
6382,15,52,rld,15:37:37.510,84979,0.054,-0.135,-0.016,0.000,0.000,activeTracking,targetAppeared
6382,15,52,rld,15:37:37.553,84980,0.102,-0.135,-0.016,0.000,0.000,activeTracking,noEvent
6382,15,52,rld,15:37:37.611,84981,0.153,-0.135,-0.016,0.000,0.000,activeTracking,noEvent
6382,15,52,rld,15:37:37.666,84982,0.204,-0.135,-0.016,0.000,0.000,activeTracking,noEvent
6382,15,52,rld,15:37:37.751,84983,0.288,-0.135,-0.016,0.000,0.000,activeTracking,failedClick
6382,15,53,rld,15:37:38.559,84997,0.345,-0.135,-0.016,0.000,0.000,waitingForTarget,middleTargetClick
6382,15,53,rld,15:37:38.614,84998,0.414,-0.135,-0.016,0.000,0.000,waitingForTarget,noEvent
6382,15,53,rld,15:37:38.657,84999,0.452,-0.135,-0.016,0.000,0.000,waitingForTarget,noEvent
6382,15,53,rld,15:37:38.714,85000,0.509,-0.135,-0.016,0.000,0.000,waitingForTarget,noEvent
6382,15,53,rld,15:37:38.774,85001,0.565,-0.135,-0.016,0.000,0.000,waitingForTarget,noEvent
6382,15,53,rld,15:37:38.849,85002,0.644,-0.135,-0.016,0.000,0.000,waitingForTarget,noEvent
6382,15,53,rld,15:37:38.914,85003,0.712,-0.135,-0.016,0.000,0.000,waitingForTarget,noEvent
6382,15,53,rld,15:37:38.961,85004,0.757,-0.135,-0.016,0.000,0.000,waitingForTarget,noEvent
6382,15,53,rld,15:37:39.001,85005,0.042,-0.135,-0.016,0.000,0.000,activeTracking,targetAppeared
6382,15,53,rld,15:37:39.098,85006,0.134,-0.135,-0.016,0.000,0.000,activeTracking,noEvent
6382,15,53,rld,15:37:39.158,85007,0.187,-0.135,-0.016,0.000,0.000,activeTracking,noEvent
6382,15,53,rld,15:37:39.210,85008,0.241,-0.135,-0.016,0.000,0.000,activeTracking,noEvent
6382,15,53,rld,15:37:39.311,85009,0.341,-0.135,-0.016,0.000,0.000,activeTracking,failedClick
6382,15,54,rld,15:37:40.686,85033,0.424,-0.135,-0.016,0.000,0.000,waitingForTarget,middleTargetClick
6382,15,54,rld,15:37:40.754,85034,0.497,-0.135,-0.016,0.000,0.000,waitingForTarget,noEvent
6382,15,54,rld,15:37:40.791,85035,0.538,-0.135,-0.016,0.000,0.000,waitingForTarget,noEvent
6382,15,54,rld,15:37:40.883,85036,0.624,-0.135,-0.016,0.000,0.000,waitingForTarget,noEvent
6382,15,54,rld,15:37:40.933,85037,0.684,-0.135,-0.016,0.000,0.000,waitingForTarget,noEvent
6382,15,54,rld,15:37:40.982,85038,0.736,-0.135,-0.016,0.000,0.000,waitingForTarget,noEvent
6382,15,54,rld,15:37:41.042,85039,0.785,-0.135,-0.016,0.000,0.000,waitingForTarget,noEvent
6382,15,54,rld,15:37:41.096,85040,0.849,-0.135,-0.016,0.000,0.000,waitingForTarget,noEvent
6382,15,54,rld,15:37:41.153,85041,0.051,-0.135,-0.016,0.000,0.000,activeTracking,targetAppeared
6382,15,54,rld,15:37:41.244,85042,0.135,-0.135,-0.016,0.000,0.000,activeTracking,noEvent
6382,15,54,rld,15:37:41.302,85043,0.206,-0.135,-0.016,0.000,0.000,activeTracking,noEvent
6382,15,54,rld,15:37:41.355,85044,0.256,-0.135,-0.016,0.000,0.000,activeTracking,noEvent
6382,15,54,rld,15:37:41.425,85045,0.307,-0.135,-0.016,0.000,0.000,activeTracking,failedClick
6382,15,55,rld,15:37:42.233,85058,0.371,-0.135,-0.016,0.000,0.000,waitingForTarget,middleTargetClick
6382,15,55,rld,15:37:42.293,85059,0.441,-0.135,-0.016,0.000,0.000,waitingForTarget,noEvent
6382,15,55,rld,15:37:42.343,85060,0.488,-0.135,-0.016,0.000,0.000,waitingForTarget,noEvent
6382,15,55,rld,15:37:42.422,85061,0.571,-0.135,-0.016,0.000,0.000,waitingForTarget,noEvent
6382,15,55,rld,15:37:42.474,85062,0.621,-0.135,-0.016,0.000,0.000,waitingForTarget,noEvent
6382,15,55,rld,15:37:42.512,85063,0.661,-0.135,-0.016,0.000,0.000,waitingForTarget,noEvent
6382,15,55,rld,15:37:42.583,85064,0.727,-0.135,-0.016,0.000,0.000,waitingForTarget,noEvent
6382,15,55,rld,15:37:42.631,85065,0.780,-0.135,-0.016,0.000,0.000,waitingForTarget,noEvent
6382,15,55,rld,15:37:42.696,85066,0.054,-0.135,-0.016,0.000,0.000,activeTracking,targetAppeared
6382,15,55,rld,15:37:42.767,85067,0.138,-0.135,-0.016,0.000,0.000,activeTracking,noEvent
6382,15,55,rld,15:37:42.844,85068,0.216,-0.135,-0.016,0.000,0.000,activeTracking,noEvent
6382,15,55,rld,15:37:43.102,85069,0.461,-0.135,-0.016,0.000,0.000,activeTracking,failedClick
6382,15,56,rld,15:37:44.228,85088,0.511,-0.135,-0.016,0.000,0.000,waitingForTarget,middleTargetClick
6382,15,56,rld,15:37:44.290,85089,0.573,-0.135,-0.016,0.000,0.000,waitingForTarget,noEvent
6382,15,56,rld,15:37:44.345,85090,0.636,-0.135,-0.016,0.000,0.000,waitingForTarget,noEvent
6382,15,56,rld,15:37:44.393,85091,0.681,-0.135,-0.016,0.000,0.000,waitingForTarget,noEvent
6382,15,56,rld,15:37:44.461,85092,0.748,-0.135,-0.016,0.000,0.000,waitingForTarget,noEvent
6382,15,56,rld,15:37:44.512,85093,0.804,-0.135,-0.016,0.000,0.000,waitingForTarget,noEvent
6382,15,56,rld,15:37:44.558,85094,0.849,-0.135,-0.016,0.000,0.000,waitingForTarget,noEvent
6382,15,56,rld,15:37:44.629,85095,0.911,-0.135,-0.016,0.000,0.000,waitingForTarget,noEvent
6382,15,56,rld,15:37:44.673,85096,0.051,-0.135,-0.016,0.000,0.000,activeTracking,targetAppeared
6382,15,56,rld,15:37:44.720,85097,0.100,-0.135,-0.016,0.000,0.000,activeTracking,noEvent
6382,15,56,rld,15:37:44.780,85098,0.158,-0.135,-0.016,0.000,0.000,activeTracking,noEvent
6382,15,56,rld,15:37:44.864,85099,0.201,-0.135,-0.016,0.000,0.000,activeTracking,noEvent
6382,15,56,rld,15:37:44.951,85100,0.319,-0.135,-0.016,0.000,0.000,activeTracking,failedClick
6382,15,57,rld,15:37:45.702,85114,0.385,-0.135,-0.016,0.000,0.000,waitingForTarget,middleTargetClick
6382,15,57,rld,15:37:45.750,85115,0.435,-0.135,-0.016,0.000,0.000,waitingForTarget,noEvent
6382,15,57,rld,15:37:45.811,85116,0.490,-0.135,-0.016,0.000,0.000,waitingForTarget,noEvent
6382,15,57,rld,15:37:45.878,85117,0.566,-0.135,-0.016,0.000,0.000,waitingForTarget,noEvent
6382,15,57,rld,15:37:46.502,85118,0.899,-0.135,-0.016,0.000,0.000,waitingForTarget,noEvent
6382,15,57,rld,15:37:46.558,85119,0.059,-0.135,-0.016,0.000,0.000,activeTracking,targetAppeared
6382,15,57,rld,15:37:46.628,85120,0.126,-0.135,-0.016,0.000,0.000,activeTracking,noEvent
6382,15,57,rld,15:37:46.686,85121,0.191,-0.135,-0.016,0.000,0.000,activeTracking,noEvent
6382,15,57,rld,15:37:46.743,85122,0.246,-0.135,-0.016,0.000,0.000,activeTracking,noEvent
6382,15,57,rld,15:37:46.797,85123,0.295,-0.135,-0.016,0.000,0.000,activeTracking,noEvent
6382,15,57,rld,15:37:46.925,85124,0.423,-0.135,-0.016,0.000,0.000,activeTracking,failedClick
6382,15,58,rld,15:37:48.320,85148,0.487,-0.135,-0.016,0.000,0.000,waitingForTarget,middleTargetClick
6382,15,58,rld,15:37:48.364,85149,0.537,-0.135,-0.016,0.000,0.000,waitingForTarget,noEvent
6382,15,58,rld,15:37:48.423,85150,0.587,-0.135,-0.016,0.000,0.000,waitingForTarget,noEvent
6382,15,58,rld,15:37:48.484,85151,0.656,-0.135,-0.016,0.000,0.000,waitingForTarget,noEvent
6382,15,58,rld,15:37:48.545,85152,0.710,-0.135,-0.016,0.000,0.000,waitingForTarget,noEvent
6382,15,58,rld,15:37:48.603,85153,0.766,-0.135,-0.016,0.000,0.000,waitingForTarget,noEvent
6382,15,58,rld,15:37:48.653,85154,0.810,-0.135,-0.016,0.000,0.000,waitingForTarget,noEvent
6382,15,58,rld,15:37:48.706,85155,0.872,-0.135,-0.016,0.000,0.000,waitingForTarget,noEvent
6382,15,58,rld,15:37:48.761,85156,0.932,-0.135,-0.016,0.000,0.000,waitingForTarget,noEvent
6382,15,58,rld,15:37:48.804,85157,0.045,-0.135,-0.016,0.000,0.000,activeTracking,targetAppeared
6382,15,58,rld,15:37:49.905,85158,0.378,-0.135,-0.016,0.000,0.000,activeTracking,failedClick
6382,15,59,rld,15:37:50.695,85170,0.435,-0.135,-0.016,0.000,0.000,waitingForTarget,middleTargetClick
6382,15,59,rld,15:37:50.742,85171,0.484,-0.135,-0.016,0.000,0.000,waitingForTarget,noEvent
6382,15,59,rld,15:37:50.793,85172,0.534,-0.135,-0.016,0.000,0.000,waitingForTarget,noEvent
6382,15,59,rld,15:37:50.901,85173,0.643,-0.135,-0.016,0.000,0.000,waitingForTarget,noEvent
6382,15,59,rld,15:37:50.952,85174,0.698,-0.135,-0.016,0.000,0.000,waitingForTarget,noEvent
6382,15,59,rld,15:37:51.013,85175,0.757,-0.135,-0.016,0.000,0.000,waitingForTarget,noEvent
6382,15,59,rld,15:37:51.076,85176,0.823,-0.135,-0.016,0.000,0.000,waitingForTarget,noEvent
6382,15,59,rld,15:37:51.127,85177,0.868,-0.135,-0.016,0.000,0.000,waitingForTarget,noEvent
6382,15,59,rld,15:37:51.181,85178,0.055,-0.135,-0.016,0.000,0.000,activeTracking,targetAppeared
6382,15,59,rld,15:37:51.253,85179,0.132,-0.135,-0.016,0.000,0.000,activeTracking,noEvent
6382,15,59,rld,15:37:51.313,85180,0.184,-0.135,-0.016,0.000,0.000,activeTracking,noEvent
6382,15,59,rld,15:37:51.364,85181,0.234,-0.135,-0.016,0.000,0.000,activeTracking,noEvent
6382,15,59,rld,15:37:51.443,85182,0.312,-0.135,-0.016,0.000,0.000,activeTracking,noEvent
6382,15,59,rld,15:37:51.509,85183,0.384,-0.135,-0.016,0.000,0.000,activeTracking,failedClick
6382,15,60,rld,15:37:52.686,85193,0.473,-0.135,-0.016,0.000,0.000,waitingForTarget,middleTargetClick
6382,15,60,rld,15:37:52.768,85194,0.547,-0.135,-0.016,0.000,0.000,waitingForTarget,noEvent
6382,15,60,rld,15:37:52.826,85195,0.611,-0.135,-0.016,0.000,0.000,waitingForTarget,noEvent
6382,15,60,rld,15:37:52.902,85196,0.683,-0.135,-0.016,0.000,0.000,waitingForTarget,noEvent
6382,15,60,rld,15:37:52.962,85197,0.750,-0.135,-0.016,0.000,0.000,waitingForTarget,noEvent
6382,15,60,rld,15:37:53.014,85198,0.796,-0.135,-0.016,0.000,0.000,waitingForTarget,noEvent
6382,15,60,rld,15:37:53.065,85199,0.860,-0.135,-0.016,0.000,0.000,waitingForTarget,noEvent
6382,15,60,rld,15:37:53.143,85200,0.928,-0.135,-0.016,0.000,0.000,waitingForTarget,noEvent
6382,15,60,rld,15:37:53.199,85201,0.060,-0.135,-0.016,0.000,0.000,activeTracking,targetAppeared
6382,15,60,rld,15:37:53.248,85202,0.115,-0.135,-0.016,0.000,0.000,activeTracking,noEvent
6382,15,60,rld,15:37:53.287,85203,0.156,-0.135,-0.016,0.000,0.000,activeTracking,noEvent
6382,15,60,rld,15:37:53.365,85204,0.232,-0.135,-0.016,0.000,0.000,activeTracking,noEvent
6382,15,60,rld,15:37:53.408,85205,0.277,-0.135,-0.016,0.000,0.000,activeTracking,noEvent
6382,15,60,rld,15:37:53.455,85206,0.322,-0.135,-0.016,0.000,0.000,activeTracking,noEvent
6382,15,60,rld,15:37:53.510,85207,0.369,-0.135,-0.016,0.000,0.000,activeTracking,noEvent
6382,15,60,rld,15:37:53.581,85208,0.446,-0.135,-0.016,0.000,0.000,activeTracking,failedClick;
6382,16,1,rld,15:39:12.163,86878,0.489,-0.135,-0.016,0.000,0.000,waitingForTarget,middleTargetClick
6382,16,1,rld,15:39:12.193,86879,0.522,-0.135,-0.016,0.000,0.000,waitingForTarget,noEvent
6382,16,1,rld,15:39:12.255,86880,0.580,-0.135,-0.016,0.000,0.000,waitingForTarget,noEvent
6382,16,1,rld,15:39:12.294,86881,0.624,-0.135,-0.016,0.000,0.000,waitingForTarget,noEvent
6382,16,1,rld,15:39:12.346,86882,0.671,-0.135,-0.016,0.000,0.000,waitingForTarget,noEvent
6382,16,1,rld,15:39:12.388,86883,0.709,-0.135,-0.016,0.000,0.000,waitingForTarget,noEvent
6382,16,1,rld,15:39:12.419,86884,0.745,-0.135,-0.016,0.000,0.000,waitingForTarget,noEvent
6382,16,1,rld,15:39:12.457,86885,0.786,-0.135,-0.016,0.000,0.000,waitingForTarget,noEvent
6382,16,1,rld,15:39:12.491,86886,0.822,-0.135,-0.016,0.000,0.000,waitingForTarget,noEvent
6382,16,1,rld,15:39:12.523,86887,0.852,-0.135,-0.016,0.000,0.000,waitingForTarget,noEvent
6382,16,1,rld,15:39:12.566,86888,0.894,-0.135,-0.016,0.000,0.000,waitingForTarget,noEvent
6382,16,1,rld,15:39:12.612,86889,0.048,-0.135,-0.016,0.000,0.000,activeTracking,targetAppeared
6382,16,1,rld,15:39:12.658,86890,0.096,-0.135,-0.016,0.000,0.000,activeTracking,noEvent
6382,16,1,rld,15:39:12.688,86891,0.126,-0.135,-0.016,0.000,0.000,activeTracking,noEvent
6382,16,1,rld,15:39:12.726,86892,0.161,-0.135,-0.016,0.000,0.000,activeTracking,noEvent
6382,16,1,rld,15:39:12.765,86893,0.202,-0.135,-0.016,0.000,0.000,activeTracking,noEvent
6382,16,1,rld,15:39:12.793,86894,0.230,-0.135,-0.016,0.000,0.000,activeTracking,noEvent
6382,16,1,rld,15:39:12.841,86895,0.278,-0.135,-0.016,0.000,0.000,activeTracking,noEvent
6382,16,1,rld,15:39:12.879,86896,0.316,-0.135,-0.016,0.000,0.000,activeTracking,noEvent
6382,16,1,rld,15:39:12.942,86897,0.380,-0.135,-0.016,0.000,0.000,activeTracking,noEvent
6382,16,1,rld,15:39:12.990,86898,0.421,-0.135,-0.016,0.000,0.000,activeTracking,noEvent
6382,16,1,rld,15:39:13.032,86899,0.467,-0.135,-0.016,0.000,0.000,activeTracking,noEvent
6382,16,1,rld,15:39:13.080,86900,0.510,-0.135,-0.016,0.000,0.000,activeTracking,noEvent
6382,16,1,rld,15:39:13.129,86901,0.565,-0.135,-0.016,0.000,0.000,activeTracking,failedClick
6382,16,2,rld,15:39:13.674,86913,0.608,-0.135,-0.016,0.000,0.000,waitingForTarget,middleTargetClick
6382,16,2,rld,15:39:13.713,86914,0.652,-0.135,-0.016,0.000,0.000,waitingForTarget,noEvent
6382,16,2,rld,15:39:13.758,86915,0.698,-0.135,-0.016,0.000,0.000,waitingForTarget,noEvent
6382,16,2,rld,15:39:13.812,86916,0.753,-0.135,-0.016,0.000,0.000,waitingForTarget,noEvent
6382,16,2,rld,15:39:13.848,86917,0.789,-0.135,-0.016,0.000,0.000,waitingForTarget,noEvent
6382,16,2,rld,15:39:13.898,86918,0.837,-0.135,-0.016,0.000,0.000,waitingForTarget,noEvent
6382,16,2,rld,15:39:13.940,86919,0.875,-0.135,-0.016,0.000,0.000,waitingForTarget,noEvent
6382,16,2,rld,15:39:13.979,86920,0.920,-0.135,-0.016,0.000,0.000,waitingForTarget,noEvent
6382,16,2,rld,15:39:14.025,86921,0.964,-0.135,-0.016,0.000,0.000,waitingForTarget,noEvent
6382,16,2,rld,15:39:14.080,86922,1.017,-0.135,-0.016,0.000,0.000,waitingForTarget,noEvent
6382,16,2,rld,15:39:14.125,86923,1.064,-0.135,-0.016,0.000,0.000,activeTracking,failedClick
6382,16,3,rld,15:39:15.324,86948,1.122,-0.135,-0.016,0.000,0.000,waitingForTarget,middleTargetClick
6382,16,3,rld,15:39:15.347,86949,1.151,-0.135,-0.016,0.000,0.000,waitingForTarget,noEvent
6382,16,3,rld,15:39:15.395,86950,1.198,-0.135,-0.016,0.000,0.000,waitingForTarget,noEvent
6382,16,3,rld,15:39:15.444,86951,1.249,-0.135,-0.016,0.000,0.000,waitingForTarget,noEvent
6382,16,3,rld,15:39:15.481,86952,1.286,-0.135,-0.016,0.000,0.000,waitingForTarget,noEvent
6382,16,3,rld,15:39:15.530,86953,1.335,-0.135,-0.016,0.000,0.000,waitingForTarget,noEvent
6382,16,3,rld,15:39:15.577,86954,1.379,-0.135,-0.016,0.000,0.000,waitingForTarget,noEvent
6382,16,3,rld,15:39:15.626,86955,1.429,-0.135,-0.016,0.000,0.000,waitingForTarget,noEvent
6382,16,3,rld,15:39:15.665,86956,1.469,-0.135,-0.016,0.000,0.000,waitingForTarget,noEvent
6382,16,3,rld,15:39:15.713,86957,1.516,-0.135,-0.016,0.000,0.000,waitingForTarget,noEvent
6382,16,3,rld,15:39:15.760,86958,1.562,-0.135,-0.016,0.000,0.000,waitingForTarget,noEvent
6382,16,3,rld,15:39:15.826,86959,0.069,-0.135,-0.016,0.000,0.000,activeTracking,targetAppeared
6382,16,3,rld,15:39:15.861,86960,0.099,-0.135,-0.016,0.000,0.000,activeTracking,noEvent
6382,16,3,rld,15:39:15.895,86961,0.135,-0.135,-0.016,0.000,0.000,activeTracking,noEvent
6382,16,3,rld,15:39:15.938,86962,0.174,-0.135,-0.016,0.000,0.000,activeTracking,noEvent
6382,16,3,rld,15:39:15.980,86963,0.219,-0.135,-0.016,0.000,0.000,activeTracking,noEvent
6382,16,3,rld,15:39:16.031,86964,0.269,-0.135,-0.016,0.000,0.000,activeTracking,noEvent
6382,16,3,rld,15:39:16.078,86965,0.318,-0.135,-0.016,0.000,0.000,activeTracking,failedClick
6382,16,4,rld,15:39:17.328,86991,0.362,-0.135,-0.016,0.000,0.000,waitingForTarget,middleTargetClick
6382,16,4,rld,15:39:17.354,86992,0.390,-0.135,-0.016,0.000,0.000,waitingForTarget,noEvent
6382,16,4,rld,15:39:17.389,86993,0.427,-0.135,-0.016,0.000,0.000,waitingForTarget,noEvent
6382,16,4,rld,15:39:17.429,86994,0.465,-0.135,-0.016,0.000,0.000,waitingForTarget,noEvent
6382,16,4,rld,15:39:17.456,86995,0.496,-0.135,-0.016,0.000,0.000,waitingForTarget,noEvent
6382,16,4,rld,15:39:17.511,86996,0.547,-0.135,-0.016,0.000,0.000,waitingForTarget,noEvent
6382,16,4,rld,15:39:17.546,86997,0.584,-0.135,-0.016,0.000,0.000,waitingForTarget,noEvent
6382,16,4,rld,15:39:17.595,86998,0.631,-0.135,-0.016,0.000,0.000,waitingForTarget,noEvent
6382,16,4,rld,15:39:17.646,86999,0.683,-0.135,-0.016,0.000,0.000,waitingForTarget,noEvent
6382,16,4,rld,15:39:17.691,87000,0.731,-0.135,-0.016,0.000,0.000,waitingForTarget,noEvent
6382,16,4,rld,15:39:17.739,87001,0.773,-0.135,-0.016,0.000,0.000,waitingForTarget,noEvent
6382,16,4,rld,15:39:17.780,87002,0.044,-0.135,-0.016,0.000,0.000,activeTracking,targetAppeared
6382,16,4,rld,15:39:17.830,87003,0.097,-0.135,-0.016,0.000,0.000,activeTracking,noEvent
6382,16,4,rld,15:39:17.873,87004,0.133,-0.135,-0.016,0.000,0.000,activeTracking,noEvent
6382,16,4,rld,15:39:17.911,87005,0.178,-0.135,-0.016,0.000,0.000,activeTracking,noEvent
6382,16,4,rld,15:39:17.974,87006,0.239,-0.135,-0.016,0.000,0.000,activeTracking,noEvent
6382,16,4,rld,15:39:18.015,87007,0.281,-0.135,-0.016,0.000,0.000,activeTracking,noEvent
6382,16,4,rld,15:39:18.063,87008,0.327,-0.135,-0.016,0.000,0.000,activeTracking,failedClick
6382,16,5,rld,15:39:18.962,87028,0.375,-0.135,-0.016,0.000,0.000,waitingForTarget,middleTargetClick
6382,16,5,rld,15:39:19.012,87029,0.426,-0.135,-0.016,0.000,0.000,waitingForTarget,noEvent
6382,16,5,rld,15:39:19.055,87030,0.465,-0.135,-0.016,0.000,0.000,waitingForTarget,noEvent
6382,16,5,rld,15:39:19.106,87031,0.513,-0.135,-0.016,0.000,0.000,waitingForTarget,noEvent
6382,16,5,rld,15:39:19.194,87032,0.601,-0.135,-0.016,0.000,0.000,waitingForTarget,noEvent
6382,16,5,rld,15:39:19.231,87033,0.645,-0.135,-0.016,0.000,0.000,waitingForTarget,noEvent
6382,16,5,rld,15:39:19.277,87034,0.692,-0.135,-0.016,0.000,0.000,waitingForTarget,noEvent
6382,16,5,rld,15:39:19.324,87035,0.737,-0.135,-0.016,0.000,0.000,waitingForTarget,noEvent
6382,16,5,rld,15:39:19.353,87036,0.767,-0.135,-0.016,0.000,0.000,waitingForTarget,noEvent
6382,16,5,rld,15:39:19.410,87037,0.824,-0.135,-0.016,0.000,0.000,waitingForTarget,noEvent
6382,16,5,rld,15:39:19.458,87038,0.870,-0.135,-0.016,0.000,0.000,activeTracking,failedClick
6382,16,6,rld,15:39:20.835,87069,0.936,-0.135,-0.016,0.000,0.000,waitingForTarget,middleTargetClick
6382,16,6,rld,15:39:20.864,87070,0.971,-0.135,-0.016,0.000,0.000,waitingForTarget,noEvent
6382,16,6,rld,15:39:20.906,87071,1.007,-0.135,-0.016,0.000,0.000,waitingForTarget,noEvent
6382,16,6,rld,15:39:20.956,87072,1.057,-0.135,-0.016,0.000,0.000,waitingForTarget,noEvent
6382,16,6,rld,15:39:20.992,87073,1.098,-0.135,-0.016,0.000,0.000,waitingForTarget,noEvent
6382,16,6,rld,15:39:21.046,87074,1.152,-0.135,-0.016,0.000,0.000,waitingForTarget,noEvent
6382,16,6,rld,15:39:21.087,87075,1.190,-0.135,-0.016,0.000,0.000,waitingForTarget,noEvent
6382,16,6,rld,15:39:21.130,87076,1.235,-0.135,-0.016,0.000,0.000,waitingForTarget,noEvent
6382,16,6,rld,15:39:21.177,87077,1.283,-0.135,-0.016,0.000,0.000,waitingForTarget,noEvent
6382,16,6,rld,15:39:21.222,87078,1.323,-0.135,-0.016,0.000,0.000,waitingForTarget,noEvent
6382,16,6,rld,15:39:21.262,87079,1.368,-0.135,-0.016,0.000,0.000,waitingForTarget,noEvent
6382,16,6,rld,15:39:21.308,87080,0.045,-0.135,-0.016,0.000,0.000,activeTracking,targetAppeared
6382,16,6,rld,15:39:21.358,87081,0.095,-0.135,-0.016,0.000,0.000,activeTracking,noEvent
6382,16,6,rld,15:39:21.396,87082,0.134,-0.135,-0.016,0.000,0.000,activeTracking,noEvent
6382,16,6,rld,15:39:21.472,87083,0.201,-0.135,-0.016,0.000,0.000,activeTracking,noEvent
6382,16,6,rld,15:39:21.530,87084,0.268,-0.135,-0.016,0.000,0.000,activeTracking,noEvent
6382,16,6,rld,15:39:21.579,87085,0.315,-0.135,-0.016,0.000,0.000,activeTracking,failedClick
6382,16,7,rld,15:39:22.876,87112,0.425,-0.135,-0.016,0.000,0.000,waitingForTarget,middleTargetClick
6382,16,7,rld,15:39:22.924,87113,0.483,-0.135,-0.016,0.000,0.000,waitingForTarget,noEvent
6382,16,7,rld,15:39:22.974,87114,0.531,-0.135,-0.016,0.000,0.000,waitingForTarget,noEvent
6382,16,7,rld,15:39:23.023,87115,0.581,-0.135,-0.016,0.000,0.000,waitingForTarget,noEvent
6382,16,7,rld,15:39:23.073,87116,0.634,-0.135,-0.016,0.000,0.000,waitingForTarget,noEvent
6382,16,7,rld,15:39:23.110,87117,0.666,-0.135,-0.016,0.000,0.000,waitingForTarget,noEvent
6382,16,7,rld,15:39:23.139,87118,0.700,-0.135,-0.016,0.000,0.000,waitingForTarget,noEvent
6382,16,7,rld,15:39:23.197,87119,0.756,-0.135,-0.016,0.000,0.000,waitingForTarget,noEvent
6382,16,7,rld,15:39:23.224,87120,0.785,-0.135,-0.016,0.000,0.000,waitingForTarget,noEvent
6382,16,7,rld,15:39:23.272,87121,0.832,-0.135,-0.016,0.000,0.000,waitingForTarget,noEvent
6382,16,7,rld,15:39:23.307,87122,0.033,-0.135,-0.016,0.000,0.000,activeTracking,targetAppeared
6382,16,7,rld,15:39:23.341,87123,0.060,-0.135,-0.016,0.000,0.000,activeTracking,noEvent
6382,16,7,rld,15:39:23.391,87124,0.110,-0.135,-0.016,0.000,0.000,activeTracking,noEvent
6382,16,7,rld,15:39:23.431,87125,0.159,-0.135,-0.016,0.000,0.000,activeTracking,noEvent
6382,16,7,rld,15:39:23.473,87126,0.200,-0.135,-0.016,0.000,0.000,activeTracking,noEvent
6382,16,7,rld,15:39:23.504,87127,0.229,-0.135,-0.016,0.000,0.000,activeTracking,noEvent
6382,16,7,rld,15:39:23.563,87128,0.289,-0.135,-0.016,0.000,0.000,activeTracking,failedClick
6382,16,8,rld,15:39:24.342,87145,0.327,-0.135,-0.016,0.000,0.000,waitingForTarget,middleTargetClick
6382,16,8,rld,15:39:24.393,87146,0.385,-0.135,-0.016,0.000,0.000,waitingForTarget,noEvent
6382,16,8,rld,15:39:24.426,87147,0.418,-0.135,-0.016,0.000,0.000,waitingForTarget,noEvent
6382,16,8,rld,15:39:24.454,87148,0.448,-0.135,-0.016,0.000,0.000,waitingForTarget,noEvent
6382,16,8,rld,15:39:24.492,87149,0.488,-0.135,-0.016,0.000,0.000,waitingForTarget,noEvent
6382,16,8,rld,15:39:24.539,87150,0.534,-0.135,-0.016,0.000,0.000,waitingForTarget,noEvent
6382,16,8,rld,15:39:24.578,87151,0.573,-0.135,-0.016,0.000,0.000,waitingForTarget,noEvent
6382,16,8,rld,15:39:24.608,87152,0.603,-0.135,-0.016,0.000,0.000,waitingForTarget,noEvent
6382,16,8,rld,15:39:24.657,87153,0.644,-0.135,-0.016,0.000,0.000,waitingForTarget,noEvent
6382,16,8,rld,15:39:24.697,87154,0.692,-0.135,-0.016,0.000,0.000,waitingForTarget,noEvent
6382,16,8,rld,15:39:24.744,87155,0.740,-0.135,-0.016,0.000,0.000,waitingForTarget,noEvent
6382,16,8,rld,15:39:24.973,87156,0.220,-0.135,-0.016,0.000,0.000,activeTracking,targetAppeared
6382,16,8,rld,15:39:25.008,87157,0.262,-0.135,-0.016,0.000,0.000,activeTracking,noEvent
6382,16,8,rld,15:39:25.062,87158,0.313,-0.135,-0.016,0.000,0.000,activeTracking,noEvent
6382,16,8,rld,15:39:25.108,87159,0.362,-0.135,-0.016,0.000,0.000,activeTracking,failedClick
6382,16,9,rld,15:39:26.260,87186,0.419,-0.135,-0.016,0.000,0.000,waitingForTarget,middleTargetClick
6382,16,9,rld,15:39:26.290,87187,0.454,-0.135,-0.016,0.000,0.000,waitingForTarget,noEvent
6382,16,9,rld,15:39:26.342,87188,0.505,-0.135,-0.016,0.000,0.000,waitingForTarget,noEvent
6382,16,9,rld,15:39:26.380,87189,0.543,-0.135,-0.016,0.000,0.000,waitingForTarget,noEvent
6382,16,9,rld,15:39:26.424,87190,0.586,-0.135,-0.016,0.000,0.000,waitingForTarget,noEvent
6382,16,9,rld,15:39:26.475,87191,0.637,-0.135,-0.016,0.000,0.000,waitingForTarget,noEvent
6382,16,9,rld,15:39:26.512,87192,0.676,-0.135,-0.016,0.000,0.000,waitingForTarget,noEvent
6382,16,9,rld,15:39:26.560,87193,0.722,-0.135,-0.016,0.000,0.000,waitingForTarget,noEvent
6382,16,9,rld,15:39:26.610,87194,0.773,-0.135,-0.016,0.000,0.000,waitingForTarget,noEvent
6382,16,9,rld,15:39:26.648,87195,0.809,-0.135,-0.016,0.000,0.000,waitingForTarget,noEvent
6382,16,9,rld,15:39:26.692,87196,0.854,-0.135,-0.016,0.000,0.000,waitingForTarget,noEvent
6382,16,9,rld,15:39:26.744,87197,0.052,-0.135,-0.016,0.000,0.000,activeTracking,targetAppeared
6382,16,9,rld,15:39:26.786,87198,0.090,-0.135,-0.016,0.000,0.000,activeTracking,noEvent
6382,16,9,rld,15:39:26.828,87199,0.136,-0.135,-0.016,0.000,0.000,activeTracking,noEvent
6382,16,9,rld,15:39:26.877,87200,0.183,-0.135,-0.016,0.000,0.000,activeTracking,noEvent
6382,16,9,rld,15:39:26.921,87201,0.224,-0.135,-0.016,0.000,0.000,activeTracking,noEvent
6382,16,9,rld,15:39:26.962,87202,0.269,-0.135,-0.016,0.000,0.000,activeTracking,noEvent
6382,16,9,rld,15:39:27.012,87203,0.317,-0.135,-0.016,0.000,0.000,activeTracking,failedClick
6382,16,10,rld,15:39:28.097,87222,0.535,-0.135,-0.016,0.000,0.000,waitingForTarget,middleTargetClick
6382,16,10,rld,15:39:28.129,87223,0.582,-0.135,-0.016,0.000,0.000,waitingForTarget,noEvent
6382,16,10,rld,15:39:28.172,87224,0.616,-0.135,-0.016,0.000,0.000,waitingForTarget,noEvent
6382,16,10,rld,15:39:28.219,87225,0.663,-0.135,-0.016,0.000,0.000,waitingForTarget,noEvent
6382,16,10,rld,15:39:28.263,87226,0.709,-0.135,-0.016,0.000,0.000,waitingForTarget,noEvent
6382,16,10,rld,15:39:28.309,87227,0.763,-0.135,-0.016,0.000,0.000,waitingForTarget,noEvent
6382,16,10,rld,15:39:28.358,87228,0.812,-0.135,-0.016,0.000,0.000,waitingForTarget,noEvent
6382,16,10,rld,15:39:28.388,87229,0.837,-0.135,-0.016,0.000,0.000,waitingForTarget,noEvent
6382,16,10,rld,15:39:28.430,87230,0.880,-0.135,-0.016,0.000,0.000,waitingForTarget,noEvent
6382,16,10,rld,15:39:28.473,87231,0.925,-0.135,-0.016,0.000,0.000,waitingForTarget,noEvent
6382,16,10,rld,15:39:28.535,87232,0.984,-0.135,-0.016,0.000,0.000,waitingForTarget,noEvent
6382,16,10,rld,15:39:28.586,87233,0.050,-0.135,-0.016,0.000,0.000,activeTracking,targetAppeared
6382,16,10,rld,15:39:28.642,87234,0.107,-0.135,-0.016,0.000,0.000,activeTracking,noEvent
6382,16,10,rld,15:39:28.677,87235,0.133,-0.135,-0.016,0.000,0.000,activeTracking,failedClick
6382,16,11,rld,15:39:29.796,87261,0.174,-0.135,-0.016,0.000,0.000,waitingForTarget,middleTargetClick
6382,16,11,rld,15:39:29.844,87262,0.232,-0.135,-0.016,0.000,0.000,waitingForTarget,noEvent
6382,16,11,rld,15:39:29.879,87263,0.269,-0.135,-0.016,0.000,0.000,waitingForTarget,noEvent
6382,16,11,rld,15:39:29.918,87264,0.307,-0.135,-0.016,0.000,0.000,waitingForTarget,noEvent
6382,16,11,rld,15:39:29.963,87265,0.353,-0.135,-0.016,0.000,0.000,waitingForTarget,noEvent
6382,16,11,rld,15:39:30.009,87266,0.402,-0.135,-0.016,0.000,0.000,waitingForTarget,noEvent
6382,16,11,rld,15:39:30.059,87267,0.451,-0.135,-0.016,0.000,0.000,waitingForTarget,noEvent
6382,16,11,rld,15:39:30.096,87268,0.489,-0.135,-0.016,0.000,0.000,waitingForTarget,noEvent
6382,16,11,rld,15:39:30.150,87269,0.534,-0.135,-0.016,0.000,0.000,waitingForTarget,noEvent
6382,16,11,rld,15:39:30.191,87270,0.582,-0.135,-0.016,0.000,0.000,waitingForTarget,noEvent
6382,16,11,rld,15:39:30.231,87271,0.040,-0.135,-0.016,0.000,0.000,activeTracking,targetAppeared
6382,16,11,rld,15:39:30.275,87272,0.085,-0.135,-0.016,0.000,0.000,activeTracking,noEvent
6382,16,11,rld,15:39:30.328,87273,0.136,-0.135,-0.016,0.000,0.000,activeTracking,noEvent
6382,16,11,rld,15:39:30.368,87274,0.174,-0.135,-0.016,0.000,0.000,activeTracking,noEvent
6382,16,11,rld,15:39:30.410,87275,0.219,-0.135,-0.016,0.000,0.000,activeTracking,noEvent
6382,16,11,rld,15:39:30.462,87276,0.271,-0.135,-0.016,0.000,0.000,activeTracking,noEvent
6382,16,11,rld,15:39:30.521,87277,0.320,-0.135,-0.016,0.000,0.000,activeTracking,failedClick
6382,16,12,rld,15:40:11.205,88007,0.394,-0.118,-0.151,0.000,0.000,waitingForTarget,middleTargetClick
6382,16,12,rld,15:40:11.273,88008,0.452,-0.118,-0.151,0.000,0.000,waitingForTarget,noEvent
6382,16,12,rld,15:40:11.323,88009,0.510,-0.118,-0.151,0.000,0.000,waitingForTarget,noEvent
6382,16,12,rld,15:40:11.379,88010,0.568,-0.118,-0.151,0.000,0.000,waitingForTarget,noEvent
6382,16,12,rld,15:40:11.434,88011,0.618,-0.118,-0.151,0.000,0.000,waitingForTarget,noEvent
6382,16,12,rld,15:40:11.528,88012,0.715,-0.118,-0.151,0.000,0.000,waitingForTarget,noEvent
6382,16,12,rld,15:40:11.595,88013,0.783,-0.118,-0.151,0.000,0.000,waitingForTarget,noEvent
6382,16,12,rld,15:40:11.628,88014,0.819,-0.118,-0.151,0.000,0.000,waitingForTarget,noEvent
6382,16,12,rld,15:40:11.688,88015,0.050,-0.118,-0.151,0.000,0.000,activeTracking,targetAppeared
6382,16,12,rld,15:40:11.736,88016,0.110,-0.118,-0.151,0.000,0.000,activeTracking,noEvent
6382,16,12,rld,15:40:11.774,88017,0.147,-0.118,-0.151,0.000,0.000,activeTracking,noEvent
6382,16,12,rld,15:40:11.839,88018,0.213,-0.118,-0.151,0.000,0.000,activeTracking,noEvent
6382,16,12,rld,15:40:11.879,88019,0.249,-0.118,-0.151,0.000,0.000,activeTracking,noEvent
6382,16,12,rld,15:40:11.926,88020,0.297,-0.118,-0.151,0.000,0.000,activeTracking,noEvent
6382,16,12,rld,15:40:11.961,88021,0.333,-0.118,-0.151,0.000,0.000,activeTracking,noEvent
6382,16,12,rld,15:40:12.005,88022,0.370,-0.118,-0.151,0.000,0.000,activeTracking,noEvent
6382,16,12,rld,15:40:12.058,88023,0.421,-0.118,-0.151,0.000,0.000,activeTracking,noEvent
6382,16,12,rld,15:40:12.100,88024,0.471,-0.118,-0.151,0.000,0.000,activeTracking,noEvent
6382,16,12,rld,15:40:12.145,88025,0.513,-0.118,-0.151,0.000,0.000,activeTracking,noEvent
6382,16,12,rld,15:40:12.192,88026,0.554,-0.118,-0.151,0.000,0.000,activeTracking,noEvent
6382,16,12,rld,15:40:12.244,88027,0.617,-0.118,-0.151,0.000,0.000,activeTracking,noEvent
6382,16,12,rld,15:40:12.293,88028,0.662,-0.118,-0.151,0.000,0.000,activeTracking,noEvent
6382,16,12,rld,15:40:12.504,88029,0.843,-0.625,-0.139,-4.500,0.100,activeTracking,noEvent
6382,16,12,rld,15:40:12.667,88030,1.037,-1.079,-0.068,-2.500,0.600,activeTracking,noEvent
6382,16,12,rld,15:40:12.760,88031,1.131,-1.346,-0.032,-1.000,0.100,activeTracking,noEvent
6382,16,12,rld,15:40:12.912,88032,1.267,-1.712,0.048,-2.400,0.600,activeTracking,noEvent
6382,16,12,rld,15:40:12.991,88033,1.357,-1.917,0.110,-0.700,0.300,activeTracking,noEvent
6382,16,12,rld,15:40:13.056,88034,1.424,-1.997,0.131,-0.100,0.000,activeTracking,noEvent
6382,16,12,rld,15:40:13.109,88035,1.479,-2.024,0.138,0.000,0.000,activeTracking,noEvent
6382,16,12,rld,15:40:13.170,88036,1.534,-2.033,0.140,0.000,0.000,activeTracking,noEvent
6382,16,12,rld,15:40:13.211,88037,1.579,-2.036,0.141,0.000,0.000,activeTracking,noEvent
6382,16,12,rld,15:40:13.283,88038,1.650,-2.037,0.141,0.000,0.000,activeTracking,noEvent
6382,16,12,rld,15:40:13.333,88039,1.699,-2.038,0.141,0.000,0.000,activeTracking,noEvent
6382,16,12,rld,15:40:13.384,88040,1.749,-2.038,0.142,0.000,0.000,activeTracking,noEvent
6382,16,12,rld,15:40:13.432,88041,1.800,-2.038,0.142,0.000,0.000,activeTracking,noEvent
6382,16,12,rld,15:40:13.478,88042,1.845,-2.038,0.142,0.000,0.000,activeTracking,noEvent
6382,16,12,rld,15:40:13.529,88043,1.897,-2.038,0.142,0.000,0.000,activeTracking,noEvent
6382,16,12,rld,15:40:13.586,88044,1.949,-2.038,0.142,0.000,0.000,activeTracking,noEvent
6382,16,12,rld,15:40:13.669,88045,2.034,-2.061,0.119,-0.200,-0.200,activeTracking,noEvent
6382,16,12,rld,15:40:13.733,88046,2.102,-2.081,0.100,-0.100,-0.100,activeTracking,noEvent
6382,16,12,rld,15:40:13.808,88047,2.171,-2.135,0.093,-0.400,0.000,activeTracking,noEvent
6382,16,12,rld,15:40:13.903,88048,2.271,-2.200,0.091,-0.400,0.000,activeTracking,noEvent
6382,16,12,rld,15:40:13.967,88049,2.337,-2.245,0.091,-0.200,0.000,activeTracking,noEvent
6382,16,12,rld,15:40:14.011,88050,2.381,-2.260,0.091,0.000,0.000,activeTracking,noEvent
6382,16,12,rld,15:40:14.060,88051,2.428,-2.265,0.091,0.000,0.000,activeTracking,noEvent
6382,16,12,rld,15:40:14.133,88052,2.502,-2.291,0.091,-0.200,0.000,activeTracking,noEvent
6382,16,12,rld,15:40:14.191,88053,2.558,-2.311,0.091,-0.100,0.000,activeTracking,noEvent
6382,16,12,rld,15:40:14.253,88054,2.627,-2.342,0.091,-0.200,0.000,activeTracking,noEvent
6382,16,12,rld,15:40:14.323,88055,2.693,-2.376,0.091,-0.200,0.000,onTarget,noEvent
6382,16,12,rld,15:40:14.372,88056,2.743,-2.387,0.091,0.000,0.000,onTarget,noEvent
6382,16,12,rld,15:40:14.415,88057,2.786,-2.391,0.091,0.000,0.000,onTarget,noEvent
6382,16,12,rld,15:40:14.465,88058,2.837,-2.392,0.091,0.000,0.000,onTarget,noEvent
6382,16,12,rld,15:40:14.505,88059,2.869,-2.393,0.091,0.000,0.000,onTarget,noEvent
6382,16,12,rld,15:40:14.557,88060,2.931,-2.393,0.091,0.000,0.000,onTarget,noEvent
6382,16,12,rld,15:40:14.629,88061,2.999,-2.393,0.091,0.000,0.000,onTarget,noEvent
6382,16,12,rld,15:40:14.685,88062,3.049,-2.393,0.091,0.000,0.000,onTarget,noEvent
6382,16,12,rld,15:40:14.753,88063,3.118,-2.393,0.091,0.000,0.000,onTarget,targetClick
6382,16,13,rld,15:40:17.963,88107,3.168,-0.270,0.086,0.000,0.000,waitingForTarget,middleTargetClick
6382,16,13,rld,15:40:18.023,88108,3.233,-0.270,0.086,0.000,0.000,waitingForTarget,noEvent
6382,16,13,rld,15:40:18.072,88109,3.274,-0.270,0.086,0.000,0.000,waitingForTarget,noEvent
6382,16,13,rld,15:40:18.115,88110,3.317,-0.270,0.086,0.000,0.000,waitingForTarget,noEvent
6382,16,13,rld,15:40:18.178,88111,3.373,-0.270,0.086,0.000,0.000,waitingForTarget,noEvent
6382,16,13,rld,15:40:18.243,88112,3.446,-0.270,0.086,0.000,0.000,waitingForTarget,noEvent
6382,16,13,rld,15:40:18.300,88113,3.501,-0.270,0.086,0.000,0.000,waitingForTarget,noEvent
6382,16,13,rld,15:40:18.341,88114,3.537,-0.270,0.086,0.000,0.000,waitingForTarget,noEvent
6382,16,13,rld,15:40:18.381,88115,3.587,-0.270,0.086,0.000,0.000,waitingForTarget,noEvent
6382,16,13,rld,15:40:18.416,88116,0.035,-0.270,0.086,0.000,0.000,activeTracking,targetAppeared
6382,16,13,rld,15:40:18.474,88117,0.086,-0.270,0.086,0.000,0.000,activeTracking,noEvent
6382,16,13,rld,15:40:18.528,88118,0.150,-0.270,0.086,0.000,0.000,activeTracking,noEvent
6382,16,13,rld,15:40:18.575,88119,0.194,-0.270,0.086,0.000,0.000,activeTracking,noEvent
6382,16,13,rld,15:40:18.623,88120,0.237,-0.270,0.086,0.000,0.000,activeTracking,noEvent
6382,16,13,rld,15:40:18.672,88121,0.284,-0.270,0.086,0.000,0.000,activeTracking,noEvent
6382,16,13,rld,15:40:18.722,88122,0.334,-0.270,0.086,0.000,0.000,activeTracking,noEvent
6382,16,13,rld,15:40:18.761,88123,0.380,-0.270,0.086,0.000,0.000,activeTracking,noEvent
6382,16,13,rld,15:40:18.810,88124,0.420,-0.270,0.086,0.000,0.000,activeTracking,noEvent
6382,16,13,rld,15:40:18.889,88125,0.503,-0.270,0.086,0.000,0.000,activeTracking,noEvent
6382,16,13,rld,15:40:18.995,88126,0.597,0.000,0.119,2.400,0.300,activeTracking,noEvent
6382,16,13,rld,15:40:19.172,88127,0.770,0.688,0.030,5.300,-0.900,activeTracking,noEvent
6382,16,13,rld,15:40:19.354,88128,0.933,1.351,-0.091,3.800,-0.800,activeTracking,noEvent
6382,16,13,rld,15:40:19.458,88129,1.077,1.796,-0.177,1.900,-0.400,activeTracking,noEvent
6382,16,13,rld,15:40:19.514,88130,1.133,1.969,-0.218,0.200,-0.100,activeTracking,noEvent
6382,16,13,rld,15:40:19.602,88131,1.213,2.038,-0.254,0.100,-0.200,activeTracking,noEvent
6382,16,13,rld,15:40:19.744,88132,1.335,2.144,-0.371,0.700,-0.900,activeTracking,noEvent
6382,16,13,rld,15:40:19.801,88133,1.418,2.215,-0.444,0.300,-0.300,activeTracking,noEvent
6382,16,13,rld,15:40:19.869,88134,1.486,2.238,-0.469,0.000,0.000,activeTracking,noEvent
6382,16,13,rld,15:40:19.893,88135,1.514,2.246,-0.477,0.000,0.000,activeTracking,noEvent
6382,16,13,rld,15:40:19.965,88136,1.573,2.249,-0.480,0.000,0.000,activeTracking,noEvent
6382,16,13,rld,15:40:20.056,88137,1.669,2.250,-0.446,0.000,0.300,activeTracking,noEvent
6382,16,13,rld,15:40:20.140,88138,1.741,2.262,-0.424,0.100,0.100,activeTracking,noEvent
6382,16,13,rld,15:40:20.234,88139,1.848,2.337,-0.370,0.600,0.400,activeTracking,noEvent
6382,16,13,rld,15:40:20.314,88140,1.927,2.386,-0.341,0.200,0.100,activeTracking,noEvent
6382,16,13,rld,15:40:20.376,88141,1.993,2.403,-0.308,0.000,0.200,activeTracking,noEvent
6382,16,13,rld,15:40:20.474,88142,2.078,2.420,-0.239,0.100,0.500,activeTracking,noEvent
6382,16,13,rld,15:40:20.564,88143,2.167,2.462,-0.193,0.300,0.200,onTarget,noEvent
6382,16,13,rld,15:40:20.640,88144,2.259,2.512,-0.154,0.300,0.200,onTarget,noEvent
6382,16,13,rld,15:40:20.705,88145,2.326,2.541,-0.130,0.100,0.100,onTarget,noEvent
6382,16,13,rld,15:40:20.756,88146,2.375,2.574,-0.122,0.200,0.000,onTarget,noEvent
6382,16,13,rld,15:40:20.865,88147,2.418,2.586,-0.119,0.000,0.000,onTarget,noEvent
6382,16,13,rld,15:40:20.915,88148,2.530,2.613,-0.095,0.200,0.200,onTarget,noEvent
6382,16,13,rld,15:40:20.991,88149,2.609,2.647,-0.075,0.200,0.100,onTarget,noEvent
6382,16,13,rld,15:40:21.054,88150,2.659,2.658,-0.068,0.000,0.000,onTarget,noEvent
6382,16,13,rld,15:40:21.115,88151,2.729,2.662,-0.066,0.000,0.000,onTarget,noEvent
6382,16,13,rld,15:40:21.166,88152,2.780,2.663,-0.065,0.000,0.000,onTarget,noEvent
6382,16,13,rld,15:40:21.231,88153,2.849,2.663,-0.065,0.000,0.000,onTarget,targetClick
6382,16,14,rld,15:40:25.119,88215,2.927,0.321,-0.049,0.000,0.000,waitingForTarget,middleTargetClick
6382,16,14,rld,15:40:25.172,88216,2.989,0.321,-0.049,0.000,0.000,waitingForTarget,noEvent
6382,16,14,rld,15:40:25.234,88217,3.045,0.321,-0.049,0.000,0.000,waitingForTarget,noEvent
6382,16,14,rld,15:40:25.305,88218,3.119,0.321,-0.049,0.000,0.000,waitingForTarget,noEvent
6382,16,14,rld,15:40:25.350,88219,3.167,0.321,-0.049,0.000,0.000,waitingForTarget,noEvent
6382,16,14,rld,15:40:25.402,88220,3.219,0.321,-0.049,0.000,0.000,waitingForTarget,noEvent
6382,16,14,rld,15:40:25.440,88221,3.261,0.321,-0.049,0.000,0.000,waitingForTarget,noEvent
6382,16,14,rld,15:40:25.483,88222,3.300,0.321,-0.049,0.000,0.000,waitingForTarget,noEvent
6382,16,14,rld,15:40:25.527,88223,3.347,0.321,-0.049,0.000,0.000,waitingForTarget,noEvent
6382,16,14,rld,15:40:25.569,88224,0.045,0.321,-0.049,0.000,0.000,activeTracking,targetAppeared
6382,16,14,rld,15:40:25.610,88225,0.082,0.321,-0.049,0.000,0.000,activeTracking,noEvent
6382,16,14,rld,15:40:25.659,88226,0.134,0.321,-0.049,0.000,0.000,activeTracking,noEvent
6382,16,14,rld,15:40:25.700,88227,0.168,0.321,-0.049,0.000,0.000,activeTracking,noEvent
6382,16,14,rld,15:40:25.742,88228,0.212,0.321,-0.049,0.000,0.000,activeTracking,noEvent
6382,16,14,rld,15:40:25.789,88229,0.261,0.321,-0.049,0.000,0.000,activeTracking,noEvent
6382,16,14,rld,15:40:25.866,88230,0.333,0.321,-0.049,0.000,0.000,activeTracking,noEvent
6382,16,14,rld,15:40:25.903,88231,0.374,0.321,-0.049,0.000,0.000,activeTracking,noEvent
6382,16,14,rld,15:40:25.964,88232,0.434,0.321,-0.049,0.000,0.000,activeTracking,noEvent
6382,16,14,rld,15:40:26.009,88233,0.481,0.321,-0.049,0.000,0.000,activeTracking,noEvent
6382,16,14,rld,15:40:26.051,88234,0.520,0.321,-0.049,0.000,0.000,activeTracking,noEvent
6382,16,14,rld,15:40:26.083,88235,0.552,0.321,-0.049,0.000,0.000,activeTracking,noEvent
6382,16,14,rld,15:40:26.127,88236,0.596,0.321,-0.049,0.000,0.000,activeTracking,noEvent
6382,16,14,rld,15:40:26.167,88237,0.637,0.321,-0.049,0.000,0.000,activeTracking,noEvent
6382,16,14,rld,15:40:26.207,88238,0.679,0.321,-0.049,0.000,0.000,activeTracking,noEvent
6382,16,14,rld,15:40:26.242,88239,0.717,0.321,-0.049,0.000,0.000,activeTracking,noEvent
6382,16,14,rld,15:40:26.272,88240,0.740,0.321,-0.049,0.000,0.000,activeTracking,noEvent
6382,16,14,rld,15:40:26.325,88241,0.798,0.321,-0.049,0.000,0.000,activeTracking,noEvent
6382,16,14,rld,15:40:26.369,88242,0.838,0.321,-0.049,0.000,0.000,activeTracking,noEvent
6382,16,14,rld,15:40:26.417,88243,0.884,0.321,-0.049,0.000,0.000,activeTracking,noEvent
6382,16,14,rld,15:40:26.590,88244,1.049,0.716,-0.015,3.500,0.300,activeTracking,noEvent
6382,16,14,rld,15:40:26.759,88245,1.226,1.672,-0.083,7.200,-0.700,activeTracking,noEvent
6382,16,14,rld,15:40:26.933,88246,1.382,2.508,-0.199,4.300,-0.800,onTarget,noEvent
6382,16,14,rld,15:40:27.023,88247,1.485,2.928,-0.274,1.100,-0.300,onTarget,noEvent
6382,16,14,rld,15:40:27.125,88248,1.562,3.108,-0.324,0.300,-0.200,activeTracking,noEvent
6382,16,14,rld,15:40:27.225,88249,1.697,3.230,-0.377,0.500,-0.300,activeTracking,noEvent
6382,16,14,rld,15:40:27.290,88250,1.761,3.334,-0.419,0.500,-0.200,activeTracking,noEvent
6382,16,14,rld,15:40:27.338,88251,1.810,3.394,-0.433,0.200,0.000,activeTracking,noEvent
6382,16,14,rld,15:40:27.465,88252,1.936,3.351,-0.401,-0.500,0.300,activeTracking,noEvent
6382,16,14,rld,15:40:27.633,88253,2.052,2.951,-0.211,-3.100,1.500,onTarget,noEvent
6382,16,14,rld,15:40:27.735,88254,2.196,2.723,-0.113,-0.800,0.300,onTarget,noEvent
6382,16,14,rld,15:40:27.801,88255,2.270,2.574,-0.023,-0.600,0.500,onTarget,noEvent
6382,16,14,rld,15:40:27.888,88256,2.359,2.501,0.030,-0.200,0.200,onTarget,noEvent
6382,16,14,rld,15:40:27.963,88257,2.428,2.453,0.071,-0.200,0.200,onTarget,noEvent
6382,16,14,rld,15:40:28.029,88258,2.501,2.437,0.085,0.000,0.000,onTarget,noEvent
6382,16,14,rld,15:40:28.049,88259,2.525,2.432,0.089,0.000,0.000,onTarget,noEvent
6382,16,14,rld,15:40:28.120,88260,2.593,2.430,0.091,0.000,0.000,onTarget,noEvent
6382,16,14,rld,15:40:28.183,88261,2.652,2.429,0.091,0.000,0.000,onTarget,noEvent
6382,16,14,rld,15:40:28.250,88262,2.717,2.429,0.091,0.000,0.000,onTarget,targetClick
6382,16,15,rld,15:40:32.218,88322,2.776,0.338,-0.016,0.000,0.000,waitingForTarget,middleTargetClick
6382,16,15,rld,15:40:32.272,88323,2.840,0.338,-0.016,0.000,0.000,waitingForTarget,noEvent
6382,16,15,rld,15:40:32.339,88324,2.898,0.338,-0.016,0.000,0.000,waitingForTarget,noEvent
6382,16,15,rld,15:40:32.408,88325,2.977,0.338,-0.016,0.000,0.000,waitingForTarget,noEvent
6382,16,15,rld,15:40:32.458,88326,3.030,0.338,-0.016,0.000,0.000,waitingForTarget,noEvent
6382,16,15,rld,15:40:32.517,88327,3.078,0.338,-0.016,0.000,0.000,waitingForTarget,noEvent
6382,16,15,rld,15:40:32.561,88328,3.126,0.338,-0.016,0.000,0.000,waitingForTarget,noEvent
6382,16,15,rld,15:40:32.610,88329,3.182,0.338,-0.016,0.000,0.000,waitingForTarget,noEvent
6382,16,15,rld,15:40:32.660,88330,0.045,0.338,-0.016,0.000,0.000,activeTracking,targetAppeared
6382,16,15,rld,15:40:32.724,88331,0.115,0.338,-0.016,0.000,0.000,activeTracking,noEvent
6382,16,15,rld,15:40:32.774,88332,0.160,0.338,-0.016,0.000,0.000,activeTracking,noEvent
6382,16,15,rld,15:40:32.860,88333,0.236,0.338,-0.016,0.000,0.000,activeTracking,noEvent
6382,16,15,rld,15:40:32.910,88334,0.293,0.338,-0.016,0.000,0.000,activeTracking,noEvent
6382,16,15,rld,15:40:32.958,88335,0.347,0.338,-0.016,0.000,0.000,activeTracking,noEvent
6382,16,15,rld,15:40:33.006,88336,0.385,0.338,-0.016,0.000,0.000,activeTracking,noEvent
6382,16,15,rld,15:40:33.069,88337,0.450,0.338,-0.016,0.000,0.000,activeTracking,noEvent
6382,16,15,rld,15:40:33.132,88338,0.515,0.338,-0.016,0.000,0.000,activeTracking,noEvent
6382,16,15,rld,15:40:33.387,88339,0.717,-0.293,0.018,-5.600,0.300,activeTracking,noEvent
6382,16,15,rld,15:40:33.626,88340,0.979,-1.081,-0.015,-5.100,-0.400,activeTracking,noEvent
6382,16,15,rld,15:40:33.664,88341,1.051,-1.415,-0.026,-0.600,0.000,activeTracking,noEvent
6382,16,15,rld,15:40:33.701,88342,1.083,-1.527,-0.030,0.000,0.000,activeTracking,noEvent
6382,16,15,rld,15:40:33.743,88343,1.126,-1.565,-0.031,0.000,0.000,activeTracking,noEvent
6382,16,15,rld,15:40:33.771,88344,1.160,-1.577,-0.031,0.000,0.000,activeTracking,noEvent
6382,16,15,rld,15:40:33.840,88345,1.228,-1.581,-0.032,0.000,0.000,activeTracking,noEvent
6382,16,15,rld,15:40:33.893,88346,1.282,-1.583,-0.032,0.000,0.000,activeTracking,noEvent
6382,16,15,rld,15:40:33.960,88347,1.344,-1.583,-0.032,0.000,0.000,activeTracking,noEvent
6382,16,15,rld,15:40:34.014,88348,1.385,-1.583,-0.032,0.000,0.000,activeTracking,noEvent
6382,16,15,rld,15:40:34.136,88349,1.502,-1.676,-0.054,-0.800,-0.200,activeTracking,noEvent
6382,16,15,rld,15:40:34.286,88350,1.652,-1.928,-0.096,-1.900,-0.300,activeTracking,noEvent
6382,16,15,rld,15:40:34.385,88351,1.750,-2.142,-0.110,-1.100,0.000,activeTracking,noEvent
6382,16,15,rld,15:40:34.475,88352,1.847,-2.309,-0.115,-0.800,0.000,activeTracking,noEvent
6382,16,15,rld,15:40:34.542,88353,1.919,-2.425,-0.117,-0.500,0.000,onTarget,noEvent
6382,16,15,rld,15:40:34.598,88354,1.984,-2.487,-0.117,-0.200,0.000,onTarget,noEvent
6382,16,15,rld,15:40:34.669,88355,2.058,-2.532,-0.106,-0.200,0.100,onTarget,noEvent
6382,16,15,rld,15:40:34.715,88356,2.097,-2.547,-0.102,0.000,0.000,onTarget,noEvent
6382,16,15,rld,15:40:34.768,88357,2.157,-2.552,-0.101,0.000,0.000,onTarget,noEvent
6382,16,15,rld,15:40:34.844,88358,2.232,-2.566,-0.089,-0.100,0.100,onTarget,noEvent
6382,16,15,rld,15:40:34.903,88359,2.284,-2.571,-0.085,0.000,0.000,onTarget,noEvent
6382,16,15,rld,15:40:34.952,88360,2.333,-2.572,-0.083,0.000,0.000,onTarget,noEvent
6382,16,15,rld,15:40:35.002,88361,2.383,-2.573,-0.083,0.000,0.000,onTarget,noEvent
6382,16,15,rld,15:40:35.055,88362,2.433,-2.573,-0.083,0.000,0.000,onTarget,noEvent
6382,16,15,rld,15:40:35.108,88363,2.495,-2.573,-0.083,0.000,0.000,onTarget,noEvent
6382,16,15,rld,15:40:35.167,88364,2.551,-2.573,-0.083,0.000,0.000,onTarget,noEvent
6382,16,15,rld,15:40:35.210,88365,2.595,-2.573,-0.083,0.000,0.000,onTarget,noEvent
6382,16,15,rld,15:40:35.253,88366,2.642,-2.573,-0.083,0.000,0.000,onTarget,noEvent
6382,16,15,rld,15:40:35.291,88367,2.682,-2.573,-0.083,0.000,0.000,onTarget,noEvent
6382,16,15,rld,15:40:35.334,88368,2.716,-2.573,-0.083,0.000,0.000,onTarget,noEvent
6382,16,15,rld,15:40:35.381,88369,2.761,-2.573,-0.083,0.000,0.000,onTarget,noEvent
6382,16,15,rld,15:40:35.425,88370,2.808,-2.573,-0.083,0.000,0.000,onTarget,noEvent
6382,16,15,rld,15:40:35.460,88371,2.848,-2.573,-0.083,0.000,0.000,onTarget,noEvent
6382,16,15,rld,15:40:35.505,88372,2.888,-2.573,-0.083,0.000,0.000,onTarget,noEvent
6382,16,15,rld,15:40:35.558,88373,2.934,-2.573,-0.083,0.000,0.000,onTarget,noEvent
6382,16,15,rld,15:40:35.616,88374,2.997,-2.573,-0.083,0.000,0.000,onTarget,noEvent
6382,16,15,rld,15:40:35.667,88375,3.046,-2.573,-0.083,0.000,0.000,onTarget,noEvent
6382,16,15,rld,15:40:35.716,88376,3.097,-2.573,-0.083,0.000,0.000,onTarget,noEvent
6382,16,15,rld,15:40:35.770,88377,3.152,-2.573,-0.083,0.000,0.000,onTarget,noEvent
6382,16,15,rld,15:40:35.856,88378,3.234,-2.573,-0.083,0.000,0.000,onTarget,targetClick
6382,16,16,rld,15:40:39.202,88431,3.303,0.186,-0.168,0.000,0.000,waitingForTarget,middleTargetClick
6382,16,16,rld,15:40:39.267,88432,3.374,0.186,-0.168,0.000,0.000,waitingForTarget,noEvent
6382,16,16,rld,15:40:39.313,88433,3.414,0.186,-0.168,0.000,0.000,waitingForTarget,noEvent
6382,16,16,rld,15:40:39.392,88434,3.496,0.186,-0.168,0.000,0.000,waitingForTarget,noEvent
6382,16,16,rld,15:40:39.459,88435,3.563,0.186,-0.168,0.000,0.000,waitingForTarget,noEvent
6382,16,16,rld,15:40:39.503,88436,3.604,0.186,-0.168,0.000,0.000,waitingForTarget,noEvent
6382,16,16,rld,15:40:39.561,88437,3.664,0.186,-0.168,0.000,0.000,waitingForTarget,noEvent
6382,16,16,rld,15:40:39.600,88438,3.703,0.186,-0.168,0.000,0.000,waitingForTarget,noEvent
6382,16,16,rld,15:40:39.667,88439,0.062,0.186,-0.168,0.000,0.000,activeTracking,targetAppeared
6382,16,16,rld,15:40:39.727,88440,0.131,0.186,-0.168,0.000,0.000,activeTracking,noEvent
6382,16,16,rld,15:40:39.770,88441,0.162,0.186,-0.168,0.000,0.000,activeTracking,noEvent
6382,16,16,rld,15:40:39.826,88442,0.231,0.186,-0.168,0.000,0.000,activeTracking,noEvent
6382,16,16,rld,15:40:39.917,88443,0.317,0.186,-0.168,0.000,0.000,activeTracking,noEvent
6382,16,16,rld,15:40:39.967,88444,0.359,0.186,-0.168,0.000,0.000,activeTracking,noEvent
6382,16,16,rld,15:40:40.009,88445,0.408,0.186,-0.168,0.000,0.000,activeTracking,noEvent
6382,16,16,rld,15:40:40.051,88446,0.450,0.186,-0.168,0.000,0.000,activeTracking,noEvent
6382,16,16,rld,15:40:40.093,88447,0.491,0.186,-0.168,0.000,0.000,activeTracking,noEvent
6382,16,16,rld,15:40:40.133,88448,0.531,0.186,-0.168,0.000,0.000,activeTracking,noEvent
6382,16,16,rld,15:40:40.177,88449,0.578,0.186,-0.168,0.000,0.000,activeTracking,noEvent
6382,16,16,rld,15:40:40.218,88450,0.617,0.186,-0.168,0.000,0.000,activeTracking,noEvent
6382,16,16,rld,15:40:40.265,88451,0.670,0.186,-0.168,0.000,0.000,activeTracking,noEvent
6382,16,16,rld,15:40:40.310,88452,0.710,0.186,-0.168,0.000,0.000,activeTracking,noEvent
6382,16,16,rld,15:40:40.352,88453,0.750,0.186,-0.168,0.000,0.000,activeTracking,noEvent
6382,16,16,rld,15:40:40.393,88454,0.797,0.186,-0.168,0.000,0.000,activeTracking,noEvent
6382,16,16,rld,15:40:40.434,88455,0.840,0.186,-0.168,0.000,0.000,activeTracking,noEvent
6382,16,16,rld,15:40:40.471,88456,0.874,0.186,-0.168,0.000,0.000,activeTracking,noEvent
6382,16,16,rld,15:40:40.503,88457,0.909,0.186,-0.168,0.000,0.000,activeTracking,noEvent
6382,16,16,rld,15:40:40.551,88458,0.950,0.186,-0.168,0.000,0.000,activeTracking,noEvent
6382,16,16,rld,15:40:40.591,88459,0.994,0.186,-0.168,0.000,0.000,activeTracking,noEvent
6382,16,16,rld,15:40:40.640,88460,1.044,0.186,-0.168,0.000,0.000,activeTracking,noEvent
6382,16,16,rld,15:40:40.666,88461,1.072,0.186,-0.168,0.000,0.000,activeTracking,noEvent
6382,16,16,rld,15:40:40.703,88462,1.108,0.186,-0.168,0.000,0.000,activeTracking,noEvent
6382,16,16,rld,15:40:40.741,88463,1.146,0.186,-0.168,0.000,0.000,activeTracking,noEvent
6382,16,16,rld,15:40:40.772,88464,1.177,0.186,-0.168,0.000,0.000,activeTracking,noEvent
6382,16,16,rld,15:40:40.825,88465,1.230,0.186,-0.168,0.000,0.000,activeTracking,noEvent
6382,16,16,rld,15:40:40.885,88466,1.284,0.186,-0.168,0.000,0.000,activeTracking,noEvent
6382,16,16,rld,15:40:40.925,88467,1.317,0.186,-0.168,0.000,0.000,activeTracking,noEvent
6382,16,16,rld,15:40:40.956,88468,1.361,0.186,-0.168,0.000,0.000,activeTracking,noEvent
6382,16,16,rld,15:40:41.000,88469,1.400,0.186,-0.168,0.000,0.000,activeTracking,noEvent
6382,16,16,rld,15:40:41.039,88470,1.444,0.186,-0.168,0.000,0.000,activeTracking,noEvent
6382,16,16,rld,15:40:41.086,88471,1.490,0.186,-0.168,0.000,0.000,activeTracking,noEvent
6382,16,16,rld,15:40:41.140,88472,1.542,0.186,-0.168,0.000,0.000,activeTracking,noEvent
6382,16,16,rld,15:40:41.188,88473,1.592,0.186,-0.168,0.000,0.000,activeTracking,noEvent
6382,16,16,rld,15:40:41.233,88474,1.631,0.186,-0.168,0.000,0.000,activeTracking,noEvent
6382,16,16,rld,15:40:41.274,88475,1.678,0.186,-0.168,0.000,0.000,activeTracking,noEvent
6382,16,16,rld,15:40:41.320,88476,1.725,0.186,-0.168,0.000,0.000,activeTracking,noEvent
6382,16,16,rld,15:40:41.370,88477,1.766,0.186,-0.168,0.000,0.000,activeTracking,noEvent
6382,16,16,rld,15:40:41.406,88478,1.811,0.186,-0.168,0.000,0.000,activeTracking,noEvent
6382,16,16,rld,15:40:41.507,88479,1.889,0.186,-0.168,0.000,0.000,activeTracking,noEvent
6382,16,16,rld,15:40:41.757,88480,2.121,0.727,-0.235,4.800,-0.600,activeTracking,noEvent
6382,16,16,rld,15:40:41.957,88481,2.333,1.319,-0.384,3.600,-1.100,activeTracking,noEvent
6382,16,16,rld,15:40:42.054,88482,2.447,1.738,-0.481,1.900,-0.400,activeTracking,noEvent
6382,16,16,rld,15:40:42.172,88483,2.567,2.008,-0.538,1.100,-0.200,activeTracking,noEvent
6382,16,16,rld,15:40:42.224,88484,2.624,2.146,-0.558,0.400,0.000,activeTracking,noEvent
6382,16,16,rld,15:40:42.303,88485,2.694,2.227,-0.565,0.300,0.000,activeTracking,noEvent
6382,16,16,rld,15:40:42.372,88486,2.765,2.290,-0.568,0.300,0.000,activeTracking,noEvent
6382,16,16,rld,15:40:42.434,88487,2.828,2.323,-0.569,0.100,0.000,activeTracking,noEvent
6382,16,16,rld,15:40:42.508,88488,2.901,2.334,-0.523,0.000,0.400,activeTracking,noEvent
6382,16,16,rld,15:40:42.588,88489,2.979,2.314,-0.438,-0.200,0.600,activeTracking,noEvent
6382,16,16,rld,15:40:42.672,88490,3.061,2.271,-0.363,-0.300,0.400,activeTracking,noEvent
6382,16,16,rld,15:40:42.725,88491,3.125,2.257,-0.315,0.000,0.200,activeTracking,noEvent
6382,16,16,rld,15:40:42.767,88492,3.167,2.253,-0.299,0.000,0.000,activeTracking,noEvent
6382,16,16,rld,15:40:42.882,88493,3.274,2.251,-0.270,0.000,0.200,activeTracking,noEvent
6382,16,16,rld,15:40:42.935,88494,3.331,2.251,-0.238,0.000,0.200,activeTracking,noEvent
6382,16,16,rld,15:40:43.024,88495,3.425,2.274,-0.204,0.200,0.200,activeTracking,noEvent
6382,16,16,rld,15:40:43.076,88496,3.478,2.294,-0.181,0.100,0.100,activeTracking,noEvent
6382,16,16,rld,15:40:43.158,88497,3.550,2.324,-0.173,0.200,0.000,activeTracking,noEvent
6382,16,16,rld,15:40:43.223,88498,3.623,2.358,-0.171,0.200,0.000,activeTracking,noEvent
6382,16,16,rld,15:40:43.305,88499,3.698,2.405,-0.170,0.300,0.000,onTarget,noEvent
6382,16,16,rld,15:40:43.393,88500,3.792,2.457,-0.170,0.300,0.000,onTarget,noEvent
6382,16,16,rld,15:40:43.477,88501,3.868,2.498,-0.170,0.200,0.000,onTarget,noEvent
6382,16,16,rld,15:40:43.556,88502,3.946,2.536,-0.170,0.200,0.000,onTarget,noEvent
6382,16,17,rld,15:40:50.007,88614,0.062,0.203,-0.184,0.000,0.000,activeTracking,targetAppeared
6382,16,17,rld,15:40:50.054,88615,0.109,0.203,-0.184,0.000,0.000,activeTracking,noEvent
6382,16,17,rld,15:40:50.100,88616,0.148,0.203,-0.184,0.000,0.000,activeTracking,noEvent
6382,16,17,rld,15:40:50.154,88617,0.198,0.203,-0.184,0.000,0.000,activeTracking,noEvent
6382,16,17,rld,15:40:50.218,88618,0.268,0.203,-0.184,0.000,0.000,activeTracking,noEvent
6382,16,17,rld,15:40:50.266,88619,0.314,0.203,-0.184,0.000,0.000,activeTracking,noEvent
6382,16,17,rld,15:40:50.317,88620,0.363,0.203,-0.184,0.000,0.000,activeTracking,noEvent
6382,16,17,rld,15:40:50.358,88621,0.411,0.203,-0.184,0.000,0.000,activeTracking,noEvent
6382,16,17,rld,15:40:50.421,88622,0.465,0.203,-0.184,0.000,0.000,activeTracking,noEvent
6382,16,17,rld,15:40:50.465,88623,0.510,0.203,-0.184,0.000,0.000,activeTracking,noEvent
6382,16,17,rld,15:40:50.506,88624,0.560,0.203,-0.184,0.000,0.000,activeTracking,noEvent
6382,16,17,rld,15:40:50.547,88625,0.599,0.203,-0.184,0.000,0.000,activeTracking,noEvent
6382,16,17,rld,15:40:50.592,88626,0.639,0.203,-0.184,0.000,0.000,activeTracking,noEvent
6382,16,17,rld,15:40:50.636,88627,0.691,0.203,-0.184,0.000,0.000,activeTracking,noEvent
6382,16,17,rld,15:40:50.672,88628,0.723,0.203,-0.184,0.000,0.000,activeTracking,noEvent
6382,16,17,rld,15:40:50.714,88629,0.770,0.203,-0.184,0.000,0.000,activeTracking,noEvent
6382,16,17,rld,15:40:50.751,88630,0.804,0.203,-0.184,0.000,0.000,activeTracking,noEvent
6382,16,17,rld,15:40:50.792,88631,0.841,0.203,-0.184,0.000,0.000,activeTracking,noEvent
6382,16,17,rld,15:40:50.855,88632,0.906,0.203,-0.184,0.000,0.000,activeTracking,noEvent
6382,16,17,rld,15:40:50.901,88633,0.957,0.203,-0.184,0.000,0.000,activeTracking,noEvent
6382,16,17,rld,15:40:50.954,88634,1.010,0.203,-0.184,0.000,0.000,activeTracking,noEvent
6382,16,17,rld,15:40:51.014,88635,1.061,0.203,-0.184,0.000,0.000,activeTracking,noEvent
6382,16,17,rld,15:40:51.059,88636,1.110,0.203,-0.184,0.000,0.000,activeTracking,noEvent
6382,16,17,rld,15:40:51.105,88637,1.156,0.203,-0.184,0.000,0.000,activeTracking,noEvent
6382,16,17,rld,15:40:51.175,88638,1.223,0.203,-0.184,0.000,0.000,activeTracking,failedClick
6382,16,18,rld,15:40:54.350,88688,1.288,0.405,0.170,0.000,0.000,waitingForTarget,middleTargetClick
6382,16,18,rld,15:40:54.400,88689,1.336,0.405,0.170,0.000,0.000,waitingForTarget,noEvent
6382,16,18,rld,15:40:54.458,88690,1.394,0.405,0.170,0.000,0.000,waitingForTarget,noEvent
6382,16,18,rld,15:40:54.514,88691,1.459,0.405,0.170,0.000,0.000,waitingForTarget,noEvent
6382,16,18,rld,15:40:54.569,88692,1.504,0.405,0.170,0.000,0.000,waitingForTarget,noEvent
6382,16,18,rld,15:40:54.619,88693,1.564,0.405,0.170,0.000,0.000,waitingForTarget,noEvent
6382,16,18,rld,15:40:54.659,88694,1.604,0.405,0.170,0.000,0.000,waitingForTarget,noEvent
6382,16,18,rld,15:40:54.699,88695,1.642,0.405,0.170,0.000,0.000,waitingForTarget,noEvent
6382,16,18,rld,15:40:54.746,88696,1.683,0.405,0.170,0.000,0.000,waitingForTarget,noEvent
6382,16,18,rld,15:40:54.799,88697,1.740,0.405,0.170,0.000,0.000,waitingForTarget,noEvent
6382,16,18,rld,15:40:54.864,88698,0.071,0.405,0.170,0.000,0.000,activeTracking,targetAppeared
6382,16,18,rld,15:40:54.904,88699,0.105,0.405,0.170,0.000,0.000,activeTracking,noEvent
6382,16,18,rld,15:40:54.941,88700,0.145,0.405,0.170,0.000,0.000,activeTracking,noEvent
6382,16,18,rld,15:40:54.985,88701,0.185,0.405,0.170,0.000,0.000,activeTracking,noEvent
6382,16,18,rld,15:40:55.024,88702,0.231,0.405,0.170,0.000,0.000,activeTracking,noEvent
6382,16,18,rld,15:40:55.074,88703,0.280,0.405,0.170,0.000,0.000,activeTracking,noEvent
6382,16,18,rld,15:40:55.116,88704,0.313,0.405,0.170,0.000,0.000,activeTracking,noEvent
6382,16,18,rld,15:40:55.157,88705,0.361,0.405,0.170,0.000,0.000,activeTracking,noEvent
6382,16,18,rld,15:40:55.200,88706,0.400,0.405,0.170,0.000,0.000,activeTracking,noEvent
6382,16,18,rld,15:40:55.243,88707,0.448,0.405,0.170,0.000,0.000,activeTracking,noEvent
6382,16,18,rld,15:40:55.400,88708,0.600,0.405,0.170,0.000,0.000,activeTracking,noEvent
6382,16,18,rld,15:40:55.443,88709,0.644,0.405,0.170,0.000,0.000,activeTracking,noEvent
6382,16,18,rld,15:40:55.636,88710,0.793,-0.169,0.204,-5.100,0.300,activeTracking,noEvent
6382,16,18,rld,15:40:55.908,88711,1.093,-0.733,0.227,-3.300,0.100,activeTracking,noEvent
6382,16,18,rld,15:40:55.995,88712,1.199,-1.367,0.192,-3.900,-0.400,activeTracking,noEvent
6382,16,18,rld,15:40:56.137,88713,1.343,-1.626,0.157,-0.400,-0.200,activeTracking,noEvent
6382,16,18,rld,15:40:56.170,88714,1.374,-1.714,0.146,0.000,0.000,activeTracking,noEvent
6382,16,18,rld,15:40:56.214,88715,1.418,-1.743,0.142,0.000,0.000,activeTracking,noEvent
6382,16,18,rld,15:40:56.270,88716,1.467,-1.752,0.141,0.000,0.000,activeTracking,noEvent
6382,16,18,rld,15:40:56.315,88717,1.512,-1.756,0.140,0.000,0.000,activeTracking,noEvent
6382,16,18,rld,15:40:56.354,88718,1.559,-1.757,0.140,0.000,0.000,activeTracking,noEvent
6382,16,18,rld,15:40:56.401,88719,1.601,-1.757,0.140,0.000,0.000,activeTracking,noEvent
6382,16,18,rld,15:40:56.434,88720,1.641,-1.757,0.140,0.000,0.000,activeTracking,noEvent
6382,16,18,rld,15:40:56.486,88721,1.693,-1.757,0.140,0.000,0.000,activeTracking,noEvent
6382,16,18,rld,15:40:56.538,88722,1.734,-1.757,0.140,0.000,0.000,activeTracking,noEvent
6382,16,18,rld,15:40:56.584,88723,1.789,-1.757,0.140,0.000,0.000,activeTracking,noEvent
6382,16,18,rld,15:40:56.633,88724,1.828,-1.757,0.140,0.000,0.000,activeTracking,noEvent
6382,16,18,rld,15:40:56.685,88725,1.884,-1.757,0.140,0.000,0.000,activeTracking,noEvent
6382,16,18,rld,15:40:56.741,88726,1.933,-1.757,0.140,0.000,0.000,activeTracking,noEvent
6382,16,18,rld,15:40:56.941,88727,2.097,-2.038,0.142,-2.400,0.000,activeTracking,noEvent
6382,16,18,rld,15:40:57.038,88728,2.230,-2.310,0.131,-1.500,-0.100,activeTracking,noEvent
6382,16,18,rld,15:40:57.131,88729,2.315,-2.497,0.129,-0.800,0.000,onTarget,noEvent
6382,16,18,rld,15:40:57.192,88730,2.383,-2.596,0.128,-0.300,0.000,onTarget,noEvent
6382,16,18,rld,15:40:57.250,88731,2.450,-2.653,0.128,-0.200,0.000,onTarget,noEvent
6382,16,18,rld,15:40:57.307,88732,2.514,-2.672,0.128,0.000,0.000,onTarget,noEvent
6382,16,18,rld,15:40:57.385,88733,2.579,-2.715,0.105,-0.300,-0.200,onTarget,noEvent
6382,16,18,rld,15:40:57.459,88734,2.650,-2.766,0.085,-0.300,-0.100,onTarget,noEvent
6382,16,18,rld,15:40:57.517,88735,2.711,-2.795,0.079,-0.100,0.000,onTarget,noEvent
6382,16,18,rld,15:40:57.592,88736,2.784,-2.780,0.030,0.200,-0.400,onTarget,noEvent
6382,16,18,rld,15:40:57.684,88737,2.866,-2.739,-0.010,0.300,-0.200,onTarget,noEvent
6382,16,18,rld,15:40:57.793,88738,2.969,-2.664,-0.082,0.500,-0.500,onTarget,noEvent
6382,16,18,rld,15:40:57.884,88739,3.079,-2.591,-0.129,0.400,-0.200,onTarget,noEvent
6382,16,18,rld,15:40:57.952,88740,3.146,-2.567,-0.156,0.000,-0.100,onTarget,noEvent
6382,16,18,rld,15:40:57.993,88741,3.196,-2.559,-0.165,0.000,0.000,onTarget,noEvent
6382,16,18,rld,15:40:58.074,88742,3.275,-2.556,-0.168,0.000,0.000,onTarget,noEvent
6382,16,18,rld,15:40:58.134,88743,3.333,-2.555,-0.169,0.000,0.000,onTarget,noEvent
6382,16,18,rld,15:40:58.192,88744,3.385,-2.555,-0.170,0.000,0.000,onTarget,noEvent
6382,16,18,rld,15:40:58.254,88745,3.451,-2.555,-0.170,0.000,0.000,onTarget,noEvent
6382,16,18,rld,15:40:58.317,88746,3.519,-2.555,-0.170,0.000,0.000,onTarget,noEvent
6382,16,18,rld,15:40:58.373,88747,3.579,-2.555,-0.170,0.000,0.000,onTarget,noEvent
6382,16,18,rld,15:40:58.433,88748,3.628,-2.555,-0.170,0.000,0.000,onTarget,noEvent
6382,16,18,rld,15:40:58.493,88749,3.698,-2.555,-0.170,0.000,0.000,onTarget,noEvent
6382,16,18,rld,15:40:58.567,88750,3.763,-2.555,-0.170,0.000,0.000,onTarget,noEvent
6382,16,18,rld,15:40:58.625,88751,3.832,-2.555,-0.170,0.000,0.000,onTarget,noEvent
6382,16,18,rld,15:40:58.688,88752,3.883,-2.555,-0.170,0.000,0.000,onTarget,noEvent
6382,16,18,rld,15:40:58.747,88753,3.944,-2.555,-0.170,0.000,0.000,onTarget,noEvent
6382,16,18,rld,15:40:58.802,88754,3.998,-2.555,-0.170,0.000,0.000,onTarget,noEvent
6382,16,19,rld,15:41:04.254,88845,0.046,-0.169,-0.049,0.000,0.000,activeTracking,targetAppeared
6382,16,19,rld,15:41:04.291,88846,0.078,-0.169,-0.049,0.000,0.000,activeTracking,noEvent
6382,16,19,rld,15:41:04.335,88847,0.126,-0.169,-0.049,0.000,0.000,activeTracking,noEvent
6382,16,19,rld,15:41:04.376,88848,0.166,-0.169,-0.049,0.000,0.000,activeTracking,noEvent
6382,16,19,rld,15:41:04.420,88849,0.204,-0.169,-0.049,0.000,0.000,activeTracking,noEvent
6382,16,19,rld,15:41:04.449,88850,0.235,-0.169,-0.049,0.000,0.000,activeTracking,noEvent
6382,16,19,rld,15:41:04.487,88851,0.279,-0.169,-0.049,0.000,0.000,activeTracking,noEvent
6382,16,19,rld,15:41:04.540,88852,0.330,-0.169,-0.049,0.000,0.000,activeTracking,noEvent
6382,16,19,rld,15:41:04.582,88853,0.369,-0.169,-0.049,0.000,0.000,activeTracking,noEvent
6382,16,19,rld,15:41:04.624,88854,0.417,-0.169,-0.049,0.000,0.000,activeTracking,noEvent
6382,16,19,rld,15:41:04.669,88855,0.459,-0.169,-0.049,0.000,0.000,activeTracking,noEvent
6382,16,19,rld,15:41:04.695,88856,0.486,-0.169,-0.049,0.000,0.000,activeTracking,noEvent
6382,16,19,rld,15:41:04.725,88857,0.518,-0.169,-0.049,0.000,0.000,activeTracking,noEvent
6382,16,19,rld,15:41:04.755,88858,0.548,-0.169,-0.049,0.000,0.000,activeTracking,noEvent
6382,16,19,rld,15:41:04.802,88859,0.596,-0.169,-0.049,0.000,0.000,activeTracking,noEvent
6382,16,19,rld,15:41:04.900,88860,0.682,-0.169,-0.049,0.000,0.000,activeTracking,noEvent
6382,16,19,rld,15:41:04.937,88861,0.731,-0.169,-0.049,0.000,0.000,activeTracking,noEvent
6382,16,19,rld,15:41:04.988,88862,0.778,-0.169,-0.049,0.000,0.000,activeTracking,noEvent
6382,16,19,rld,15:41:05.033,88863,0.818,-0.169,-0.049,0.000,0.000,activeTracking,noEvent
6382,16,19,rld,15:41:05.074,88864,0.868,-0.169,-0.049,0.000,0.000,activeTracking,noEvent
6382,16,19,rld,15:41:05.120,88865,0.908,-0.169,-0.049,0.000,0.000,activeTracking,noEvent
6382,16,19,rld,15:41:05.167,88866,0.960,-0.169,-0.049,0.000,0.000,activeTracking,noEvent
6382,16,19,rld,15:41:05.208,88867,0.999,-0.169,-0.049,0.000,0.000,activeTracking,noEvent
6382,16,19,rld,15:41:05.256,88868,1.047,-0.169,-0.049,0.000,0.000,activeTracking,noEvent
6382,16,19,rld,15:41:05.301,88869,1.095,-0.169,-0.049,0.000,0.000,activeTracking,noEvent
6382,16,19,rld,15:41:05.342,88870,1.136,-0.169,-0.049,0.000,0.000,activeTracking,noEvent
6382,16,19,rld,15:41:05.389,88871,1.178,-0.169,-0.049,0.000,0.000,activeTracking,noEvent
6382,16,19,rld,15:41:05.438,88872,1.230,-0.169,-0.049,0.000,0.000,activeTracking,noEvent
6382,16,19,rld,15:41:05.465,88873,1.258,-0.169,-0.049,0.000,0.000,activeTracking,noEvent
6382,16,19,rld,15:41:05.504,88874,1.294,-0.169,-0.049,0.000,0.000,activeTracking,noEvent
6382,16,19,rld,15:41:05.546,88875,1.339,-0.169,-0.049,0.000,0.000,activeTracking,noEvent
6382,16,19,rld,15:41:05.580,88876,1.368,-0.169,-0.049,0.000,0.000,activeTracking,noEvent
6382,16,19,rld,15:41:05.617,88877,1.410,-0.169,-0.049,0.000,0.000,activeTracking,noEvent
6382,16,19,rld,15:41:05.655,88878,1.448,-0.169,-0.049,0.000,0.000,activeTracking,noEvent
6382,16,19,rld,15:41:05.703,88879,1.497,-0.169,-0.049,0.000,0.000,activeTracking,noEvent
6382,16,19,rld,15:41:05.753,88880,1.541,-0.169,-0.049,0.000,0.000,activeTracking,noEvent
6382,16,19,rld,15:41:05.803,88881,1.596,-0.169,-0.049,0.000,0.000,activeTracking,noEvent
6382,16,19,rld,15:41:05.900,88882,1.681,-0.169,-0.049,0.000,0.000,activeTracking,noEvent
6382,16,19,rld,15:41:06.044,88883,1.816,-0.518,0.007,-3.100,0.500,activeTracking,noEvent
6382,16,19,rld,15:41:06.149,88884,1.908,-0.895,0.026,-2.300,0.000,activeTracking,noEvent
6382,16,19,rld,15:41:06.331,88885,2.108,-1.295,0.044,-2.400,0.100,activeTracking,noEvent
6382,16,19,rld,15:41:06.425,88886,2.201,-1.626,0.085,-1.700,0.300,activeTracking,noEvent
6382,16,19,rld,15:41:06.501,88887,2.292,-1.806,0.099,-0.600,0.000,activeTracking,noEvent
6382,16,19,rld,15:41:06.564,88888,2.352,-1.890,0.104,-0.200,0.000,activeTracking,noEvent
6382,16,19,rld,15:41:06.632,88889,2.408,-1.930,0.106,-0.100,0.000,activeTracking,noEvent
6382,16,19,rld,15:41:06.708,88890,2.495,-2.002,0.107,-0.500,0.000,activeTracking,noEvent
6382,16,19,rld,15:41:06.773,88891,2.561,-2.049,0.107,-0.200,0.000,activeTracking,noEvent
6382,16,19,rld,15:41:06.871,88892,2.650,-2.065,0.107,0.000,0.000,activeTracking,noEvent
6382,16,19,rld,15:41:06.940,88893,2.719,-2.070,0.107,0.000,0.000,activeTracking,noEvent
6382,16,19,rld,15:41:06.991,88894,2.779,-2.084,0.107,-0.100,0.000,activeTracking,noEvent
6382,16,19,rld,15:41:07.083,88895,2.863,-2.112,0.073,-0.200,-0.300,activeTracking,noEvent
6382,16,19,rld,15:41:07.140,88896,2.932,-2.133,0.050,-0.100,-0.100,activeTracking,noEvent
6382,16,19,rld,15:41:07.363,88897,3.121,-2.235,-0.004,-0.800,-0.400,activeTracking,noEvent
6382,16,19,rld,15:41:07.442,88898,3.220,-2.293,-0.022,-0.200,0.000,activeTracking,noEvent
6382,16,19,rld,15:41:07.520,88899,3.297,-2.348,-0.028,-0.300,0.000,onTarget,noEvent
6382,16,19,rld,15:41:07.624,88900,3.410,-2.414,-0.029,-0.400,0.000,onTarget,noEvent
6382,16,19,rld,15:41:07.699,88901,3.466,-2.460,-0.030,-0.200,0.000,onTarget,noEvent
6382,16,19,rld,15:41:07.766,88902,3.544,-2.487,-0.030,-0.100,0.000,onTarget,noEvent
6382,16,19,rld,15:41:07.865,88903,3.631,-2.520,-0.030,-0.200,0.000,onTarget,noEvent
6382,16,19,rld,15:41:07.920,88904,3.707,-2.531,-0.030,0.000,0.000,onTarget,noEvent
6382,16,19,rld,15:41:07.963,88905,3.752,-2.535,-0.019,0.000,0.100,onTarget,noEvent
6382,16,19,rld,15:41:08.019,88906,3.801,-2.536,-0.015,0.000,0.000,onTarget,noEvent
6382,16,19,rld,15:41:08.065,88907,3.851,-2.537,-0.013,0.000,0.000,onTarget,noEvent
6382,16,19,rld,15:41:08.112,88908,3.899,-2.537,-0.013,0.000,0.000,onTarget,noEvent
6382,16,19,rld,15:41:08.187,88909,3.969,-2.537,-0.013,0.000,0.000,onTarget,targetClick
6382,16,20,rld,15:41:11.504,88959,0.040,-0.034,0.119,0.000,0.000,activeTracking,targetAppeared
6382,16,20,rld,15:41:11.573,88960,0.112,-0.034,0.119,0.000,0.000,activeTracking,noEvent
6382,16,20,rld,15:41:11.620,88961,0.163,-0.034,0.119,0.000,0.000,activeTracking,noEvent
6382,16,20,rld,15:41:11.666,88962,0.200,-0.034,0.119,0.000,0.000,activeTracking,noEvent
6382,16,20,rld,15:41:11.713,88963,0.248,-0.034,0.119,0.000,0.000,activeTracking,noEvent
6382,16,20,rld,15:41:11.753,88964,0.295,-0.034,0.119,0.000,0.000,activeTracking,noEvent
6382,16,20,rld,15:41:11.792,88965,0.328,-0.034,0.119,0.000,0.000,activeTracking,noEvent
6382,16,20,rld,15:41:11.856,88966,0.393,-0.034,0.119,0.000,0.000,activeTracking,noEvent
6382,16,20,rld,15:41:11.891,88967,0.430,-0.034,0.119,0.000,0.000,activeTracking,noEvent
6382,16,20,rld,15:41:11.945,88968,0.470,-0.034,0.119,0.000,0.000,activeTracking,noEvent
6382,16,20,rld,15:41:11.984,88969,0.518,-0.034,0.119,0.000,0.000,activeTracking,noEvent
6382,16,20,rld,15:41:12.027,88970,0.561,-0.034,0.119,0.000,0.000,activeTracking,noEvent
6382,16,20,rld,15:41:12.084,88971,0.611,-0.034,0.119,0.000,0.000,activeTracking,noEvent
6382,16,20,rld,15:41:12.130,88972,0.661,-0.034,0.119,0.000,0.000,activeTracking,noEvent
6382,16,20,rld,15:41:12.171,88973,0.709,-0.034,0.119,0.000,0.000,activeTracking,noEvent
6382,16,20,rld,15:41:12.215,88974,0.748,-0.034,0.119,0.000,0.000,activeTracking,noEvent
6382,16,20,rld,15:41:12.253,88975,0.787,-0.034,0.119,0.000,0.000,activeTracking,noEvent
6382,16,20,rld,15:41:12.301,88976,0.836,-0.034,0.119,0.000,0.000,activeTracking,noEvent
6382,16,20,rld,15:41:12.340,88977,0.880,-0.034,0.119,0.000,0.000,activeTracking,noEvent
6382,16,20,rld,15:41:12.382,88978,0.917,-0.034,0.119,0.000,0.000,activeTracking,noEvent
6382,16,20,rld,15:41:12.439,88979,0.970,-0.034,0.119,0.000,0.000,activeTracking,noEvent
6382,16,20,rld,15:41:12.500,88980,1.034,-0.034,0.119,0.000,0.000,activeTracking,noEvent
6382,16,20,rld,15:41:12.554,88981,1.079,-0.034,0.119,0.000,0.000,activeTracking,noEvent
6382,16,20,rld,15:41:12.740,88982,1.257,0.360,-0.004,3.500,-1.100,activeTracking,noEvent
6382,16,20,rld,15:41:12.900,88983,1.430,0.718,-0.124,2.000,-0.700,activeTracking,noEvent
6382,16,20,rld,15:41:12.971,88984,1.510,0.951,-0.199,1.000,-0.300,activeTracking,noEvent
6382,16,20,rld,15:41:13.075,88985,1.600,1.063,-0.246,0.300,-0.200,activeTracking,noEvent
6382,16,20,rld,15:41:13.164,88986,1.695,1.169,-0.330,0.600,-0.600,activeTracking,noEvent
6382,16,20,rld,15:41:13.283,88987,1.807,1.273,-0.404,0.600,-0.400,activeTracking,noEvent
6382,16,20,rld,15:41:13.346,88988,1.880,1.330,-0.451,0.200,-0.200,activeTracking,noEvent
6382,16,20,rld,15:41:13.415,88989,1.944,1.372,-0.467,0.200,0.000,activeTracking,noEvent
6382,16,20,rld,15:41:13.498,88990,2.029,1.444,-0.473,0.500,0.000,activeTracking,noEvent
6382,16,20,rld,15:41:13.658,88991,2.168,1.560,-0.407,0.800,0.600,activeTracking,noEvent
6382,16,20,rld,15:41:13.787,88992,2.319,1.761,-0.271,1.400,1.000,activeTracking,noEvent
6382,16,20,rld,15:41:13.951,88993,2.482,2.027,-0.134,1.700,0.800,activeTracking,noEvent
6382,16,20,rld,15:41:14.016,88994,2.549,2.152,-0.065,0.300,0.200,activeTracking,noEvent
6382,16,20,rld,15:41:14.104,88995,2.642,2.229,-0.042,0.300,0.000,activeTracking,noEvent
6382,16,20,rld,15:41:14.173,88996,2.710,2.267,-0.023,0.100,0.100,activeTracking,noEvent
6382,16,20,rld,15:41:14.222,88997,2.763,2.280,-0.017,0.000,0.000,activeTracking,noEvent
6382,16,20,rld,15:41:14.267,88998,2.799,2.284,-0.014,0.000,0.000,activeTracking,noEvent
6382,16,20,rld,15:41:14.321,88999,2.862,2.285,-0.014,0.000,0.000,activeTracking,noEvent
6382,16,20,rld,15:41:14.369,89000,2.903,2.286,-0.013,0.000,0.000,activeTracking,noEvent
6382,16,20,rld,15:41:14.416,89001,2.948,2.286,-0.013,0.000,0.000,activeTracking,noEvent
6382,16,20,rld,15:41:14.457,89002,2.997,2.286,-0.013,0.000,0.000,activeTracking,noEvent
6382,16,20,rld,15:41:14.517,89003,3.049,2.286,-0.013,0.000,0.000,activeTracking,noEvent
6382,16,20,rld,15:41:14.583,89004,3.119,2.286,-0.013,0.000,0.000,activeTracking,noEvent
6382,16,20,rld,15:41:14.638,89005,3.178,2.286,-0.013,0.000,0.000,activeTracking,noEvent
6382,16,20,rld,15:41:14.718,89006,3.251,2.286,-0.013,0.000,0.000,activeTracking,noEvent
6382,16,20,rld,15:41:14.807,89007,3.336,2.357,-0.013,0.600,0.000,onTarget,noEvent
6382,16,20,rld,15:41:14.906,89008,3.431,2.405,-0.013,0.200,0.000,onTarget,noEvent
6382,16,20,rld,15:41:14.970,89009,3.504,2.421,-0.013,0.000,0.000,onTarget,noEvent
6382,16,20,rld,15:41:15.033,89010,3.563,2.426,-0.013,0.000,0.000,onTarget,noEvent
6382,16,20,rld,15:41:15.096,89011,3.629,2.428,-0.013,0.000,0.000,onTarget,noEvent
6382,16,20,rld,15:41:15.155,89012,3.690,2.429,-0.013,0.000,0.000,onTarget,noEvent
6382,16,20,rld,15:41:15.204,89013,3.745,2.429,-0.013,0.000,0.000,onTarget,noEvent
6382,16,20,rld,15:41:15.258,89014,3.793,2.429,-0.013,0.000,0.000,onTarget,noEvent
6382,16,20,rld,15:41:15.316,89015,3.849,2.429,-0.013,0.000,0.000,onTarget,noEvent
6382,16,20,rld,15:41:15.355,89016,3.896,2.429,-0.013,0.000,0.000,onTarget,noEvent
6382,16,20,rld,15:41:15.410,89017,3.947,2.429,-0.013,0.000,0.000,onTarget,noEvent
6382,16,20,rld,15:41:15.453,89018,3.986,2.429,-0.013,0.000,0.000,onTarget,noEvent
6382,16,21,rld,15:41:19.990,89094,0.050,0.456,-0.016,0.000,0.000,activeTracking,targetAppeared
6382,16,21,rld,15:41:20.063,89095,0.102,0.456,-0.016,0.000,0.000,activeTracking,noEvent
6382,16,21,rld,15:41:20.113,89096,0.172,0.456,-0.016,0.000,0.000,activeTracking,noEvent
6382,16,21,rld,15:41:20.155,89097,0.205,0.456,-0.016,0.000,0.000,activeTracking,noEvent
6382,16,21,rld,15:41:20.201,89098,0.256,0.456,-0.016,0.000,0.000,activeTracking,noEvent
6382,16,21,rld,15:41:20.250,89099,0.303,0.456,-0.016,0.000,0.000,activeTracking,noEvent
6382,16,21,rld,15:41:20.289,89100,0.353,0.456,-0.016,0.000,0.000,activeTracking,noEvent
6382,16,21,rld,15:41:20.346,89101,0.400,0.456,-0.016,0.000,0.000,activeTracking,noEvent
6382,16,21,rld,15:41:20.384,89102,0.440,0.456,-0.016,0.000,0.000,activeTracking,noEvent
6382,16,21,rld,15:41:20.427,89103,0.479,0.456,-0.016,0.000,0.000,activeTracking,noEvent
6382,16,21,rld,15:41:20.466,89104,0.530,0.456,-0.016,0.000,0.000,activeTracking,noEvent
6382,16,21,rld,15:41:20.501,89105,0.563,0.456,-0.016,0.000,0.000,activeTracking,noEvent
6382,16,21,rld,15:41:20.554,89106,0.611,0.456,-0.016,0.000,0.000,activeTracking,noEvent
6382,16,21,rld,15:41:20.594,89107,0.652,0.456,-0.016,0.000,0.000,activeTracking,noEvent
6382,16,21,rld,15:41:20.632,89108,0.690,0.456,-0.016,0.000,0.000,activeTracking,noEvent
6382,16,21,rld,15:41:20.667,89109,0.731,0.456,-0.016,0.000,0.000,activeTracking,noEvent
6382,16,21,rld,15:41:20.703,89110,0.757,0.456,-0.016,0.000,0.000,activeTracking,noEvent
6382,16,21,rld,15:41:20.750,89111,0.807,0.456,-0.016,0.000,0.000,activeTracking,noEvent
6382,16,21,rld,15:41:20.788,89112,0.852,0.456,-0.016,0.000,0.000,activeTracking,noEvent
6382,16,21,rld,15:41:20.853,89113,0.908,0.456,-0.016,0.000,0.000,activeTracking,noEvent
6382,16,21,rld,15:41:20.884,89114,0.941,0.456,-0.016,0.000,0.000,activeTracking,noEvent
6382,16,21,rld,15:41:20.933,89115,0.989,0.456,-0.016,0.000,0.000,activeTracking,noEvent
6382,16,21,rld,15:41:20.972,89116,1.034,0.456,-0.016,0.000,0.000,activeTracking,noEvent
6382,16,21,rld,15:41:21.024,89117,1.085,0.456,-0.016,0.000,0.000,activeTracking,noEvent
6382,16,21,rld,15:41:21.065,89118,1.123,0.456,-0.016,0.000,0.000,activeTracking,noEvent
6382,16,21,rld,15:41:21.146,89119,1.205,0.456,-0.016,0.000,0.000,activeTracking,noEvent
6382,16,21,rld,15:41:21.194,89120,1.253,0.456,-0.016,0.000,0.000,activeTracking,noEvent
6382,16,21,rld,15:41:21.241,89121,1.300,0.456,-0.016,0.000,0.000,activeTracking,noEvent
6382,16,21,rld,15:41:21.268,89122,1.330,0.456,-0.016,0.000,0.000,activeTracking,noEvent
6382,16,21,rld,15:41:21.313,89123,1.370,0.456,-0.016,0.000,0.000,activeTracking,noEvent
6382,16,21,rld,15:41:21.355,89124,1.417,0.456,-0.016,0.000,0.000,activeTracking,noEvent
6382,16,21,rld,15:41:21.441,89125,1.489,0.456,-0.016,0.000,0.000,activeTracking,noEvent
6382,16,21,rld,15:41:21.478,89126,1.536,0.456,-0.016,0.000,0.000,activeTracking,noEvent
6382,16,21,rld,15:41:21.565,89127,1.589,0.456,-0.016,0.000,0.000,activeTracking,noEvent
6382,16,21,rld,15:41:21.618,89128,1.669,0.456,-0.016,0.000,0.000,activeTracking,noEvent
6382,16,21,rld,15:41:21.661,89129,1.723,0.456,-0.016,0.000,0.000,activeTracking,noEvent
6382,16,21,rld,15:41:21.702,89130,1.756,0.456,-0.016,0.000,0.000,activeTracking,noEvent
6382,16,21,rld,15:41:21.753,89131,1.803,0.456,-0.016,0.000,0.000,activeTracking,noEvent
6382,16,21,rld,15:41:21.791,89132,1.850,0.456,-0.016,0.000,0.000,activeTracking,noEvent
6382,16,21,rld,15:41:21.864,89133,1.919,0.456,-0.016,0.000,0.000,activeTracking,noEvent
6382,16,21,rld,15:41:21.905,89134,1.964,0.456,-0.016,0.000,0.000,activeTracking,noEvent
6382,16,21,rld,15:41:21.957,89135,2.015,0.456,-0.016,0.000,0.000,activeTracking,noEvent
6382,16,21,rld,15:41:22.000,89136,2.056,0.456,-0.016,0.000,0.000,activeTracking,noEvent
6382,16,21,rld,15:41:22.037,89137,2.099,0.456,-0.016,0.000,0.000,activeTracking,noEvent
6382,16,21,rld,15:41:22.074,89138,2.136,0.456,-0.016,0.000,0.000,activeTracking,noEvent
6382,16,21,rld,15:41:22.116,89139,2.174,0.456,-0.016,0.000,0.000,activeTracking,noEvent
6382,16,21,rld,15:41:22.164,89140,2.229,0.456,-0.016,0.000,0.000,activeTracking,noEvent
6382,16,21,rld,15:41:22.201,89141,2.262,0.456,-0.016,0.000,0.000,activeTracking,noEvent
6382,16,21,rld,15:41:22.248,89142,2.311,0.456,-0.016,0.000,0.000,activeTracking,noEvent
6382,16,21,rld,15:41:22.295,89143,2.351,0.456,-0.016,0.000,0.000,activeTracking,noEvent
6382,16,21,rld,15:41:22.337,89144,2.399,0.456,-0.016,0.000,0.000,activeTracking,noEvent
6382,16,21,rld,15:41:22.386,89145,2.445,0.456,-0.016,0.000,0.000,activeTracking,noEvent
6382,16,21,rld,15:41:22.424,89146,2.485,0.456,-0.016,0.000,0.000,activeTracking,noEvent
6382,16,21,rld,15:41:22.470,89147,2.529,0.456,-0.016,0.000,0.000,activeTracking,noEvent
6382,16,21,rld,15:41:22.513,89148,2.577,0.456,-0.016,0.000,0.000,activeTracking,noEvent
6382,16,21,rld,15:41:22.558,89149,2.619,0.456,-0.016,0.000,0.000,activeTracking,noEvent
6382,16,21,rld,15:41:22.623,89150,2.683,0.456,-0.016,0.000,0.000,activeTracking,noEvent
6382,16,21,rld,15:41:22.687,89151,2.741,0.456,-0.016,0.000,0.000,activeTracking,noEvent
6382,16,21,rld,15:41:22.733,89152,2.791,0.456,-0.016,0.000,0.000,activeTracking,noEvent
6382,16,21,rld,15:41:22.768,89153,2.830,0.456,-0.016,0.000,0.000,activeTracking,noEvent
6382,16,21,rld,15:41:22.822,89154,2.886,0.456,-0.016,0.000,0.000,activeTracking,noEvent
6382,16,21,rld,15:41:22.874,89155,2.935,0.456,-0.016,0.000,0.000,activeTracking,noEvent
6382,16,21,rld,15:41:22.917,89156,2.980,0.456,-0.016,0.000,0.000,activeTracking,noEvent
6382,16,21,rld,15:41:22.984,89157,3.039,0.456,-0.016,0.000,0.000,activeTracking,noEvent
6382,16,21,rld,15:41:23.023,89158,3.086,0.456,-0.016,0.000,0.000,activeTracking,noEvent
6382,16,21,rld,15:41:23.084,89159,3.139,0.456,-0.016,0.000,0.000,activeTracking,noEvent
6382,16,21,rld,15:41:23.135,89160,3.189,0.456,-0.016,0.000,0.000,activeTracking,noEvent
6382,16,21,rld,15:41:23.186,89161,3.238,0.456,-0.016,0.000,0.000,activeTracking,noEvent
6382,16,21,rld,15:41:23.239,89162,3.298,0.456,-0.016,0.000,0.000,activeTracking,noEvent
6382,16,21,rld,15:41:23.304,89163,3.364,0.456,-0.016,0.000,0.000,activeTracking,noEvent
6382,16,21,rld,15:41:23.365,89164,3.423,0.456,-0.016,0.000,0.000,activeTracking,noEvent
6382,16,21,rld,15:41:23.432,89165,3.486,0.456,-0.016,0.000,0.000,activeTracking,noEvent
6382,16,21,rld,15:41:23.469,89166,3.531,0.456,-0.016,0.000,0.000,activeTracking,noEvent
6382,16,21,rld,15:41:23.523,89167,3.585,0.456,-0.016,0.000,0.000,activeTracking,noEvent
6382,16,21,rld,15:41:23.574,89168,3.635,0.456,-0.016,0.000,0.000,activeTracking,noEvent
6382,16,21,rld,15:41:23.624,89169,3.681,0.456,-0.016,0.000,0.000,activeTracking,noEvent
6382,16,21,rld,15:41:23.667,89170,3.731,0.456,-0.016,0.000,0.000,activeTracking,noEvent
6382,16,21,rld,15:41:23.725,89171,3.787,0.456,-0.016,0.000,0.000,activeTracking,noEvent
6382,16,21,rld,15:41:23.789,89172,3.850,0.456,-0.016,0.000,0.000,activeTracking,noEvent
6382,16,21,rld,15:41:23.866,89173,3.921,0.456,-0.016,0.000,0.000,activeTracking,noEvent
6382,16,21,rld,15:41:23.907,89174,3.969,0.456,-0.016,0.000,0.000,activeTracking,noEvent
6382,16,22,rld,15:41:36.983,89397,0.054,-0.135,-0.286,0.000,0.000,activeTracking,targetAppeared
6382,16,22,rld,15:41:37.050,89398,0.126,-0.135,-0.286,0.000,0.000,activeTracking,noEvent
6382,16,22,rld,15:41:37.071,89399,0.146,-0.135,-0.286,0.000,0.000,activeTracking,noEvent
6382,16,22,rld,15:41:37.133,89400,0.202,-0.135,-0.286,0.000,0.000,activeTracking,noEvent
6382,16,22,rld,15:41:37.203,89401,0.265,-0.135,-0.286,0.000,0.000,activeTracking,noEvent
6382,16,22,rld,15:41:37.272,89402,0.331,-0.135,-0.286,0.000,0.000,activeTracking,noEvent
6382,16,22,rld,15:41:37.345,89403,0.402,-0.135,-0.286,0.000,0.000,activeTracking,noEvent
6382,16,22,rld,15:41:37.405,89404,0.469,-0.135,-0.286,0.000,0.000,activeTracking,noEvent
6382,16,22,rld,15:41:37.473,89405,0.536,-0.135,-0.286,0.000,0.000,activeTracking,failedClick
6382,16,23,rld,15:41:38.471,89422,0.604,-0.135,-0.286,0.000,0.000,waitingForTarget,middleTargetClick
6382,16,23,rld,15:41:38.528,89423,0.655,-0.135,-0.286,0.000,0.000,waitingForTarget,noEvent
6382,16,23,rld,15:41:38.578,89424,0.709,-0.135,-0.286,0.000,0.000,waitingForTarget,noEvent
6382,16,23,rld,15:41:38.623,89425,0.746,-0.135,-0.286,0.000,0.000,waitingForTarget,noEvent
6382,16,23,rld,15:41:38.680,89426,0.809,-0.135,-0.286,0.000,0.000,waitingForTarget,noEvent
6382,16,23,rld,15:41:38.735,89427,0.873,-0.135,-0.286,0.000,0.000,waitingForTarget,noEvent
6382,16,23,rld,15:41:38.797,89428,0.925,-0.135,-0.286,0.000,0.000,waitingForTarget,noEvent
6382,16,23,rld,15:41:38.873,89429,1.003,-0.135,-0.286,0.000,0.000,waitingForTarget,noEvent
6382,16,23,rld,15:41:38.915,89430,1.052,-0.135,-0.286,0.000,0.000,waitingForTarget,noEvent
6382,16,23,rld,15:41:38.984,89431,0.070,-0.135,-0.286,0.000,0.000,activeTracking,targetAppeared
6382,16,23,rld,15:41:39.032,89432,0.114,-0.135,-0.286,0.000,0.000,activeTracking,noEvent
6382,16,23,rld,15:41:39.094,89433,0.162,-0.135,-0.286,0.000,0.000,activeTracking,noEvent
6382,16,23,rld,15:41:39.139,89434,0.220,-0.135,-0.286,0.000,0.000,activeTracking,noEvent
6382,16,23,rld,15:41:39.200,89435,0.283,-0.135,-0.286,0.000,0.000,activeTracking,failedClick
6382,16,24,rld,15:41:40.825,89465,0.350,-0.135,-0.286,0.000,0.000,waitingForTarget,middleTargetClick
6382,16,24,rld,15:41:40.887,89466,0.421,-0.135,-0.286,0.000,0.000,waitingForTarget,noEvent
6382,16,24,rld,15:41:40.938,89467,0.468,-0.135,-0.286,0.000,0.000,waitingForTarget,noEvent
6382,16,24,rld,15:41:40.994,89468,0.531,-0.135,-0.286,0.000,0.000,waitingForTarget,noEvent
6382,16,24,rld,15:41:41.051,89469,0.583,-0.135,-0.286,0.000,0.000,waitingForTarget,noEvent
6382,16,24,rld,15:41:41.113,89470,0.639,-0.135,-0.286,0.000,0.000,waitingForTarget,noEvent
6382,16,24,rld,15:41:41.172,89471,0.712,-0.135,-0.286,0.000,0.000,waitingForTarget,noEvent
6382,16,24,rld,15:41:41.227,89472,0.759,-0.135,-0.286,0.000,0.000,waitingForTarget,noEvent
6382,16,24,rld,15:41:41.278,89473,0.057,-0.135,-0.286,0.000,0.000,activeTracking,targetAppeared
6382,16,24,rld,15:41:41.320,89474,0.101,-0.135,-0.286,0.000,0.000,activeTracking,noEvent
6382,16,24,rld,15:41:41.384,89475,0.158,-0.135,-0.286,0.000,0.000,activeTracking,noEvent
6382,16,24,rld,15:41:41.447,89476,0.229,-0.135,-0.286,0.000,0.000,activeTracking,failedClick
6382,16,25,rld,15:41:42.663,89497,0.291,-0.135,-0.286,0.000,0.000,waitingForTarget,middleTargetClick
6382,16,25,rld,15:41:42.713,89498,0.350,-0.135,-0.286,0.000,0.000,waitingForTarget,noEvent
6382,16,25,rld,15:41:42.752,89499,0.391,-0.135,-0.286,0.000,0.000,waitingForTarget,noEvent
6382,16,25,rld,15:41:42.836,89500,0.476,-0.135,-0.286,0.000,0.000,waitingForTarget,noEvent
6382,16,25,rld,15:41:42.899,89501,0.532,-0.135,-0.286,0.000,0.000,waitingForTarget,noEvent
6382,16,25,rld,15:41:42.956,89502,0.592,-0.135,-0.286,0.000,0.000,waitingForTarget,noEvent
6382,16,25,rld,15:41:43.021,89503,0.664,-0.135,-0.286,0.000,0.000,waitingForTarget,noEvent
6382,16,25,rld,15:41:43.062,89504,0.700,-0.135,-0.286,0.000,0.000,waitingForTarget,noEvent
6382,16,25,rld,15:41:43.127,89505,0.061,-0.135,-0.286,0.000,0.000,activeTracking,targetAppeared
6382,16,25,rld,15:41:43.185,89506,0.128,-0.135,-0.286,0.000,0.000,activeTracking,noEvent
6382,16,25,rld,15:41:43.239,89507,0.181,-0.135,-0.286,0.000,0.000,activeTracking,noEvent
6382,16,25,rld,15:41:43.294,89508,0.231,-0.135,-0.286,0.000,0.000,activeTracking,noEvent
6382,16,25,rld,15:41:43.345,89509,0.280,-0.135,-0.286,0.000,0.000,activeTracking,noEvent
6382,16,25,rld,15:41:43.401,89510,0.336,-0.135,-0.286,0.000,0.000,activeTracking,failedClick
6382,16,26,rld,15:41:44.650,89532,0.394,-0.135,-0.286,0.000,0.000,waitingForTarget,middleTargetClick
6382,16,26,rld,15:41:44.710,89533,0.450,-0.135,-0.286,0.000,0.000,waitingForTarget,noEvent
6382,16,26,rld,15:41:44.760,89534,0.507,-0.135,-0.286,0.000,0.000,waitingForTarget,noEvent
6382,16,26,rld,15:41:44.843,89535,0.590,-0.135,-0.286,0.000,0.000,waitingForTarget,noEvent
6382,16,26,rld,15:41:44.885,89536,0.637,-0.135,-0.286,0.000,0.000,waitingForTarget,noEvent
6382,16,26,rld,15:41:44.924,89537,0.670,-0.135,-0.286,0.000,0.000,waitingForTarget,noEvent
6382,16,26,rld,15:41:44.961,89538,0.710,-0.135,-0.286,0.000,0.000,waitingForTarget,noEvent
6382,16,26,rld,15:41:45.040,89539,0.775,-0.135,-0.286,0.000,0.000,waitingForTarget,noEvent
6382,16,26,rld,15:41:45.117,89540,0.859,-0.135,-0.286,0.000,0.000,waitingForTarget,noEvent
6382,16,26,rld,15:41:45.180,89541,0.059,-0.135,-0.286,0.000,0.000,activeTracking,targetAppeared
6382,16,26,rld,15:41:45.234,89542,0.126,-0.135,-0.286,0.000,0.000,activeTracking,noEvent
6382,16,26,rld,15:41:45.282,89543,0.170,-0.135,-0.286,0.000,0.000,activeTracking,noEvent
6382,16,26,rld,15:41:45.334,89544,0.225,-0.135,-0.286,0.000,0.000,activeTracking,noEvent
6382,16,26,rld,15:41:45.384,89545,0.267,-0.135,-0.286,0.000,0.000,activeTracking,noEvent
6382,16,26,rld,15:41:45.452,89546,0.341,-0.135,-0.286,0.000,0.000,activeTracking,noEvent
6382,16,26,rld,15:41:45.516,89547,0.399,-0.135,-0.286,0.000,0.000,activeTracking,failedClick
6382,16,27,rld,15:41:46.705,89568,0.457,-0.135,-0.286,0.000,0.000,waitingForTarget,middleTargetClick
6382,16,27,rld,15:41:46.769,89569,0.529,-0.135,-0.286,0.000,0.000,waitingForTarget,noEvent
6382,16,27,rld,15:41:46.828,89570,0.586,-0.135,-0.286,0.000,0.000,waitingForTarget,noEvent
6382,16,27,rld,15:41:46.881,89571,0.635,-0.135,-0.286,0.000,0.000,waitingForTarget,noEvent
6382,16,27,rld,15:41:46.932,89572,0.683,-0.135,-0.286,0.000,0.000,waitingForTarget,noEvent
6382,16,27,rld,15:41:46.982,89573,0.736,-0.135,-0.286,0.000,0.000,waitingForTarget,noEvent
6382,16,27,rld,15:41:47.032,89574,0.782,-0.135,-0.286,0.000,0.000,waitingForTarget,noEvent
6382,16,27,rld,15:41:47.095,89575,0.847,-0.135,-0.286,0.000,0.000,waitingForTarget,noEvent
6382,16,27,rld,15:41:47.149,89576,0.900,-0.135,-0.286,0.000,0.000,waitingForTarget,noEvent
6382,16,27,rld,15:41:47.195,89577,0.049,-0.135,-0.286,0.000,0.000,activeTracking,targetAppeared
6382,16,27,rld,15:41:47.252,89578,0.103,-0.135,-0.286,0.000,0.000,activeTracking,noEvent
6382,16,27,rld,15:41:47.314,89579,0.168,-0.135,-0.286,0.000,0.000,activeTracking,noEvent
6382,16,27,rld,15:41:47.365,89580,0.225,-0.135,-0.286,0.000,0.000,activeTracking,noEvent
6382,16,27,rld,15:41:47.418,89581,0.279,-0.135,-0.286,0.000,0.000,activeTracking,noEvent
6382,16,27,rld,15:41:47.482,89582,0.333,-0.135,-0.286,0.000,0.000,activeTracking,noEvent
6382,16,27,rld,15:41:47.586,89583,0.430,-0.135,-0.286,0.000,0.000,activeTracking,failedClick
6382,16,28,rld,15:41:48.465,89599,0.493,-0.135,-0.286,0.000,0.000,waitingForTarget,middleTargetClick
6382,16,28,rld,15:41:48.522,89600,0.552,-0.135,-0.286,0.000,0.000,waitingForTarget,noEvent
6382,16,28,rld,15:41:48.570,89601,0.602,-0.135,-0.286,0.000,0.000,waitingForTarget,noEvent
6382,16,28,rld,15:41:48.630,89602,0.655,-0.135,-0.286,0.000,0.000,waitingForTarget,noEvent
6382,16,28,rld,15:41:48.682,89603,0.710,-0.135,-0.286,0.000,0.000,waitingForTarget,noEvent
6382,16,28,rld,15:41:48.744,89604,0.770,-0.135,-0.286,0.000,0.000,waitingForTarget,noEvent
6382,16,28,rld,15:41:48.802,89605,0.830,-0.135,-0.286,0.000,0.000,waitingForTarget,noEvent
6382,16,28,rld,15:41:48.852,89606,0.886,-0.135,-0.286,0.000,0.000,waitingForTarget,noEvent
6382,16,28,rld,15:41:48.925,89607,0.951,-0.135,-0.286,0.000,0.000,waitingForTarget,noEvent
6382,16,28,rld,15:41:48.972,89608,0.047,-0.135,-0.286,0.000,0.000,activeTracking,targetAppeared
6382,16,28,rld,15:41:49.023,89609,0.104,-0.135,-0.286,0.000,0.000,activeTracking,noEvent
6382,16,28,rld,15:41:49.093,89610,0.172,-0.135,-0.286,0.000,0.000,activeTracking,noEvent
6382,16,28,rld,15:41:49.147,89611,0.229,-0.135,-0.286,0.000,0.000,activeTracking,noEvent
6382,16,28,rld,15:41:49.193,89612,0.274,-0.135,-0.286,0.000,0.000,activeTracking,noEvent
6382,16,28,rld,15:41:49.234,89613,0.311,-0.135,-0.286,0.000,0.000,activeTracking,noEvent
6382,16,28,rld,15:41:49.317,89614,0.388,-0.135,-0.286,0.000,0.000,activeTracking,failedClick
6382,16,29,rld,15:41:50.019,89626,0.461,-0.135,-0.286,0.000,0.000,waitingForTarget,middleTargetClick
6382,16,29,rld,15:41:50.073,89627,0.522,-0.135,-0.286,0.000,0.000,waitingForTarget,noEvent
6382,16,29,rld,15:41:50.128,89628,0.563,-0.135,-0.286,0.000,0.000,waitingForTarget,noEvent
6382,16,29,rld,15:41:50.180,89629,0.628,-0.135,-0.286,0.000,0.000,waitingForTarget,noEvent
6382,16,29,rld,15:41:50.228,89630,0.673,-0.135,-0.286,0.000,0.000,waitingForTarget,noEvent
6382,16,29,rld,15:41:50.284,89631,0.724,-0.135,-0.286,0.000,0.000,waitingForTarget,noEvent
6382,16,29,rld,15:41:50.322,89632,0.770,-0.135,-0.286,0.000,0.000,waitingForTarget,noEvent
6382,16,29,rld,15:41:50.383,89633,0.819,-0.135,-0.286,0.000,0.000,waitingForTarget,noEvent
6382,16,29,rld,15:41:50.438,89634,0.872,-0.135,-0.286,0.000,0.000,waitingForTarget,noEvent
6382,16,29,rld,15:41:50.503,89635,0.076,-0.135,-0.286,0.000,0.000,activeTracking,targetAppeared
6382,16,29,rld,15:41:50.553,89636,0.129,-0.135,-0.286,0.000,0.000,activeTracking,noEvent
6382,16,29,rld,15:41:50.606,89637,0.172,-0.135,-0.286,0.000,0.000,activeTracking,noEvent
6382,16,29,rld,15:41:50.676,89638,0.240,-0.135,-0.286,0.000,0.000,activeTracking,failedClick
6382,16,30,rld,15:41:52.095,89662,0.299,-0.135,-0.286,0.000,0.000,waitingForTarget,middleTargetClick
6382,16,30,rld,15:41:52.156,89663,0.354,-0.135,-0.286,0.000,0.000,waitingForTarget,noEvent
6382,16,30,rld,15:41:52.212,89664,0.415,-0.135,-0.286,0.000,0.000,waitingForTarget,noEvent
6382,16,30,rld,15:41:52.264,89665,0.464,-0.135,-0.286,0.000,0.000,waitingForTarget,noEvent
6382,16,30,rld,15:41:52.314,89666,0.515,-0.135,-0.286,0.000,0.000,waitingForTarget,noEvent
6382,16,30,rld,15:41:52.377,89667,0.578,-0.135,-0.286,0.000,0.000,waitingForTarget,noEvent
6382,16,30,rld,15:41:52.443,89668,0.639,-0.135,-0.286,0.000,0.000,waitingForTarget,noEvent
6382,16,30,rld,15:41:52.495,89669,0.692,-0.135,-0.286,0.000,0.000,waitingForTarget,noEvent
6382,16,30,rld,15:41:52.534,89670,0.732,-0.135,-0.286,0.000,0.000,waitingForTarget,noEvent
6382,16,30,rld,15:41:52.596,89671,0.070,-0.135,-0.286,0.000,0.000,activeTracking,targetAppeared
6382,16,30,rld,15:41:52.652,89672,0.125,-0.135,-0.286,0.000,0.000,activeTracking,noEvent
6382,16,30,rld,15:41:52.688,89673,0.163,-0.135,-0.286,0.000,0.000,activeTracking,noEvent
6382,16,30,rld,15:41:52.751,89674,0.223,-0.135,-0.286,0.000,0.000,activeTracking,noEvent
6382,16,30,rld,15:41:52.806,89675,0.273,-0.135,-0.286,0.000,0.000,activeTracking,failedClick
6382,16,31,rld,15:41:53.518,89687,0.338,-0.135,-0.286,0.000,0.000,waitingForTarget,middleTargetClick
6382,16,31,rld,15:41:53.569,89688,0.387,-0.135,-0.286,0.000,0.000,waitingForTarget,noEvent
6382,16,31,rld,15:41:53.622,89689,0.448,-0.135,-0.286,0.000,0.000,waitingForTarget,noEvent
6382,16,31,rld,15:41:53.682,89690,0.509,-0.135,-0.286,0.000,0.000,waitingForTarget,noEvent
6382,16,31,rld,15:41:53.735,89691,0.566,-0.135,-0.286,0.000,0.000,waitingForTarget,noEvent
6382,16,31,rld,15:41:53.798,89692,0.619,-0.135,-0.286,0.000,0.000,waitingForTarget,noEvent
6382,16,31,rld,15:41:53.869,89693,0.685,-0.135,-0.286,0.000,0.000,waitingForTarget,noEvent
6382,16,31,rld,15:41:53.935,89694,0.762,-0.135,-0.286,0.000,0.000,waitingForTarget,noEvent
6382,16,31,rld,15:41:53.986,89695,0.045,-0.135,-0.286,0.000,0.000,activeTracking,targetAppeared
6382,16,31,rld,15:41:54.048,89696,0.116,-0.135,-0.286,0.000,0.000,activeTracking,noEvent
6382,16,31,rld,15:41:54.105,89697,0.174,-0.135,-0.286,0.000,0.000,activeTracking,noEvent
6382,16,31,rld,15:41:54.160,89698,0.221,-0.135,-0.286,0.000,0.000,activeTracking,noEvent
6382,16,31,rld,15:41:54.218,89699,0.277,-0.135,-0.286,0.000,0.000,activeTracking,failedClick
6382,16,32,rld,15:41:55.652,89725,0.345,-0.135,-0.286,0.000,0.000,waitingForTarget,middleTargetClick
6382,16,32,rld,15:41:55.715,89726,0.408,-0.135,-0.286,0.000,0.000,waitingForTarget,noEvent
6382,16,32,rld,15:41:55.772,89727,0.475,-0.135,-0.286,0.000,0.000,waitingForTarget,noEvent
6382,16,32,rld,15:41:55.841,89728,0.538,-0.135,-0.286,0.000,0.000,waitingForTarget,noEvent
6382,16,32,rld,15:41:55.876,89729,0.580,-0.135,-0.286,0.000,0.000,waitingForTarget,noEvent
6382,16,32,rld,15:41:55.948,89730,0.652,-0.135,-0.286,0.000,0.000,waitingForTarget,noEvent
6382,16,32,rld,15:41:56.019,89731,0.723,-0.135,-0.286,0.000,0.000,waitingForTarget,noEvent
6382,16,32,rld,15:41:56.086,89732,0.785,-0.135,-0.286,0.000,0.000,waitingForTarget,noEvent
6382,16,32,rld,15:41:56.140,89733,0.061,-0.135,-0.286,0.000,0.000,activeTracking,targetAppeared
6382,16,32,rld,15:41:56.198,89734,0.120,-0.135,-0.286,0.000,0.000,activeTracking,noEvent
6382,16,32,rld,15:41:56.280,89735,0.195,-0.135,-0.286,0.000,0.000,activeTracking,failedClick
6382,16,33,rld,15:41:56.918,89746,0.249,-0.135,-0.286,0.000,0.000,waitingForTarget,middleTargetClick
6382,16,33,rld,15:41:56.977,89747,0.313,-0.135,-0.286,0.000,0.000,waitingForTarget,noEvent
6382,16,33,rld,15:41:57.019,89748,0.360,-0.135,-0.286,0.000,0.000,waitingForTarget,noEvent
6382,16,33,rld,15:41:57.109,89749,0.446,-0.135,-0.286,0.000,0.000,waitingForTarget,noEvent
6382,16,33,rld,15:41:57.154,89750,0.496,-0.135,-0.286,0.000,0.000,waitingForTarget,noEvent
6382,16,33,rld,15:41:57.210,89751,0.539,-0.135,-0.286,0.000,0.000,waitingForTarget,noEvent
6382,16,33,rld,15:41:57.275,89752,0.613,-0.135,-0.286,0.000,0.000,waitingForTarget,noEvent
6382,16,33,rld,15:41:57.314,89753,0.648,-0.135,-0.286,0.000,0.000,waitingForTarget,noEvent
6382,16,33,rld,15:41:57.371,89754,0.711,-0.135,-0.286,0.000,0.000,waitingForTarget,noEvent
6382,16,33,rld,15:41:57.436,89755,0.064,-0.135,-0.286,0.000,0.000,activeTracking,targetAppeared
6382,16,33,rld,15:41:57.481,89756,0.103,-0.135,-0.286,0.000,0.000,activeTracking,noEvent
6382,16,33,rld,15:41:57.545,89757,0.170,-0.135,-0.286,0.000,0.000,activeTracking,failedClick
6382,16,34,rld,15:41:58.306,89771,0.243,-0.135,-0.286,0.000,0.000,waitingForTarget,middleTargetClick
6382,16,34,rld,15:41:58.360,89772,0.301,-0.135,-0.286,0.000,0.000,waitingForTarget,noEvent
6382,16,34,rld,15:41:58.423,89773,0.360,-0.135,-0.286,0.000,0.000,waitingForTarget,noEvent
6382,16,34,rld,15:41:58.478,89774,0.411,-0.135,-0.286,0.000,0.000,waitingForTarget,noEvent
6382,16,34,rld,15:41:58.531,89775,0.468,-0.135,-0.286,0.000,0.000,waitingForTarget,noEvent
6382,16,34,rld,15:41:58.587,89776,0.531,-0.135,-0.286,0.000,0.000,waitingForTarget,noEvent
6382,16,34,rld,15:41:58.632,89777,0.568,-0.135,-0.286,0.000,0.000,waitingForTarget,noEvent
6382,16,34,rld,15:41:58.702,89778,0.643,-0.135,-0.286,0.000,0.000,waitingForTarget,noEvent
6382,16,34,rld,15:41:58.750,89779,0.689,-0.135,-0.286,0.000,0.000,waitingForTarget,noEvent
6382,16,34,rld,15:41:58.804,89780,0.060,-0.135,-0.286,0.000,0.000,activeTracking,targetAppeared
6382,16,34,rld,15:41:58.870,89781,0.125,-0.135,-0.286,0.000,0.000,activeTracking,noEvent
6382,16,34,rld,15:41:58.933,89782,0.178,-0.135,-0.286,0.000,0.000,activeTracking,noEvent
6382,16,34,rld,15:41:59.005,89783,0.253,-0.135,-0.286,0.000,0.000,activeTracking,failedClick
6382,16,35,rld,15:42:00.221,89803,0.311,-0.135,-0.286,0.000,0.000,waitingForTarget,middleTargetClick
6382,16,35,rld,15:42:00.277,89804,0.361,-0.135,-0.286,0.000,0.000,waitingForTarget,noEvent
6382,16,35,rld,15:42:00.329,89805,0.424,-0.135,-0.286,0.000,0.000,waitingForTarget,noEvent
6382,16,35,rld,15:42:00.393,89806,0.480,-0.135,-0.286,0.000,0.000,waitingForTarget,noEvent
6382,16,35,rld,15:42:00.448,89807,0.538,-0.135,-0.286,0.000,0.000,waitingForTarget,noEvent
6382,16,35,rld,15:42:00.498,89808,0.590,-0.135,-0.286,0.000,0.000,waitingForTarget,noEvent
6382,16,35,rld,15:42:00.542,89809,0.629,-0.135,-0.286,0.000,0.000,waitingForTarget,noEvent
6382,16,35,rld,15:42:00.597,89810,0.682,-0.135,-0.286,0.000,0.000,waitingForTarget,noEvent
6382,16,35,rld,15:42:00.649,89811,0.731,-0.135,-0.286,0.000,0.000,waitingForTarget,noEvent
6382,16,35,rld,15:42:00.711,89812,0.067,-0.135,-0.286,0.000,0.000,activeTracking,targetAppeared
6382,16,35,rld,15:42:00.766,89813,0.128,-0.135,-0.286,0.000,0.000,activeTracking,noEvent
6382,16,35,rld,15:42:00.831,89814,0.183,-0.135,-0.286,0.000,0.000,activeTracking,noEvent
6382,16,35,rld,15:42:00.873,89815,0.231,-0.135,-0.286,0.000,0.000,activeTracking,noEvent
6382,16,35,rld,15:42:00.934,89816,0.290,-0.135,-0.286,0.000,0.000,activeTracking,failedClick
6382,16,36,rld,15:42:02.295,89837,0.353,-0.135,-0.286,0.000,0.000,waitingForTarget,middleTargetClick
6382,16,36,rld,15:42:02.353,89838,0.412,-0.135,-0.286,0.000,0.000,waitingForTarget,noEvent
6382,16,36,rld,15:42:02.432,89839,0.501,-0.135,-0.286,0.000,0.000,waitingForTarget,noEvent
6382,16,36,rld,15:42:02.486,89840,0.558,-0.135,-0.286,0.000,0.000,waitingForTarget,noEvent
6382,16,36,rld,15:42:02.538,89841,0.606,-0.135,-0.286,0.000,0.000,waitingForTarget,noEvent
6382,16,36,rld,15:42:02.611,89842,0.678,-0.135,-0.286,0.000,0.000,waitingForTarget,noEvent
6382,16,36,rld,15:42:02.664,89843,0.729,-0.135,-0.286,0.000,0.000,waitingForTarget,noEvent
6382,16,36,rld,15:42:02.698,89844,0.769,-0.135,-0.286,0.000,0.000,waitingForTarget,noEvent
6382,16,36,rld,15:42:02.781,89845,0.081,-0.135,-0.286,0.000,0.000,activeTracking,targetAppeared
6382,16,36,rld,15:42:02.860,89846,0.159,-0.135,-0.286,0.000,0.000,activeTracking,noEvent
6382,16,36,rld,15:42:02.910,89847,0.206,-0.135,-0.286,0.000,0.000,activeTracking,noEvent
6382,16,36,rld,15:42:02.977,89848,0.272,-0.135,-0.286,0.000,0.000,activeTracking,failedClick
6382,16,37,rld,15:42:03.694,89861,0.334,-0.135,-0.286,0.000,0.000,waitingForTarget,middleTargetClick
6382,16,37,rld,15:42:03.751,89862,0.389,-0.135,-0.286,0.000,0.000,waitingForTarget,noEvent
6382,16,37,rld,15:42:03.815,89863,0.449,-0.135,-0.286,0.000,0.000,waitingForTarget,noEvent
6382,16,37,rld,15:42:03.873,89864,0.518,-0.135,-0.286,0.000,0.000,waitingForTarget,noEvent
6382,16,37,rld,15:42:03.929,89865,0.576,-0.135,-0.286,0.000,0.000,waitingForTarget,noEvent
6382,16,37,rld,15:42:03.979,89866,0.619,-0.135,-0.286,0.000,0.000,waitingForTarget,noEvent
6382,16,37,rld,15:42:04.050,89867,0.697,-0.135,-0.286,0.000,0.000,waitingForTarget,noEvent
6382,16,37,rld,15:42:04.113,89868,0.759,-0.135,-0.286,0.000,0.000,waitingForTarget,noEvent
6382,16,37,rld,15:42:04.171,89869,0.059,-0.135,-0.286,0.000,0.000,activeTracking,targetAppeared
6382,16,37,rld,15:42:04.231,89870,0.115,-0.135,-0.286,0.000,0.000,activeTracking,noEvent
6382,16,37,rld,15:42:04.281,89871,0.165,-0.135,-0.286,0.000,0.000,activeTracking,noEvent
6382,16,37,rld,15:42:04.326,89872,0.215,-0.135,-0.286,0.000,0.000,activeTracking,noEvent
6382,16,37,rld,15:42:04.395,89873,0.276,-0.135,-0.286,0.000,0.000,activeTracking,failedClick
6382,16,38,rld,15:42:05.081,89885,0.335,-0.135,-0.286,0.000,0.000,waitingForTarget,middleTargetClick
6382,16,38,rld,15:42:05.143,89886,0.386,-0.135,-0.286,0.000,0.000,waitingForTarget,noEvent
6382,16,38,rld,15:42:05.202,89887,0.459,-0.135,-0.286,0.000,0.000,waitingForTarget,noEvent
6382,16,38,rld,15:42:05.278,89888,0.534,-0.135,-0.286,0.000,0.000,waitingForTarget,noEvent
6382,16,38,rld,15:42:05.320,89889,0.578,-0.135,-0.286,0.000,0.000,waitingForTarget,noEvent
6382,16,38,rld,15:42:05.394,89890,0.651,-0.135,-0.286,0.000,0.000,waitingForTarget,noEvent
6382,16,38,rld,15:42:05.447,89891,0.699,-0.135,-0.286,0.000,0.000,waitingForTarget,noEvent
6382,16,38,rld,15:42:05.486,89892,0.746,-0.135,-0.286,0.000,0.000,waitingForTarget,noEvent
6382,16,38,rld,15:42:05.551,89893,0.064,-0.135,-0.286,0.000,0.000,activeTracking,targetAppeared
6382,16,38,rld,15:42:05.610,89894,0.123,-0.135,-0.286,0.000,0.000,activeTracking,noEvent
6382,16,38,rld,15:42:05.691,89895,0.202,-0.135,-0.286,0.000,0.000,activeTracking,noEvent
6382,16,38,rld,15:42:05.746,89896,0.258,-0.135,-0.286,0.000,0.000,activeTracking,failedClick
6382,16,39,rld,15:42:07.218,89922,0.335,-0.135,-0.286,0.000,0.000,waitingForTarget,middleTargetClick
6382,16,39,rld,15:42:07.272,89923,0.391,-0.135,-0.286,0.000,0.000,waitingForTarget,noEvent
6382,16,39,rld,15:42:07.321,89924,0.438,-0.135,-0.286,0.000,0.000,waitingForTarget,noEvent
6382,16,39,rld,15:42:07.376,89925,0.493,-0.135,-0.286,0.000,0.000,waitingForTarget,noEvent
6382,16,39,rld,15:42:07.428,89926,0.542,-0.135,-0.286,0.000,0.000,waitingForTarget,noEvent
6382,16,39,rld,15:42:07.471,89927,0.589,-0.135,-0.286,0.000,0.000,waitingForTarget,noEvent
6382,16,39,rld,15:42:07.522,89928,0.639,-0.135,-0.286,0.000,0.000,waitingForTarget,noEvent
6382,16,39,rld,15:42:07.595,89929,0.708,-0.135,-0.286,0.000,0.000,waitingForTarget,noEvent
6382,16,39,rld,15:42:07.648,89930,0.762,-0.135,-0.286,0.000,0.000,waitingForTarget,noEvent
6382,16,39,rld,15:42:07.702,89931,0.056,-0.135,-0.286,0.000,0.000,activeTracking,targetAppeared
6382,16,39,rld,15:42:07.779,89932,0.137,-0.135,-0.286,0.000,0.000,activeTracking,noEvent
6382,16,39,rld,15:42:07.849,89933,0.205,-0.135,-0.286,0.000,0.000,activeTracking,noEvent
6382,16,39,rld,15:42:07.899,89934,0.256,-0.135,-0.286,0.000,0.000,activeTracking,noEvent
6382,16,39,rld,15:42:07.975,89935,0.325,-0.135,-0.286,0.000,0.000,activeTracking,failedClick
6382,16,40,rld,15:42:08.721,89947,0.420,-0.135,-0.286,0.000,0.000,waitingForTarget,middleTargetClick
6382,16,40,rld,15:42:08.777,89948,0.483,-0.135,-0.286,0.000,0.000,waitingForTarget,noEvent
6382,16,40,rld,15:42:08.850,89949,0.534,-0.135,-0.286,0.000,0.000,waitingForTarget,noEvent
6382,16,40,rld,15:42:09.054,89950,0.757,-0.135,-0.286,0.000,0.000,waitingForTarget,noEvent
6382,16,40,rld,15:42:09.118,89951,0.825,-0.135,-0.286,0.000,0.000,waitingForTarget,noEvent
6382,16,40,rld,15:42:09.162,89952,0.040,-0.135,-0.286,0.000,0.000,activeTracking,targetAppeared
6382,16,40,rld,15:42:09.231,89953,0.101,-0.135,-0.286,0.000,0.000,activeTracking,noEvent
6382,16,40,rld,15:42:09.294,89954,0.178,-0.135,-0.286,0.000,0.000,activeTracking,noEvent
6382,16,40,rld,15:42:09.350,89955,0.231,-0.135,-0.286,0.000,0.000,activeTracking,noEvent
6382,16,40,rld,15:42:09.410,89956,0.289,-0.135,-0.286,0.000,0.000,activeTracking,noEvent
6382,16,40,rld,15:42:09.480,89957,0.351,-0.135,-0.286,0.000,0.000,activeTracking,failedClick
6382,16,41,rld,15:42:10.288,89970,0.422,-0.135,-0.286,0.000,0.000,waitingForTarget,middleTargetClick
6382,16,41,rld,15:42:10.337,89971,0.475,-0.135,-0.286,0.000,0.000,waitingForTarget,noEvent
6382,16,41,rld,15:42:10.393,89972,0.526,-0.135,-0.286,0.000,0.000,waitingForTarget,noEvent
6382,16,41,rld,15:42:10.459,89973,0.585,-0.135,-0.286,0.000,0.000,waitingForTarget,noEvent
6382,16,41,rld,15:42:10.517,89974,0.653,-0.135,-0.286,0.000,0.000,waitingForTarget,noEvent
6382,16,41,rld,15:42:10.555,89975,0.692,-0.135,-0.286,0.000,0.000,waitingForTarget,noEvent
6382,16,41,rld,15:42:10.616,89976,0.744,-0.135,-0.286,0.000,0.000,waitingForTarget,noEvent
6382,16,41,rld,15:42:10.657,89977,0.793,-0.135,-0.286,0.000,0.000,waitingForTarget,noEvent
6382,16,41,rld,15:42:10.734,89978,0.870,-0.135,-0.286,0.000,0.000,waitingForTarget,noEvent
6382,16,41,rld,15:42:10.795,89979,0.062,-0.135,-0.286,0.000,0.000,activeTracking,targetAppeared
6382,16,41,rld,15:42:10.853,89980,0.117,-0.135,-0.286,0.000,0.000,activeTracking,noEvent
6382,16,41,rld,15:42:10.915,89981,0.182,-0.135,-0.286,0.000,0.000,activeTracking,noEvent
6382,16,41,rld,15:42:10.965,89982,0.222,-0.135,-0.286,0.000,0.000,activeTracking,noEvent
6382,16,41,rld,15:42:11.014,89983,0.273,-0.135,-0.286,0.000,0.000,activeTracking,noEvent
6382,16,41,rld,15:42:11.082,89984,0.337,-0.135,-0.286,0.000,0.000,activeTracking,noEvent
6382,16,41,rld,15:42:11.152,89985,0.407,-0.135,-0.286,0.000,0.000,activeTracking,failedClick
6382,16,42,rld,15:42:12.633,90010,0.481,-0.135,-0.286,0.000,0.000,waitingForTarget,middleTargetClick
6382,16,42,rld,15:42:12.690,90011,0.536,-0.135,-0.286,0.000,0.000,waitingForTarget,noEvent
6382,16,42,rld,15:42:12.750,90012,0.600,-0.135,-0.286,0.000,0.000,waitingForTarget,noEvent
6382,16,42,rld,15:42:12.803,90013,0.656,-0.135,-0.286,0.000,0.000,waitingForTarget,noEvent
6382,16,42,rld,15:42:12.870,90014,0.717,-0.135,-0.286,0.000,0.000,waitingForTarget,noEvent
6382,16,42,rld,15:42:12.917,90015,0.758,-0.135,-0.286,0.000,0.000,waitingForTarget,noEvent
6382,16,42,rld,15:42:12.968,90016,0.809,-0.135,-0.286,0.000,0.000,waitingForTarget,noEvent
6382,16,42,rld,15:42:13.038,90017,0.888,-0.135,-0.286,0.000,0.000,waitingForTarget,noEvent
6382,16,42,rld,15:42:13.093,90018,0.051,-0.135,-0.286,0.000,0.000,activeTracking,targetAppeared
6382,16,42,rld,15:42:13.150,90019,0.111,-0.135,-0.286,0.000,0.000,activeTracking,noEvent
6382,16,42,rld,15:42:13.212,90020,0.171,-0.135,-0.286,0.000,0.000,activeTracking,noEvent
6382,16,42,rld,15:42:13.269,90021,0.227,-0.135,-0.286,0.000,0.000,activeTracking,noEvent
6382,16,42,rld,15:42:13.312,90022,0.270,-0.135,-0.286,0.000,0.000,activeTracking,noEvent
6382,16,42,rld,15:42:13.377,90023,0.322,-0.135,-0.286,0.000,0.000,activeTracking,noEvent
6382,16,42,rld,15:42:13.436,90024,0.392,-0.135,-0.286,0.000,0.000,activeTracking,failedClick
6382,16,43,rld,15:42:14.152,90036,0.473,-0.135,-0.286,0.000,0.000,waitingForTarget,middleTargetClick
6382,16,43,rld,15:42:14.201,90037,0.520,-0.135,-0.286,0.000,0.000,waitingForTarget,noEvent
6382,16,43,rld,15:42:14.244,90038,0.568,-0.135,-0.286,0.000,0.000,waitingForTarget,noEvent
6382,16,43,rld,15:42:14.302,90039,0.610,-0.135,-0.286,0.000,0.000,waitingForTarget,noEvent
6382,16,43,rld,15:42:14.354,90040,0.666,-0.135,-0.286,0.000,0.000,waitingForTarget,noEvent
6382,16,43,rld,15:42:14.410,90041,0.729,-0.135,-0.286,0.000,0.000,waitingForTarget,noEvent
6382,16,43,rld,15:42:14.482,90042,0.801,-0.135,-0.286,0.000,0.000,waitingForTarget,noEvent
6382,16,43,rld,15:42:14.558,90043,0.867,-0.135,-0.286,0.000,0.000,waitingForTarget,noEvent
6382,16,43,rld,15:42:14.616,90044,0.936,-0.135,-0.286,0.000,0.000,waitingForTarget,noEvent
6382,16,43,rld,15:42:14.666,90045,0.055,-0.135,-0.286,0.000,0.000,activeTracking,targetAppeared
6382,16,43,rld,15:42:15.171,90046,0.389,-0.135,-0.286,0.000,0.000,activeTracking,failedClick
6382,16,44,rld,15:42:16.713,90068,0.462,-0.135,-0.286,0.000,0.000,waitingForTarget,middleTargetClick
6382,16,44,rld,15:42:16.778,90069,0.533,-0.135,-0.286,0.000,0.000,waitingForTarget,noEvent
6382,16,44,rld,15:42:16.854,90070,0.610,-0.135,-0.286,0.000,0.000,waitingForTarget,noEvent
6382,16,44,rld,15:42:16.916,90071,0.662,-0.135,-0.286,0.000,0.000,waitingForTarget,noEvent
6382,16,44,rld,15:42:17.001,90072,0.752,-0.135,-0.286,0.000,0.000,waitingForTarget,noEvent
6382,16,44,rld,15:42:17.054,90073,0.809,-0.135,-0.286,0.000,0.000,waitingForTarget,noEvent
6382,16,44,rld,15:42:17.131,90074,0.872,-0.135,-0.286,0.000,0.000,waitingForTarget,noEvent
6382,16,44,rld,15:42:17.195,90075,0.071,-0.135,-0.286,0.000,0.000,activeTracking,targetAppeared
6382,16,44,rld,15:42:17.284,90076,0.169,-0.135,-0.286,0.000,0.000,activeTracking,noEvent
6382,16,44,rld,15:42:17.354,90077,0.233,-0.135,-0.286,0.000,0.000,activeTracking,noEvent
6382,16,44,rld,15:42:17.409,90078,0.289,-0.135,-0.286,0.000,0.000,activeTracking,noEvent
6382,16,44,rld,15:42:17.453,90079,0.338,-0.135,-0.286,0.000,0.000,activeTracking,noEvent
6382,16,44,rld,15:42:17.535,90080,0.415,-0.135,-0.286,0.000,0.000,activeTracking,failedClick
6382,16,45,rld,15:42:18.353,90092,0.489,-0.135,-0.286,0.000,0.000,waitingForTarget,middleTargetClick
6382,16,45,rld,15:42:18.427,90093,0.559,-0.135,-0.286,0.000,0.000,waitingForTarget,noEvent
6382,16,45,rld,15:42:18.486,90094,0.605,-0.135,-0.286,0.000,0.000,waitingForTarget,noEvent
6382,16,45,rld,15:42:18.584,90095,0.708,-0.135,-0.286,0.000,0.000,waitingForTarget,noEvent
6382,16,45,rld,15:42:18.649,90096,0.775,-0.135,-0.286,0.000,0.000,waitingForTarget,noEvent
6382,16,45,rld,15:42:18.713,90097,0.847,-0.135,-0.286,0.000,0.000,waitingForTarget,noEvent
6382,16,45,rld,15:42:18.779,90098,0.896,-0.135,-0.286,0.000,0.000,waitingForTarget,noEvent
6382,16,45,rld,15:42:18.903,90099,0.146,-0.135,-0.286,0.000,0.000,activeTracking,targetAppeared
6382,16,45,rld,15:42:18.985,90100,0.229,-0.135,-0.286,0.000,0.000,activeTracking,noEvent
6382,16,45,rld,15:42:19.275,90101,0.502,-0.135,-0.286,0.000,0.000,activeTracking,noEvent
6382,16,45,rld,15:42:19.365,90102,0.599,-0.135,-0.286,0.000,0.000,activeTracking,noEvent
6382,16,45,rld,15:42:19.422,90103,0.663,-0.135,-0.286,0.000,0.000,activeTracking,noEvent
6382,16,45,rld,15:42:19.485,90104,0.729,-0.135,-0.286,0.000,0.000,activeTracking,noEvent
6382,16,45,rld,15:42:19.551,90105,0.790,-0.135,-0.286,0.000,0.000,activeTracking,noEvent
6382,16,45,rld,15:42:19.611,90106,0.847,-0.135,-0.286,0.000,0.000,activeTracking,noEvent
6382,16,45,rld,15:42:19.669,90107,0.903,-0.135,-0.286,0.000,0.000,activeTracking,noEvent
6382,16,45,rld,15:42:19.715,90108,0.957,-0.135,-0.286,0.000,0.000,activeTracking,noEvent
6382,16,45,rld,15:42:19.763,90109,1.001,-0.135,-0.286,0.000,0.000,activeTracking,noEvent
6382,16,45,rld,15:42:19.833,90110,1.078,-0.135,-0.286,0.000,0.000,activeTracking,noEvent
6382,16,45,rld,15:42:19.892,90111,1.129,-0.135,-0.286,0.000,0.000,activeTracking,noEvent
6382,16,45,rld,15:42:19.955,90112,1.192,-0.135,-0.286,0.000,0.000,activeTracking,noEvent
6382,16,45,rld,15:42:20.014,90113,1.248,-0.135,-0.286,0.000,0.000,activeTracking,noEvent
6382,16,45,rld,15:42:20.117,90114,1.349,-0.135,-0.286,0.000,0.000,activeTracking,noEvent
6382,16,45,rld,15:42:20.164,90115,1.398,-0.135,-0.286,0.000,0.000,activeTracking,noEvent
6382,16,45,rld,15:42:20.213,90116,1.449,-0.135,-0.286,0.000,0.000,activeTracking,noEvent
6382,16,45,rld,15:42:20.271,90117,1.504,-0.135,-0.286,0.000,0.000,activeTracking,noEvent
6382,16,45,rld,15:42:20.337,90118,1.572,-0.135,-0.286,0.000,0.000,activeTracking,noEvent
6382,16,45,rld,15:42:20.385,90119,1.626,-0.135,-0.286,0.000,0.000,activeTracking,noEvent
6382,16,45,rld,15:42:20.436,90120,1.674,-0.135,-0.286,0.000,0.000,activeTracking,noEvent
6382,16,45,rld,15:42:20.518,90121,1.752,-0.135,-0.286,0.000,0.000,activeTracking,noEvent
6382,16,45,rld,15:42:20.565,90122,1.801,-0.135,-0.286,0.000,0.000,activeTracking,noEvent
6382,16,45,rld,15:42:20.617,90123,1.851,-0.135,-0.286,0.000,0.000,activeTracking,noEvent
6382,16,45,rld,15:42:20.737,90124,1.965,-0.135,-0.286,0.000,0.000,activeTracking,noEvent
6382,16,45,rld,15:42:20.858,90125,2.085,-0.135,-0.286,0.000,0.000,activeTracking,noEvent
6382,16,45,rld,15:42:20.904,90126,2.147,-0.135,-0.286,0.000,0.000,activeTracking,noEvent
6382,16,45,rld,15:42:20.962,90127,2.197,-0.135,-0.286,0.000,0.000,activeTracking,noEvent
6382,16,45,rld,15:42:21.048,90128,2.282,-0.135,-0.286,0.000,0.000,activeTracking,noEvent
6382,16,45,rld,15:42:21.113,90129,2.349,-0.135,-0.286,0.000,0.000,activeTracking,noEvent
6382,16,45,rld,15:42:21.178,90130,2.420,-0.135,-0.286,0.000,0.000,activeTracking,noEvent
6382,16,45,rld,15:42:21.260,90131,2.491,-0.135,-0.286,0.000,0.000,activeTracking,noEvent
6382,16,45,rld,15:42:21.310,90132,2.551,-0.135,-0.286,0.000,0.000,activeTracking,noEvent
6382,16,45,rld,15:42:21.363,90133,2.601,-0.135,-0.286,0.000,0.000,activeTracking,noEvent
6382,16,45,rld,15:42:21.413,90134,2.647,-0.135,-0.286,0.000,0.000,activeTracking,noEvent
6382,16,45,rld,15:42:21.509,90135,2.747,-0.135,-0.286,0.000,0.000,activeTracking,noEvent
6382,16,45,rld,15:42:21.541,90136,2.784,-0.135,-0.286,0.000,0.000,activeTracking,noEvent
6382,16,45,rld,15:42:21.603,90137,2.839,-0.135,-0.286,0.000,0.000,activeTracking,noEvent
6382,16,45,rld,15:42:21.704,90138,2.942,-0.135,-0.286,0.000,0.000,activeTracking,noEvent
6382,16,45,rld,15:42:21.845,90139,3.064,-0.135,-0.286,0.000,0.000,activeTracking,noEvent
6382,16,45,rld,15:42:21.934,90140,3.164,-0.135,-0.286,0.000,0.000,activeTracking,noEvent
6382,16,45,rld,15:42:22.001,90141,3.241,-0.135,-0.286,0.000,0.000,activeTracking,noEvent
6382,16,45,rld,15:42:22.050,90142,3.291,-0.135,-0.286,0.000,0.000,activeTracking,noEvent
6382,16,45,rld,15:42:22.092,90143,3.332,-0.135,-0.286,0.000,0.000,activeTracking,noEvent
6382,16,45,rld,15:42:22.237,90144,3.473,-0.135,-0.286,0.000,0.000,activeTracking,noEvent
6382,16,45,rld,15:42:22.384,90145,3.600,-0.135,-0.286,0.000,0.000,activeTracking,noEvent
6382,16,45,rld,15:42:22.597,90146,3.826,-0.135,-0.286,0.000,0.000,activeTracking,noEvent
6382,16,45,rld,15:42:22.647,90147,3.885,-0.135,-0.286,0.000,0.000,activeTracking,noEvent
6382,16,45,rld,15:42:22.735,90148,3.961,-0.135,-0.286,0.000,0.000,activeTracking,noEvent
6382,16,46,rld,15:42:47.631,90513,0.050,0.000,-0.016,0.000,0.000,activeTracking,targetAppeared
6382,16,46,rld,15:42:47.669,90514,0.097,0.000,-0.016,0.000,0.000,activeTracking,noEvent
6382,16,46,rld,15:42:47.718,90515,0.146,0.000,-0.016,0.000,0.000,activeTracking,noEvent
6382,16,46,rld,15:42:47.778,90516,0.198,0.000,-0.016,0.000,0.000,activeTracking,noEvent
6382,16,46,rld,15:42:47.813,90517,0.242,0.000,-0.016,0.000,0.000,activeTracking,noEvent
6382,16,46,rld,15:42:47.875,90518,0.303,0.000,-0.016,0.000,0.000,activeTracking,noEvent
6382,16,46,rld,15:42:47.932,90519,0.361,0.000,-0.016,0.000,0.000,activeTracking,noEvent
6382,16,46,rld,15:42:47.982,90520,0.409,0.000,-0.016,0.000,0.000,activeTracking,noEvent
6382,16,46,rld,15:42:48.013,90521,0.443,0.000,-0.016,0.000,0.000,activeTracking,noEvent
6382,16,46,rld,15:42:48.069,90522,0.494,0.000,-0.016,0.000,0.000,activeTracking,noEvent
6382,16,46,rld,15:42:48.549,90523,0.827,0.857,-0.094,7.600,-0.700,activeTracking,noEvent
6382,16,46,rld,15:42:48.826,90524,1.160,2.320,-0.422,10.100,-2.600,activeTracking,noEvent
6382,16,46,rld,15:42:48.900,90525,1.222,2.999,-0.598,1.400,-0.500,activeTracking,noEvent
6382,16,46,rld,15:42:48.974,90526,1.305,3.256,-0.660,0.200,0.000,activeTracking,noEvent
6382,16,46,rld,15:42:49.035,90527,1.373,3.343,-0.680,0.000,0.000,activeTracking,noEvent
6382,16,46,rld,15:42:49.092,90528,1.427,3.372,-0.687,0.000,0.000,activeTracking,noEvent
6382,16,46,rld,15:42:49.142,90529,1.476,3.382,-0.690,0.000,0.000,activeTracking,noEvent
6382,16,46,rld,15:42:49.185,90530,1.521,3.385,-0.690,0.000,0.000,activeTracking,noEvent
6382,16,46,rld,15:42:49.249,90531,1.577,3.386,-0.691,0.000,0.000,activeTracking,noEvent
6382,16,46,rld,15:42:49.440,90532,1.756,2.913,-0.353,-3.800,2.800,activeTracking,noEvent
6382,16,46,rld,15:42:49.567,90533,1.889,2.589,-0.160,-1.400,0.700,onTarget,noEvent
6382,16,46,rld,15:42:49.629,90534,1.951,2.446,-0.097,-0.300,0.000,onTarget,noEvent
6382,16,46,rld,15:42:49.673,90535,2.010,2.399,-0.064,0.000,0.100,onTarget,noEvent
6382,16,46,rld,15:42:49.745,90536,2.084,2.383,-0.042,0.000,0.100,onTarget,noEvent
6382,16,46,rld,15:42:49.836,90537,2.172,2.378,-0.011,0.000,0.200,onTarget,noEvent
6382,16,46,rld,15:42:49.884,90538,2.220,2.376,0.011,0.000,0.100,onTarget,noEvent
6382,16,46,rld,15:42:49.934,90539,2.266,2.376,0.018,0.000,0.000,onTarget,noEvent
6382,16,46,rld,15:42:50.127,90540,2.455,2.531,0.021,1.300,0.000,onTarget,noEvent
6382,16,46,rld,15:42:50.212,90541,2.542,2.716,-0.013,1.100,-0.300,onTarget,noEvent
6382,16,46,rld,15:42:50.306,90542,2.626,2.827,-0.024,0.400,0.000,onTarget,noEvent
6382,16,46,rld,15:42:50.351,90543,2.688,2.876,-0.039,0.100,-0.100,onTarget,noEvent
6382,16,46,rld,15:42:50.410,90544,2.740,2.893,-0.045,0.000,0.000,onTarget,noEvent
6382,16,46,rld,15:42:50.473,90545,2.793,2.898,-0.046,0.000,0.000,onTarget,noEvent
6382,16,46,rld,15:42:50.537,90546,2.873,2.900,-0.047,0.000,0.000,onTarget,noEvent
6382,16,46,rld,15:42:50.598,90547,2.931,2.901,-0.047,0.000,0.000,onTarget,noEvent
6382,16,46,rld,15:42:50.653,90548,2.986,2.901,-0.047,0.000,0.000,onTarget,noEvent
6382,16,46,rld,15:42:50.708,90549,3.037,2.901,-0.047,0.000,0.000,onTarget,noEvent
6382,16,46,rld,15:42:50.784,90550,3.115,2.901,-0.047,0.000,0.000,onTarget,targetClick
6382,16,47,rld,15:42:56.598,90625,3.209,-0.235,0.202,0.000,0.000,waitingForTarget,middleTargetClick
6382,16,47,rld,15:42:56.660,90626,3.268,-0.236,0.203,0.000,0.000,waitingForTarget,noEvent
6382,16,47,rld,15:42:56.715,90627,3.333,-0.236,0.204,0.000,0.000,waitingForTarget,noEvent
6382,16,47,rld,15:42:56.794,90628,3.410,-0.236,0.204,0.000,0.000,waitingForTarget,noEvent
6382,16,47,rld,15:42:56.843,90629,3.462,-0.236,0.204,0.000,0.000,waitingForTarget,noEvent
6382,16,47,rld,15:42:56.895,90630,3.502,-0.236,0.204,0.000,0.000,waitingForTarget,noEvent
6382,16,47,rld,15:42:56.926,90631,3.539,-0.236,0.204,0.000,0.000,waitingForTarget,noEvent
6382,16,47,rld,15:42:56.978,90632,3.585,-0.236,0.204,0.000,0.000,waitingForTarget,noEvent
6382,16,47,rld,15:42:57.062,90633,3.653,-0.236,0.204,0.000,0.000,waitingForTarget,noEvent
6382,16,47,rld,15:42:57.117,90634,0.071,-0.236,0.204,0.000,0.000,activeTracking,targetAppeared
6382,16,47,rld,15:42:57.163,90635,0.118,-0.236,0.204,0.000,0.000,activeTracking,noEvent
6382,16,47,rld,15:42:57.209,90636,0.166,-0.236,0.204,0.000,0.000,activeTracking,noEvent
6382,16,47,rld,15:42:57.252,90637,0.217,-0.236,0.204,0.000,0.000,activeTracking,noEvent
6382,16,47,rld,15:42:57.308,90638,0.266,-0.236,0.204,0.000,0.000,activeTracking,noEvent
6382,16,47,rld,15:42:57.373,90639,0.334,-0.236,0.204,0.000,0.000,activeTracking,noEvent
6382,16,47,rld,15:42:57.455,90640,0.418,-0.191,0.204,0.400,0.000,activeTracking,noEvent
6382,16,47,rld,15:42:57.544,90641,0.498,-0.131,0.181,0.400,-0.200,activeTracking,noEvent
6382,16,47,rld,15:42:57.780,90642,0.719,-1.004,0.368,-7.900,1.700,activeTracking,noEvent
6382,16,47,rld,15:42:57.935,90643,0.860,-1.666,0.515,-3.200,0.700,activeTracking,noEvent
6382,16,47,rld,15:42:58.099,90644,1.048,-2.184,0.604,-2.500,0.300,activeTracking,noEvent
6382,16,47,rld,15:42:58.152,90645,1.114,-2.359,0.635,0.000,0.000,activeTracking,noEvent
6382,16,47,rld,15:42:58.185,90646,1.150,-2.417,0.645,0.000,0.000,activeTracking,noEvent
6382,16,47,rld,15:42:58.243,90647,1.200,-2.437,0.648,0.000,0.000,activeTracking,noEvent
6382,16,47,rld,15:42:58.282,90648,1.247,-2.444,0.649,0.000,0.000,activeTracking,noEvent
6382,16,47,rld,15:42:58.335,90649,1.299,-2.446,0.650,0.000,0.000,activeTracking,noEvent
6382,16,47,rld,15:42:58.400,90650,1.363,-2.446,0.650,0.000,0.000,activeTracking,noEvent
6382,16,47,rld,15:42:58.586,90651,1.548,-2.423,0.254,0.200,-3.400,activeTracking,noEvent
6382,16,47,rld,15:42:58.746,90652,1.689,-2.379,-0.040,0.300,-1.400,onTarget,noEvent
6382,16,47,rld,15:42:58.893,90653,1.835,-2.364,-0.277,0.000,-1.200,activeTracking,noEvent
6382,16,47,rld,15:42:58.983,90654,1.916,-2.443,-0.438,-0.700,-0.700,activeTracking,noEvent
6382,16,47,rld,15:42:59.043,90655,2.003,-2.506,-0.515,-0.300,-0.200,activeTracking,noEvent
6382,16,47,rld,15:42:59.134,90656,2.096,-2.550,-0.541,-0.200,0.000,activeTracking,noEvent
6382,16,47,rld,15:42:59.261,90657,2.201,-2.662,-0.481,-0.800,0.600,activeTracking,noEvent
6382,16,47,rld,15:42:59.432,90658,2.359,-2.809,-0.309,-0.900,1.300,onTarget,noEvent
6382,16,47,rld,15:42:59.534,90659,2.468,-2.895,-0.064,-0.300,1.600,onTarget,noEvent
6382,16,47,rld,15:42:59.601,90660,2.552,-2.924,0.029,0.000,0.100,onTarget,noEvent
6382,16,47,rld,15:42:59.662,90661,2.614,-2.933,0.061,0.000,0.000,onTarget,noEvent
6382,16,47,rld,15:42:59.712,90662,2.670,-2.936,0.071,0.000,0.000,onTarget,noEvent
6382,16,47,rld,15:42:59.776,90663,2.732,-2.937,0.075,0.000,0.000,onTarget,noEvent
6382,16,47,rld,15:42:59.842,90664,2.807,-2.938,0.076,0.000,0.000,onTarget,noEvent
6382,16,47,rld,15:42:59.896,90665,2.853,-2.938,0.076,0.000,0.000,onTarget,noEvent
6382,16,47,rld,15:42:59.950,90666,2.913,-2.938,0.076,0.000,0.000,onTarget,noEvent
6382,16,47,rld,15:43:00.012,90667,2.964,-2.938,0.076,0.000,0.000,onTarget,noEvent
6382,16,47,rld,15:43:00.076,90668,3.029,-2.938,0.076,0.000,0.000,onTarget,noEvent
6382,16,47,rld,15:43:00.134,90669,3.098,-2.938,0.076,0.000,0.000,onTarget,noEvent
6382,16,47,rld,15:43:00.182,90670,3.141,-2.938,0.076,0.000,0.000,onTarget,noEvent
6382,16,47,rld,15:43:00.274,90671,3.225,-2.938,0.076,0.000,0.000,onTarget,targetClick
6382,16,48,rld,15:43:03.405,90709,3.294,0.141,0.125,0.000,0.000,waitingForTarget,middleTargetClick
6382,16,48,rld,15:43:03.465,90710,3.346,0.148,0.121,0.000,0.000,waitingForTarget,noEvent
6382,16,48,rld,15:43:03.535,90711,3.409,0.151,0.120,0.000,0.000,waitingForTarget,noEvent
6382,16,48,rld,15:43:03.598,90712,3.471,0.152,0.120,0.000,0.000,waitingForTarget,noEvent
6382,16,48,rld,15:43:03.681,90713,3.572,0.152,0.120,0.000,0.000,waitingForTarget,noEvent
6382,16,48,rld,15:43:03.731,90714,3.621,0.152,0.119,0.000,0.000,waitingForTarget,noEvent
6382,16,48,rld,15:43:03.800,90715,3.690,0.152,0.119,0.000,0.000,waitingForTarget,noEvent
6382,16,48,rld,15:43:03.849,90716,3.740,0.152,0.119,0.000,0.000,waitingForTarget,noEvent
6382,16,48,rld,15:43:03.874,90717,0.024,0.152,0.119,0.000,0.000,activeTracking,targetAppeared
6382,16,48,rld,15:43:03.936,90718,0.074,0.152,0.119,0.000,0.000,activeTracking,noEvent
6382,16,48,rld,15:43:04.022,90719,0.163,0.152,0.119,0.000,0.000,activeTracking,noEvent
6382,16,48,rld,15:43:04.080,90720,0.233,0.152,0.119,0.000,0.000,activeTracking,noEvent
6382,16,48,rld,15:43:04.136,90721,0.285,0.152,0.119,0.000,0.000,activeTracking,noEvent
6382,16,48,rld,15:43:04.298,90722,0.432,0.355,0.063,1.800,-0.500,activeTracking,noEvent
6382,16,48,rld,15:43:04.485,90723,0.554,0.467,0.011,0.400,-0.300,activeTracking,noEvent
6382,16,48,rld,15:43:04.678,90724,0.818,-1.064,-0.018,-13.900,-0.100,activeTracking,noEvent
6382,16,48,rld,15:43:04.775,90725,0.908,-1.652,-0.027,-0.600,0.000,activeTracking,noEvent
6382,16,48,rld,15:43:04.864,90726,1.013,-1.885,-0.030,-0.300,0.000,activeTracking,noEvent
6382,16,48,rld,15:43:04.966,90727,1.105,-2.022,-0.007,-0.500,0.200,activeTracking,noEvent
6382,16,48,rld,15:43:05.058,90728,1.204,-2.127,0.012,-0.500,0.100,activeTracking,noEvent
6382,16,48,rld,15:43:05.133,90729,1.286,-2.185,0.030,-0.200,0.100,activeTracking,noEvent
6382,16,48,rld,15:43:05.185,90730,1.330,-2.205,0.036,0.000,0.000,activeTracking,noEvent
6382,16,48,rld,15:43:05.248,90731,1.391,-2.211,0.038,0.000,0.000,activeTracking,noEvent
6382,16,48,rld,15:43:05.284,90732,1.439,-2.214,0.038,0.000,0.000,activeTracking,noEvent
6382,16,48,rld,15:43:05.342,90733,1.488,-2.214,0.038,0.000,0.000,activeTracking,noEvent
6382,16,48,rld,15:43:05.410,90734,1.551,-2.215,0.038,0.000,0.000,activeTracking,noEvent
6382,16,48,rld,15:43:05.464,90735,1.610,-2.215,0.039,0.000,0.000,activeTracking,noEvent
6382,16,48,rld,15:43:05.517,90736,1.669,-2.215,0.039,0.000,0.000,activeTracking,noEvent
6382,16,48,rld,15:43:05.566,90737,1.719,-2.215,0.039,0.000,0.000,activeTracking,noEvent
6382,16,48,rld,15:43:05.640,90738,1.790,-2.215,0.039,0.000,0.000,activeTracking,noEvent
6382,16,48,rld,15:43:05.686,90739,1.835,-2.215,0.039,0.000,0.000,activeTracking,noEvent
6382,16,48,rld,15:43:05.732,90740,1.886,-2.215,0.039,0.000,0.000,activeTracking,noEvent
6382,16,48,rld,15:43:05.823,90741,1.948,-2.215,0.039,0.000,0.000,activeTracking,noEvent
6382,16,48,rld,15:43:05.881,90742,2.030,-2.215,0.039,0.000,0.000,activeTracking,noEvent
6382,16,48,rld,15:43:05.979,90743,2.128,-2.215,0.039,0.000,0.000,activeTracking,failedClick
6382,16,49,rld,15:43:08.731,90771,2.192,-0.034,-0.118,0.000,0.000,waitingForTarget,middleTargetClick
6382,16,49,rld,15:43:08.798,90772,2.271,-0.034,-0.117,0.000,0.000,waitingForTarget,noEvent
6382,16,49,rld,15:43:08.878,90773,2.344,-0.034,-0.117,0.000,0.000,waitingForTarget,noEvent
6382,16,49,rld,15:43:08.939,90774,2.411,-0.034,-0.117,0.000,0.000,waitingForTarget,noEvent
6382,16,49,rld,15:43:09.012,90775,2.476,-0.034,-0.117,0.000,0.000,waitingForTarget,noEvent
6382,16,49,rld,15:43:09.075,90776,2.542,-0.034,-0.117,0.000,0.000,waitingForTarget,noEvent
6382,16,49,rld,15:43:09.132,90777,2.604,-0.034,-0.117,0.000,0.000,waitingForTarget,noEvent
6382,16,49,rld,15:43:09.193,90778,0.063,-0.034,-0.117,0.000,0.000,activeTracking,targetAppeared
6382,16,49,rld,15:43:09.253,90779,0.119,-0.034,-0.117,0.000,0.000,activeTracking,noEvent
6382,16,49,rld,15:43:09.335,90780,0.193,-0.034,-0.117,0.000,0.000,activeTracking,noEvent
6382,16,49,rld,15:43:09.402,90781,0.266,-0.034,-0.117,0.000,0.000,activeTracking,noEvent
6382,16,49,rld,15:43:09.452,90782,0.325,-0.034,-0.117,0.000,0.000,activeTracking,noEvent
6382,16,49,rld,15:43:09.550,90783,0.408,-0.034,-0.117,0.000,0.000,activeTracking,noEvent
6382,16,49,rld,15:43:09.622,90784,0.482,-0.034,-0.117,0.000,0.000,activeTracking,noEvent
6382,16,49,rld,15:43:09.983,90785,0.807,-1.555,-0.003,-13.400,1.000,activeTracking,noEvent
6382,16,49,rld,15:43:10.243,90786,1.077,-2.611,0.050,-4.500,0.100,onTarget,noEvent
6382,16,49,rld,15:43:10.327,90787,1.177,-3.074,0.080,-0.800,0.100,activeTracking,noEvent
6382,16,49,rld,15:43:10.385,90788,1.257,-3.244,0.103,-0.100,0.100,activeTracking,noEvent
6382,16,49,rld,15:43:10.462,90789,1.330,-3.301,0.122,0.000,0.100,activeTracking,noEvent
6382,16,49,rld,15:43:10.511,90790,1.376,-3.320,0.129,0.000,0.000,activeTracking,noEvent
6382,16,49,rld,15:43:10.563,90791,1.436,-3.326,0.131,0.000,0.000,activeTracking,noEvent
6382,16,49,rld,15:43:10.614,90792,1.483,-3.329,0.132,0.000,0.000,activeTracking,noEvent
6382,16,49,rld,15:43:21.384,90793,1.816,0.372,0.650,31.800,4.700,activeTracking,failedClick
6382,16,50,rld,15:44:35.208,91225,1.861,0.135,-0.336,0.000,0.000,waitingForTarget,middleTargetClick
6382,16,50,rld,15:44:35.257,91226,1.917,0.135,-0.336,0.000,0.000,waitingForTarget,noEvent
6382,16,50,rld,15:44:35.297,91227,1.958,0.135,-0.336,0.000,0.000,waitingForTarget,noEvent
6382,16,50,rld,15:44:35.341,91228,2.001,0.135,-0.336,0.000,0.000,waitingForTarget,noEvent
6382,16,50,rld,15:44:35.389,91229,2.050,0.135,-0.336,0.000,0.000,waitingForTarget,noEvent
6382,16,50,rld,15:44:35.427,91230,2.087,0.135,-0.336,0.000,0.000,waitingForTarget,noEvent
6382,16,50,rld,15:44:35.478,91231,2.138,0.135,-0.336,0.000,0.000,waitingForTarget,noEvent
6382,16,50,rld,15:44:35.523,91232,2.184,0.135,-0.336,0.000,0.000,waitingForTarget,noEvent
6382,16,50,rld,15:44:35.570,91233,2.227,0.135,-0.336,0.000,0.000,waitingForTarget,noEvent
6382,16,50,rld,15:44:35.610,91234,2.271,0.135,-0.336,0.000,0.000,waitingForTarget,noEvent
6382,16,50,rld,15:44:35.655,91235,0.045,0.135,-0.336,0.000,0.000,activeTracking,targetAppeared
6382,16,50,rld,15:44:35.704,91236,0.089,0.135,-0.336,0.000,0.000,activeTracking,noEvent
6382,16,50,rld,15:44:35.743,91237,0.134,0.135,-0.336,0.000,0.000,activeTracking,noEvent
6382,16,50,rld,15:44:35.796,91238,0.186,0.135,-0.336,0.000,0.000,activeTracking,noEvent
6382,16,50,rld,15:44:35.880,91239,0.268,0.135,-0.336,0.000,0.000,activeTracking,noEvent
6382,16,50,rld,15:44:35.925,91240,0.314,0.135,-0.336,0.000,0.000,activeTracking,noEvent
6382,16,50,rld,15:44:35.947,91241,0.338,0.135,-0.336,0.000,0.000,activeTracking,noEvent
6382,16,50,rld,15:44:35.977,91242,0.366,0.135,-0.336,0.000,0.000,activeTracking,noEvent
6382,16,50,rld,15:44:36.013,91243,0.403,0.135,-0.336,0.000,0.000,activeTracking,noEvent
6382,16,50,rld,15:44:36.060,91244,0.449,0.135,-0.336,0.000,0.000,activeTracking,noEvent
6382,16,50,rld,15:44:36.108,91245,0.497,0.135,-0.336,0.000,0.000,activeTracking,noEvent
6382,16,50,rld,15:44:36.157,91246,0.548,0.135,-0.336,0.000,0.000,activeTracking,noEvent
6382,16,50,rld,15:44:36.214,91247,0.588,0.135,-0.336,0.000,0.000,activeTracking,noEvent
6382,16,50,rld,15:44:36.545,91248,0.921,0.135,-0.336,0.000,0.000,activeTracking,noEvent
6382,16,50,rld,15:44:36.568,91249,0.945,0.135,-0.336,0.000,0.000,activeTracking,noEvent
6382,16,50,rld,15:44:36.620,91250,0.993,0.135,-0.336,0.000,0.000,activeTracking,noEvent
6382,16,50,rld,15:44:36.662,91251,1.040,0.135,-0.336,0.000,0.000,activeTracking,noEvent
6382,16,50,rld,15:44:36.686,91252,1.060,0.135,-0.336,0.000,0.000,activeTracking,noEvent
6382,16,50,rld,15:44:36.739,91253,1.115,0.135,-0.336,0.000,0.000,activeTracking,noEvent
6382,16,50,rld,15:44:36.796,91254,1.171,0.135,-0.336,0.000,0.000,activeTracking,noEvent
6382,16,50,rld,15:44:36.874,91255,1.248,0.135,-0.336,0.000,0.000,activeTracking,noEvent
6382,16,50,rld,15:44:36.930,91256,1.300,0.135,-0.336,0.000,0.000,activeTracking,noEvent
6382,16,50,rld,15:44:36.987,91257,1.355,0.135,-0.336,0.000,0.000,activeTracking,noEvent
6382,16,50,rld,15:44:37.052,91258,1.417,0.135,-0.336,0.000,0.000,activeTracking,noEvent
6382,16,50,rld,15:44:37.123,91259,1.491,0.135,-0.336,0.000,0.000,activeTracking,noEvent
6382,16,50,rld,15:44:37.187,91260,1.553,0.135,-0.336,0.000,0.000,activeTracking,noEvent
6382,16,50,rld,15:44:37.241,91261,1.607,0.135,-0.336,0.000,0.000,activeTracking,noEvent
6382,16,50,rld,15:44:37.293,91262,1.658,0.135,-0.336,0.000,0.000,activeTracking,noEvent
6382,16,50,rld,15:44:37.351,91263,1.721,0.135,-0.336,0.000,0.000,activeTracking,noEvent
6382,16,50,rld,15:44:37.407,91264,1.775,0.135,-0.336,0.000,0.000,activeTracking,noEvent
6382,16,50,rld,15:44:37.474,91265,1.836,0.135,-0.336,0.000,0.000,activeTracking,noEvent
6382,16,50,rld,15:44:37.536,91266,1.905,0.135,-0.336,0.000,0.000,activeTracking,noEvent
6382,16,50,rld,15:44:37.586,91267,1.954,0.135,-0.336,0.000,0.000,activeTracking,noEvent
6382,16,50,rld,15:44:37.655,91268,2.021,0.135,-0.336,0.000,0.000,activeTracking,noEvent
6382,16,50,rld,15:44:37.725,91269,2.091,0.135,-0.336,0.000,0.000,activeTracking,noEvent
6382,16,50,rld,15:44:37.783,91270,2.152,0.135,-0.336,0.000,0.000,activeTracking,noEvent
6382,16,50,rld,15:44:37.837,91271,2.206,0.135,-0.336,0.000,0.000,activeTracking,noEvent
6382,16,50,rld,15:44:37.865,91272,2.241,0.135,-0.336,0.000,0.000,activeTracking,noEvent
6382,16,50,rld,15:44:37.905,91273,2.273,0.135,-0.336,0.000,0.000,activeTracking,noEvent
6382,16,50,rld,15:44:37.942,91274,2.317,0.135,-0.336,0.000,0.000,activeTracking,noEvent
6382,16,50,rld,15:44:37.969,91275,2.343,0.135,-0.336,0.000,0.000,activeTracking,noEvent
6382,16,50,rld,15:44:38.009,91276,2.386,0.135,-0.336,0.000,0.000,activeTracking,noEvent
6382,16,50,rld,15:44:38.034,91277,2.410,0.135,-0.336,0.000,0.000,activeTracking,noEvent
6382,16,50,rld,15:44:38.066,91278,2.442,0.135,-0.336,0.000,0.000,activeTracking,noEvent
6382,16,50,rld,15:44:38.102,91279,2.475,0.135,-0.336,0.000,0.000,activeTracking,noEvent
6382,16,50,rld,15:44:38.144,91280,2.521,0.135,-0.336,0.000,0.000,activeTracking,noEvent
6382,16,50,rld,15:44:38.191,91281,2.567,0.135,-0.336,0.000,0.000,activeTracking,noEvent
6382,16,50,rld,15:44:38.258,91282,2.630,0.135,-0.336,0.000,0.000,activeTracking,noEvent
6382,16,50,rld,15:44:38.305,91283,2.673,0.135,-0.336,0.000,0.000,activeTracking,noEvent
6382,16,50,rld,15:44:38.356,91284,2.724,0.135,-0.336,0.000,0.000,activeTracking,noEvent
6382,16,50,rld,15:44:38.422,91285,2.793,0.135,-0.336,0.000,0.000,activeTracking,noEvent
6382,16,50,rld,15:44:38.494,91286,2.866,0.135,-0.336,0.000,0.000,activeTracking,noEvent
6382,16,50,rld,15:44:38.547,91287,2.924,0.135,-0.336,0.000,0.000,activeTracking,noEvent
6382,16,50,rld,15:44:38.612,91288,2.989,0.135,-0.336,0.000,0.000,activeTracking,noEvent
6382,16,50,rld,15:44:38.678,91289,3.054,0.135,-0.336,0.000,0.000,activeTracking,noEvent
6382,16,50,rld,15:44:38.725,91290,3.098,0.135,-0.336,0.000,0.000,activeTracking,noEvent
6382,16,50,rld,15:44:38.779,91291,3.154,0.135,-0.336,0.000,0.000,activeTracking,noEvent
6382,16,50,rld,15:44:38.839,91292,3.209,0.135,-0.336,0.000,0.000,activeTracking,noEvent
6382,16,50,rld,15:44:38.889,91293,3.253,0.135,-0.336,0.000,0.000,activeTracking,noEvent
6382,16,50,rld,15:44:38.937,91294,3.308,0.135,-0.336,0.000,0.000,activeTracking,noEvent
6382,16,50,rld,15:44:38.988,91295,3.360,0.135,-0.336,0.000,0.000,activeTracking,noEvent
6382,16,50,rld,15:44:39.042,91296,3.418,0.135,-0.336,0.000,0.000,activeTracking,noEvent
6382,16,50,rld,15:44:39.096,91297,3.467,0.135,-0.336,0.000,0.000,activeTracking,noEvent
6382,16,50,rld,15:44:39.145,91298,3.516,0.135,-0.336,0.000,0.000,activeTracking,noEvent
6382,16,50,rld,15:44:39.192,91299,3.559,0.135,-0.336,0.000,0.000,activeTracking,noEvent
6382,16,50,rld,15:44:39.243,91300,3.614,0.135,-0.336,0.000,0.000,activeTracking,noEvent
6382,16,50,rld,15:44:39.304,91301,3.672,0.135,-0.336,0.000,0.000,activeTracking,noEvent
6382,16,50,rld,15:44:39.355,91302,3.726,0.135,-0.336,0.000,0.000,activeTracking,noEvent
6382,16,50,rld,15:44:39.405,91303,3.770,0.135,-0.336,0.000,0.000,activeTracking,noEvent
6382,16,50,rld,15:44:39.446,91304,3.821,0.135,-0.336,0.000,0.000,activeTracking,noEvent
6382,16,50,rld,15:44:39.476,91305,3.853,0.135,-0.336,0.000,0.000,activeTracking,noEvent
6382,16,50,rld,15:44:39.510,91306,3.888,0.135,-0.336,0.000,0.000,activeTracking,noEvent
6382,16,50,rld,15:44:39.541,91307,3.919,0.135,-0.336,0.000,0.000,activeTracking,noEvent
6382,16,50,rld,15:44:39.569,91308,3.944,0.135,-0.336,0.000,0.000,activeTracking,noEvent
6382,16,50,rld,15:44:39.603,91309,3.980,0.135,-0.336,0.000,0.000,activeTracking,noEvent
6382,16,51,rld,15:44:52.943,91513,0.062,0.321,-0.151,0.000,0.000,activeTracking,targetAppeared
6382,16,51,rld,15:44:52.987,91514,0.104,0.321,-0.151,0.000,0.000,activeTracking,noEvent
6382,16,51,rld,15:44:53.036,91515,0.153,0.321,-0.151,0.000,0.000,activeTracking,noEvent
6382,16,51,rld,15:44:53.083,91516,0.199,0.321,-0.151,0.000,0.000,activeTracking,noEvent
6382,16,51,rld,15:44:53.128,91517,0.248,0.321,-0.151,0.000,0.000,activeTracking,noEvent
6382,16,51,rld,15:44:53.175,91518,0.290,0.321,-0.151,0.000,0.000,activeTracking,noEvent
6382,16,51,rld,15:44:53.223,91519,0.338,0.321,-0.151,0.000,0.000,activeTracking,noEvent
6382,16,51,rld,15:44:53.263,91520,0.386,0.321,-0.151,0.000,0.000,activeTracking,noEvent
6382,16,51,rld,15:44:53.310,91521,0.424,0.321,-0.151,0.000,0.000,activeTracking,noEvent
6382,16,51,rld,15:44:53.367,91522,0.471,0.321,-0.151,0.000,0.000,activeTracking,noEvent
6382,16,51,rld,15:44:53.494,91523,0.602,0.388,-0.151,0.600,0.000,activeTracking,noEvent
6382,16,51,rld,15:44:53.603,91524,0.704,0.558,-0.162,1.300,-0.100,activeTracking,noEvent
6382,16,51,rld,15:44:53.709,91525,0.806,0.738,-0.188,1.100,-0.200,activeTracking,noEvent
6382,16,51,rld,15:44:53.780,91526,0.888,0.867,-0.220,0.600,-0.200,activeTracking,noEvent
6382,16,51,rld,15:44:53.872,91527,0.972,0.967,-0.253,0.500,-0.200,activeTracking,noEvent
6382,16,51,rld,15:44:53.943,91528,1.062,1.045,-0.264,0.400,0.000,activeTracking,noEvent
6382,16,51,rld,15:44:54.001,91529,1.122,1.106,-0.268,0.300,0.000,activeTracking,noEvent
6382,16,51,rld,15:44:54.067,91530,1.171,1.137,-0.269,0.100,0.000,activeTracking,noEvent
6382,16,51,rld,15:44:54.172,91531,1.282,1.216,-0.247,0.600,0.200,activeTracking,noEvent
6382,16,51,rld,15:44:54.266,91532,1.367,1.323,-0.195,0.700,0.400,activeTracking,noEvent
6382,16,51,rld,15:44:54.375,91533,1.467,1.439,-0.132,0.700,0.400,activeTracking,noEvent
6382,16,51,rld,15:44:54.517,91534,1.600,1.628,-0.019,1.300,0.800,activeTracking,noEvent
6382,16,51,rld,15:44:54.678,91535,1.784,2.029,0.318,2.900,2.600,activeTracking,noEvent
6382,16,51,rld,15:44:54.772,91536,1.872,2.259,0.503,0.800,0.600,activeTracking,noEvent
6382,16,51,rld,15:44:54.884,91537,1.982,2.456,0.625,1.000,0.500,activeTracking,noEvent
6382,16,51,rld,15:44:54.989,91538,2.082,2.618,0.704,0.800,0.300,activeTracking,noEvent
6382,16,51,rld,15:44:55.062,91539,2.181,2.770,0.732,0.800,0.000,activeTracking,noEvent
6382,16,51,rld,15:44:55.125,91540,2.240,2.870,0.743,0.400,0.000,activeTracking,noEvent
6382,16,51,rld,15:44:55.310,91541,2.417,3.001,0.571,0.800,-1.500,activeTracking,noEvent
6382,16,51,rld,15:44:55.455,91542,2.570,3.021,0.324,-0.200,-1.600,activeTracking,noEvent
6382,16,51,rld,15:44:55.541,91543,2.651,2.978,0.159,-0.400,-0.700,onTarget,noEvent
6382,16,51,rld,15:44:55.628,91544,2.750,2.927,0.021,-0.300,-0.700,onTarget,noEvent
6382,16,51,rld,15:44:55.691,91545,2.803,2.897,-0.060,-0.100,-0.300,onTarget,noEvent
6382,16,51,rld,15:44:55.759,91546,2.868,2.863,-0.110,-0.200,-0.200,onTarget,noEvent
6382,16,51,rld,15:44:55.813,91547,2.937,2.852,-0.150,0.000,-0.200,onTarget,noEvent
6382,16,51,rld,15:44:55.885,91548,3.005,2.824,-0.175,-0.200,-0.100,onTarget,noEvent
6382,16,51,rld,15:44:55.946,91549,3.064,2.802,-0.195,-0.100,-0.100,onTarget,noEvent
6382,16,51,rld,15:44:55.996,91550,3.118,2.783,-0.214,-0.100,-0.100,onTarget,noEvent
6382,16,51,rld,15:44:56.038,91551,3.157,2.776,-0.220,0.000,0.000,onTarget,noEvent
6382,16,51,rld,15:44:56.099,91552,3.216,2.774,-0.222,0.000,0.000,onTarget,noEvent
6382,16,51,rld,15:44:56.139,91553,3.256,2.773,-0.223,0.000,0.000,onTarget,noEvent
6382,16,51,rld,15:44:56.187,91554,3.301,2.773,-0.223,0.000,0.000,onTarget,noEvent
6382,16,51,rld,15:44:56.224,91555,3.344,2.773,-0.223,0.000,0.000,onTarget,noEvent
6382,16,51,rld,15:44:56.265,91556,3.383,2.773,-0.223,0.000,0.000,onTarget,noEvent
6382,16,51,rld,15:44:56.303,91557,3.420,2.773,-0.223,0.000,0.000,onTarget,noEvent
6382,16,51,rld,15:44:56.341,91558,3.463,2.773,-0.223,0.000,0.000,onTarget,noEvent
6382,16,51,rld,15:44:56.386,91559,3.507,2.773,-0.223,0.000,0.000,onTarget,noEvent
6382,16,51,rld,15:44:56.418,91560,3.541,2.773,-0.223,0.000,0.000,onTarget,noEvent
6382,16,51,rld,15:44:56.440,91561,3.560,2.773,-0.223,0.000,0.000,onTarget,noEvent
6382,16,51,rld,15:44:56.489,91562,3.606,2.773,-0.223,0.000,0.000,onTarget,noEvent
6382,16,51,rld,15:44:56.550,91563,3.670,2.773,-0.223,0.000,0.000,onTarget,targetClick
6382,16,52,rld,15:45:00.762,91644,3.716,0.304,-0.151,0.000,0.000,waitingForTarget,middleTargetClick
6382,16,52,rld,15:45:00.808,91645,3.763,0.304,-0.151,0.000,0.000,waitingForTarget,noEvent
6382,16,52,rld,15:45:00.860,91646,3.810,0.304,-0.151,0.000,0.000,waitingForTarget,noEvent
6382,16,52,rld,15:45:00.904,91647,3.854,0.304,-0.151,0.000,0.000,waitingForTarget,noEvent
6382,16,52,rld,15:45:00.954,91648,3.902,0.304,-0.151,0.000,0.000,waitingForTarget,noEvent
6382,16,52,rld,15:45:01.041,91649,3.983,0.304,-0.151,0.000,0.000,waitingForTarget,noEvent
6382,16,52,rld,15:45:01.210,91653,0.045,0.304,-0.151,0.000,0.000,activeTracking,targetAppeared
6382,16,52,rld,15:45:01.258,91654,0.090,0.304,-0.151,0.000,0.000,activeTracking,noEvent
6382,16,52,rld,15:45:01.283,91655,0.121,0.304,-0.151,0.000,0.000,activeTracking,noEvent
6382,16,52,rld,15:45:01.320,91656,0.155,0.304,-0.151,0.000,0.000,activeTracking,noEvent
6382,16,52,rld,15:45:01.354,91657,0.184,0.304,-0.151,0.000,0.000,activeTracking,noEvent
6382,16,52,rld,15:45:01.389,91658,0.226,0.304,-0.151,0.000,0.000,activeTracking,noEvent
6382,16,52,rld,15:45:01.440,91659,0.276,0.304,-0.151,0.000,0.000,activeTracking,noEvent
6382,16,52,rld,15:45:01.484,91660,0.316,0.304,-0.151,0.000,0.000,activeTracking,noEvent
6382,16,52,rld,15:45:01.525,91661,0.362,0.304,-0.151,0.000,0.000,activeTracking,noEvent
6382,16,52,rld,15:45:01.582,91662,0.415,0.304,-0.151,0.000,0.000,activeTracking,noEvent
6382,16,52,rld,15:45:01.619,91663,0.455,0.304,-0.151,0.000,0.000,activeTracking,noEvent
6382,16,52,rld,15:45:01.690,91664,0.525,0.304,-0.151,0.000,0.000,activeTracking,noEvent
6382,16,52,rld,15:45:01.741,91665,0.574,0.304,-0.151,0.000,0.000,activeTracking,noEvent
6382,16,52,rld,15:45:02.028,91666,0.831,-0.473,0.018,-6.900,1.500,activeTracking,noEvent
6382,16,52,rld,15:45:02.205,91667,1.008,-1.393,0.224,-5.800,1.300,activeTracking,noEvent
6382,16,52,rld,15:45:02.310,91668,1.130,-1.950,0.342,-2.100,0.400,activeTracking,noEvent
6382,16,52,rld,15:45:02.419,91669,1.221,-2.256,0.418,-1.000,0.300,activeTracking,noEvent
6382,16,52,rld,15:45:02.478,91670,1.306,-2.431,0.445,-0.600,0.000,activeTracking,noEvent
6382,16,52,rld,15:45:02.536,91671,1.366,-2.513,0.455,-0.200,0.000,activeTracking,noEvent
6382,16,52,rld,15:45:02.584,91672,1.416,-2.553,0.458,-0.100,0.000,activeTracking,noEvent
6382,16,52,rld,15:45:02.622,91673,1.458,-2.566,0.459,0.000,0.000,activeTracking,noEvent
6382,16,52,rld,15:45:02.658,91674,1.494,-2.571,0.459,0.000,0.000,activeTracking,noEvent
6382,16,52,rld,15:45:02.788,91675,1.605,-2.500,0.365,0.600,-0.800,activeTracking,noEvent
6382,16,52,rld,15:45:02.905,91676,1.716,-2.429,0.252,0.400,-0.700,activeTracking,noEvent
6382,16,52,rld,15:45:02.954,91677,1.782,-2.345,0.121,0.500,-0.800,activeTracking,noEvent
6382,16,52,rld,15:45:03.126,91678,1.958,-2.234,-0.084,0.700,-1.400,activeTracking,noEvent
6382,16,52,rld,15:45:03.189,91679,2.017,-2.174,-0.187,0.200,-0.300,activeTracking,noEvent
6382,16,52,rld,15:45:03.252,91680,2.083,-2.154,-0.221,0.000,0.000,activeTracking,noEvent
6382,16,52,rld,15:45:03.306,91681,2.141,-2.147,-0.233,0.000,0.000,activeTracking,noEvent
6382,16,52,rld,15:45:03.345,91682,2.175,-2.145,-0.236,0.000,0.000,activeTracking,noEvent
6382,16,52,rld,15:45:03.424,91683,2.260,-2.144,-0.238,0.000,0.000,activeTracking,noEvent
6382,16,52,rld,15:45:03.476,91684,2.308,-2.144,-0.238,0.000,0.000,activeTracking,noEvent
6382,16,52,rld,15:45:03.509,91685,2.346,-2.144,-0.238,0.000,0.000,activeTracking,noEvent
6382,16,52,rld,15:45:03.657,91686,2.451,-2.191,-0.238,-0.400,0.000,activeTracking,noEvent
6382,16,52,rld,15:45:03.726,91687,2.558,-2.266,-0.227,-0.500,0.100,activeTracking,noEvent
6382,16,52,rld,15:45:03.813,91688,2.648,-2.363,-0.200,-0.600,0.200,activeTracking,noEvent
6382,16,52,rld,15:45:03.895,91689,2.716,-2.419,-0.180,-0.200,0.100,onTarget,noEvent
6382,16,52,rld,15:45:03.962,91690,2.789,-2.449,-0.161,-0.100,0.100,onTarget,noEvent
6382,16,52,rld,15:45:04.025,91691,2.855,-2.484,-0.144,-0.200,0.100,onTarget,noEvent
6382,16,52,rld,15:45:04.072,91692,2.901,-2.507,-0.138,-0.100,0.000,onTarget,noEvent
6382,16,52,rld,15:45:04.116,91693,2.950,-2.515,-0.124,0.000,0.100,onTarget,noEvent
6382,16,52,rld,15:45:04.161,91694,2.996,-2.517,-0.120,0.000,0.000,onTarget,noEvent
6382,16,52,rld,15:45:04.204,91695,3.033,-2.518,-0.118,0.000,0.000,onTarget,noEvent
6382,16,52,rld,15:45:04.248,91696,3.077,-2.519,-0.118,0.000,0.000,onTarget,noEvent
6382,16,52,rld,15:45:04.279,91697,3.115,-2.519,-0.118,0.000,0.000,onTarget,noEvent
6382,16,52,rld,15:45:04.342,91698,3.175,-2.519,-0.117,0.000,0.000,onTarget,noEvent
6382,16,52,rld,15:45:04.433,91699,3.261,-2.519,-0.117,0.000,0.000,onTarget,targetClick
6382,16,53,rld,15:45:07.310,91743,3.336,0.102,-0.202,0.000,0.000,waitingForTarget,middleTargetClick
6382,16,53,rld,15:45:07.354,91744,3.400,0.101,-0.201,0.000,0.000,waitingForTarget,noEvent
6382,16,53,rld,15:45:07.403,91745,3.436,0.101,-0.201,0.000,0.000,waitingForTarget,noEvent
6382,16,53,rld,15:45:07.421,91746,3.470,0.101,-0.201,0.000,0.000,waitingForTarget,noEvent
6382,16,53,rld,15:45:07.473,91747,3.512,0.101,-0.201,0.000,0.000,waitingForTarget,noEvent
6382,16,53,rld,15:45:07.538,91748,3.579,0.101,-0.201,0.000,0.000,waitingForTarget,noEvent
6382,16,53,rld,15:45:07.594,91749,3.624,0.101,-0.201,0.000,0.000,waitingForTarget,noEvent
6382,16,53,rld,15:45:07.610,91750,3.659,0.101,-0.201,0.000,0.000,waitingForTarget,noEvent
6382,16,53,rld,15:45:07.639,91751,3.687,0.101,-0.201,0.000,0.000,waitingForTarget,noEvent
6382,16,53,rld,15:45:07.671,91752,3.721,0.101,-0.201,0.000,0.000,waitingForTarget,noEvent
6382,16,53,rld,15:45:07.708,91753,3.756,0.101,-0.201,0.000,0.000,waitingForTarget,noEvent
6382,16,53,rld,15:45:07.757,91754,0.049,0.101,-0.201,0.000,0.000,activeTracking,targetAppeared
6382,16,53,rld,15:45:07.793,91755,0.085,0.101,-0.201,0.000,0.000,activeTracking,noEvent
6382,16,53,rld,15:45:07.839,91756,0.129,0.101,-0.201,0.000,0.000,activeTracking,noEvent
6382,16,53,rld,15:45:07.888,91757,0.179,0.101,-0.201,0.000,0.000,activeTracking,noEvent
6382,16,53,rld,15:45:07.929,91758,0.220,0.101,-0.201,0.000,0.000,activeTracking,noEvent
6382,16,53,rld,15:45:07.977,91759,0.267,0.101,-0.201,0.000,0.000,activeTracking,noEvent
6382,16,53,rld,15:45:08.028,91760,0.320,0.101,-0.201,0.000,0.000,activeTracking,noEvent
6382,16,53,rld,15:45:08.118,91761,0.401,0.101,-0.201,0.000,0.000,activeTracking,noEvent
6382,16,53,rld,15:45:08.212,91762,0.481,0.090,-0.201,-0.100,0.000,activeTracking,noEvent
6382,16,53,rld,15:45:08.274,91763,0.563,0.053,-0.201,-0.300,0.000,activeTracking,noEvent
6382,16,53,rld,15:45:08.406,91764,0.670,0.108,-0.201,0.600,0.000,activeTracking,noEvent
6382,16,53,rld,15:45:08.645,91765,0.899,0.871,-0.326,6.600,-1.100,activeTracking,noEvent
6382,16,53,rld,15:45:09.106,91766,1.232,1.994,-0.533,7.500,-1.400,activeTracking,noEvent
6382,16,53,rld,15:45:10.274,91767,1.566,4.309,-0.971,15.300,-2.700,activeTracking,noEvent
6382,16,53,rld,15:45:10.328,91768,1.623,5.172,-1.143,0.000,0.000,activeTracking,noEvent
6382,16,53,rld,15:45:10.388,91769,1.694,5.474,-1.205,0.000,0.000,activeTracking,noEvent
6382,16,53,rld,15:45:10.441,91770,1.747,5.576,-1.226,0.000,0.000,activeTracking,noEvent
6382,16,53,rld,15:45:10.458,91771,1.769,5.611,-1.233,0.000,0.000,activeTracking,noEvent
6382,16,53,rld,15:45:10.522,91772,1.828,5.622,-1.235,0.000,0.000,activeTracking,noEvent
6382,16,53,rld,15:45:10.570,91773,1.868,5.626,-1.236,0.000,0.000,activeTracking,noEvent
6382,16,53,rld,15:45:10.628,91774,1.932,5.627,-1.236,0.000,0.000,activeTracking,noEvent
6382,16,53,rld,15:45:10.677,91775,1.982,5.628,-1.236,0.000,0.000,activeTracking,noEvent
6382,16,53,rld,15:45:10.732,91776,2.032,5.628,-1.236,0.000,0.000,activeTracking,noEvent
6382,16,53,rld,15:45:10.761,91777,2.061,5.628,-1.236,0.000,0.000,activeTracking,noEvent
6382,16,53,rld,15:45:10.826,91778,2.131,5.628,-1.236,0.000,0.000,activeTracking,noEvent
6382,16,53,rld,15:45:10.883,91779,2.182,5.628,-1.236,0.000,0.000,activeTracking,noEvent
6382,16,53,rld,15:45:10.936,91780,2.238,5.628,-1.236,0.000,0.000,activeTracking,noEvent
6382,16,53,rld,15:45:10.990,91781,2.296,5.628,-1.236,0.000,0.000,activeTracking,noEvent
6382,16,53,rld,15:45:11.060,91782,2.365,5.628,-1.236,0.000,0.000,activeTracking,noEvent
6382,16,53,rld,15:45:11.126,91783,2.421,5.628,-1.236,0.000,0.000,activeTracking,noEvent
6382,16,53,rld,15:45:11.189,91784,2.487,5.628,-1.236,0.000,0.000,activeTracking,noEvent
6382,16,53,rld,15:45:11.250,91785,2.555,5.628,-1.236,0.000,0.000,activeTracking,noEvent
6382,16,53,rld,15:45:11.301,91786,2.605,5.628,-1.236,0.000,0.000,activeTracking,noEvent
6382,16,53,rld,15:45:11.352,91787,2.653,5.628,-1.236,0.000,0.000,activeTracking,noEvent
6382,16,53,rld,15:45:11.406,91788,2.703,5.628,-1.236,0.000,0.000,activeTracking,noEvent
6382,16,53,rld,15:45:11.470,91789,2.764,5.628,-1.236,0.000,0.000,activeTracking,noEvent
6382,16,53,rld,15:45:11.676,91790,2.967,4.814,-1.121,-5.600,0.600,activeTracking,noEvent
6382,16,53,rld,15:45:11.793,91791,3.061,4.418,-0.980,-1.000,0.800,activeTracking,noEvent
6382,16,53,rld,15:45:11.902,91792,3.181,4.155,-0.832,-1.000,0.800,activeTracking,noEvent
6382,16,53,rld,15:45:11.972,91793,3.268,3.989,-0.696,-0.600,0.700,activeTracking,noEvent
6382,16,53,rld,15:45:12.016,91794,3.319,3.934,-0.639,0.000,0.100,activeTracking,noEvent
6382,16,53,rld,15:45:12.053,91795,3.352,3.916,-0.620,0.000,0.000,activeTracking,noEvent
6382,16,53,rld,15:45:12.073,91796,3.382,3.910,-0.613,0.000,0.000,activeTracking,noEvent
6382,16,53,rld,15:45:12.120,91797,3.423,3.908,-0.611,0.000,0.000,activeTracking,noEvent
6382,16,53,rld,15:45:12.182,91798,3.481,3.907,-0.610,0.000,0.000,activeTracking,noEvent
6382,16,53,rld,15:45:12.218,91799,3.522,3.907,-0.610,0.000,0.000,activeTracking,noEvent
6382,16,53,rld,15:45:12.260,91800,3.568,3.907,-0.610,0.000,0.000,activeTracking,noEvent
6382,16,53,rld,15:45:12.287,91801,3.595,3.907,-0.610,0.000,0.000,activeTracking,noEvent
6382,16,53,rld,15:45:12.335,91802,3.637,3.907,-0.610,0.000,0.000,activeTracking,noEvent
6382,16,53,rld,15:45:12.398,91803,3.690,3.907,-0.610,0.000,0.000,activeTracking,noEvent
6382,16,53,rld,15:45:12.457,91804,3.765,3.907,-0.610,0.000,0.000,activeTracking,noEvent
6382,16,53,rld,15:45:12.595,91805,3.901,3.596,-0.496,-2.400,0.900,activeTracking,noEvent
6382,16,54,rld,15:45:17.975,91905,0.037,0.169,0.018,0.000,0.000,activeTracking,targetAppeared
6382,16,54,rld,15:45:18.016,91906,0.084,0.169,0.018,0.000,0.000,activeTracking,noEvent
6382,16,54,rld,15:45:18.059,91907,0.121,0.169,0.018,0.000,0.000,activeTracking,noEvent
6382,16,54,rld,15:45:18.116,91908,0.176,0.169,0.018,0.000,0.000,activeTracking,noEvent
6382,16,54,rld,15:45:18.164,91909,0.226,0.169,0.018,0.000,0.000,activeTracking,noEvent
6382,16,54,rld,15:45:18.217,91910,0.281,0.169,0.018,0.000,0.000,activeTracking,noEvent
6382,16,54,rld,15:45:18.270,91911,0.343,0.169,0.018,0.000,0.000,activeTracking,noEvent
6382,16,54,rld,15:45:18.306,91912,0.377,0.169,0.018,0.000,0.000,activeTracking,noEvent
6382,16,54,rld,15:45:18.352,91913,0.412,0.169,0.018,0.000,0.000,activeTracking,noEvent
6382,16,54,rld,15:45:18.408,91914,0.462,0.169,0.018,0.000,0.000,activeTracking,noEvent
6382,16,54,rld,15:45:18.640,91915,0.670,1.005,-0.038,7.400,-0.500,activeTracking,noEvent
6382,16,54,rld,15:45:18.842,91916,0.881,2.005,-0.228,6.200,-1.500,activeTracking,noEvent
6382,16,54,rld,15:45:18.982,91917,1.009,2.890,-0.437,4.500,-1.200,activeTracking,noEvent
6382,16,54,rld,15:45:19.093,91918,1.151,3.319,-0.523,1.000,-0.100,activeTracking,noEvent
6382,16,54,rld,15:45:19.218,91919,1.275,3.644,-0.568,1.400,-0.100,activeTracking,noEvent
6382,16,54,rld,15:45:19.285,91920,1.341,3.832,-0.596,0.600,-0.100,activeTracking,noEvent
6382,16,54,rld,15:45:19.370,91921,1.436,3.960,-0.607,0.500,0.000,activeTracking,noEvent
6382,16,54,rld,15:45:19.426,91922,1.494,4.017,-0.611,0.100,0.000,activeTracking,noEvent
6382,16,54,rld,15:45:19.508,91923,1.554,4.022,-0.600,-0.100,0.100,activeTracking,noEvent
6382,16,54,rld,15:45:19.681,91924,1.719,3.854,-0.459,-1.300,1.100,activeTracking,noEvent
6382,16,54,rld,15:45:19.810,91925,1.859,3.452,-0.254,-2.700,1.300,activeTracking,noEvent
6382,16,54,rld,15:45:20.021,91926,2.055,3.008,-0.080,-2.500,0.900,onTarget,noEvent
6382,16,54,rld,15:45:20.186,91927,2.196,2.729,0.047,-1.100,0.600,onTarget,noEvent
6382,16,54,rld,15:45:20.272,91928,2.325,2.553,0.123,-0.700,0.300,onTarget,noEvent
6382,16,54,rld,15:45:20.354,91929,2.413,2.470,0.160,-0.200,0.100,onTarget,noEvent
6382,16,54,rld,15:45:20.422,91930,2.486,2.443,0.172,0.000,0.000,onTarget,noEvent
6382,16,54,rld,15:45:20.481,91931,2.551,2.434,0.176,0.000,0.000,onTarget,noEvent
6382,16,54,rld,15:45:20.544,91932,2.614,2.430,0.178,0.000,0.000,onTarget,noEvent
6382,16,54,rld,15:45:20.601,91933,2.665,2.429,0.178,0.000,0.000,onTarget,noEvent
6382,16,54,rld,15:45:20.651,91934,2.716,2.429,0.178,0.000,0.000,onTarget,noEvent
6382,16,54,rld,15:45:20.721,91935,2.785,2.429,0.178,0.000,0.000,onTarget,noEvent
6382,16,54,rld,15:45:20.773,91936,2.836,2.429,0.178,0.000,0.000,onTarget,noEvent
6382,16,54,rld,15:45:20.832,91937,2.888,2.429,0.178,0.000,0.000,onTarget,noEvent
6382,16,54,rld,15:45:20.883,91938,2.948,2.429,0.178,0.000,0.000,onTarget,noEvent
6382,16,54,rld,15:45:20.961,91939,3.034,2.465,0.156,0.300,-0.200,onTarget,noEvent
6382,16,54,rld,15:45:21.041,91940,3.103,2.501,0.113,0.200,-0.300,onTarget,noEvent
6382,16,54,rld,15:45:21.116,91941,3.175,2.549,0.064,0.300,-0.300,onTarget,noEvent
6382,16,54,rld,15:45:21.182,91942,3.237,2.565,0.036,0.000,-0.100,onTarget,noEvent
6382,16,54,rld,15:45:21.238,91943,3.308,2.570,0.015,0.000,-0.100,onTarget,noEvent
6382,16,54,rld,15:45:21.317,91944,3.379,2.596,-0.015,0.200,-0.200,onTarget,noEvent
6382,16,54,rld,15:45:21.359,91945,3.430,2.605,-0.025,0.000,0.000,onTarget,noEvent
6382,16,54,rld,15:45:21.436,91946,3.496,2.608,-0.028,0.000,0.000,onTarget,noEvent
6382,16,54,rld,15:45:21.508,91947,3.558,2.609,-0.030,0.000,0.000,onTarget,noEvent
6382,16,54,rld,15:45:21.602,91948,3.668,2.609,-0.030,0.000,0.000,onTarget,targetClick
6382,16,55,rld,15:45:24.618,91990,3.735,-0.067,0.119,0.000,0.000,waitingForTarget,middleTargetClick
6382,16,55,rld,15:45:24.674,91991,3.797,-0.067,0.119,0.000,0.000,waitingForTarget,noEvent
6382,16,55,rld,15:45:24.726,91992,3.855,-0.067,0.119,0.000,0.000,waitingForTarget,noEvent
6382,16,55,rld,15:45:24.801,91993,3.919,-0.067,0.119,0.000,0.000,waitingForTarget,noEvent
6382,16,55,rld,15:45:24.857,91994,3.989,-0.067,0.119,0.000,0.000,waitingForTarget,noEvent
6382,16,55,rld,15:45:25.137,91999,0.088,-0.067,0.119,0.000,0.000,activeTracking,targetAppeared
6382,16,55,rld,15:45:25.193,92000,0.150,-0.067,0.119,0.000,0.000,activeTracking,noEvent
6382,16,55,rld,15:45:25.288,92001,0.239,-0.067,0.119,0.000,0.000,activeTracking,noEvent
6382,16,55,rld,15:45:25.408,92002,0.288,-0.067,0.119,0.000,0.000,activeTracking,noEvent
6382,16,55,rld,15:45:25.709,92003,0.587,0.755,-0.004,7.300,-1.100,activeTracking,noEvent
6382,16,55,rld,15:45:26.076,92004,0.921,2.656,-0.265,13.900,-1.900,onTarget,noEvent
6382,16,55,rld,15:45:26.242,92005,1.137,3.917,-0.461,4.600,-0.800,activeTracking,noEvent
6382,16,55,rld,15:45:26.385,92006,1.244,4.458,-0.558,0.700,-0.200,activeTracking,noEvent
6382,16,55,rld,15:45:26.557,92007,1.450,4.909,-0.596,1.900,0.000,activeTracking,noEvent
6382,16,55,rld,15:45:26.752,92008,1.535,5.092,-0.572,0.200,0.300,activeTracking,noEvent
6382,16,55,rld,15:45:27.058,92009,1.868,3.840,-0.383,-9.600,1.300,activeTracking,noEvent
6382,16,55,rld,15:45:27.221,92010,2.049,3.096,-0.310,-2.800,0.100,activeTracking,noEvent
6382,16,55,rld,15:45:27.509,92011,2.365,2.396,-0.157,-3.800,1.100,onTarget,noEvent
6382,16,55,rld,15:45:27.589,92012,2.458,2.051,-0.073,-1.000,0.300,activeTracking,noEvent
6382,16,55,rld,15:45:27.648,92013,2.513,1.925,-0.045,-0.100,0.000,activeTracking,noEvent
6382,16,55,rld,15:45:27.730,92014,2.600,1.871,-0.036,-0.100,0.000,activeTracking,noEvent
6382,16,55,rld,15:45:27.816,92015,2.686,1.854,-0.021,0.000,0.100,activeTracking,noEvent
6382,16,55,rld,15:45:27.902,92016,2.763,1.848,-0.017,0.000,0.000,activeTracking,noEvent
6382,16,55,rld,15:45:27.955,92017,2.829,1.846,-0.015,0.000,0.000,activeTracking,noEvent
6382,16,55,rld,15:45:28.060,92018,2.912,1.903,-0.026,0.500,-0.100,activeTracking,noEvent
6382,16,55,rld,15:45:28.280,92019,3.103,2.110,-0.064,1.600,-0.300,activeTracking,noEvent
6382,16,55,rld,15:45:28.486,92020,3.344,2.442,-0.146,2.200,-0.600,onTarget,noEvent
6382,16,55,rld,15:45:28.553,92021,3.415,2.577,-0.174,0.200,0.000,onTarget,noEvent
6382,16,55,rld,15:45:28.634,92022,3.486,2.635,-0.183,0.100,0.000,onTarget,noEvent
6382,16,55,rld,15:45:28.702,92023,3.566,2.666,-0.186,0.100,0.000,onTarget,noEvent
6382,16,55,rld,15:45:28.807,92024,3.660,2.713,-0.187,0.300,0.000,onTarget,noEvent
6382,16,55,rld,15:45:28.885,92025,3.745,2.765,-0.188,0.300,0.000,onTarget,noEvent
6382,16,55,rld,15:45:28.951,92026,3.817,2.782,-0.188,0.000,0.000,onTarget,noEvent
6382,16,55,rld,15:45:29.011,92027,3.881,2.788,-0.188,0.000,0.000,onTarget,noEvent
6382,16,55,rld,15:45:29.081,92028,3.945,2.790,-0.188,0.000,0.000,onTarget,noEvent
6382,16,56,rld,15:45:34.751,92109,0.043,0.017,-0.117,0.000,0.000,activeTracking,targetAppeared
6382,16,56,rld,15:45:34.800,92110,0.092,0.017,-0.117,0.000,0.000,activeTracking,noEvent
6382,16,56,rld,15:45:34.842,92111,0.141,0.017,-0.117,0.000,0.000,activeTracking,noEvent
6382,16,56,rld,15:45:34.885,92112,0.178,0.017,-0.117,0.000,0.000,activeTracking,noEvent
6382,16,56,rld,15:45:34.936,92113,0.231,0.017,-0.117,0.000,0.000,activeTracking,noEvent
6382,16,56,rld,15:45:34.987,92114,0.282,0.017,-0.117,0.000,0.000,activeTracking,noEvent
6382,16,56,rld,15:45:35.039,92115,0.328,0.017,-0.117,0.000,0.000,activeTracking,noEvent
6382,16,56,rld,15:45:35.091,92116,0.379,0.017,-0.117,0.000,0.000,activeTracking,noEvent
6382,16,56,rld,15:45:35.171,92117,0.465,0.017,-0.117,0.000,0.000,activeTracking,noEvent
6382,16,56,rld,15:45:35.539,92118,0.761,1.330,-0.117,11.600,0.000,activeTracking,noEvent
6382,16,56,rld,15:45:35.788,92119,1.078,2.873,-0.165,9.200,-0.400,onTarget,noEvent
6382,16,56,rld,15:45:35.904,92120,1.177,3.670,-0.170,2.000,0.100,activeTracking,noEvent
6382,16,56,rld,15:45:35.990,92121,1.269,4.090,-0.173,1.100,0.000,activeTracking,noEvent
6382,16,56,rld,15:45:36.057,92122,1.352,4.287,-0.174,0.400,0.000,activeTracking,noEvent
6382,16,56,rld,15:45:36.113,92123,1.409,4.367,-0.174,0.100,0.000,activeTracking,noEvent
6382,16,56,rld,15:45:36.198,92124,1.491,4.421,-0.174,0.200,0.000,activeTracking,noEvent
6382,16,56,rld,15:45:36.251,92125,1.547,4.439,-0.174,0.000,0.000,activeTracking,noEvent
6382,16,56,rld,15:45:36.710,92126,1.881,3.703,-0.160,-5.600,0.100,activeTracking,noEvent
6382,16,56,rld,15:45:36.849,92127,2.035,3.226,-0.215,-1.900,-0.500,activeTracking,noEvent
6382,16,56,rld,15:45:36.941,92128,2.160,2.935,-0.232,-1.100,0.000,onTarget,noEvent
6382,16,56,rld,15:45:37.054,92129,2.281,2.681,-0.237,-1.300,0.000,onTarget,noEvent
6382,16,56,rld,15:45:37.111,92130,2.336,2.549,-0.239,-0.400,0.000,onTarget,noEvent
6382,16,56,rld,15:45:37.192,92131,2.431,2.481,-0.239,-0.200,0.000,onTarget,noEvent
6382,16,56,rld,15:45:37.254,92132,2.484,2.458,-0.239,0.000,0.000,onTarget,noEvent
6382,16,56,rld,15:45:37.325,92133,2.554,2.451,-0.228,0.000,0.100,onTarget,noEvent
6382,16,56,rld,15:45:37.393,92134,2.630,2.448,-0.224,0.000,0.000,onTarget,noEvent
6382,16,56,rld,15:45:37.437,92135,2.673,2.447,-0.223,0.000,0.000,onTarget,noEvent
6382,16,56,rld,15:45:37.490,92136,2.720,2.447,-0.222,0.000,0.000,onTarget,noEvent
6382,16,56,rld,15:45:37.560,92137,2.792,2.447,-0.210,0.000,0.100,onTarget,noEvent
6382,16,56,rld,15:45:37.615,92138,2.854,2.447,-0.206,0.000,0.000,onTarget,noEvent
6382,16,56,rld,15:45:37.664,92139,2.903,2.447,-0.205,0.000,0.000,onTarget,noEvent
6382,16,56,rld,15:45:37.726,92140,2.961,2.447,-0.205,0.000,0.000,onTarget,noEvent
6382,16,56,rld,15:45:37.774,92141,3.004,2.447,-0.205,0.000,0.000,onTarget,noEvent
6382,16,56,rld,15:45:37.832,92142,3.062,2.447,-0.204,0.000,0.000,onTarget,noEvent
6382,16,56,rld,15:45:37.874,92143,3.112,2.447,-0.204,0.000,0.000,onTarget,noEvent
6382,16,56,rld,15:45:37.967,92144,3.193,2.459,-0.193,0.100,0.100,onTarget,noEvent
6382,16,56,rld,15:45:38.058,92145,3.294,2.475,-0.189,0.100,0.000,onTarget,noEvent
6382,16,56,rld,15:45:38.136,92146,3.365,2.480,-0.188,0.000,0.000,onTarget,noEvent
6382,16,56,rld,15:45:38.220,92147,3.444,2.482,-0.187,0.000,0.000,onTarget,noEvent
6382,16,56,rld,15:45:38.294,92148,3.520,2.483,-0.176,0.000,0.100,onTarget,noEvent
6382,16,56,rld,15:45:38.371,92149,3.612,2.519,-0.160,0.300,0.100,onTarget,noEvent
6382,16,56,rld,15:45:38.422,92150,3.658,2.531,-0.155,0.000,0.000,onTarget,noEvent
6382,16,56,rld,15:45:38.484,92151,3.713,2.535,-0.153,0.000,0.000,onTarget,noEvent
6382,16,56,rld,15:45:38.569,92152,3.796,2.536,-0.153,0.000,0.000,onTarget,noEvent
6382,16,56,rld,15:45:38.626,92153,3.865,2.537,-0.152,0.000,0.000,onTarget,noEvent
6382,16,56,rld,15:45:38.722,92154,3.932,2.537,-0.152,0.000,0.000,onTarget,noEvent
6382,16,57,rld,15:45:44.346,92234,0.043,-0.101,0.119,0.000,0.000,activeTracking,targetAppeared
6382,16,57,rld,15:45:44.402,92235,0.100,-0.101,0.119,0.000,0.000,activeTracking,noEvent
6382,16,57,rld,15:45:44.453,92236,0.141,-0.101,0.119,0.000,0.000,activeTracking,noEvent
6382,16,57,rld,15:45:44.501,92237,0.192,-0.101,0.119,0.000,0.000,activeTracking,noEvent
6382,16,57,rld,15:45:44.551,92238,0.238,-0.101,0.119,0.000,0.000,activeTracking,noEvent
6382,16,57,rld,15:45:44.607,92239,0.291,-0.101,0.119,0.000,0.000,activeTracking,noEvent
6382,16,57,rld,15:45:44.658,92240,0.357,-0.101,0.119,0.000,0.000,activeTracking,noEvent
6382,16,57,rld,15:45:44.856,92241,0.521,0.676,0.120,6.900,0.000,activeTracking,noEvent
6382,16,57,rld,15:45:45.075,92242,0.718,1.740,-0.094,7.000,-1.900,activeTracking,noEvent
6382,16,57,rld,15:45:45.173,92243,0.854,2.519,-0.249,3.500,-0.700,activeTracking,noEvent
6382,16,57,rld,15:45:45.306,92244,0.978,2.676,-0.278,-0.900,0.200,activeTracking,noEvent
6382,16,57,rld,15:45:45.420,92245,1.100,2.260,-0.263,-3.900,0.200,activeTracking,noEvent
6382,16,57,rld,15:45:45.663,92246,1.340,0.946,-0.130,-10.200,1.100,activeTracking,noEvent
6382,16,57,rld,15:45:45.867,92247,1.532,0.055,-0.009,-4.100,0.700,activeTracking,noEvent
6382,16,57,rld,15:45:45.958,92248,1.639,-0.263,0.032,-0.200,0.000,activeTracking,noEvent
6382,16,57,rld,15:45:46.067,92249,1.750,-0.629,0.079,-2.300,0.300,activeTracking,noEvent
6382,16,57,rld,15:45:46.173,92250,1.852,-0.898,0.129,-1.300,0.300,activeTracking,noEvent
6382,16,57,rld,15:45:46.327,92251,1.991,-1.125,0.158,-1.200,0.100,activeTracking,noEvent
6382,16,57,rld,15:45:46.509,92252,2.205,-1.430,0.180,-2.000,0.100,activeTracking,noEvent
6382,16,57,rld,15:45:46.583,92253,2.274,-1.602,0.187,-0.600,0.000,activeTracking,noEvent
6382,16,57,rld,15:45:46.654,92254,2.347,-1.670,0.190,-0.100,0.000,activeTracking,noEvent
6382,16,57,rld,15:45:46.758,92255,2.440,-1.717,0.122,-0.200,-0.600,activeTracking,noEvent
6382,16,57,rld,15:45:46.856,92256,2.548,-1.732,0.031,0.000,-0.600,activeTracking,noEvent
6382,16,57,rld,15:45:46.931,92257,2.617,-1.749,-0.022,-0.100,-0.200,activeTracking,noEvent
6382,16,57,rld,15:45:46.993,92258,2.691,-1.778,-0.063,-0.200,-0.200,activeTracking,noEvent
6382,16,57,rld,15:45:47.100,92259,2.744,-1.811,-0.087,-0.200,-0.100,activeTracking,noEvent
6382,16,57,rld,15:45:47.221,92260,2.902,-1.938,-0.142,-1.000,-0.400,activeTracking,noEvent
6382,16,57,rld,15:45:47.352,92261,3.016,-2.158,-0.160,-1.500,0.000,activeTracking,noEvent
6382,16,57,rld,15:45:47.549,92262,3.235,-2.410,-0.132,-1.500,0.300,onTarget,noEvent
6382,16,57,rld,15:45:47.632,92263,3.323,-2.591,-0.099,-0.800,0.200,onTarget,noEvent
6382,16,57,rld,15:45:47.700,92264,3.393,-2.675,-0.088,-0.200,0.000,onTarget,noEvent
6382,16,57,rld,15:45:47.790,92265,3.475,-2.716,-0.061,-0.100,0.200,onTarget,noEvent
6382,16,57,rld,15:45:47.869,92266,3.554,-2.754,-0.040,-0.200,0.100,onTarget,noEvent
6382,16,57,rld,15:45:47.938,92267,3.611,-2.791,-0.010,-0.200,0.200,onTarget,noEvent
6382,16,57,rld,15:45:47.991,92268,3.685,-2.803,0.000,0.000,0.000,onTarget,noEvent
6382,16,57,rld,15:45:48.026,92269,3.722,-2.807,0.004,0.000,0.000,onTarget,noEvent
6382,16,57,rld,15:45:48.091,92270,3.773,-2.809,0.005,0.000,0.000,onTarget,noEvent
6382,16,57,rld,15:45:48.124,92271,3.822,-2.809,0.005,0.000,0.000,onTarget,noEvent
6382,16,57,rld,15:45:48.182,92272,3.873,-2.809,0.005,0.000,0.000,onTarget,noEvent
6382,16,57,rld,15:45:48.225,92273,3.920,-2.809,0.005,0.000,0.000,onTarget,noEvent
6382,16,57,rld,15:45:48.283,92274,3.976,-2.809,0.005,0.000,0.000,onTarget,noEvent
6382,16,58,rld,15:45:53.691,92339,0.053,-0.219,0.069,0.000,0.000,activeTracking,targetAppeared
6382,16,58,rld,15:45:53.739,92340,0.103,-0.219,0.069,0.000,0.000,activeTracking,noEvent
6382,16,58,rld,15:45:53.786,92341,0.142,-0.219,0.069,0.000,0.000,activeTracking,noEvent
6382,16,58,rld,15:45:53.832,92342,0.186,-0.219,0.069,0.000,0.000,activeTracking,noEvent
6382,16,58,rld,15:45:53.879,92343,0.235,-0.219,0.069,0.000,0.000,activeTracking,noEvent
6382,16,58,rld,15:45:53.918,92344,0.275,-0.219,0.069,0.000,0.000,activeTracking,noEvent
6382,16,58,rld,15:45:53.966,92345,0.322,-0.219,0.069,0.000,0.000,activeTracking,noEvent
6382,16,58,rld,15:45:54.008,92346,0.368,-0.219,0.069,0.000,0.000,activeTracking,noEvent
6382,16,58,rld,15:45:54.058,92347,0.418,-0.219,0.069,0.000,0.000,activeTracking,noEvent
6382,16,58,rld,15:45:54.104,92348,0.457,-0.219,0.069,0.000,0.000,activeTracking,noEvent
6382,16,58,rld,15:45:54.164,92349,0.518,-0.219,0.069,0.000,0.000,activeTracking,noEvent
6382,16,58,rld,15:45:54.218,92350,0.573,-0.219,0.069,0.000,0.000,activeTracking,noEvent
6382,16,58,rld,15:45:54.406,92351,0.665,-0.017,0.035,1.800,-0.300,activeTracking,noEvent
6382,16,58,rld,15:45:54.758,92352,0.998,1.285,-0.304,10.900,-2.900,activeTracking,noEvent
6382,16,58,rld,15:45:54.940,92353,1.180,2.242,-0.551,4.400,-1.100,activeTracking,noEvent
6382,16,58,rld,15:45:55.040,92354,1.297,2.679,-0.684,0.900,-0.400,activeTracking,noEvent
6382,16,58,rld,15:45:55.116,92355,1.371,2.900,-0.778,0.600,-0.400,activeTracking,noEvent
6382,16,58,rld,15:45:55.168,92356,1.428,2.975,-0.810,0.000,0.000,activeTracking,noEvent
6382,16,58,rld,15:45:55.209,92357,1.473,2.999,-0.821,0.000,0.000,activeTracking,noEvent
6382,16,58,rld,15:45:55.264,92358,1.526,3.008,-0.824,0.000,0.000,activeTracking,noEvent
6382,16,58,rld,15:45:55.355,92359,1.608,3.011,-0.825,0.000,0.000,activeTracking,noEvent
6382,16,58,rld,15:45:55.440,92360,1.703,3.011,-0.826,0.000,0.000,activeTracking,noEvent
6382,16,58,rld,15:45:55.763,92361,2.013,2.742,-0.586,-2.200,2.000,activeTracking,noEvent
6382,16,58,rld,15:45:55.814,92362,2.078,2.617,-0.460,-0.300,0.400,activeTracking,noEvent
6382,16,58,rld,15:45:55.873,92363,2.136,2.576,-0.406,0.000,0.100,activeTracking,noEvent
6382,16,58,rld,15:45:55.941,92364,2.194,2.562,-0.365,0.000,0.200,activeTracking,noEvent
6382,16,58,rld,15:45:56.006,92365,2.262,2.557,-0.328,0.000,0.200,activeTracking,noEvent
6382,16,58,rld,15:45:56.084,92366,2.352,2.556,-0.281,0.000,0.300,onTarget,noEvent
6382,16,58,rld,15:45:56.138,92367,2.405,2.555,-0.253,0.000,0.100,onTarget,noEvent
6382,16,58,rld,15:45:56.208,92368,2.469,2.579,-0.244,0.200,0.000,onTarget,noEvent
6382,16,58,rld,15:45:56.307,92369,2.561,2.635,-0.241,0.400,0.000,onTarget,noEvent
6382,16,58,rld,15:45:56.409,92370,2.674,2.727,-0.241,0.600,0.000,onTarget,noEvent
6382,16,58,rld,15:45:56.457,92371,2.719,2.782,-0.241,0.200,0.000,onTarget,noEvent
6382,16,58,rld,15:45:56.531,92372,2.781,2.812,-0.241,0.100,0.000,onTarget,noEvent
6382,16,58,rld,15:45:56.579,92373,2.840,2.823,-0.241,0.000,0.000,onTarget,noEvent
6382,16,58,rld,15:45:56.636,92374,2.893,2.826,-0.241,0.000,0.000,onTarget,noEvent
6382,16,58,rld,15:45:56.685,92375,2.944,2.827,-0.241,0.000,0.000,onTarget,noEvent
6382,16,58,rld,15:45:56.735,92376,3.004,2.828,-0.241,0.000,0.000,onTarget,noEvent
6382,16,58,rld,15:45:56.804,92377,3.063,2.828,-0.241,0.000,0.000,onTarget,noEvent
6382,16,58,rld,15:45:56.891,92378,3.141,2.828,-0.241,0.000,0.000,onTarget,noEvent
6382,16,58,rld,15:45:56.989,92379,3.240,2.828,-0.241,0.000,0.000,onTarget,targetClick
6382,16,59,rld,15:46:00.870,92433,3.324,0.253,-0.066,0.000,0.000,waitingForTarget,middleTargetClick
6382,16,59,rld,15:46:00.935,92434,3.392,0.253,-0.066,0.000,0.000,waitingForTarget,noEvent
6382,16,59,rld,15:46:00.991,92435,3.456,0.253,-0.066,0.000,0.000,waitingForTarget,noEvent
6382,16,59,rld,15:46:01.069,92436,3.527,0.253,-0.066,0.000,0.000,waitingForTarget,noEvent
6382,16,59,rld,15:46:01.149,92437,3.610,0.253,-0.066,0.000,0.000,waitingForTarget,noEvent
6382,16,59,rld,15:46:01.192,92438,3.660,0.253,-0.066,0.000,0.000,waitingForTarget,noEvent
6382,16,59,rld,15:46:01.254,92439,3.722,0.253,-0.066,0.000,0.000,waitingForTarget,noEvent
6382,16,59,rld,15:46:01.299,92440,3.761,0.253,-0.066,0.000,0.000,waitingForTarget,noEvent
6382,16,59,rld,15:46:01.352,92441,0.049,0.253,-0.066,0.000,0.000,activeTracking,targetAppeared
6382,16,59,rld,15:46:01.415,92442,0.120,0.253,-0.066,0.000,0.000,activeTracking,noEvent
6382,16,59,rld,15:46:01.463,92443,0.166,0.253,-0.066,0.000,0.000,activeTracking,noEvent
6382,16,59,rld,15:46:01.502,92444,0.199,0.253,-0.066,0.000,0.000,activeTracking,noEvent
6382,16,59,rld,15:46:01.564,92445,0.262,0.253,-0.066,0.000,0.000,activeTracking,noEvent
6382,16,59,rld,15:46:01.617,92446,0.315,0.253,-0.066,0.000,0.000,activeTracking,noEvent
6382,16,59,rld,15:46:01.672,92447,0.378,0.253,-0.066,0.000,0.000,activeTracking,noEvent
6382,16,59,rld,15:46:01.729,92448,0.427,0.253,-0.066,0.000,0.000,activeTracking,noEvent
6382,16,59,rld,15:46:01.782,92449,0.486,0.253,-0.066,0.000,0.000,activeTracking,noEvent
6382,16,59,rld,15:46:01.857,92450,0.549,0.253,-0.066,0.000,0.000,activeTracking,noEvent
6382,16,59,rld,15:46:01.941,92451,0.617,0.253,-0.066,0.000,0.000,activeTracking,noEvent
6382,16,59,rld,15:46:02.203,92452,0.883,-0.524,-0.055,-6.900,0.100,activeTracking,noEvent
6382,16,59,rld,15:46:02.319,92453,1.015,-0.942,-0.040,-1.400,0.100,activeTracking,noEvent
6382,16,59,rld,15:46:02.421,92454,1.113,-1.128,-0.023,-0.400,0.100,activeTracking,noEvent
6382,16,59,rld,15:46:02.507,92455,1.214,-1.316,-0.006,-1.100,0.100,activeTracking,noEvent
6382,16,59,rld,15:46:02.549,92456,1.250,-1.379,-0.001,0.000,0.000,activeTracking,noEvent
6382,16,59,rld,15:46:02.591,92457,1.297,-1.400,0.001,0.000,0.000,activeTracking,noEvent
6382,16,59,rld,15:46:02.639,92458,1.339,-1.407,0.002,0.000,0.000,activeTracking,noEvent
6382,16,59,rld,15:46:02.684,92459,1.391,-1.409,0.002,0.000,0.000,activeTracking,noEvent
6382,16,59,rld,15:46:02.740,92460,1.447,-1.410,0.002,0.000,0.000,activeTracking,noEvent
6382,16,59,rld,15:46:02.761,92461,1.469,-1.411,0.002,0.000,0.000,activeTracking,noEvent
6382,16,59,rld,15:46:02.837,92462,1.527,-1.411,0.002,0.000,0.000,activeTracking,noEvent
6382,16,59,rld,15:46:02.868,92463,1.575,-1.411,0.002,0.000,0.000,activeTracking,noEvent
6382,16,59,rld,15:46:03.062,92464,1.740,-2.049,-0.319,-5.500,-2.800,activeTracking,noEvent
6382,16,59,rld,15:46:03.258,92465,1.946,-2.445,-0.417,-1.500,0.100,activeTracking,noEvent
6382,16,59,rld,15:46:03.337,92466,2.033,-2.760,-0.417,-1.500,0.300,activeTracking,noEvent
6382,16,59,rld,15:46:03.439,92467,2.141,-2.977,-0.407,-0.900,0.100,activeTracking,noEvent
6382,16,59,rld,15:46:03.522,92468,2.228,-3.111,-0.404,-0.500,0.000,activeTracking,noEvent
6382,16,59,rld,15:46:03.581,92469,2.280,-3.169,-0.403,-0.100,0.000,activeTracking,noEvent
6382,16,59,rld,15:46:03.635,92470,2.331,-3.188,-0.402,0.000,0.000,activeTracking,noEvent
6382,16,59,rld,15:46:03.697,92471,2.394,-3.195,-0.379,0.000,0.200,activeTracking,noEvent
6382,16,59,rld,15:46:03.781,92472,2.461,-3.197,-0.359,0.000,0.100,activeTracking,noEvent
6382,16,59,rld,15:46:03.984,92473,2.645,-2.938,-0.197,2.100,1.300,onTarget,noEvent
6382,16,59,rld,15:46:04.090,92474,2.780,-2.754,-0.144,0.800,0.000,onTarget,noEvent
6382,16,59,rld,15:46:04.167,92475,2.863,-2.670,-0.126,0.200,0.000,onTarget,noEvent
6382,16,59,rld,15:46:04.253,92476,2.950,-2.617,-0.120,0.200,0.000,onTarget,noEvent
6382,16,59,rld,15:46:04.325,92477,3.032,-2.588,-0.118,0.100,0.000,onTarget,noEvent
6382,16,59,rld,15:46:04.417,92478,3.117,-2.566,-0.118,0.100,0.000,onTarget,noEvent
6382,16,59,rld,15:46:04.472,92479,3.176,-2.559,-0.118,0.000,0.000,onTarget,noEvent
6382,16,59,rld,15:46:04.549,92480,3.247,-2.556,-0.129,0.000,-0.100,onTarget,noEvent
6382,16,59,rld,15:46:04.601,92481,3.302,-2.555,-0.133,0.000,0.000,onTarget,noEvent
6382,16,59,rld,15:46:04.666,92482,3.365,-2.555,-0.134,0.000,0.000,onTarget,noEvent
6382,16,59,rld,15:46:04.719,92483,3.415,-2.555,-0.135,0.000,0.000,onTarget,noEvent
6382,16,59,rld,15:46:04.780,92484,3.474,-2.555,-0.135,0.000,0.000,onTarget,noEvent
6382,16,59,rld,15:46:04.871,92485,3.567,-2.555,-0.135,0.000,0.000,onTarget,targetClick
6382,16,60,rld,15:46:08.349,92526,3.632,-0.051,-0.083,0.000,0.000,waitingForTarget,middleTargetClick
6382,16,60,rld,15:46:08.428,92527,3.716,-0.051,-0.083,0.000,0.000,waitingForTarget,noEvent
6382,16,60,rld,15:46:08.474,92528,3.769,-0.051,-0.083,0.000,0.000,waitingForTarget,noEvent
6382,16,60,rld,15:46:08.541,92529,3.833,-0.051,-0.083,0.000,0.000,waitingForTarget,noEvent
6382,16,60,rld,15:46:08.612,92530,3.906,-0.051,-0.083,0.000,0.000,waitingForTarget,noEvent
6382,16,60,rld,15:46:08.662,92531,3.951,-0.051,-0.083,0.000,0.000,waitingForTarget,noEvent
6382,16,60,rld,15:46:08.708,92532,3.998,-0.051,-0.083,0.000,0.000,waitingForTarget,noEvent
6382,16,60,rld,15:46:08.801,92534,0.057,-0.051,-0.083,0.000,0.000,activeTracking,targetAppeared
6382,16,60,rld,15:46:08.852,92535,0.107,-0.051,-0.083,0.000,0.000,activeTracking,noEvent
6382,16,60,rld,15:46:08.901,92536,0.150,-0.051,-0.083,0.000,0.000,activeTracking,noEvent
6382,16,60,rld,15:46:08.937,92537,0.193,-0.051,-0.083,0.000,0.000,activeTracking,noEvent
6382,16,60,rld,15:46:08.986,92538,0.239,-0.051,-0.083,0.000,0.000,activeTracking,noEvent
6382,16,60,rld,15:46:09.034,92539,0.279,-0.051,-0.083,0.000,0.000,activeTracking,noEvent
6382,16,60,rld,15:46:09.079,92540,0.324,-0.051,-0.083,0.000,0.000,activeTracking,noEvent
6382,16,60,rld,15:46:09.125,92541,0.378,-0.051,-0.083,0.000,0.000,activeTracking,noEvent
6382,16,60,rld,15:46:09.169,92542,0.418,-0.051,-0.083,0.000,0.000,activeTracking,noEvent
6382,16,60,rld,15:46:09.212,92543,0.461,-0.051,-0.083,0.000,0.000,activeTracking,noEvent
6382,16,60,rld,15:46:09.249,92544,0.500,-0.051,-0.083,0.000,0.000,activeTracking,noEvent
6382,16,60,rld,15:46:09.292,92545,0.548,-0.051,-0.083,0.000,0.000,activeTracking,noEvent
6382,16,60,rld,15:46:09.324,92546,0.581,-0.051,-0.083,0.000,0.000,activeTracking,noEvent
6382,16,60,rld,15:46:09.388,92547,0.641,-0.051,-0.083,0.000,0.000,activeTracking,noEvent
6382,16,60,rld,15:46:09.438,92548,0.689,-0.051,-0.083,0.000,0.000,activeTracking,noEvent
6382,16,60,rld,15:46:09.486,92549,0.741,-0.051,-0.083,0.000,0.000,activeTracking,noEvent
6382,16,60,rld,15:46:09.539,92550,0.795,-0.051,-0.083,0.000,0.000,activeTracking,noEvent
6382,16,60,rld,15:46:09.589,92551,0.845,-0.051,-0.083,0.000,0.000,activeTracking,noEvent
6382,16,60,rld,15:46:09.630,92552,0.887,-0.051,-0.083,0.000,0.000,activeTracking,noEvent
6382,16,60,rld,15:46:09.683,92553,0.932,-0.051,-0.083,0.000,0.000,activeTracking,noEvent
6382,16,60,rld,15:46:09.724,92554,0.976,-0.051,-0.083,0.000,0.000,activeTracking,noEvent
6382,16,60,rld,15:46:09.770,92555,1.016,-0.051,-0.083,0.000,0.000,activeTracking,noEvent
6382,16,60,rld,15:46:09.820,92556,1.066,-0.051,-0.083,0.000,0.000,activeTracking,noEvent
6382,16,60,rld,15:46:09.868,92557,1.117,-0.051,-0.083,0.000,0.000,activeTracking,noEvent
6382,16,60,rld,15:46:09.919,92558,1.166,-0.051,-0.083,0.000,0.000,activeTracking,noEvent
6382,16,60,rld,15:46:10.013,92559,1.262,-0.051,-0.083,0.000,0.000,activeTracking,noEvent
6382,16,60,rld,15:46:10.053,92560,1.307,-0.051,-0.083,0.000,0.000,activeTracking,noEvent
6382,16,60,rld,15:46:10.102,92561,1.349,-0.051,-0.083,0.000,0.000,activeTracking,noEvent
6382,16,60,rld,15:46:10.150,92562,1.396,-0.051,-0.083,0.000,0.000,activeTracking,noEvent
6382,16,60,rld,15:46:10.199,92563,1.448,-0.051,-0.083,0.000,0.000,activeTracking,noEvent
6382,16,60,rld,15:46:10.239,92564,1.490,-0.051,-0.083,0.000,0.000,activeTracking,noEvent
6382,16,60,rld,15:46:10.295,92565,1.542,-0.051,-0.083,0.000,0.000,activeTracking,noEvent
6382,16,60,rld,15:46:10.339,92566,1.593,-0.051,-0.083,0.000,0.000,activeTracking,noEvent
6382,16,60,rld,15:46:10.403,92567,1.650,-0.051,-0.083,0.000,0.000,activeTracking,noEvent
6382,16,60,rld,15:46:10.480,92568,1.728,-0.051,-0.083,0.000,0.000,activeTracking,noEvent
6382,16,60,rld,15:46:10.523,92569,1.776,-0.051,-0.083,0.000,0.000,activeTracking,noEvent
6382,16,60,rld,15:46:10.568,92570,1.816,-0.051,-0.083,0.000,0.000,activeTracking,noEvent
6382,16,60,rld,15:46:10.620,92571,1.866,-0.051,-0.083,0.000,0.000,activeTracking,noEvent
6382,16,60,rld,15:46:10.669,92572,1.916,-0.051,-0.083,0.000,0.000,activeTracking,noEvent
6382,16,60,rld,15:46:10.707,92573,1.962,-0.051,-0.083,0.000,0.000,activeTracking,noEvent
6382,16,60,rld,15:46:10.751,92574,2.008,-0.051,-0.083,0.000,0.000,activeTracking,noEvent
6382,16,60,rld,15:46:10.799,92575,2.050,-0.051,-0.083,0.000,0.000,activeTracking,noEvent
6382,16,60,rld,15:46:10.834,92576,2.088,-0.051,-0.083,0.000,0.000,activeTracking,noEvent
6382,16,60,rld,15:46:10.872,92577,2.127,-0.051,-0.083,0.000,0.000,activeTracking,noEvent
6382,16,60,rld,15:46:10.914,92578,2.166,-0.051,-0.083,0.000,0.000,activeTracking,noEvent
6382,16,60,rld,15:46:10.952,92579,2.201,-0.051,-0.083,0.000,0.000,activeTracking,noEvent
6382,16,60,rld,15:46:10.988,92580,2.242,-0.051,-0.083,0.000,0.000,activeTracking,noEvent
6382,16,60,rld,15:46:11.031,92581,2.282,-0.051,-0.083,0.000,0.000,activeTracking,noEvent
6382,16,60,rld,15:46:11.071,92582,2.327,-0.051,-0.083,0.000,0.000,activeTracking,noEvent
6382,16,60,rld,15:46:11.101,92583,2.357,-0.051,-0.083,0.000,0.000,activeTracking,noEvent
6382,16,60,rld,15:46:11.139,92584,2.395,-0.051,-0.083,0.000,0.000,activeTracking,noEvent
6382,16,60,rld,15:46:11.171,92585,2.426,-0.051,-0.083,0.000,0.000,activeTracking,noEvent
6382,16,60,rld,15:46:11.204,92586,2.460,-0.051,-0.083,0.000,0.000,activeTracking,noEvent
6382,16,60,rld,15:46:11.258,92587,2.515,-0.051,-0.083,0.000,0.000,activeTracking,noEvent
6382,16,60,rld,15:46:11.299,92588,2.550,-0.051,-0.083,0.000,0.000,activeTracking,noEvent
6382,16,60,rld,15:46:11.349,92589,2.599,-0.051,-0.083,0.000,0.000,activeTracking,noEvent
6382,16,60,rld,15:46:11.420,92590,2.666,-0.051,-0.083,0.000,0.000,activeTracking,noEvent
6382,16,60,rld,15:46:11.462,92591,2.711,-0.051,-0.083,0.000,0.000,activeTracking,noEvent
6382,16,60,rld,15:46:11.504,92592,2.760,-0.051,-0.083,0.000,0.000,activeTracking,noEvent
6382,16,60,rld,15:46:11.541,92593,2.797,-0.051,-0.083,0.000,0.000,activeTracking,noEvent
6382,16,60,rld,15:46:11.638,92594,2.891,-0.051,-0.083,0.000,0.000,activeTracking,noEvent
6382,16,60,rld,15:46:11.705,92595,2.951,-0.051,-0.083,0.000,0.000,activeTracking,noEvent
6382,16,60,rld,15:46:11.771,92596,3.015,-0.051,-0.083,0.000,0.000,activeTracking,noEvent
6382,16,60,rld,15:46:11.812,92597,3.065,-0.051,-0.083,0.000,0.000,activeTracking,noEvent
6382,16,60,rld,15:46:11.858,92598,3.108,-0.051,-0.083,0.000,0.000,activeTracking,noEvent
6382,16,60,rld,15:46:11.900,92599,3.150,-0.051,-0.083,0.000,0.000,activeTracking,noEvent
6382,16,60,rld,15:46:11.942,92600,3.191,-0.051,-0.083,0.000,0.000,activeTracking,noEvent
6382,16,60,rld,15:46:11.989,92601,3.242,-0.051,-0.083,0.000,0.000,activeTracking,noEvent
6382,16,60,rld,15:46:12.207,92602,3.457,-0.051,-0.083,0.000,0.000,activeTracking,noEvent
6382,16,60,rld,15:46:12.231,92603,3.488,-0.051,-0.083,0.000,0.000,activeTracking,noEvent
6382,16,60,rld,15:46:12.266,92604,3.515,-0.051,-0.083,0.000,0.000,activeTracking,noEvent
6382,16,60,rld,15:46:12.322,92605,3.578,-0.051,-0.083,0.000,0.000,activeTracking,noEvent
6382,16,60,rld,15:46:12.381,92606,3.631,-0.051,-0.083,0.000,0.000,activeTracking,noEvent
6382,16,60,rld,15:46:12.430,92607,3.683,-0.051,-0.083,0.000,0.000,activeTracking,noEvent
6382,16,60,rld,15:46:12.479,92608,3.726,-0.051,-0.083,0.000,0.000,activeTracking,noEvent
6382,16,60,rld,15:46:12.521,92609,3.777,-0.051,-0.083,0.000,0.000,activeTracking,noEvent
6382,16,60,rld,15:46:12.569,92610,3.825,-0.051,-0.083,0.000,0.000,activeTracking,noEvent
6382,16,60,rld,15:46:12.628,92611,3.865,-0.051,-0.083,0.000,0.000,activeTracking,noEvent
6382,16,60,rld,15:46:12.670,92612,3.924,-0.051,-0.083,0.000,0.000,activeTracking,noEvent
6382,16,60,rld,15:46:12.714,92613,3.967,-0.051,-0.083,0.000,0.000,activeTracking,noEvent;
